3.261515000000000231e-05
3.263377999999999776e-05
3.264868000000000333e-05
3.265613000000000272e-05
3.266729999999999808e-05
3.267474999999999747e-05
3.268219999999999687e-05
3.270827999999999849e-05
3.274925999999999890e-05
3.282003999999999689e-05
3.291316999999999984e-05
3.303237999999999764e-05
3.317021999999999766e-05
3.331550000000000315e-05
3.347196999999999862e-05
3.362098000000000078e-05
3.375881000000000010e-05
3.388175000000000133e-05
3.398606000000000034e-05
3.407173999999999712e-05
3.413507000000000249e-05
3.417605000000000290e-05
3.419466999999999765e-05
3.419466999999999765e-05
3.417976999999999886e-05
3.415368999999999724e-05
3.412388999999999966e-05
3.409035999999999864e-05
3.406428999999999772e-05
3.404193999999999954e-05
3.403447999999999944e-05
3.403447999999999944e-05
3.404193999999999954e-05
3.404193999999999954e-05
3.404193999999999954e-05
3.402330999999999731e-05
3.398978000000000307e-05
3.394507999999999993e-05
3.387801999999999789e-05
3.379606999999999777e-05
3.370293000000000090e-05
3.360608000000000199e-05
3.350548999999999894e-05
3.341608999999999942e-05
3.333041000000000264e-05
3.326335000000000061e-05
3.321492000000000080e-05
3.318512000000000322e-05
3.318138999999999979e-05
3.318883999999999918e-05
3.321492000000000080e-05
3.324471999999999838e-05
3.327824999999999940e-05
3.331550000000000315e-05
3.335276000000000083e-05
3.338628000000000114e-05
3.341608999999999942e-05
3.343471000000000095e-05
3.344588999999999700e-05
3.344960999999999974e-05
3.344960999999999974e-05
3.344216000000000034e-05
3.343471000000000095e-05
3.341981000000000216e-05
3.339745999999999720e-05
3.337510999999999901e-05
3.334531000000000143e-05
3.331178000000000042e-05
3.328198000000000284e-05
3.324845000000000182e-05
3.322609999999999686e-05
3.321864999999999746e-05
3.321492000000000080e-05
3.321864999999999746e-05
3.322609999999999686e-05
3.323355000000000303e-05
3.324100000000000242e-05
3.324845000000000182e-05
3.324845000000000182e-05
3.324100000000000242e-05
3.322609999999999686e-05
3.320747000000000141e-05
3.318512000000000322e-05
3.316276999999999826e-05
3.315531999999999887e-05
3.315159000000000221e-05
3.315904000000000160e-05
3.317766999999999705e-05
3.320002000000000201e-05
3.322609999999999686e-05
3.324845000000000182e-05
3.325590000000000122e-05
3.326335000000000061e-05
3.326335000000000061e-05
3.325590000000000122e-05
3.324471999999999838e-05
3.323726999999999899e-05
3.323726999999999899e-05
3.324845000000000182e-05
3.327080000000000001e-05
3.329688000000000163e-05
3.332295000000000255e-05
3.335276000000000083e-05
3.337883000000000175e-05
3.340119000000000063e-05
3.341981000000000216e-05
3.343471000000000095e-05
3.344588999999999700e-05
3.346079000000000257e-05
3.347569000000000136e-05
3.349803999999999954e-05
3.352412000000000116e-05
3.356136999999999814e-05
3.360979999999999795e-05
3.367313000000000332e-05
3.375136000000000070e-05
3.384077000000000092e-05
3.393018000000000114e-05
3.401958000000000065e-05
3.410526999999999813e-05
3.419095000000000169e-05
3.426917999999999908e-05
3.435486000000000263e-05
3.444053999999999941e-05
3.452622000000000297e-05
3.461189999999999975e-05
3.469013999999999784e-05
3.476463999999999856e-05
3.483170000000000060e-05
3.489130000000000253e-05
3.494718000000000173e-05
3.500678999999999759e-05
3.506266999999999679e-05
3.511481999999999933e-05
3.515579999999999975e-05
3.519304999999999672e-05
3.521540000000000168e-05
3.522657999999999774e-05
3.523030000000000047e-05
3.521540000000000168e-05
3.518559999999999733e-05
3.514461999999999691e-05
3.509247000000000115e-05
3.503659000000000195e-05
3.496208000000000052e-05
3.488385000000000314e-05
3.480189000000000232e-05
3.471249000000000280e-05
3.461935999999999985e-05
3.452250000000000024e-05
3.444053999999999941e-05
3.436976000000000142e-05
3.430643000000000283e-05
3.424683000000000089e-05
3.419840000000000109e-05
3.417605000000000290e-05
3.418721999999999825e-05
3.421702000000000261e-05
3.426172999999999968e-05
3.432505999999999828e-05
3.439584000000000304e-05
3.447033999999999699e-05
3.454858000000000186e-05
3.462308000000000258e-05
3.470503999999999663e-05
3.477953999999999735e-05
3.485777000000000152e-05
3.492854999999999951e-05
3.499187999999999810e-05
3.505149000000000074e-05
3.510364000000000328e-05
3.514835000000000035e-05
3.518559999999999733e-05
3.522285000000000108e-05
3.526383000000000149e-05
3.530852999999999786e-05
3.537186000000000323e-05
3.544264000000000122e-05
3.552832999999999870e-05
3.562146000000000165e-05
3.572577000000000066e-05
3.584125000000000180e-05
3.596045999999999959e-05
3.607594000000000073e-05
3.619514999999999853e-05
3.629945999999999753e-05
3.640377000000000332e-05
3.650808000000000232e-05
3.661239000000000133e-05
3.672042000000000307e-05
3.682844999999999804e-05
3.694021000000000321e-05
3.704452000000000222e-05
3.714509999999999779e-05
3.723823000000000074e-05
3.733136999999999762e-05
3.741331999999999774e-05
3.749155000000000190e-05
3.755488000000000050e-05
3.761820999999999909e-05
3.767037000000000234e-05
3.771506999999999871e-05
3.775604999999999912e-05
3.778958000000000013e-05
3.781565000000000105e-05
3.783800999999999994e-05
3.784545999999999933e-05
3.784545999999999933e-05
3.783800999999999994e-05
3.782311000000000115e-05
3.779702999999999953e-05
3.776349999999999851e-05
3.771506999999999871e-05
3.766292000000000294e-05
3.760331000000000030e-05
3.753625999999999897e-05
3.746919999999999694e-05
3.740586999999999835e-05
3.734253999999999975e-05
3.727921000000000115e-05
3.721960999999999922e-05
3.716373000000000002e-05
3.711156999999999678e-05
3.706314999999999767e-05
3.701844000000000060e-05
3.698490999999999958e-05
3.694766000000000261e-05
3.690668000000000220e-05
3.686197999999999905e-05
3.680983000000000329e-05
3.675394999999999731e-05
3.669061999999999871e-05
3.662355999999999668e-05
3.655277999999999869e-05
3.648200000000000070e-05
3.641494999999999937e-05
3.635162000000000077e-05
3.628829000000000218e-05
3.623241000000000298e-05
3.618024999999999974e-05
3.613926999999999933e-05
3.610574999999999901e-05
3.609085000000000022e-05
3.607966999999999739e-05
3.608339000000000013e-05
3.609085000000000022e-05
3.609829999999999962e-05
3.611692000000000114e-05
3.613181999999999993e-05
3.614671999999999872e-05
3.616535000000000095e-05
3.619143000000000257e-05
3.621378000000000075e-05
3.624357999999999833e-05
3.627338000000000269e-05
3.630319000000000097e-05
3.632926000000000189e-05
3.635533999999999673e-05
3.638141999999999835e-05
3.639259000000000049e-05
3.640377000000000332e-05
3.641122000000000271e-05
3.641867000000000211e-05
3.642984999999999816e-05
3.644846999999999969e-05
3.647081999999999787e-05
3.649689999999999949e-05
3.653043000000000051e-05
3.656022999999999809e-05
3.659375999999999910e-05
3.662355999999999668e-05
3.665336000000000104e-05
3.668689000000000206e-05
3.672413999999999903e-05
3.675767000000000005e-05
3.679120000000000106e-05
3.682473000000000208e-05
3.685080000000000300e-05
3.687316000000000188e-05
3.689177999999999663e-05
3.691040999999999886e-05
3.692158000000000099e-05
3.693275999999999704e-05
3.694021000000000321e-05
3.694021000000000321e-05
3.693649000000000048e-05
3.692904000000000108e-05
3.692158000000000099e-05
3.692158000000000099e-05
3.692158000000000099e-05
3.692158000000000099e-05
3.692158000000000099e-05
3.692158000000000099e-05
3.691785999999999825e-05
3.691413000000000159e-05
3.691040999999999886e-05
3.692158000000000099e-05
3.694393999999999987e-05
3.698490999999999958e-05
3.704078999999999879e-05
3.711156999999999678e-05
3.718607999999999820e-05
3.727176000000000176e-05
3.735743999999999854e-05
3.743939999999999936e-05
3.752508000000000292e-05
3.759586000000000091e-05
3.765918999999999951e-05
3.771506999999999871e-05
3.775604999999999912e-05
3.778958000000000013e-05
3.781565000000000105e-05
3.783056000000000054e-05
3.783428000000000328e-05
3.783428000000000328e-05
3.782682999999999711e-05
3.782682999999999711e-05
3.782682999999999711e-05
3.783428000000000328e-05
3.784173000000000267e-05
3.785663000000000146e-05
3.787525999999999691e-05
3.790133999999999853e-05
3.792740999999999945e-05
3.794976999999999834e-05
3.797583999999999926e-05
3.799818999999999745e-05
3.802055000000000311e-05
3.804290000000000129e-05
3.806524999999999948e-05
3.809504999999999706e-05
3.811740000000000202e-05
3.813602999999999747e-05
3.815465999999999969e-05
3.817328000000000122e-05
3.818818000000000001e-05
3.819936000000000284e-05
3.821798999999999829e-05
3.823660999999999981e-05
3.825524000000000204e-05
3.828131999999999688e-05
3.829622000000000245e-05
3.830367000000000185e-05
3.829622000000000245e-05
3.828131999999999688e-05
3.825150999999999860e-05
3.820681000000000223e-05
3.815465999999999969e-05
3.809133000000000110e-05
3.801681999999999967e-05
3.792740999999999945e-05
3.782682999999999711e-05
3.771880000000000214e-05
3.760703999999999696e-05
3.749527999999999856e-05
3.738352000000000016e-05
3.727548999999999842e-05
3.717490000000000215e-05
3.708921999999999859e-05
3.701844000000000060e-05
3.695511000000000200e-05
3.691040999999999886e-05
3.687687999999999784e-05
3.685826000000000309e-05
3.685452999999999966e-05
3.685826000000000309e-05
3.688432999999999724e-05
3.692158000000000099e-05
3.696256000000000140e-05
3.701844000000000060e-05
3.708176999999999920e-05
3.715254999999999719e-05
3.723078000000000135e-05
3.730901999999999943e-05
3.739096999999999956e-05
3.746174999999999755e-05
3.752136000000000018e-05
3.756606000000000333e-05
3.759958999999999757e-05
3.762194000000000253e-05
3.763684000000000132e-05
3.764801999999999737e-05
3.766292000000000294e-05
3.768527000000000113e-05
3.771880000000000214e-05
3.776723000000000195e-05
3.782311000000000115e-05
3.788643999999999974e-05
3.794976999999999834e-05
3.801681999999999967e-05
3.808759999999999766e-05
3.815838000000000243e-05
3.823288999999999708e-05
3.830738999999999781e-05
3.837817000000000257e-05
3.844150000000000117e-05
3.848993000000000097e-05
3.853091000000000138e-05
3.856070999999999896e-05
3.858305999999999715e-05
3.860542000000000281e-05
3.862403999999999756e-05
3.863148999999999696e-05
3.863894000000000313e-05
3.864639000000000252e-05
3.864639000000000252e-05
3.864639000000000252e-05
3.864266999999999979e-05
3.863522000000000039e-05
3.862032000000000160e-05
3.860168999999999938e-05
3.857189000000000180e-05
3.854208999999999744e-05
3.850482999999999976e-05
3.847130999999999945e-05
3.842660000000000238e-05
3.837817000000000257e-05
3.832974000000000277e-05
3.828131999999999688e-05
3.822543999999999768e-05
3.816955999999999848e-05
3.811740000000000202e-05
3.806152000000000282e-05
3.801309999999999694e-05
3.796838999999999987e-05
3.793485999999999885e-05
3.790878999999999793e-05
3.789388999999999914e-05
3.789388999999999914e-05
3.790506000000000127e-05
3.793114000000000289e-05
3.796838999999999987e-05
3.800937000000000028e-05
3.806152000000000282e-05
3.812485000000000141e-05
3.819190999999999667e-05
3.826269000000000144e-05
3.832602000000000003e-05
3.838562000000000197e-05
3.844150000000000117e-05
3.848993000000000097e-05
3.853463999999999804e-05
3.856815999999999836e-05
3.859423999999999998e-05
3.860913999999999877e-05
3.861658999999999817e-05
3.861658999999999817e-05
3.860168999999999938e-05
3.858305999999999715e-05
3.854953999999999683e-05
3.850856000000000320e-05
3.846758000000000279e-05
3.841169999999999681e-05
3.835581999999999761e-05
3.829248999999999902e-05
3.822171000000000102e-05
3.814721000000000030e-05
3.806897000000000221e-05
3.799447000000000149e-05
3.791251000000000066e-05
3.783056000000000054e-05
3.774487000000000306e-05
3.766292000000000294e-05
3.758468999999999878e-05
3.750646000000000139e-05
3.744313000000000280e-05
3.739096999999999956e-05
3.735743999999999854e-05
3.733881999999999701e-05
3.734253999999999975e-05
3.736117000000000198e-05
3.739841999999999895e-05
3.743939999999999936e-05
3.749900000000000130e-05
3.756606000000000333e-05
3.763684000000000132e-05
3.771135000000000275e-05
3.778584999999999670e-05
3.786035999999999812e-05
3.793114000000000289e-05
3.799073999999999805e-05
3.803916999999999786e-05
3.808014999999999827e-05
3.811740000000000202e-05
3.813975000000000020e-05
3.815838000000000243e-05
3.816955999999999848e-05
3.817700999999999788e-05
3.817700999999999788e-05
3.817328000000000122e-05
3.816583000000000182e-05
3.815465999999999969e-05
3.813602999999999747e-05
3.811367999999999928e-05
3.808014999999999827e-05
3.803916999999999786e-05
3.799447000000000149e-05
3.794230999999999824e-05
3.789016000000000248e-05
3.783800999999999994e-05
3.778213000000000074e-05
3.774115000000000033e-05
3.770761999999999931e-05
3.768527000000000113e-05
3.768153999999999769e-05
3.769644999999999718e-05
3.771880000000000214e-05
3.775232000000000246e-05
3.779702999999999953e-05
3.784173000000000267e-05
3.789388999999999914e-05
3.794604000000000168e-05
3.799447000000000149e-05
3.803171999999999846e-05
3.806152000000000282e-05
3.808759999999999766e-05
3.809504999999999706e-05
3.809878000000000049e-05
3.809133000000000110e-05
3.806524999999999948e-05
3.803171999999999846e-05
3.799447000000000149e-05
3.794604000000000168e-05
3.790133999999999853e-05
3.785290999999999873e-05
3.780820000000000166e-05
3.777094999999999791e-05
3.774115000000000033e-05
3.771506999999999871e-05
3.769644999999999718e-05
3.768527000000000113e-05
3.768153999999999769e-05
3.767782000000000173e-05
3.767782000000000173e-05
3.767782000000000173e-05
3.767408999999999830e-05
3.767037000000000234e-05
3.766292000000000294e-05
3.765174000000000011e-05
3.764801999999999737e-05
3.764056999999999798e-05
3.763311999999999858e-05
3.762565999999999849e-05
3.762194000000000253e-05
3.761820999999999909e-05
3.762194000000000253e-05
3.763684000000000132e-05
3.765174000000000011e-05
3.767782000000000173e-05
3.770761999999999931e-05
3.774487000000000306e-05
3.777839999999999730e-05
3.781565000000000105e-05
3.784545999999999933e-05
3.787153000000000025e-05
3.789761000000000187e-05
3.790878999999999793e-05
3.791623999999999732e-05
3.791623999999999732e-05
3.791623999999999732e-05
3.791623999999999732e-05
3.791623999999999732e-05
3.791996000000000006e-05
3.792368999999999672e-05
3.793114000000000289e-05
3.793485999999999885e-05
3.794604000000000168e-05
3.796466999999999713e-05
3.798702000000000209e-05
3.801309999999999694e-05
3.804661999999999725e-05
3.808014999999999827e-05
3.810622999999999989e-05
3.812485000000000141e-05
3.813230000000000081e-05
3.812485000000000141e-05
3.810995000000000262e-05
3.808759999999999766e-05
3.805035000000000069e-05
3.800563999999999684e-05
3.796094000000000047e-05
3.790506000000000127e-05
3.784918000000000207e-05
3.778958000000000013e-05
3.773370000000000093e-05
3.768527000000000113e-05
3.764801999999999737e-05
3.761820999999999909e-05
3.759958999999999757e-05
3.759213999999999817e-05
3.759586000000000091e-05
3.760703999999999696e-05
3.761820999999999909e-05
3.763684000000000132e-05
3.765174000000000011e-05
3.766292000000000294e-05
3.767408999999999830e-05
3.768153999999999769e-05
3.768527000000000113e-05
3.768527000000000113e-05
3.767782000000000173e-05
3.766292000000000294e-05
3.764801999999999737e-05
3.761820999999999909e-05
3.758841000000000151e-05
3.754743000000000110e-05
3.749900000000000130e-05
3.744313000000000280e-05
3.737979999999999743e-05
3.731274000000000217e-05
3.723823000000000074e-05
3.715628000000000062e-05
3.707059999999999707e-05
3.698490999999999958e-05
3.689551000000000007e-05
3.680983000000000329e-05
3.673159999999999913e-05
3.666081000000000043e-05
3.659375999999999910e-05
3.653415000000000324e-05
3.648200000000000070e-05
3.643357000000000090e-05
3.638886999999999775e-05
3.635162000000000077e-05
3.631064000000000036e-05
3.627710999999999935e-05
3.623986000000000237e-05
3.621378000000000075e-05
3.618769999999999913e-05
3.616162999999999821e-05
3.614300000000000276e-05
3.613181999999999993e-05
3.611319999999999841e-05
3.609829999999999962e-05
3.608339000000000013e-05
3.606104000000000194e-05
3.603497000000000102e-05
3.601261000000000213e-05
3.599025999999999717e-05
3.596419000000000303e-05
3.594182999999999737e-05
3.592321000000000262e-05
3.590830999999999705e-05
3.590085999999999766e-05
3.589713000000000100e-05
3.589713000000000100e-05
3.590085999999999766e-05
3.590830999999999705e-05
3.590830999999999705e-05
3.590830999999999705e-05
3.590830999999999705e-05
3.590830999999999705e-05
3.590830999999999705e-05
3.590085999999999766e-05
3.589713000000000100e-05
3.588594999999999817e-05
3.587849999999999877e-05
3.587104999999999938e-05
3.585615000000000059e-05
3.584125000000000180e-05
3.582261999999999957e-05
3.580399999999999805e-05
3.578537000000000260e-05
3.577420000000000047e-05
3.575929000000000098e-05
3.575184000000000158e-05
3.574439000000000219e-05
3.574066999999999945e-05
3.574439000000000219e-05
3.575184000000000158e-05
3.577046999999999703e-05
3.579282000000000199e-05
3.582261999999999957e-05
3.586359999999999998e-05
3.590830999999999705e-05
3.595673000000000293e-05
3.600888999999999940e-05
3.606476999999999860e-05
3.610947000000000175e-05
3.615790000000000155e-05
3.619514999999999853e-05
3.623241000000000298e-05
3.625476000000000116e-05
3.626221000000000056e-05
3.626221000000000056e-05
3.625476000000000116e-05
3.623612999999999894e-05
3.621378000000000075e-05
3.618769999999999913e-05
3.615790000000000155e-05
3.612064999999999780e-05
3.607594000000000073e-05
3.603497000000000102e-05
3.598280999999999778e-05
3.593437999999999797e-05
3.588594999999999817e-05
3.583752999999999906e-05
3.578164999999999986e-05
3.573322000000000005e-05
3.568479000000000025e-05
3.563636000000000044e-05
3.558420999999999790e-05
3.553205000000000144e-05
3.547617000000000224e-05
3.542401999999999969e-05
3.536814000000000049e-05
3.531226000000000129e-05
3.527128000000000088e-05
3.523030000000000047e-05
3.519678000000000016e-05
3.517442000000000127e-05
3.514835000000000035e-05
3.512971999999999812e-05
3.511481999999999933e-05
3.509247000000000115e-05
3.507757000000000236e-05
3.505520999999999670e-05
3.504030999999999791e-05
3.502169000000000316e-05
3.501051000000000033e-05
3.499933999999999820e-05
3.498442999999999871e-05
3.496580999999999718e-05
3.494718000000000173e-05
3.492482999999999677e-05
3.489502999999999919e-05
3.486522000000000091e-05
3.483914999999999999e-05
3.481306999999999837e-05
3.478698999999999675e-05
3.476092000000000260e-05
3.472739000000000159e-05
3.469013999999999784e-05
3.464170999999999803e-05
3.458955000000000157e-05
3.453367000000000237e-05
3.447407000000000043e-05
3.440700999999999840e-05
3.433623000000000041e-05
3.426172999999999968e-05
3.417976999999999886e-05
3.409780999999999804e-05
3.401213000000000126e-05
3.393763000000000053e-05
3.386311999999999910e-05
3.379606999999999777e-05
3.373646000000000191e-05
3.368058000000000271e-05
3.362843000000000017e-05
3.358000000000000037e-05
3.353157000000000056e-05
3.347941999999999802e-05
3.342726000000000155e-05
3.337138000000000235e-05
3.331550000000000315e-05
3.326335000000000061e-05
3.321864999999999746e-05
3.317394000000000039e-05
3.313668999999999664e-05
3.310688999999999906e-05
3.308080999999999744e-05
3.305845999999999926e-05
3.304356000000000047e-05
3.302866000000000168e-05
3.301747999999999885e-05
3.301002999999999945e-05
3.299884999999999662e-05
3.299513000000000066e-05
3.298768000000000127e-05
3.298023000000000187e-05
3.297278000000000248e-05
3.296533000000000308e-05
3.295787999999999691e-05
3.294296999999999742e-05
3.293180000000000206e-05
3.290944999999999710e-05
3.289082000000000165e-05
3.286846999999999669e-05
3.284239000000000185e-05
3.282003999999999689e-05
3.279396000000000204e-05
3.277160999999999708e-05
3.274180999999999950e-05
3.271946000000000132e-05
3.269711000000000313e-05
3.267848000000000091e-05
3.265984999999999868e-05
3.264122999999999715e-05
3.261886999999999827e-05
3.260396999999999948e-05
3.258534999999999795e-05
3.255927000000000311e-05
3.253691999999999815e-05
3.250338999999999713e-05
3.246240999999999672e-05
3.242143000000000309e-05
3.236928000000000055e-05
3.231712999999999800e-05
3.226124999999999880e-05
3.220536999999999960e-05
3.215693999999999980e-05
3.210850999999999999e-05
3.206008000000000019e-05
3.201537999999999704e-05
3.196694999999999723e-05
3.191851999999999743e-05
3.187382000000000106e-05
3.182539000000000125e-05
3.177322999999999801e-05
3.171734999999999881e-05
3.166148000000000031e-05
3.160186999999999767e-05
3.153853999999999908e-05
3.147893999999999714e-05
3.142305999999999794e-05
3.136345000000000208e-05
3.130757000000000288e-05
3.125168999999999690e-05
3.119580999999999770e-05
3.114366000000000194e-05
3.109523000000000213e-05
3.104307999999999959e-05
3.100209999999999918e-05
3.095366999999999937e-05
3.091268999999999896e-05
3.087170999999999855e-05
3.083073999999999884e-05
3.078603000000000177e-05
3.074877999999999802e-05
3.070779999999999761e-05
3.066681999999999720e-05
3.062212000000000083e-05
3.058114000000000042e-05
3.052898999999999788e-05
3.048043999999999984e-05
3.042829000000000069e-05
3.037241000000000149e-05
3.031652999999999890e-05
3.025691999999999965e-05
3.020104000000000045e-05
3.014143999999999851e-05
3.008183999999999996e-05
3.001851000000000137e-05
2.995517999999999938e-05
2.989185000000000079e-05
2.982851999999999880e-05
2.976519000000000021e-05
2.970558000000000096e-05
2.964597999999999902e-05
2.959009999999999982e-05
2.953049000000000057e-05
2.947461000000000137e-05
2.941500999999999944e-05
2.935913000000000024e-05
2.930698000000000108e-05
2.925855000000000128e-05
2.920639000000000142e-05
2.916169000000000167e-05
2.911325999999999847e-05
2.906855999999999871e-05
2.903130000000000104e-05
2.898660000000000128e-05
2.894562000000000087e-05
2.891208999999999985e-05
2.887483999999999949e-05
2.883758999999999913e-05
2.880406000000000150e-05
2.877053000000000048e-05
2.873328000000000012e-05
2.869229999999999971e-05
2.865131999999999930e-05
2.860290000000000019e-05
2.855447000000000039e-05
2.850604000000000058e-05
2.846506000000000017e-05
2.841663000000000037e-05
2.837193000000000061e-05
2.832722000000000015e-05
2.827880000000000104e-05
2.823037000000000124e-05
2.817821000000000139e-05
2.811860999999999945e-05
2.805900000000000020e-05
2.799567000000000161e-05
2.793233999999999962e-05
2.786901000000000103e-05
2.780940999999999909e-05
2.774979999999999984e-05
2.769392000000000064e-05
2.764177000000000149e-05
2.758588999999999890e-05
2.753000999999999970e-05
2.747786000000000054e-05
2.741825000000000130e-05
2.735864999999999936e-05
2.729532000000000076e-05
2.723198999999999878e-05
2.716493000000000014e-05
2.709042999999999941e-05
2.701965000000000142e-05
2.694887000000000004e-05
2.688181000000000140e-05
2.681476000000000007e-05
2.674770000000000142e-05
2.668065000000000009e-05
2.662104000000000084e-05
2.656143999999999891e-05
2.650182999999999966e-05
2.644223000000000111e-05
2.638261999999999847e-05
2.631557000000000053e-05
2.625223999999999855e-05
2.618890999999999995e-05
2.612185000000000131e-05
2.605479999999999998e-05
2.598401999999999860e-05
2.592069000000000000e-05
2.585363000000000136e-05
2.578658000000000003e-05
2.572325000000000143e-05
2.565991999999999945e-05
2.559659000000000085e-05
2.552952999999999882e-05
2.546620000000000022e-05
2.540287000000000163e-05
2.534326999999999969e-05
2.528366000000000044e-05
2.522778000000000124e-05
2.517562999999999870e-05
2.511974999999999950e-05
2.507131999999999970e-05
2.502288999999999989e-05
2.497819000000000013e-05
2.493347999999999967e-05
2.488877999999999991e-05
2.485152999999999955e-05
2.480681999999999909e-05
2.476584999999999938e-05
2.472858999999999832e-05
2.468761999999999861e-05
2.465036000000000093e-05
2.461311000000000057e-05
2.457586000000000021e-05
2.454232999999999919e-05
2.451253000000000161e-05
2.448644999999999999e-05
2.446036999999999837e-05
2.443430000000000084e-05
2.440821999999999922e-05
2.437842000000000164e-05
2.435234000000000002e-05
2.432253999999999905e-05
2.429646000000000082e-05
2.427037999999999919e-05
2.424431000000000166e-05
2.421449999999999999e-05
2.418842999999999907e-05
2.415862000000000079e-05
2.412881999999999983e-05
2.409156999999999946e-05
2.405431999999999910e-05
2.401333999999999869e-05
2.396863000000000162e-05
2.391274999999999903e-05
2.385688000000000053e-05
2.380100000000000133e-05
2.374138999999999869e-05
2.367806000000000010e-05
2.361846000000000155e-05
2.355884999999999891e-05
2.350669999999999976e-05
2.345826999999999995e-05
2.340984000000000015e-05
2.336885999999999974e-05
2.333160999999999937e-05
2.329807999999999836e-05
2.326083000000000138e-05
2.323103000000000041e-05
2.319749999999999940e-05
2.316769999999999843e-05
2.313789000000000015e-05
2.311181999999999923e-05
2.308202000000000165e-05
2.305594000000000003e-05
2.303358999999999845e-05
2.301122999999999957e-05
2.298888000000000138e-05
2.295908000000000042e-05
2.293299999999999880e-05
2.289947999999999848e-05
2.286595000000000085e-05
2.283241999999999984e-05
2.279888999999999882e-05
2.275790999999999841e-05
2.271320999999999865e-05
2.266477999999999885e-05
2.260889999999999965e-05
2.255302000000000045e-05
2.249341999999999851e-05
2.243380999999999926e-05
2.236676000000000132e-05
2.230342999999999933e-05
2.223265000000000134e-05
2.216558999999999931e-05
2.209481000000000132e-05
2.202402999999999994e-05
2.195324999999999856e-05
2.188620000000000062e-05
2.182286999999999864e-05
2.175954000000000004e-05
2.169993000000000079e-05
2.163659999999999881e-05
2.157327000000000021e-05
2.150994000000000162e-05
2.144660999999999963e-05
2.138328000000000104e-05
2.131622999999999970e-05
2.125662000000000046e-05
2.119701999999999852e-05
2.114113999999999932e-05
2.108526000000000012e-05
2.102565000000000087e-05
2.096604999999999893e-05
2.091389999999999978e-05
2.086173999999999993e-05
2.080959000000000077e-05
2.076488000000000032e-05
2.072018000000000056e-05
2.067548000000000080e-05
2.063077000000000034e-05
2.058607000000000058e-05
2.054509000000000017e-05
2.049666000000000037e-05
2.045196000000000061e-05
2.040353000000000080e-05
2.035883000000000104e-05
2.031412000000000059e-05
2.026942000000000083e-05
2.022844000000000042e-05
2.018001000000000061e-05
2.013904000000000090e-05
2.009061000000000110e-05
2.004218000000000129e-05
1.999375000000000148e-05
1.994159999999999894e-05
1.988571999999999974e-05
1.982611000000000049e-05
1.977023000000000129e-05
1.971062999999999936e-05
1.965475000000000016e-05
1.959887000000000096e-05
1.954298999999999837e-05
1.949455999999999856e-05
1.944240999999999941e-05
1.939769999999999895e-05
1.934926999999999914e-05
1.931201999999999878e-05
1.926731999999999902e-05
1.923006000000000135e-05
1.918909000000000164e-05
1.915556000000000062e-05
1.911458000000000021e-05
1.907359999999999980e-05
1.903261999999999939e-05
1.899164999999999968e-05
1.894321999999999987e-05
1.889850999999999941e-05
1.884636000000000026e-05
1.880166000000000050e-05
1.875323000000000070e-05
1.870852000000000024e-05
1.866010000000000113e-05
1.861539000000000067e-05
1.857069000000000092e-05
1.852971000000000051e-05
1.848873000000000009e-05
1.844774999999999968e-05
1.840304999999999993e-05
1.836206999999999952e-05
1.831363999999999971e-05
1.826520999999999990e-05
1.821306000000000075e-05
1.816463000000000094e-05
1.811247999999999840e-05
1.805286999999999916e-05
1.799698999999999995e-05
1.793739000000000141e-05
1.788523999999999886e-05
1.782935999999999966e-05
1.777719999999999981e-05
1.772877000000000001e-05
1.767289000000000080e-05
1.762446000000000100e-05
1.757230999999999846e-05
1.751270999999999991e-05
1.745683000000000071e-05
1.739349999999999872e-05
1.733388999999999948e-05
1.727429000000000093e-05
1.721468000000000168e-05
1.715507999999999974e-05
1.709547000000000050e-05
1.703213999999999851e-05
1.696880999999999992e-05
1.690921000000000137e-05
1.684587999999999938e-05
1.678255000000000079e-05
1.671921999999999880e-05
1.665960999999999956e-05
1.660001000000000101e-05
1.653294999999999898e-05
1.646590000000000103e-05
1.640256999999999905e-05
1.633179000000000106e-05
1.626472999999999903e-05
1.619768000000000108e-05
1.613806999999999845e-05
1.608218999999999925e-05
1.603004000000000009e-05
1.598534000000000033e-05
1.594062999999999988e-05
1.590337999999999951e-05
1.586984999999999850e-05
1.583633000000000157e-05
1.580280000000000055e-05
1.576553999999999949e-05
1.571712000000000039e-05
1.566496000000000053e-05
1.560535999999999860e-05
1.553829999999999995e-05
1.546751999999999857e-05
1.539302000000000124e-05
1.532223999999999986e-05
1.525139999999999936e-05
1.518061999999999968e-05
1.511355999999999934e-05
1.505023000000000074e-05
1.498690000000000045e-05
1.492730000000000021e-05
1.487141999999999932e-05
1.481925999999999946e-05
1.477455999999999971e-05
1.473357999999999930e-05
1.469633000000000063e-05
1.466279999999999961e-05
1.462927000000000029e-05
1.459946999999999932e-05
1.457338999999999939e-05
1.454359000000000012e-05
1.451006000000000080e-05
1.447654000000000048e-05
1.443927999999999942e-05
1.439084999999999961e-05
1.433870000000000046e-05
1.427910000000000022e-05
1.421203999999999988e-05
1.413753000000000015e-05
1.405929999999999937e-05
1.396989999999999986e-05
1.387304000000000025e-05
1.377245999999999959e-05
1.366069999999999950e-05
1.354520999999999936e-05
1.342228000000000052e-05
1.329933999999999929e-05
1.316895999999999936e-05
1.304230000000000047e-05
1.291935999999999924e-05
1.279270999999999936e-05
1.267349999999999987e-05
1.255429000000000038e-05
1.244253000000000028e-05
1.232332000000000079e-05
1.221529000000000074e-05
1.210353000000000065e-05
1.199921999999999995e-05
1.189863999999999930e-05
1.179804999999999964e-05
1.170120000000000073e-05
1.160806000000000046e-05
1.151492999999999920e-05
1.142552000000000068e-05
1.133611999999999947e-05
1.124670999999999925e-05
1.116103000000000078e-05
1.106789999999999952e-05
1.097475999999999926e-05
1.087791000000000035e-05
1.078105000000000073e-05
1.067674000000000003e-05
1.057615999999999938e-05
1.047929999999999977e-05
1.037499000000000076e-05
1.026696000000000072e-05
1.016265000000000001e-05
1.005088999999999992e-05
9.939132999999999695e-06
9.823648999999999294e-06
9.715614999999999982e-06
9.603857000000000366e-06
9.495822999999999360e-06
9.391515000000000832e-06
9.290932000000000308e-06
9.194075000000000568e-06
9.100941999999999439e-06
9.011535000000000788e-06
8.925853999999999532e-06
8.840172000000000579e-06
8.758216000000000715e-06
8.679985000000000548e-06
8.609203999999999777e-06
8.542148999999999790e-06
8.478818999999999500e-06
8.422939999999999692e-06
8.363335000000000793e-06
8.314906000000000380e-06
8.262752000000000269e-06
8.218049000000000640e-06
8.169620000000000226e-06
8.128642000000000295e-06
8.083937999999999579e-06
8.039234999999999949e-06
7.994530999999999233e-06
7.946102000000000514e-06
7.901398999999999191e-06
7.856695000000000169e-06
7.811992000000000540e-06
7.763563000000000126e-06
7.715133999999999713e-06
7.662979999999999602e-06
7.614521999999999870e-06
7.562367999999999760e-06
7.506488999999999951e-06
7.450610000000000143e-06
7.394730000000000095e-06
7.338851000000000287e-06
7.282971999999999631e-06
7.223366999999999886e-06
7.167488000000000078e-06
7.115333999999999967e-06
7.059453999999999919e-06
6.999850000000000413e-06
6.943970000000000365e-06
6.884366000000000012e-06
6.824761000000000267e-06
6.765155999999999675e-06
6.701826000000000232e-06
6.638495999999999942e-06
6.567716000000000257e-06
6.496935000000000333e-06
6.429880000000000346e-06
6.359099999999999814e-06
6.292043999999999587e-06
6.221263999999999902e-06
6.154208999999999915e-06
6.083427999999999991e-06
6.016373000000000004e-06
5.949318000000000016e-06
5.882261999999999790e-06
5.815206999999999802e-06
5.748151999999999815e-06
5.681096999999999828e-06
5.614041999999999840e-06
5.550712000000000397e-06
5.483656000000000171e-06
5.416601000000000183e-06
5.353270999999999894e-06
5.286215999999999906e-06
5.222885999999999616e-06
5.155830999999999629e-06
5.092501000000000186e-06
5.025446000000000199e-06
4.958389999999999972e-06
4.895060999999999922e-06
4.828004999999999695e-06
4.768401000000000189e-06
4.708795999999999597e-06
4.649190999999999852e-06
4.589587000000000346e-06
4.529981999999999753e-06
4.474102999999999945e-06
4.421948999999999834e-06
4.369794999999999723e-06
4.313914999999999676e-06
4.258035999999999867e-06
4.205881999999999756e-06
4.146277000000000011e-06
4.086672999999999658e-06
4.030792999999999610e-06
3.974913999999999802e-06
3.915309000000000057e-06
3.859430000000000248e-06
3.799811000000000117e-06
3.736480999999999827e-06
3.676876000000000082e-06
3.617270999999999913e-06
3.557666999999999983e-06
3.498061999999999815e-06
3.438457000000000069e-06
3.386302999999999958e-06
3.326699000000000029e-06
3.270818999999999981e-06
3.222390999999999807e-06
3.166511000000000183e-06
3.118083000000000009e-06
3.069654000000000019e-06
3.021225000000000029e-06
2.976521999999999977e-06
2.935542999999999805e-06
2.894564999999999873e-06
2.857312000000000063e-06
2.823785000000000189e-06
2.786531999999999954e-06
2.756728999999999962e-06
2.726927000000000209e-06
2.700850000000000153e-06
2.671047999999999977e-06
2.644970999999999922e-06
2.615167999999999929e-06
2.589090999999999874e-06
2.559289000000000121e-06
2.529486999999999944e-06
2.499683999999999952e-06
2.469882000000000199e-06
2.436354000000000086e-06
2.406551999999999909e-06
2.376750000000000156e-06
2.346947000000000164e-06
2.317144999999999988e-06
2.287342999999999811e-06
2.253815000000000121e-06
2.220287999999999824e-06
2.183035000000000013e-06
2.149506999999999900e-06
2.112254000000000089e-06
2.067551000000000036e-06
2.026571999999999864e-06
1.985593999999999933e-06
1.937166000000000182e-06
1.892454999999999908e-06
1.844025999999999919e-06
1.795596999999999929e-06
1.739717999999999909e-06
1.691288999999999919e-06
1.642859999999999929e-06
1.586980999999999909e-06
1.538551999999999919e-06
1.486398000000000020e-06
1.430519000000000000e-06
1.378365000000000101e-06
1.326210999999999990e-06
1.266606000000000033e-06
1.210727000000000013e-06
1.154846999999999965e-06
1.098967999999999945e-06
1.043088999999999925e-06
9.834839000000000283e-07
9.238755999999999590e-07
8.642709999999999707e-07
8.046663000000000431e-07
7.413364000000000102e-07
6.780064999999999772e-07
6.146765000000000050e-07
5.476213000000000334e-07
4.768408000000000171e-07
4.097837999999999745e-07
3.427285000000000107e-07
2.719479999999999944e-07
2.011665999999999956e-07
1.303861000000000058e-07
6.333038999999999724e-08
0.000000000000000000e+00
-6.705568000000000558e-08
-1.303861000000000058e-07
-1.937160000000000122e-07
-2.570467999999999747e-07
-3.203767999999999999e-07
-3.837066999999999799e-07
-4.433114000000000133e-07
-5.066431000000000112e-07
-5.625225000000000001e-07
-6.184018000000000497e-07
-6.742812000000000385e-07
-7.301604999999999822e-07
-7.785892999999999877e-07
-8.270180999999999932e-07
-8.679963000000000153e-07
-9.126997999999999762e-07
-9.536816000000000341e-07
-9.909344999999999058e-07
-1.028187000000000020e-06
-1.065440000000000043e-06
-1.098967999999999945e-06
-1.132496000000000058e-06
-1.169748000000000053e-06
-1.207001000000000076e-06
-1.244254000000000098e-06
-1.285232000000000030e-06
-1.326210999999999990e-06
-1.367188999999999922e-06
-1.411891999999999975e-06
-1.456596000000000055e-06
-1.501298999999999896e-06
-1.546002999999999977e-06
-1.590706000000000030e-06
-1.642859999999999929e-06
-1.691288999999999919e-06
-1.743443000000000030e-06
-1.806772999999999896e-06
-1.866378000000000065e-06
-1.925990000000000003e-06
-1.985593999999999933e-06
-2.045199000000000101e-06
-2.101077999999999910e-06
-2.156957999999999957e-06
-2.212837000000000189e-06
-2.264990999999999877e-06
-2.313419999999999867e-06
-2.361848999999999856e-06
-2.402826999999999788e-06
-2.440080000000000023e-06
-2.477332999999999834e-06
-2.507135000000000010e-06
-2.536937000000000186e-06
-2.559289000000000121e-06
-2.574189999999999997e-06
-2.589090999999999874e-06
-2.600267000000000053e-06
-2.611442999999999808e-06
-2.618893999999999866e-06
-2.622618999999999987e-06
-2.630070000000000045e-06
-2.630070000000000045e-06
-2.630070000000000045e-06
-2.630070000000000045e-06
-2.630070000000000045e-06
-2.630070000000000045e-06
-2.630070000000000045e-06
-2.630070000000000045e-06
-2.633795000000000166e-06
-2.637519999999999864e-06
-2.641244999999999985e-06
-2.641244999999999985e-06
-2.644970999999999922e-06
-2.644970999999999922e-06
-2.648696000000000043e-06
-2.648696000000000043e-06
-2.652421000000000164e-06
-2.656147000000000100e-06
-2.659871999999999798e-06
-2.663596999999999919e-06
-2.667322000000000040e-06
-2.671047999999999977e-06
-2.674773000000000098e-06
-2.674773000000000098e-06
-2.674773000000000098e-06
-2.674773000000000098e-06
-2.674773000000000098e-06
-2.671047999999999977e-06
-2.667322000000000040e-06
-2.663596999999999919e-06
-2.663596999999999919e-06
-2.659871999999999798e-06
-2.652421000000000164e-06
-2.648696000000000043e-06
-2.641244999999999985e-06
-2.637519999999999864e-06
-2.630070000000000045e-06
-2.630070000000000045e-06
-2.630070000000000045e-06
-2.630070000000000045e-06
-2.633795000000000166e-06
-2.637519999999999864e-06
-2.641244999999999985e-06
-2.644970999999999922e-06
-2.648696000000000043e-06
-2.648696000000000043e-06
-2.648696000000000043e-06
-2.648696000000000043e-06
-2.648696000000000043e-06
-2.648696000000000043e-06
-2.648696000000000043e-06
-2.652421000000000164e-06
-2.652421000000000164e-06
-2.656147000000000100e-06
-2.659871999999999798e-06
-2.659871999999999798e-06
-2.659871999999999798e-06
-2.656147000000000100e-06
-2.652421000000000164e-06
-2.652421000000000164e-06
-2.648696000000000043e-06
-2.644970999999999922e-06
-2.641244999999999985e-06
-2.637519999999999864e-06
-2.630070000000000045e-06
-2.630070000000000045e-06
-2.630070000000000045e-06
-2.630070000000000045e-06
-2.626344000000000108e-06
-2.626344000000000108e-06
-2.626344000000000108e-06
-2.626344000000000108e-06
-2.630070000000000045e-06
-2.626344000000000108e-06
-2.626344000000000108e-06
-2.626344000000000108e-06
-2.622618999999999987e-06
-2.618893999999999866e-06
-2.611442999999999808e-06
-2.603992000000000174e-06
-2.600267000000000053e-06
-2.596541999999999932e-06
-2.589090999999999874e-06
-2.581641000000000055e-06
-2.574189999999999997e-06
-2.570464999999999876e-06
-2.566740000000000179e-06
-2.566740000000000179e-06
-2.563013999999999818e-06
-2.559289000000000121e-06
-2.559289000000000121e-06
-2.559289000000000121e-06
-2.555564000000000000e-06
-2.555564000000000000e-06
-2.555564000000000000e-06
-2.555564000000000000e-06
-2.555564000000000000e-06
-2.555564000000000000e-06
-2.555564000000000000e-06
-2.551838000000000063e-06
-2.551838000000000063e-06
-2.551838000000000063e-06
-2.551838000000000063e-06
-2.551838000000000063e-06
-2.551838000000000063e-06
-2.555564000000000000e-06
-2.555564000000000000e-06
-2.559289000000000121e-06
-2.563013999999999818e-06
-2.566740000000000179e-06
-2.574189999999999997e-06
-2.581641000000000055e-06
-2.592816999999999811e-06
-2.603992000000000174e-06
-2.618893999999999866e-06
-2.630070000000000045e-06
-2.641244999999999985e-06
-2.652421000000000164e-06
-2.659871999999999798e-06
-2.663596999999999919e-06
-2.667322000000000040e-06
-2.667322000000000040e-06
-2.671047999999999977e-06
-2.674773000000000098e-06
-2.678497999999999796e-06
-2.682224000000000156e-06
-2.685948999999999853e-06
-2.689673999999999974e-06
-2.689673999999999974e-06
-2.689673999999999974e-06
-2.689673999999999974e-06
-2.693399000000000096e-06
-2.693399000000000096e-06
-2.697125000000000032e-06
-2.697125000000000032e-06
-2.700850000000000153e-06
-2.697125000000000032e-06
-2.697125000000000032e-06
-2.689673999999999974e-06
-2.682224000000000156e-06
-2.671047999999999977e-06
-2.663596999999999919e-06
-2.656147000000000100e-06
-2.648696000000000043e-06
-2.641244999999999985e-06
-2.637519999999999864e-06
-2.633795000000000166e-06
-2.633795000000000166e-06
-2.630070000000000045e-06
-2.630070000000000045e-06
-2.633795000000000166e-06
-2.630070000000000045e-06
-2.630070000000000045e-06
-2.630070000000000045e-06
-2.630070000000000045e-06
-2.630070000000000045e-06
-2.626344000000000108e-06
-2.626344000000000108e-06
-2.630070000000000045e-06
-2.630070000000000045e-06
-2.630070000000000045e-06
-2.630070000000000045e-06
-2.630070000000000045e-06
-2.630070000000000045e-06
-2.630070000000000045e-06
-2.630070000000000045e-06
-2.630070000000000045e-06
-2.626344000000000108e-06
-2.626344000000000108e-06
-2.622618999999999987e-06
-2.622618999999999987e-06
-2.626344000000000108e-06
-2.626344000000000108e-06
-2.630070000000000045e-06
-2.630070000000000045e-06
-2.637519999999999864e-06
-2.637519999999999864e-06
-2.637519999999999864e-06
-2.637519999999999864e-06
-2.633795000000000166e-06
-2.630070000000000045e-06
-2.630070000000000045e-06
-2.630070000000000045e-06
-2.630070000000000045e-06
-2.630070000000000045e-06
-2.630070000000000045e-06
-2.633795000000000166e-06
-2.633795000000000166e-06
-2.633795000000000166e-06
-2.633795000000000166e-06
-2.633795000000000166e-06
-2.630070000000000045e-06
-2.630070000000000045e-06
-2.630070000000000045e-06
-2.630070000000000045e-06
-2.630070000000000045e-06
-2.630070000000000045e-06
-2.633795000000000166e-06
-2.633795000000000166e-06
-2.637519999999999864e-06
-2.641244999999999985e-06
-2.641244999999999985e-06
-2.644970999999999922e-06
-2.648696000000000043e-06
-2.652421000000000164e-06
-2.656147000000000100e-06
-2.656147000000000100e-06
-2.659871999999999798e-06
-2.659871999999999798e-06
-2.659871999999999798e-06
-2.659871999999999798e-06
-2.659871999999999798e-06
-2.663596999999999919e-06
-2.663596999999999919e-06
-2.663596999999999919e-06
-2.659871999999999798e-06
-2.659871999999999798e-06
-2.663596999999999919e-06
-2.663596999999999919e-06
-2.663596999999999919e-06
-2.663596999999999919e-06
-2.663596999999999919e-06
-2.663596999999999919e-06
-2.663596999999999919e-06
-2.663596999999999919e-06
-2.667322000000000040e-06
-2.667322000000000040e-06
-2.671047999999999977e-06
-2.674773000000000098e-06
-2.678497999999999796e-06
-2.682224000000000156e-06
-2.685948999999999853e-06
-2.689673999999999974e-06
-2.693399000000000096e-06
-2.693399000000000096e-06
-2.697125000000000032e-06
-2.697125000000000032e-06
-2.700850000000000153e-06
-2.700850000000000153e-06
-2.700850000000000153e-06
-2.700850000000000153e-06
-2.700850000000000153e-06
-2.700850000000000153e-06
-2.704574999999999851e-06
-2.704574999999999851e-06
-2.712025999999999909e-06
-2.715751000000000030e-06
-2.726927000000000209e-06
-2.726927000000000209e-06
-2.734377999999999843e-06
-2.738102999999999964e-06
-2.741828000000000085e-06
-2.738102999999999964e-06
-2.738102999999999964e-06
-2.734377999999999843e-06
-2.726927000000000209e-06
-2.726927000000000209e-06
-2.723202000000000088e-06
-2.719476000000000151e-06
-2.715751000000000030e-06
-2.708301000000000211e-06
-2.700850000000000153e-06
-2.693399000000000096e-06
-2.689673999999999974e-06
-2.682224000000000156e-06
-2.678497999999999796e-06
-2.674773000000000098e-06
-2.674773000000000098e-06
-2.678497999999999796e-06
-2.685948999999999853e-06
-2.693399000000000096e-06
-2.704574999999999851e-06
-2.715751000000000030e-06
-2.726927000000000209e-06
-2.734377999999999843e-06
-2.745554000000000022e-06
-2.753003999999999841e-06
-2.760454999999999899e-06
-2.771631000000000078e-06
-2.775356000000000199e-06
-2.782806000000000017e-06
-2.786531999999999954e-06
-2.790257000000000075e-06
-2.790257000000000075e-06
-2.786531999999999954e-06
-2.779080999999999896e-06
-2.771631000000000078e-06
-2.760454999999999899e-06
-2.753003999999999841e-06
-2.745554000000000022e-06
-2.738102999999999964e-06
-2.734377999999999843e-06
-2.734377999999999843e-06
-2.734377999999999843e-06
-2.738102999999999964e-06
-2.741828000000000085e-06
-2.745554000000000022e-06
-2.753003999999999841e-06
-2.756728999999999962e-06
-2.760454999999999899e-06
-2.767905000000000141e-06
-2.775356000000000199e-06
-2.782806000000000017e-06
-2.786531999999999954e-06
-2.790257000000000075e-06
-2.793982000000000196e-06
-2.797708000000000133e-06
-2.797708000000000133e-06
-2.793982000000000196e-06
-2.790257000000000075e-06
-2.782806000000000017e-06
-2.771631000000000078e-06
-2.760454999999999899e-06
-2.749279000000000143e-06
-2.734377999999999843e-06
-2.723202000000000088e-06
-2.708301000000000211e-06
-2.693399000000000096e-06
-2.678497999999999796e-06
-2.663596999999999919e-06
-2.652421000000000164e-06
-2.637519999999999864e-06
-2.630070000000000045e-06
-2.622618999999999987e-06
-2.615167999999999929e-06
-2.615167999999999929e-06
-2.615167999999999929e-06
-2.618893999999999866e-06
-2.618893999999999866e-06
-2.622618999999999987e-06
-2.630070000000000045e-06
-2.630070000000000045e-06
-2.641244999999999985e-06
-2.652421000000000164e-06
-2.659871999999999798e-06
-2.667322000000000040e-06
-2.678497999999999796e-06
-2.685948999999999853e-06
-2.693399000000000096e-06
-2.697125000000000032e-06
-2.700850000000000153e-06
-2.704574999999999851e-06
-2.708301000000000211e-06
-2.715751000000000030e-06
-2.715751000000000030e-06
-2.723202000000000088e-06
-2.726927000000000209e-06
-2.726927000000000209e-06
-2.726927000000000209e-06
-2.730651999999999906e-06
-2.734377999999999843e-06
-2.738102999999999964e-06
-2.741828000000000085e-06
-2.745554000000000022e-06
-2.749279000000000143e-06
-2.753003999999999841e-06
-2.753003999999999841e-06
-2.756728999999999962e-06
-2.756728999999999962e-06
-2.756728999999999962e-06
-2.756728999999999962e-06
-2.756728999999999962e-06
-2.756728999999999962e-06
-2.756728999999999962e-06
-2.756728999999999962e-06
-2.753003999999999841e-06
-2.753003999999999841e-06
-2.749279000000000143e-06
-2.745554000000000022e-06
-2.741828000000000085e-06
-2.738102999999999964e-06
-2.730651999999999906e-06
-2.726927000000000209e-06
-2.719476000000000151e-06
-2.708301000000000211e-06
-2.700850000000000153e-06
-2.693399000000000096e-06
-2.685948999999999853e-06
-2.674773000000000098e-06
-2.667322000000000040e-06
-2.659871999999999798e-06
-2.652421000000000164e-06
-2.648696000000000043e-06
-2.644970999999999922e-06
-2.641244999999999985e-06
-2.641244999999999985e-06
-2.641244999999999985e-06
-2.644970999999999922e-06
-2.652421000000000164e-06
-2.656147000000000100e-06
-2.663596999999999919e-06
-2.667322000000000040e-06
-2.671047999999999977e-06
-2.678497999999999796e-06
-2.685948999999999853e-06
-2.693399000000000096e-06
-2.697125000000000032e-06
-2.700850000000000153e-06
-2.704574999999999851e-06
-2.712025999999999909e-06
-2.715751000000000030e-06
-2.715751000000000030e-06
-2.719476000000000151e-06
-2.723202000000000088e-06
-2.726927000000000209e-06
-2.726927000000000209e-06
-2.730651999999999906e-06
-2.738102999999999964e-06
-2.745554000000000022e-06
-2.749279000000000143e-06
-2.756728999999999962e-06
-2.756728999999999962e-06
-2.760454999999999899e-06
-2.764180000000000020e-06
-2.764180000000000020e-06
-2.760454999999999899e-06
-2.760454999999999899e-06
-2.756728999999999962e-06
-2.753003999999999841e-06
-2.749279000000000143e-06
-2.745554000000000022e-06
-2.745554000000000022e-06
-2.745554000000000022e-06
-2.745554000000000022e-06
-2.745554000000000022e-06
-2.749279000000000143e-06
-2.753003999999999841e-06
-2.753003999999999841e-06
-2.756728999999999962e-06
-2.760454999999999899e-06
-2.764180000000000020e-06
-2.767905000000000141e-06
-2.771631000000000078e-06
-2.771631000000000078e-06
-2.775356000000000199e-06
-2.779080999999999896e-06
-2.779080999999999896e-06
-2.782806000000000017e-06
-2.786531999999999954e-06
-2.790257000000000075e-06
-2.790257000000000075e-06
-2.790257000000000075e-06
-2.793982000000000196e-06
-2.797708000000000133e-06
-2.801432999999999831e-06
-2.801432999999999831e-06
-2.801432999999999831e-06
-2.797708000000000133e-06
-2.797708000000000133e-06
-2.793982000000000196e-06
-2.790257000000000075e-06
-2.786531999999999954e-06
-2.782806000000000017e-06
-2.775356000000000199e-06
-2.771631000000000078e-06
-2.767905000000000141e-06
-2.760454999999999899e-06
-2.760454999999999899e-06
-2.756728999999999962e-06
-2.756728999999999962e-06
-2.756728999999999962e-06
-2.756728999999999962e-06
-2.756728999999999962e-06
-2.756728999999999962e-06
-2.756728999999999962e-06
-2.756728999999999962e-06
-2.756728999999999962e-06
-2.756728999999999962e-06
-2.756728999999999962e-06
-2.756728999999999962e-06
-2.756728999999999962e-06
-2.756728999999999962e-06
-2.756728999999999962e-06
-2.760454999999999899e-06
-2.760454999999999899e-06
-2.760454999999999899e-06
-2.760454999999999899e-06
-2.760454999999999899e-06
-2.760454999999999899e-06
-2.760454999999999899e-06
-2.760454999999999899e-06
-2.756728999999999962e-06
-2.756728999999999962e-06
-2.756728999999999962e-06
-2.756728999999999962e-06
-2.756728999999999962e-06
-2.756728999999999962e-06
-2.756728999999999962e-06
-2.756728999999999962e-06
-2.756728999999999962e-06
-2.756728999999999962e-06
-2.753003999999999841e-06
-2.753003999999999841e-06
-2.753003999999999841e-06
-2.749279000000000143e-06
-2.745554000000000022e-06
-2.745554000000000022e-06
-2.745554000000000022e-06
-2.745554000000000022e-06
-2.745554000000000022e-06
-2.749279000000000143e-06
-2.749279000000000143e-06
-2.753003999999999841e-06
-2.756728999999999962e-06
-2.756728999999999962e-06
-2.760454999999999899e-06
-2.767905000000000141e-06
-2.771631000000000078e-06
-2.775356000000000199e-06
-2.779080999999999896e-06
-2.779080999999999896e-06
-2.779080999999999896e-06
-2.779080999999999896e-06
-2.779080999999999896e-06
-2.775356000000000199e-06
-2.771631000000000078e-06
-2.767905000000000141e-06
-2.764180000000000020e-06
-2.760454999999999899e-06
-2.756728999999999962e-06
-2.756728999999999962e-06
-2.753003999999999841e-06
-2.753003999999999841e-06
-2.749279000000000143e-06
-2.745554000000000022e-06
-2.745554000000000022e-06
-2.741828000000000085e-06
-2.738102999999999964e-06
-2.734377999999999843e-06
-2.726927000000000209e-06
-2.726927000000000209e-06
-2.719476000000000151e-06
-2.715751000000000030e-06
-2.708301000000000211e-06
-2.704574999999999851e-06
-2.700850000000000153e-06
-2.697125000000000032e-06
-2.697125000000000032e-06
-2.693399000000000096e-06
-2.693399000000000096e-06
-2.689673999999999974e-06
-2.685948999999999853e-06
-2.682224000000000156e-06
-2.678497999999999796e-06
-2.678497999999999796e-06
-2.674773000000000098e-06
-2.674773000000000098e-06
-2.671047999999999977e-06
-2.671047999999999977e-06
-2.671047999999999977e-06
-2.671047999999999977e-06
-2.671047999999999977e-06
-2.674773000000000098e-06
-2.674773000000000098e-06
-2.678497999999999796e-06
-2.678497999999999796e-06
-2.678497999999999796e-06
-2.674773000000000098e-06
-2.671047999999999977e-06
-2.671047999999999977e-06
-2.667322000000000040e-06
-2.667322000000000040e-06
-2.667322000000000040e-06
-2.667322000000000040e-06
-2.667322000000000040e-06
-2.671047999999999977e-06
-2.674773000000000098e-06
-2.674773000000000098e-06
-2.678497999999999796e-06
-2.678497999999999796e-06
-2.678497999999999796e-06
-2.678497999999999796e-06
