-1.092222999999999995e-04
-1.092222999999999995e-04
-1.092222999999999995e-04
-1.092222999999999995e-04
-1.092222999999999995e-04
-1.092222999999999995e-04
-1.092222999999999995e-04
-1.092222999999999995e-04
-1.092222999999999995e-04
-1.092222999999999995e-04
-1.092222999999999995e-04
-1.092222999999999995e-04
-1.092222999999999995e-04
-1.092222999999999995e-04
-1.092222999999999995e-04
-1.092222999999999995e-04
-1.092222999999999995e-04
-1.092222999999999995e-04
-1.092222999999999995e-04
-1.092222999999999995e-04
-1.092222999999999995e-04
-1.092222999999999995e-04
-1.092222999999999995e-04
-1.092222999999999995e-04
-1.092222999999999995e-04
-1.092222999999999995e-04
-1.092222999999999995e-04
-1.092222999999999995e-04
-1.092222999999999995e-04
-1.092222999999999995e-04
-1.092222999999999995e-04
-1.092222999999999995e-04
-1.092222999999999995e-04
-1.092222999999999995e-04
-1.092222999999999995e-04
-1.092222999999999995e-04
-1.092222999999999995e-04
-1.092222999999999995e-04
-1.092222999999999995e-04
-1.092222999999999995e-04
-1.092222999999999995e-04
-1.092222999999999995e-04
-1.092222999999999995e-04
-1.092222999999999995e-04
-1.092222999999999995e-04
-1.092222999999999995e-04
-1.092222999999999995e-04
-1.092222999999999995e-04
-1.092222999999999995e-04
-1.092222999999999995e-04
-1.092222999999999995e-04
-1.092222999999999995e-04
-1.092222999999999995e-04
-1.092222999999999995e-04
-1.092222999999999995e-04
-1.092222999999999995e-04
-1.092222999999999995e-04
-1.092222999999999995e-04
-1.092222999999999995e-04
-1.092222999999999995e-04
-1.092222999999999995e-04
-1.092222999999999995e-04
-1.092222999999999995e-04
-1.092222999999999995e-04
-1.092222999999999995e-04
-1.092222999999999995e-04
-1.092222999999999995e-04
-1.092222999999999995e-04
-1.092222999999999995e-04
-1.092222999999999995e-04
-1.092222999999999995e-04
-1.092222999999999995e-04
-1.092222999999999995e-04
-1.092222999999999995e-04
-1.092222999999999995e-04
-1.092222999999999995e-04
-1.092222999999999995e-04
-1.092222999999999995e-04
-1.092222999999999995e-04
-1.092222999999999995e-04
-1.092222999999999995e-04
-1.092222999999999995e-04
-1.092222999999999995e-04
-1.092222999999999995e-04
-1.092222999999999995e-04
-1.092222999999999995e-04
-1.092222999999999995e-04
-1.092222999999999995e-04
-1.092222999999999995e-04
-1.092222999999999995e-04
-1.092222999999999995e-04
-1.092222999999999995e-04
-1.092222999999999995e-04
-1.092222999999999995e-04
-1.092222999999999995e-04
-1.092222999999999995e-04
-1.092222999999999995e-04
-1.092222999999999995e-04
-1.092222999999999995e-04
-1.092222999999999995e-04
-1.092222999999999995e-04
-1.092222999999999995e-04
-1.092222999999999995e-04
-1.092222999999999995e-04
-1.092222999999999995e-04
-1.092222999999999995e-04
-1.092222999999999995e-04
-1.092222999999999995e-04
-1.092222999999999995e-04
-1.092222999999999995e-04
-1.092222999999999995e-04
-1.092222999999999995e-04
-1.092222999999999995e-04
-1.092222999999999995e-04
-1.092222999999999995e-04
-1.092222999999999995e-04
-1.092222999999999995e-04
-1.092222999999999995e-04
-1.092222999999999995e-04
-1.092222999999999995e-04
-1.092222999999999995e-04
-1.092222999999999995e-04
-1.092222999999999995e-04
-1.092222999999999995e-04
-1.092222999999999995e-04
-1.092222999999999995e-04
-1.092222999999999995e-04
-1.092222999999999995e-04
-1.092222999999999995e-04
-1.092222999999999995e-04
-1.092222999999999995e-04
-1.092222999999999995e-04
-1.092222999999999995e-04
-1.092222999999999995e-04
-1.092222999999999995e-04
-1.092222999999999995e-04
-1.092074000000000007e-04
-1.091476999999999985e-04
-1.090955999999999995e-04
-1.090658000000000019e-04
-1.090546000000000045e-04
-1.090472000000000018e-04
-1.090472000000000018e-04
-1.090658000000000019e-04
-1.090993000000000008e-04
-1.091253999999999971e-04
-1.091290999999999984e-04
-1.091327999999999998e-04
-1.091588999999999960e-04
-1.091886999999999936e-04
-1.091923999999999949e-04
-1.091774999999999961e-04
-1.091664000000000057e-04
-1.091625999999999973e-04
-1.091514999999999933e-04
-1.090881000000000034e-04
-1.089726999999999943e-04
-1.088384999999999982e-04
-1.086857999999999954e-04
-1.085143999999999990e-04
-1.083132999999999985e-04
-1.081158000000000059e-04
-1.079220999999999946e-04
-1.077246999999999954e-04
-1.075272000000000028e-04
-1.073484000000000038e-04
-1.071659000000000034e-04
-1.069983000000000018e-04
-1.068418000000000042e-04
-1.066965000000000041e-04
-1.065661000000000028e-04
-1.064617999999999977e-04
-1.063724000000000050e-04
-1.062941999999999961e-04
-1.062271000000000049e-04
-1.061562999999999987e-04
-1.060893000000000009e-04
-1.060111000000000056e-04
-1.059328000000000033e-04
-1.058545999999999944e-04
-1.057689000000000030e-04
-1.056757999999999954e-04
-1.055715000000000039e-04
-1.054560000000000013e-04
-1.053367999999999975e-04
-1.052137999999999988e-04
-1.050835000000000045e-04
-1.049492999999999948e-04
-1.048152000000000057e-04
-1.046774000000000017e-04
-1.045432999999999991e-04
-1.044165999999999991e-04
-1.042936999999999939e-04
-1.041819000000000062e-04
-1.040701999999999985e-04
-1.039658999999999934e-04
-1.038653000000000032e-04
-1.037684000000000008e-04
-1.036753000000000067e-04
-1.035859000000000004e-04
-1.035150999999999942e-04
-1.034480999999999964e-04
-1.033847000000000065e-04
-1.033213999999999964e-04
-1.032506000000000038e-04
-1.031797999999999976e-04
-1.031090999999999985e-04
-1.030419999999999936e-04
-1.029786999999999971e-04
-1.029191000000000020e-04
-1.028594999999999933e-04
-1.028110000000000021e-04
-1.027626000000000044e-04
-1.027066999999999970e-04
-1.026508000000000032e-04
-1.025911999999999945e-04
-1.025204999999999953e-04
-1.024458999999999944e-04
-1.023565000000000016e-04
-1.022597000000000062e-04
-1.021591000000000025e-04
-1.020435999999999999e-04
-1.019243999999999961e-04
-1.017976999999999961e-04
-1.016711000000000031e-04
-1.015407000000000017e-04
-1.014103000000000004e-04
-1.012798999999999991e-04
-1.011533000000000061e-04
-1.010229000000000048e-04
-1.008962000000000048e-04
-1.007658000000000035e-04
-1.006354999999999956e-04
-1.005087999999999956e-04
-1.003820999999999956e-04
-1.002592000000000039e-04
-1.001400000000000001e-04
-1.000356999999999950e-04
-9.993882999999999467e-05
-9.984569999999999849e-05
-9.976000999999999424e-05
-9.967433000000000423e-05
-9.958492999999999794e-05
-9.948806999999999833e-05
-9.939120999999999872e-05
-9.929062999999999637e-05
-9.919376999999999676e-05
-9.910809000000000675e-05
-9.902241000000000320e-05
-9.893672999999999964e-05
-9.885476999999999882e-05
-9.877280999999999800e-05
-9.868712999999999444e-05
-9.861263000000000049e-05
-9.853812000000000584e-05
-9.847478999999999369e-05
-9.841145999999999510e-05
-9.835184999999999924e-05
-9.829225000000000408e-05
-9.823636999999999810e-05
-9.818421999999999556e-05
-9.813950999999999849e-05
-9.808735999999999595e-05
-9.803520999999999340e-05
-9.798305000000000372e-05
-9.792716999999999774e-05
-9.787129000000000531e-05
-9.781914000000000277e-05
-9.776697999999999953e-05
-9.771856000000000042e-05
-9.767013000000000062e-05
-9.762542000000000355e-05
-9.757327000000000101e-05
-9.752111999999999847e-05
-9.746524000000000604e-05
-9.740190999999999389e-05
-9.733485000000000542e-05
-9.725661999999999448e-05
-9.717094000000000447e-05
-9.707408000000000486e-05
-9.696976999999999908e-05
-9.685428999999999794e-05
-9.673507999999999337e-05
-9.661959000000000508e-05
-9.650783999999999383e-05
-9.640353000000000160e-05
-9.630667000000000199e-05
-9.621354000000000581e-05
-9.611668000000000620e-05
-9.601982000000000659e-05
-9.592668999999999686e-05
-9.583728000000000342e-05
-9.575533000000000330e-05
-9.568081999999999510e-05
-9.561376999999999377e-05
-9.555415999999999791e-05
-9.549456000000000274e-05
-9.543494999999999333e-05
-9.537161999999999474e-05
-9.530084000000000352e-05
-9.522261000000000614e-05
-9.513319999999999914e-05
-9.502889999999999406e-05
-9.491713999999999566e-05
-9.480164999999999382e-05
-9.467872000000000007e-05
-9.455578000000000561e-05
-9.443284999999999830e-05
-9.430991000000000385e-05
-9.419443000000000271e-05
-9.407895000000000157e-05
-9.395973999999999700e-05
-9.384797999999999860e-05
-9.373995000000000363e-05
-9.362446000000000179e-05
-9.351270000000000339e-05
-9.339348999999999882e-05
-9.327800999999999768e-05
-9.315880000000000666e-05
-9.303959000000000209e-05
-9.292037999999999752e-05
-9.280117000000000650e-05
-9.268940999999999454e-05
-9.257764999999999614e-05
-9.247706999999999380e-05
-9.238020999999999418e-05
-9.229453000000000418e-05
-9.221258000000000406e-05
-9.213062000000000324e-05
-9.204866000000000241e-05
-9.196297999999999886e-05
-9.186985000000000268e-05
-9.177299000000000307e-05
-9.166495999999999455e-05
-9.154575000000000353e-05
-9.142280999999999552e-05
-9.129242999999999560e-05
-9.115832000000000579e-05
-9.102421000000000242e-05
-9.089755000000000523e-05
-9.077088999999999449e-05
-9.065168000000000347e-05
-9.053620000000000233e-05
-9.042444000000000393e-05
-9.031639999999999471e-05
-9.021210000000000318e-05
-9.012268999999999619e-05
-9.003701000000000618e-05
-8.996623000000000142e-05
-8.990662000000000556e-05
-8.986191999999999563e-05
-8.982838999999999462e-05
-8.979485999999999360e-05
-8.976133999999999329e-05
-8.971662999999999622e-05
-8.966819999999999641e-05
-8.960486999999999781e-05
-8.953037000000000386e-05
-8.944095999999999687e-05
-8.934037999999999452e-05
-8.922861999999999612e-05
-8.910568000000000167e-05
-8.898274999999999436e-05
-8.885982000000000060e-05
-8.874432999999999877e-05
-8.863630000000000380e-05
-8.853571000000000075e-05
-8.844258000000000458e-05
-8.835317999999999828e-05
-8.826004000000000141e-05
-8.816319000000000250e-05
-8.805887999999999671e-05
-8.794711999999999831e-05
-8.783163999999999718e-05
-8.770497999999999998e-05
-8.757832000000000279e-05
-8.745166000000000560e-05
-8.732871999999999759e-05
-8.721695999999999919e-05
-8.712009999999999958e-05
-8.702697000000000340e-05
-8.694502000000000328e-05
-8.686306000000000246e-05
-8.677737999999999890e-05
-8.668797000000000546e-05
-8.659111000000000585e-05
-8.649053000000000351e-05
-8.638995000000000116e-05
-8.629309000000000155e-05
-8.618877999999999576e-05
-8.608447000000000353e-05
-8.598016999999999845e-05
-8.586841000000000005e-05
-8.575665000000000165e-05
-8.565233999999999587e-05
-8.555175999999999352e-05
-8.546235000000000008e-05
-8.538038999999999926e-05
-8.530960999999999449e-05
-8.523511000000000054e-05
-8.516432999999999577e-05
-8.509355000000000456e-05
-8.502276999999999979e-05
-8.494826000000000514e-05
-8.487374999999999694e-05
-8.480669999999999561e-05
-8.473219000000000096e-05
-8.465768999999999345e-05
-8.459063000000000498e-05
-8.452730000000000638e-05
-8.446769999999999767e-05
-8.440809000000000181e-05
-8.434476000000000321e-05
-8.428143000000000462e-05
-8.421810000000000602e-05
-8.414732000000000125e-05
-8.407281999999999375e-05
-8.399086000000000648e-05
-8.390518000000000292e-05
-8.381949999999999937e-05
-8.372637000000000319e-05
-8.362578000000000014e-05
-8.352146999999999436e-05
-8.340971999999999666e-05
-8.329422999999999482e-05
-8.317502000000000380e-05
-8.304836000000000661e-05
-8.292169999999999587e-05
-8.278759000000000606e-05
-8.265348000000000269e-05
-8.251564999999999660e-05
-8.237407999999999991e-05
-8.224369999999999999e-05
-8.211330999999999936e-05
-8.198292999999999943e-05
-8.185253999999999881e-05
-8.172215999999999888e-05
-8.159922000000000442e-05
-8.147628999999999711e-05
-8.134962999999999992e-05
-8.121923999999999930e-05
-8.109258000000000210e-05
-8.096593000000000561e-05
-8.085044000000000378e-05
-8.073496000000000264e-05
-8.062691999999999342e-05
-8.052634000000000463e-05
-8.042576000000000228e-05
-8.032517999999999993e-05
-8.022458999999999688e-05
-8.012400999999999454e-05
-8.002714999999999493e-05
-7.992657000000000613e-05
-7.982971000000000652e-05
-7.973657999999999679e-05
-7.964717000000000335e-05
-7.956148999999999979e-05
-7.948326000000000241e-05
-7.940874999999999421e-05
-7.933425000000000026e-05
-7.926718999999999822e-05
-7.920385999999999963e-05
-7.914053000000000103e-05
-7.908093000000000587e-05
-7.902131999999999646e-05
-7.896172000000000130e-05
-7.889839000000000270e-05
-7.883133000000000067e-05
-7.876054999999999591e-05
-7.868605000000000196e-05
-7.860036999999999840e-05
-7.850723000000000152e-05
-7.840292999999999644e-05
-7.829116999999999804e-05
-7.817567999999999620e-05
-7.805647000000000518e-05
-7.793353999999999787e-05
-7.780688000000000068e-05
-7.767276999999999732e-05
-7.753493000000000407e-05
-7.740082000000000071e-05
-7.727044000000000078e-05
-7.714378000000000359e-05
-7.701339000000000296e-05
-7.689045999999999566e-05
-7.677125000000000463e-05
-7.666320999999999542e-05
-7.655891000000000389e-05
-7.646949999999999689e-05
-7.638381999999999334e-05
-7.632048999999999474e-05
-7.626087999999999888e-05
-7.622362999999999513e-05
-7.619382999999999755e-05
-7.617148000000000614e-05
-7.616402999999999997e-05
-7.616029999999999653e-05
-7.615285000000000392e-05
-7.614539999999999774e-05
-7.612676999999999552e-05
-7.610070000000000137e-05
-7.605227000000000157e-05
-7.599266000000000571e-05
-7.592188000000000094e-05
-7.584365000000000356e-05
-7.575051999999999383e-05
-7.565738999999999765e-05
-7.556052999999999804e-05
-7.546366999999999843e-05
-7.535936000000000620e-05
-7.525878000000000385e-05
-7.515446999999999807e-05
-7.505388999999999572e-05
-7.495330999999999337e-05
-7.484900000000000114e-05
-7.474468999999999536e-05
-7.464411000000000657e-05
-7.455097999999999684e-05
-7.446529000000000613e-05
-7.439078999999999863e-05
-7.432746000000000003e-05
-7.426785000000000418e-05
-7.421942000000000437e-05
-7.416727000000000183e-05
-7.411138999999999585e-05
-7.405179000000000069e-05
-7.398846000000000209e-05
-7.391394999999999389e-05
-7.383943999999999924e-05
-7.375375999999999569e-05
-7.366062999999999951e-05
-7.356376999999999990e-05
-7.345574000000000493e-05
-7.333653000000000036e-05
-7.321731999999999579e-05
-7.309065999999999860e-05
-7.296400000000000140e-05
-7.283734000000000421e-05
-7.271067999999999347e-05
-7.258774999999999971e-05
-7.246109000000000252e-05
-7.233070000000000189e-05
-7.220404000000000470e-05
-7.207737999999999396e-05
-7.196561999999999556e-05
-7.186132000000000403e-05
-7.176817999999999360e-05
-7.168250000000000359e-05
-7.160427000000000621e-05
-7.152603999999999527e-05
-7.144780999999999788e-05
-7.136958000000000050e-05
-7.129135000000000311e-05
-7.122056999999999834e-05
-7.114606000000000369e-05
-7.108273000000000510e-05
-7.102312999999999639e-05
-7.096725000000000396e-05
-7.091509000000000072e-05
-7.087410999999999353e-05
-7.083686000000000333e-05
-7.080333000000000232e-05
-7.077725999999999462e-05
-7.074744999999999634e-05
-7.072510000000000493e-05
-7.069901999999999654e-05
-7.066921999999999896e-05
-7.063196999999999520e-05
-7.058726999999999883e-05
-7.052766000000000297e-05
-7.045315999999999547e-05
-7.036747000000000477e-05
-7.027433999999999504e-05
-7.018120999999999886e-05
-7.008808000000000269e-05
-6.999495000000000651e-05
-6.990180999999999608e-05
-6.980495999999999717e-05
-6.970809999999999756e-05
-6.961123999999999795e-05
-6.951437999999999834e-05
-6.942125000000000216e-05
-6.933183999999999517e-05
-6.923870999999999899e-05
-6.914184999999999938e-05
-6.903754999999999430e-05
-6.892950999999999863e-05
-6.881775000000000023e-05
-6.869853999999999566e-05
-6.857933000000000464e-05
-6.845639999999999733e-05
-6.834091999999999619e-05
-6.822171000000000517e-05
-6.811366999999999595e-05
-6.800564000000000099e-05
-6.790505999999999864e-05
-6.780446999999999559e-05
-6.771133999999999942e-05
-6.761821000000000324e-05
-6.753252999999999969e-05
-6.745430000000000230e-05
-6.737978999999999410e-05
-6.730901000000000288e-05
-6.724940999999999417e-05
-6.719725000000000448e-05
-6.714882000000000468e-05
-6.710784999999999819e-05
-6.707058999999999374e-05
-6.703334000000000354e-05
-6.699981000000000252e-05
-6.696255999999999877e-05
-6.692530999999999502e-05
-6.688433000000000139e-05
-6.684706999999999693e-05
-6.680982000000000674e-05
-6.677629000000000572e-05
-6.673904000000000197e-05
-6.669805999999999478e-05
-6.665335999999999841e-05
-6.659748000000000599e-05
-6.653787999999999727e-05
-6.647454999999999868e-05
-6.641122000000000008e-05
-6.634789000000000149e-05
-6.628456000000000289e-05
-6.622867999999999691e-05
-6.617280000000000449e-05
-6.612064000000000125e-05
-6.606104000000000609e-05
-6.600888000000000285e-05
-6.595300999999999757e-05
-6.589713000000000515e-05
-6.583007000000000311e-05
-6.576302000000000178e-05
-6.569222999999999632e-05
-6.562145000000000510e-05
-6.555440000000000377e-05
-6.548361999999999900e-05
-6.541655999999999697e-05
-6.535322999999999838e-05
-6.528989999999999978e-05
-6.522657000000000118e-05
-6.516697000000000602e-05
-6.510363999999999388e-05
-6.504776000000000145e-05
-6.498815000000000559e-05
-6.493228000000000031e-05
-6.488011999999999707e-05
-6.482424000000000465e-05
-6.476463999999999594e-05
-6.470876000000000351e-05
-6.465660000000000027e-05
-6.460071999999999429e-05
-6.454485000000000257e-05
-6.448524000000000671e-05
-6.442936000000000073e-05
-6.436603000000000214e-05
-6.429898000000000080e-05
-6.423565000000000221e-05
-6.416859000000000018e-05
-6.410899000000000502e-05
-6.404937999999999560e-05
-6.399350000000000318e-05
-6.393761999999999720e-05
-6.388174000000000478e-05
-6.383331000000000497e-05
-6.378116000000000243e-05
-6.372900999999999989e-05
-6.367684999999999665e-05
-6.362097000000000422e-05
-6.356136999999999551e-05
-6.349803999999999692e-05
-6.343097999999999488e-05
-6.336392999999999355e-05
-6.328569999999999617e-05
-6.320746999999999878e-05
-6.312177999999999452e-05
-6.303610000000000452e-05
-6.295042000000000096e-05
-6.286100999999999397e-05
-6.277161000000000123e-05
-6.268592999999999767e-05
-6.259652000000000423e-05
-6.251084000000000068e-05
-6.242515999999999712e-05
-6.234319999999999630e-05
-6.226123999999999548e-05
-6.218300999999999809e-05
-6.210104999999999727e-05
-6.202281999999999988e-05
-6.194459000000000250e-05
-6.186264000000000238e-05
-6.178068000000000155e-05
-6.169499999999999800e-05
-6.160559000000000456e-05
-6.151991000000000100e-05
-6.143795000000000018e-05
-6.135600000000000006e-05
-6.127777000000000267e-05
-6.120325999999999447e-05
-6.112874999999999982e-05
-6.105796999999999505e-05
-6.098323999999999856e-05
-6.090500000000000048e-05
-6.083049999999999975e-05
-6.074482000000000297e-05
-6.066286000000000215e-05
-6.057345000000000193e-05
-6.048776999999999838e-05
-6.039464000000000220e-05
-6.030523000000000198e-05
-6.021583000000000247e-05
-6.012268999999999882e-05
-6.003701000000000203e-05
-5.995132999999999848e-05
-5.987310000000000109e-05
-5.979114000000000027e-05
-5.970919000000000015e-05
-5.963095000000000206e-05
-5.955645000000000134e-05
-5.947821999999999717e-05
-5.940371000000000252e-05
-5.932547999999999836e-05
-5.924725000000000098e-05
-5.916901999999999681e-05
-5.909078999999999943e-05
-5.900882999999999861e-05
-5.892315000000000183e-05
-5.883746999999999827e-05
-5.875179000000000149e-05
-5.866983000000000067e-05
-5.859160000000000328e-05
-5.852081999999999851e-05
-5.844630999999999709e-05
-5.837181000000000314e-05
-5.830102999999999837e-05
-5.823769999999999978e-05
-5.817437000000000118e-05
-5.811475999999999854e-05
-5.805516000000000338e-05
-5.799555000000000075e-05
-5.793594999999999881e-05
-5.787262000000000021e-05
-5.780929000000000162e-05
-5.775341000000000242e-05
-5.769753000000000322e-05
-5.764909999999999664e-05
-5.761184999999999966e-05
-5.757459000000000199e-05
-5.754107000000000167e-05
-5.751125999999999661e-05
-5.748145999999999903e-05
-5.745538999999999811e-05
-5.743676000000000266e-05
-5.741440999999999770e-05
-5.738459999999999942e-05
-5.735852999999999850e-05
-5.732873000000000092e-05
-5.729519999999999991e-05
-5.726166999999999889e-05
-5.722442000000000191e-05
-5.718715999999999746e-05
-5.714618999999999775e-05
-5.710148000000000068e-05
-5.705677999999999754e-05
-5.700462000000000107e-05
-5.694875000000000257e-05
-5.688169000000000054e-05
-5.681463999999999921e-05
-5.673267999999999839e-05
-5.665071999999999756e-05
-5.656131999999999805e-05
-5.647190999999999783e-05
-5.638249999999999762e-05
-5.629308999999999740e-05
-5.620741000000000062e-05
-5.612546000000000050e-05
-5.604723000000000311e-05
-5.596898999999999825e-05
-5.589076000000000086e-05
-5.580881000000000074e-05
-5.572684999999999992e-05
-5.563743999999999970e-05
-5.554804000000000019e-05
-5.545118000000000058e-05
-5.535432000000000096e-05
-5.525373999999999862e-05
-5.515687999999999901e-05
-5.505629999999999666e-05
-5.496317000000000048e-05
-5.487002999999999683e-05
-5.478435000000000005e-05
-5.469493999999999983e-05
-5.460926000000000305e-05
-5.451985999999999676e-05
-5.442671999999999988e-05
-5.432987000000000097e-05
-5.423301000000000136e-05
-5.413242999999999901e-05
-5.403184000000000274e-05
-5.393870999999999979e-05
-5.384929999999999958e-05
-5.377479999999999885e-05
-5.370773999999999682e-05
-5.365559000000000105e-05
-5.361833999999999730e-05
-5.359226000000000246e-05
-5.357735999999999689e-05
-5.356990999999999749e-05
-5.356618000000000084e-05
-5.356618000000000084e-05
-5.356618000000000084e-05
-5.356618000000000084e-05
-5.355873000000000144e-05
-5.355128000000000205e-05
-5.353264999999999982e-05
-5.351030000000000164e-05
-5.348049999999999728e-05
-5.343580000000000091e-05
-5.338737000000000110e-05
-5.332404000000000251e-05
-5.325325999999999774e-05
-5.317503000000000035e-05
-5.308934000000000287e-05
-5.299994000000000336e-05
-5.290681000000000040e-05
-5.281366999999999675e-05
-5.271681999999999784e-05
-5.261995999999999823e-05
-5.252683000000000205e-05
-5.243368999999999840e-05
-5.234428999999999889e-05
-5.225487999999999867e-05
-5.217665000000000128e-05
-5.209469000000000046e-05
-5.202018999999999974e-05
-5.194567999999999831e-05
-5.187490000000000032e-05
-5.180784999999999899e-05
-5.173706000000000030e-05
-5.166255999999999957e-05
-5.158804999999999814e-05
-5.151354999999999742e-05
-5.144276999999999943e-05
-5.136825999999999800e-05
-5.129748000000000001e-05
-5.122296999999999858e-05
-5.114474000000000120e-05
-5.107396000000000321e-05
-5.099946000000000248e-05
-5.093240000000000045e-05
-5.086907000000000185e-05
-5.080946999999999992e-05
-5.075359000000000072e-05
-5.069771000000000151e-05
-5.063809999999999888e-05
-5.058595000000000311e-05
-5.053752000000000331e-05
-5.048537000000000077e-05
-5.043694000000000096e-05
-5.038477999999999772e-05
-5.033635999999999861e-05
-5.029165000000000154e-05
-5.024322000000000174e-05
-5.019851999999999859e-05
-5.016127000000000162e-05
-5.012029000000000121e-05
-5.007558999999999806e-05
-5.003833000000000038e-05
-4.999362999999999724e-05
-4.994519999999999743e-05
-4.990050000000000106e-05
-4.985207000000000126e-05
-4.980735999999999741e-05
-4.975521000000000164e-05
-4.971050999999999850e-05
-4.966207999999999869e-05
-4.961737000000000162e-05
-4.957266999999999848e-05
-4.953168999999999807e-05
-4.949816999999999775e-05
-4.946091000000000007e-05
-4.942366000000000310e-05
-4.939385999999999874e-05
-4.936032999999999773e-05
-4.933425000000000288e-05
-4.930444999999999853e-05
-4.927465000000000095e-05
-4.924485000000000337e-05
-4.921132000000000235e-05
-4.917779000000000134e-05
-4.914053999999999758e-05
-4.909583000000000051e-05
-4.905112999999999737e-05
-4.899898000000000160e-05
-4.894681999999999836e-05
-4.889838999999999856e-05
-4.884995999999999875e-05
-4.880526000000000238e-05
-4.877173000000000136e-05
-4.873821000000000105e-05
-4.870468000000000003e-05
-4.866743000000000306e-05
-4.863390000000000204e-05
-4.860037000000000103e-05
-4.857056999999999667e-05
-4.854449000000000183e-05
-4.851468999999999747e-05
-4.848488999999999989e-05
-4.845508000000000161e-05
-4.842156000000000129e-05
-4.839175000000000301e-05
-4.834704999999999987e-05
-4.829862000000000006e-05
-4.824646999999999752e-05
-4.818686000000000166e-05
-4.811607999999999689e-05
-4.804158000000000294e-05
-4.796707000000000152e-05
-4.788883999999999735e-05
-4.781433000000000270e-05
-4.774354999999999794e-05
-4.767276999999999995e-05
-4.760199000000000196e-05
-4.753494000000000062e-05
-4.746416000000000263e-05
-4.739337999999999787e-05
-4.732632000000000261e-05
-4.725927000000000128e-05
-4.719220999999999925e-05
-4.712515999999999792e-05
-4.705810000000000266e-05
-4.698731999999999789e-05
-4.691653999999999990e-05
-4.684947999999999787e-05
-4.678243000000000332e-05
-4.671909999999999795e-05
-4.665204000000000269e-05
-4.658870999999999732e-05
-4.652537999999999872e-05
-4.646949999999999952e-05
-4.640989999999999759e-05
-4.635775000000000182e-05
-4.629813999999999918e-05
-4.623853999999999725e-05
-4.617520999999999865e-05
-4.611932999999999945e-05
-4.605600000000000086e-05
-4.599638999999999822e-05
-4.593305999999999962e-05
-4.587345999999999769e-05
-4.581385000000000183e-05
-4.576169999999999929e-05
-4.571326999999999948e-05
-4.566483999999999967e-05
-4.561268999999999713e-05
-4.556053000000000067e-05
-4.550465000000000147e-05
-4.544504999999999953e-05
-4.539289999999999699e-05
-4.534446999999999718e-05
-4.529231000000000072e-05
-4.524388000000000091e-05
-4.519172999999999837e-05
-4.514329999999999857e-05
-4.509486999999999876e-05
-4.504643999999999895e-05
-4.500174000000000258e-05
-4.495703999999999944e-05
-4.490860999999999963e-05
-4.486390000000000256e-05
-4.481547999999999668e-05
-4.477076999999999961e-05
-4.471861999999999707e-05
-4.467018999999999726e-05
-4.462175999999999746e-05
-4.457706000000000109e-05
-4.452863000000000128e-05
-4.448391999999999743e-05
-4.443549999999999833e-05
-4.439824000000000065e-05
-4.435353999999999751e-05
-4.430510999999999770e-05
-4.426041000000000133e-05
-4.420824999999999809e-05
-4.415236999999999889e-05
-4.409276999999999695e-05
-4.403688999999999775e-05
-4.397728000000000189e-05
-4.391767999999999996e-05
-4.385435000000000136e-05
-4.379102000000000276e-05
-4.373142000000000083e-05
-4.367180999999999819e-05
-4.361592999999999899e-05
-4.356749999999999919e-05
-4.351534999999999664e-05
-4.347437000000000301e-05
-4.342594000000000320e-05
-4.338496000000000279e-05
-4.333653000000000299e-05
-4.329182999999999984e-05
-4.323967999999999730e-05
-4.319497000000000023e-05
-4.314655000000000112e-05
-4.310183999999999728e-05
-4.305714000000000091e-05
-4.301242999999999706e-05
-4.297145999999999735e-05
-4.292675000000000028e-05
-4.288576999999999987e-05
-4.284852000000000289e-05
-4.280754000000000248e-05
-4.276657000000000277e-05
-4.272559000000000236e-05
-4.268832999999999791e-05
-4.265853000000000033e-05
-4.262873000000000275e-05
-4.260265000000000113e-05
-4.257284999999999677e-05
-4.254677000000000193e-05
-4.251325000000000161e-05
-4.247598999999999716e-05
-4.243500999999999675e-05
-4.237913999999999825e-05
-4.231580999999999965e-05
-4.225248000000000106e-05
-4.218541999999999903e-05
-4.212209000000000043e-05
-4.205503999999999910e-05
-4.199543000000000324e-05
-4.193583000000000130e-05
-4.187995000000000210e-05
-4.182407000000000290e-05
-4.177190999999999966e-05
-4.171975999999999712e-05
-4.166760000000000066e-05
-4.161173000000000215e-05
-4.155585000000000295e-05
-4.149624000000000032e-05
-4.143291000000000172e-05
-4.136958000000000313e-05
-4.130253000000000179e-05
-4.123174999999999703e-05
-4.116841999999999843e-05
-4.110136000000000318e-05
-4.103057999999999841e-05
-4.095606999999999698e-05
-4.088528999999999899e-05
-4.081451000000000100e-05
-4.074373000000000301e-05
-4.067294999999999824e-05
-4.059844999999999752e-05
-4.053139000000000226e-05
-4.046060999999999749e-05
-4.039727999999999890e-05
-4.033395000000000030e-05
-4.027434999999999837e-05
-4.021474000000000251e-05
-4.015886000000000331e-05
-4.011042999999999672e-05
-4.006199999999999692e-05
-4.001730000000000055e-05
-3.997632000000000014e-05
-3.993533999999999973e-05
-3.989809000000000275e-05
-3.985711000000000234e-05
-3.981985999999999859e-05
-3.977887999999999818e-05
-3.974163000000000120e-05
-3.969692999999999806e-05
-3.965594999999999765e-05
-3.961496999999999724e-05
-3.957398999999999683e-05
-3.953301000000000319e-05
-3.949203999999999670e-05
-3.945477999999999903e-05
-3.941753000000000205e-05
-3.938027999999999830e-05
-3.935047000000000002e-05
-3.932067000000000244e-05
-3.929086999999999809e-05
-3.926479000000000324e-05
-3.923872000000000232e-05
-3.920890999999999726e-05
-3.918284000000000312e-05
-3.916047999999999746e-05
-3.913441000000000331e-05
-3.910833000000000169e-05
-3.908225000000000007e-05
-3.906735000000000128e-05
-3.905617999999999915e-05
-3.904872999999999976e-05
-3.904872999999999976e-05
-3.904872999999999976e-05
-3.904500000000000310e-05
-3.903754999999999693e-05
-3.902637000000000087e-05
-3.901519999999999874e-05
-3.899657000000000329e-05
-3.897421999999999833e-05
-3.895187000000000015e-05
-3.892952000000000196e-05
-3.891088999999999974e-05
-3.888854000000000155e-05
-3.886245999999999993e-05
-3.883266000000000235e-05
-3.879540999999999860e-05
-3.875070000000000153e-05
-3.870227000000000172e-05
-3.865756999999999858e-05
-3.861287000000000221e-05
-3.857189000000000180e-05
-3.853091000000000138e-05
-3.849365999999999763e-05
-3.844522999999999783e-05
-3.840053000000000146e-05
-3.834465000000000226e-05
-3.828877000000000306e-05
-3.822543999999999768e-05
-3.816583000000000182e-05
-3.810250000000000323e-05
-3.804290000000000129e-05
-3.798328999999999866e-05
-3.792740999999999945e-05
-3.787525999999999691e-05
-3.783800999999999994e-05
-3.780075000000000226e-05
-3.777094999999999791e-05
-3.774115000000000033e-05
-3.771135000000000275e-05
-3.768527000000000113e-05
-3.765546999999999677e-05
-3.762939000000000193e-05
-3.760703999999999696e-05
-3.757723999999999938e-05
-3.754743000000000110e-05
-3.751391000000000079e-05
-3.747293000000000038e-05
-3.743194999999999997e-05
-3.737979999999999743e-05
-3.732764000000000096e-05
-3.727548999999999842e-05
-3.721960999999999922e-05
-3.716745000000000275e-05
-3.711156999999999678e-05
-3.705197000000000162e-05
-3.698864000000000302e-05
-3.692530999999999765e-05
-3.686942999999999845e-05
-3.680983000000000329e-05
-3.675767000000000005e-05
-3.670924000000000024e-05
-3.666827000000000053e-05
-3.662355999999999668e-05
-3.657886000000000031e-05
-3.653415000000000324e-05
-3.648572999999999736e-05
-3.642984999999999816e-05
-3.637396999999999896e-05
-3.631064000000000036e-05
-3.625102999999999773e-05
-3.618769999999999913e-05
-3.611692000000000114e-05
-3.604614000000000315e-05
-3.597164000000000242e-05
-3.588968000000000160e-05
-3.580399999999999805e-05
-3.571832000000000126e-05
-3.562891000000000105e-05
-3.553950000000000083e-05
-3.545010000000000132e-05
-3.535695999999999766e-05
-3.526010999999999875e-05
-3.515207000000000309e-05
-3.503659000000000195e-05
-3.490992999999999798e-05
-3.477208999999999796e-05
-3.461935999999999985e-05
-3.445917000000000164e-05
-3.429897999999999666e-05
-3.413878999999999845e-05
-3.397861000000000094e-05
-3.382587000000000213e-05
-3.368430999999999937e-05
-3.354646999999999935e-05
-3.341236000000000276e-05
-3.327824999999999940e-05
-3.314042000000000008e-05
-3.300258000000000006e-05
-3.286474000000000003e-05
-3.272691000000000071e-05
-3.258907000000000069e-05
-3.245869000000000076e-05
-3.232830000000000014e-05
-3.219792000000000021e-05
-3.206752999999999958e-05
-3.194087000000000239e-05
-3.181420999999999842e-05
-3.168010000000000184e-05
-3.154227000000000251e-05
-3.139698000000000310e-05
-3.124797000000000094e-05
-3.109895999999999879e-05
-3.094621999999999998e-05
-3.080465999999999722e-05
-3.066310000000000124e-05
-3.052898999999999788e-05
-3.038731000000000028e-05
-3.024575000000000091e-05
-3.010419000000000154e-05
-2.995889999999999873e-05
-2.980988999999999997e-05
-2.966088000000000120e-05
-2.951558999999999840e-05
-2.937402999999999903e-05
-2.923246999999999966e-05
-2.909462999999999963e-05
-2.894935000000000092e-05
-2.881151000000000090e-05
-2.866995000000000153e-05
-2.853584000000000155e-05
-2.840173000000000158e-05
-2.827507000000000100e-05
-2.814841000000000042e-05
-2.802547999999999988e-05
-2.790253999999999865e-05
-2.778706000000000090e-05
-2.767156999999999907e-05
-2.755981000000000067e-05
-2.745177999999999892e-05
-2.734375000000000057e-05
-2.723571000000000152e-05
-2.712396000000000043e-05
-2.700846999999999859e-05
-2.688926000000000079e-05
-2.676260000000000021e-05
-2.662477000000000089e-05
-2.647948000000000147e-05
-2.632673999999999927e-05
-2.617028000000000111e-05
-2.601381999999999957e-05
-2.585736000000000141e-05
-2.569716999999999981e-05
-2.553325999999999887e-05
-2.536934000000000061e-05
-2.520915999999999972e-05
-2.505642000000000091e-05
-2.490740999999999875e-05
-2.476584999999999938e-05
-2.462429000000000001e-05
-2.449389999999999939e-05
-2.436723999999999881e-05
-2.424431000000000166e-05
-2.413254999999999987e-05
-2.401706000000000142e-05
-2.390902999999999968e-05
-2.379727000000000128e-05
-2.368923999999999954e-05
-2.358864999999999988e-05
-2.348435000000000157e-05
-2.337630999999999913e-05
-2.327573000000000017e-05
-2.317515000000000121e-05
-2.307083999999999882e-05
-2.297025999999999986e-05
-2.286595000000000085e-05
-2.276536999999999851e-05
-2.266105999999999950e-05
-2.255675000000000049e-05
-2.245244000000000149e-05
-2.233696000000000035e-05
-2.222892000000000130e-05
-2.210599000000000076e-05
-2.198304999999999953e-05
-2.185266999999999960e-05
-2.172227999999999898e-05
-2.158444999999999965e-05
-2.143916000000000024e-05
-2.129388000000000152e-05
-2.114858999999999871e-05
-2.099584999999999990e-05
-2.084684000000000114e-05
-2.069782999999999898e-05
-2.054882000000000022e-05
-2.039981000000000146e-05
-2.025824999999999870e-05
-2.011295999999999928e-05
-1.997511999999999926e-05
-1.983355999999999989e-05
-1.969573000000000057e-05
-1.955417000000000120e-05
-1.942005000000000052e-05
-1.928594000000000055e-05
-1.915556000000000062e-05
-1.902516999999999999e-05
-1.889850999999999941e-05
-1.876812999999999949e-05
-1.864519000000000164e-05
-1.852226000000000111e-05
-1.839933000000000058e-05
-1.828011999999999939e-05
-1.815718000000000155e-05
-1.803797000000000037e-05
-1.791875999999999918e-05
-1.779582999999999865e-05
-1.766917000000000146e-05
-1.754251000000000088e-05
-1.741585000000000030e-05
-1.728545999999999967e-05
-1.715134999999999970e-05
-1.701352000000000037e-05
-1.687941000000000040e-05
-1.674530000000000042e-05
-1.660746000000000040e-05
-1.646962000000000038e-05
-1.634295999999999980e-05
-1.621630999999999992e-05
-1.609709999999999874e-05
-1.597789000000000094e-05
-1.586239999999999910e-05
-1.574319000000000131e-05
-1.562398000000000012e-05
-1.550476999999999894e-05
-1.538183999999999840e-05
-1.525512000000000040e-05
-1.513218999999999987e-05
-1.501298000000000038e-05
-1.489376999999999920e-05
-1.478201000000000080e-05
-1.467025000000000070e-05
-1.456222000000000065e-05
-1.445417999999999990e-05
-1.434614999999999986e-05
-1.423811999999999981e-05
-1.413008000000000075e-05
-1.402205000000000071e-05
-1.391402000000000066e-05
-1.380597999999999991e-05
-1.369794999999999986e-05
-1.358618999999999977e-05
-1.347815999999999972e-05
-1.336639999999999962e-05
-1.325463999999999953e-05
-1.314287999999999943e-05
-1.303111999999999934e-05
-1.291935999999999924e-05
-1.280760999999999984e-05
-1.269957000000000079e-05
-1.258781000000000070e-05
-1.247978000000000065e-05
-1.237175000000000060e-05
-1.226370999999999985e-05
-1.216312999999999920e-05
-1.205882000000000019e-05
-1.195079000000000014e-05
-1.184647999999999944e-05
-1.174961999999999983e-05
-1.164531999999999983e-05
-1.154846000000000022e-05
-1.144787999999999957e-05
-1.134728999999999991e-05
-1.125043000000000030e-05
-1.115730000000000073e-05
-1.106789999999999952e-05
-1.097848999999999930e-05
-1.089653000000000018e-05
-1.081085000000000001e-05
-1.073634000000000028e-05
-1.065810999999999950e-05
-1.058361000000000047e-05
-1.051283000000000079e-05
-1.044577000000000045e-05
-1.037872000000000081e-05
-1.031539000000000052e-05
-1.025577999999999958e-05
-1.019990000000000038e-05
-1.014030000000000014e-05
-1.008441999999999924e-05
-1.002854000000000004e-05
-9.968934999999999448e-06
-9.905604999999999158e-06
-9.834824999999999473e-06
-9.764044000000000396e-06
-9.693264000000000711e-06
-9.622482999999999940e-06
-9.547976999999999471e-06
-9.477196999999999786e-06
-9.410141999999999799e-06
-9.339361000000000722e-06
-9.268579999999999950e-06
-9.197800000000000265e-06
-9.123293999999999797e-06
-9.056238999999999809e-06
-8.985458000000000732e-06
-8.914677999999999353e-06
-8.847622999999999366e-06
-8.780566999999999986e-06
-8.717238000000000783e-06
-8.657633000000000191e-06
-8.598027999999999598e-06
-8.542148999999999790e-06
-8.482543999999999198e-06
-8.426664999999999389e-06
-8.370785999999999581e-06
-8.318631000000000078e-06
-8.266476999999999967e-06
-8.210598000000000158e-06
-8.162168999999999745e-06
-8.110014999999999634e-06
-8.054135999999999826e-06
-8.001981999999999715e-06
-7.949827999999999604e-06
-7.893948000000000403e-06
-7.849245000000000774e-06
-7.804541000000000058e-06
-7.759838000000000429e-06
-7.726309999999999892e-06
-7.689056999999999657e-06
-7.648078999999999725e-06
-7.610797000000000173e-06
-7.577269999999999875e-06
-7.540016999999999641e-06
-7.506488999999999951e-06
-7.476687000000000198e-06
-7.450610000000000143e-06
-7.424533000000000087e-06
-7.398456000000000032e-06
-7.379829000000000219e-06
-7.361202999999999798e-06
-7.342575999999999984e-06
-7.323950000000000410e-06
-7.312774000000000231e-06
-7.301598000000000052e-06
-7.290421999999999873e-06
-7.286697000000000176e-06
-7.279245999999999694e-06
-7.268070000000000362e-06
-7.260620000000000120e-06
-7.253168999999999639e-06
-7.249443999999999941e-06
-7.249443999999999941e-06
-7.245719000000000244e-06
-7.245719000000000244e-06
-7.245719000000000244e-06
-7.241993000000000307e-06
-7.238267999999999762e-06
-7.234543000000000065e-06
-7.227091999999999584e-06
-7.223366999999999886e-06
-7.215916000000000252e-06
-7.204741000000000312e-06
-7.197289999999999831e-06
-7.189839000000000196e-06
-7.186113999999999652e-06
-7.186113999999999652e-06
-7.182388999999999954e-06
-7.174938000000000320e-06
-7.171212999999999775e-06
-7.163762000000000141e-06
-7.160036999999999596e-06
-7.156311999999999899e-06
-7.152585999999999962e-06
-7.152585999999999962e-06
-7.152585999999999962e-06
-7.160036999999999596e-06
-7.163762000000000141e-06
-7.174938000000000320e-06
-7.189839000000000196e-06
-7.197289999999999831e-06
-7.204741000000000312e-06
-7.212190999999999707e-06
-7.215916000000000252e-06
-7.212190999999999707e-06
-7.208466000000000010e-06
-7.197289999999999831e-06
-7.189839000000000196e-06
-7.182388999999999954e-06
-7.178664000000000257e-06
-7.178664000000000257e-06
-7.182388999999999954e-06
-7.186113999999999652e-06
-7.193565000000000133e-06
-7.201015000000000375e-06
-7.201015000000000375e-06
-7.201015000000000375e-06
-7.197289999999999831e-06
-7.189839000000000196e-06
-7.189839000000000196e-06
-7.186113999999999652e-06
-7.178664000000000257e-06
-7.174938000000000320e-06
-7.171212999999999775e-06
-7.171212999999999775e-06
-7.171212999999999775e-06
-7.174938000000000320e-06
-7.182388999999999954e-06
-7.189839000000000196e-06
-7.201015000000000375e-06
-7.208466000000000010e-06
-7.215916000000000252e-06
-7.223366999999999886e-06
-7.223366999999999886e-06
-7.227091999999999584e-06
-7.227091999999999584e-06
-7.230818000000000367e-06
-7.230818000000000367e-06
-7.230818000000000367e-06
-7.230818000000000367e-06
-7.230818000000000367e-06
-7.230818000000000367e-06
-7.227091999999999584e-06
-7.227091999999999584e-06
-7.223366999999999886e-06
-7.223366999999999886e-06
-7.223366999999999886e-06
-7.223366999999999886e-06
-7.223366999999999886e-06
-7.227091999999999584e-06
-7.238267999999999762e-06
-7.249443999999999941e-06
-7.256895000000000423e-06
-7.271796000000000299e-06
-7.282971999999999631e-06
-7.286697000000000176e-06
-7.294147999999999810e-06
-7.297873000000000355e-06
-7.301598000000000052e-06
-7.297873000000000355e-06
-7.290421999999999873e-06
-7.286697000000000176e-06
-7.271796000000000299e-06
-7.256895000000000423e-06
-7.238267999999999762e-06
-7.219642000000000188e-06
-7.197289999999999831e-06
-7.174938000000000320e-06
-7.156311999999999899e-06
-7.133960000000000388e-06
-7.115333999999999967e-06
-7.100431999999999851e-06
-7.092981999999999609e-06
-7.089256999999999911e-06
-7.092981999999999609e-06
-7.096707000000000153e-06
-7.107883000000000332e-06
-7.115333999999999967e-06
-7.126508999999999906e-06
-7.126508999999999906e-06
-7.126508999999999906e-06
-7.126508999999999906e-06
-7.115333999999999967e-06
-7.100431999999999851e-06
-7.085530999999999974e-06
-7.066905000000000400e-06
-7.052003999999999677e-06
-7.033376999999999864e-06
-7.022200999999999685e-06
-7.007299999999999808e-06
-6.999850000000000413e-06
-6.992398999999999932e-06
-6.988674000000000234e-06
-6.984948000000000297e-06
-6.984948000000000297e-06
-6.988674000000000234e-06
-6.984948000000000297e-06
-6.984948000000000297e-06
-6.977498000000000055e-06
-6.970047000000000421e-06
-6.966321999999999876e-06
-6.951421000000000000e-06
-6.940244999999999821e-06
-6.932794000000000186e-06
-6.925343999999999944e-06
-6.925343999999999944e-06
-6.929068999999999642e-06
-6.936520000000000123e-06
-6.943970000000000365e-06
-6.955145999999999697e-06
-6.970047000000000421e-06
-6.977498000000000055e-06
-6.988674000000000234e-06
-6.999850000000000413e-06
-6.999850000000000413e-06
-6.999850000000000413e-06
-6.996123999999999629e-06
-6.984948000000000297e-06
-6.973773000000000358e-06
-6.962597000000000179e-06
-6.951421000000000000e-06
-6.936520000000000123e-06
-6.925343999999999944e-06
-6.910443000000000068e-06
-6.899266999999999889e-06
-6.888090999999999710e-06
-6.876915000000000378e-06
-6.873189999999999833e-06
-6.865739000000000199e-06
-6.865739000000000199e-06
-6.865739000000000199e-06
-6.869463999999999897e-06
-6.873189999999999833e-06
-6.884366000000000012e-06
-6.899266999999999889e-06
-6.910443000000000068e-06
-6.925343999999999944e-06
-6.932794000000000186e-06
-6.936520000000000123e-06
-6.940244999999999821e-06
-6.940244999999999821e-06
-6.940244999999999821e-06
-6.940244999999999821e-06
-6.943970000000000365e-06
-6.947696000000000302e-06
-6.951421000000000000e-06
-6.955145999999999697e-06
-6.958871000000000242e-06
-6.955145999999999697e-06
-6.951421000000000000e-06
-6.940244999999999821e-06
-6.932794000000000186e-06
-6.917893000000000310e-06
-6.906717000000000131e-06
-6.891816000000000255e-06
-6.880640000000000076e-06
-6.873189999999999833e-06
-6.869463999999999897e-06
-6.865739000000000199e-06
-6.862013999999999655e-06
-6.862013999999999655e-06
-6.865739000000000199e-06
-6.869463999999999897e-06
-6.869463999999999897e-06
-6.873189999999999833e-06
-6.873189999999999833e-06
-6.873189999999999833e-06
-6.873189999999999833e-06
-6.873189999999999833e-06
-6.873189999999999833e-06
-6.873189999999999833e-06
-6.873189999999999833e-06
-6.869463999999999897e-06
-6.865739000000000199e-06
-6.865739000000000199e-06
-6.862013999999999655e-06
-6.858288999999999957e-06
-6.854563000000000020e-06
-6.850838000000000323e-06
-6.847112999999999778e-06
-6.843386999999999841e-06
-6.843386999999999841e-06
-6.843386999999999841e-06
-6.843386999999999841e-06
-6.843386999999999841e-06
-6.839662000000000144e-06
-6.839662000000000144e-06
-6.839662000000000144e-06
-6.839662000000000144e-06
-6.839662000000000144e-06
-6.839662000000000144e-06
-6.839662000000000144e-06
-6.835936999999999599e-06
-6.832211999999999902e-06
-6.828485999999999965e-06
-6.821035999999999723e-06
-6.817309999999999786e-06
-6.813585000000000088e-06
-6.813585000000000088e-06
-6.809860000000000391e-06
-6.809860000000000391e-06
-6.802408999999999909e-06
-6.794958999999999667e-06
-6.787508000000000033e-06
-6.780057000000000398e-06
-6.780057000000000398e-06
-6.780057000000000398e-06
-6.780057000000000398e-06
-6.780057000000000398e-06
-6.783783000000000335e-06
-6.791232999999999730e-06
-6.798684000000000212e-06
-6.802408999999999909e-06
-6.809860000000000391e-06
-6.809860000000000391e-06
-6.809860000000000391e-06
-6.809860000000000391e-06
-6.806133999999999607e-06
-6.802408999999999909e-06
-6.802408999999999909e-06
-6.798684000000000212e-06
-6.791232999999999730e-06
-6.783783000000000335e-06
-6.772607000000000156e-06
-6.757706000000000280e-06
-6.742805000000000403e-06
-6.720453000000000045e-06
-6.701826000000000232e-06
-6.683199999999999811e-06
-6.664572999999999998e-06
-6.653398000000000058e-06
-6.645946999999999577e-06
-6.642221999999999879e-06
-6.645946999999999577e-06
-6.653398000000000058e-06
-6.657122999999999756e-06
-6.668298999999999935e-06
-6.675749000000000177e-06
-6.683199999999999811e-06
-6.686925000000000356e-06
-6.698100999999999688e-06
-6.709276999999999867e-06
-6.716728000000000348e-06
-6.724177999999999743e-06
-6.735353999999999922e-06
-6.746530000000000101e-06
-6.750254999999999798e-06
-6.753980000000000343e-06
-6.753980000000000343e-06
-6.753980000000000343e-06
-6.746530000000000101e-06
-6.739078999999999619e-06
-6.731629000000000224e-06
-6.724177999999999743e-06
-6.716728000000000348e-06
-6.716728000000000348e-06
-6.713002000000000411e-06
-6.709276999999999867e-06
-6.709276999999999867e-06
-6.713002000000000411e-06
-6.716728000000000348e-06
-6.724177999999999743e-06
-6.739078999999999619e-06
-6.753980000000000343e-06
-6.776331999999999854e-06
-6.798684000000000212e-06
-6.817309999999999786e-06
-6.839662000000000144e-06
-6.858288999999999957e-06
-6.865739000000000199e-06
-6.873189999999999833e-06
-6.869463999999999897e-06
-6.858288999999999957e-06
-6.843386999999999841e-06
-6.824761000000000267e-06
-6.802408999999999909e-06
-6.772607000000000156e-06
-6.742805000000000403e-06
-6.709276999999999867e-06
-6.675749000000000177e-06
-6.642221999999999879e-06
-6.604968999999999645e-06
-6.578891999999999589e-06
-6.549088999999999597e-06
-6.526738000000000326e-06
-6.511836999999999602e-06
-6.496935000000000333e-06
-6.489485000000000091e-06
-6.482033999999999610e-06
-6.474584000000000215e-06
-6.474584000000000215e-06
-6.474584000000000215e-06
-6.485760000000000394e-06
-6.493209999999999789e-06
-6.500661000000000270e-06
-6.511836999999999602e-06
-6.523012000000000389e-06
-6.530463000000000023e-06
-6.541639000000000202e-06
-6.549088999999999597e-06
-6.556540000000000078e-06
-6.560264999999999776e-06
-6.563990999999999713e-06
-6.571440999999999955e-06
-6.578891999999999589e-06
-6.582617000000000134e-06
-6.586341999999999831e-06
-6.590067999999999768e-06
-6.590067999999999768e-06
-6.590067999999999768e-06
-6.590067999999999768e-06
-6.590067999999999768e-06
-6.590067999999999768e-06
-6.593793000000000313e-06
-6.593793000000000313e-06
-6.597518000000000010e-06
-6.601243999999999947e-06
-6.604968999999999645e-06
-6.612418999999999887e-06
-6.616144999999999824e-06
-6.616144999999999824e-06
-6.616144999999999824e-06
-6.616144999999999824e-06
-6.616144999999999824e-06
-6.616144999999999824e-06
-6.616144999999999824e-06
-6.612418999999999887e-06
-6.608694000000000189e-06
-6.604968999999999645e-06
-6.601243999999999947e-06
-6.597518000000000010e-06
-6.593793000000000313e-06
-6.593793000000000313e-06
-6.593793000000000313e-06
-6.593793000000000313e-06
-6.597518000000000010e-06
-6.593793000000000313e-06
-6.593793000000000313e-06
-6.590067999999999768e-06
-6.586341999999999831e-06
-6.582617000000000134e-06
-6.571440999999999955e-06
-6.560264999999999776e-06
-6.549088999999999597e-06
-6.537913999999999657e-06
-6.526738000000000326e-06
-6.515562000000000147e-06
-6.504385999999999968e-06
-6.496935000000000333e-06
-6.493209999999999789e-06
-6.493209999999999789e-06
-6.493209999999999789e-06
-6.493209999999999789e-06
-6.493209999999999789e-06
-6.493209999999999789e-06
-6.493209999999999789e-06
-6.493209999999999789e-06
-6.493209999999999789e-06
-6.496935000000000333e-06
-6.500661000000000270e-06
-6.504385999999999968e-06
-6.511836999999999602e-06
-6.519286999999999844e-06
-6.523012000000000389e-06
-6.526738000000000326e-06
-6.534187999999999721e-06
-6.541639000000000202e-06
-6.549088999999999597e-06
-6.556540000000000078e-06
-6.560264999999999776e-06
-6.567716000000000257e-06
-6.571440999999999955e-06
-6.571440999999999955e-06
-6.567716000000000257e-06
-6.560264999999999776e-06
-6.552815000000000381e-06
-6.541639000000000202e-06
-6.530463000000000023e-06
-6.523012000000000389e-06
-6.508110999999999665e-06
-6.500661000000000270e-06
-6.493209999999999789e-06
-6.493209999999999789e-06
-6.493209999999999789e-06
-6.500661000000000270e-06
-6.508110999999999665e-06
-6.519286999999999844e-06
-6.526738000000000326e-06
-6.537913999999999657e-06
-6.549088999999999597e-06
-6.556540000000000078e-06
-6.560264999999999776e-06
-6.567716000000000257e-06
-6.571440999999999955e-06
-6.575165999999999652e-06
-6.578891999999999589e-06
-6.582617000000000134e-06
-6.586341999999999831e-06
-6.590067999999999768e-06
-6.590067999999999768e-06
-6.593793000000000313e-06
-6.597518000000000010e-06
-6.604968999999999645e-06
-6.604968999999999645e-06
-6.604968999999999645e-06
-6.604968999999999645e-06
-6.604968999999999645e-06
-6.604968999999999645e-06
-6.601243999999999947e-06
-6.593793000000000313e-06
-6.593793000000000313e-06
-6.590067999999999768e-06
-6.586341999999999831e-06
-6.578891999999999589e-06
-6.575165999999999652e-06
-6.567716000000000257e-06
-6.563990999999999713e-06
-6.556540000000000078e-06
-6.556540000000000078e-06
-6.549088999999999597e-06
-6.549088999999999597e-06
-6.545363999999999900e-06
-6.537913999999999657e-06
-6.537913999999999657e-06
-6.534187999999999721e-06
-6.530463000000000023e-06
-6.526738000000000326e-06
-6.523012000000000389e-06
-6.515562000000000147e-06
-6.511836999999999602e-06
-6.504385999999999968e-06
-6.500661000000000270e-06
-6.493209999999999789e-06
-6.493209999999999789e-06
-6.493209999999999789e-06
-6.489485000000000091e-06
-6.485760000000000394e-06
-6.485760000000000394e-06
-6.482033999999999610e-06
-6.478308999999999912e-06
-6.478308999999999912e-06
-6.474584000000000215e-06
-6.474584000000000215e-06
-6.474584000000000215e-06
-6.474584000000000215e-06
-6.474584000000000215e-06
-6.470858000000000278e-06
-6.470858000000000278e-06
-6.470858000000000278e-06
-6.470858000000000278e-06
-6.467132999999999733e-06
-6.467132999999999733e-06
-6.467132999999999733e-06
-6.467132999999999733e-06
-6.467132999999999733e-06
-6.467132999999999733e-06
-6.467132999999999733e-06
-6.467132999999999733e-06
-6.470858000000000278e-06
-6.474584000000000215e-06
-6.478308999999999912e-06
-6.478308999999999912e-06
-6.482033999999999610e-06
-6.482033999999999610e-06
-6.485760000000000394e-06
-6.493209999999999789e-06
-6.493209999999999789e-06
-6.500661000000000270e-06
-6.504385999999999968e-06
-6.508110999999999665e-06
-6.508110999999999665e-06
-6.504385999999999968e-06
-6.500661000000000270e-06
-6.493209999999999789e-06
-6.485760000000000394e-06
-6.474584000000000215e-06
-6.463408000000000036e-06
-6.455957000000000401e-06
-6.448507000000000159e-06
-6.441055999999999678e-06
-6.433605000000000043e-06
-6.429880000000000346e-06
-6.429880000000000346e-06
-6.426154999999999801e-06
-6.422430000000000104e-06
-6.426154999999999801e-06
-6.426154999999999801e-06
-6.429880000000000346e-06
-6.429880000000000346e-06
-6.433605000000000043e-06
-6.433605000000000043e-06
-6.429880000000000346e-06
-6.429880000000000346e-06
-6.426154999999999801e-06
-6.418704000000000167e-06
-6.411253999999999925e-06
-6.403803000000000290e-06
-6.403803000000000290e-06
-6.403803000000000290e-06
-6.403803000000000290e-06
-6.407527999999999988e-06
-6.414978999999999622e-06
-6.422430000000000104e-06
-6.426154999999999801e-06
-6.429880000000000346e-06
-6.433605000000000043e-06
-6.437330999999999980e-06
-6.437330999999999980e-06
-6.441055999999999678e-06
-6.441055999999999678e-06
-6.444781000000000222e-06
-6.444781000000000222e-06
-6.444781000000000222e-06
-6.444781000000000222e-06
-6.444781000000000222e-06
-6.448507000000000159e-06
-6.448507000000000159e-06
-6.444781000000000222e-06
-6.441055999999999678e-06
-6.437330999999999980e-06
-6.429880000000000346e-06
-6.422430000000000104e-06
-6.414978999999999622e-06
-6.411253999999999925e-06
-6.407527999999999988e-06
-6.403803000000000290e-06
-6.403803000000000290e-06
-6.407527999999999988e-06
-6.411253999999999925e-06
-6.414978999999999622e-06
-6.414978999999999622e-06
-6.418704000000000167e-06
-6.418704000000000167e-06
