6.675749000000000177e-06
6.675749000000000177e-06
6.675749000000000177e-06
6.675749000000000177e-06
6.675749000000000177e-06
6.675749000000000177e-06
6.672023999999999632e-06
6.668298999999999935e-06
6.668298999999999935e-06
6.664572999999999998e-06
6.657122999999999756e-06
6.653398000000000058e-06
6.649672000000000121e-06
6.645946999999999577e-06
6.642221999999999879e-06
6.638495999999999942e-06
6.634771000000000245e-06
6.631045999999999700e-06
6.627321000000000003e-06
6.627321000000000003e-06
6.627321000000000003e-06
6.623595000000000066e-06
6.623595000000000066e-06
6.623595000000000066e-06
6.627321000000000003e-06
6.627321000000000003e-06
6.627321000000000003e-06
6.627321000000000003e-06
6.631045999999999700e-06
6.634771000000000245e-06
6.638495999999999942e-06
6.645946999999999577e-06
6.649672000000000121e-06
6.657122999999999756e-06
6.660848000000000300e-06
6.668298999999999935e-06
6.675749000000000177e-06
6.679475000000000114e-06
6.686925000000000356e-06
6.694375999999999990e-06
6.701826000000000232e-06
6.709276999999999867e-06
6.716728000000000348e-06
6.731629000000000224e-06
6.742805000000000403e-06
6.753980000000000343e-06
6.765155999999999675e-06
6.776331999999999854e-06
6.787508000000000033e-06
6.794958999999999667e-06
6.806133999999999607e-06
6.809860000000000391e-06
6.817309999999999786e-06
6.824761000000000267e-06
6.835936999999999599e-06
6.839662000000000144e-06
6.843386999999999841e-06
6.850838000000000323e-06
6.858288999999999957e-06
6.862013999999999655e-06
6.869463999999999897e-06
6.873189999999999833e-06
6.880640000000000076e-06
6.888090999999999710e-06
6.895540999999999952e-06
6.902991999999999586e-06
6.906717000000000131e-06
6.914167999999999765e-06
6.921618000000000007e-06
6.925343999999999944e-06
6.929068999999999642e-06
6.932794000000000186e-06
6.936520000000000123e-06
6.936520000000000123e-06
6.943970000000000365e-06
6.947696000000000302e-06
6.955145999999999697e-06
6.962597000000000179e-06
6.966321999999999876e-06
6.973773000000000358e-06
6.981222999999999753e-06
6.988674000000000234e-06
6.996123999999999629e-06
6.999850000000000413e-06
7.011025000000000353e-06
7.018475999999999987e-06
7.029652000000000166e-06
7.037102000000000408e-06
7.048277999999999740e-06
7.059453999999999919e-06
7.078080999999999732e-06
7.092981999999999609e-06
7.104157999999999788e-06
7.122784000000000209e-06
7.137685000000000085e-06
7.152585999999999962e-06
7.167488000000000078e-06
7.186113999999999652e-06
7.201015000000000375e-06
7.219642000000000188e-06
7.238267999999999762e-06
7.253168999999999639e-06
7.275520999999999997e-06
7.290421999999999873e-06
7.312774000000000231e-06
7.327675000000000108e-06
7.346301999999999921e-06
7.361202999999999798e-06
7.376103999999999674e-06
7.394730000000000095e-06
7.409632000000000211e-06
7.428257999999999785e-06
7.443158999999999661e-06
7.458060000000000385e-06
7.472961000000000261e-06
7.487863000000000377e-06
7.502764000000000254e-06
7.513939999999999586e-06
7.532566000000000007e-06
7.543742000000000186e-06
7.562367999999999760e-06
7.580995000000000420e-06
7.599620999999999994e-06
7.621973000000000352e-06
7.640629000000000330e-06
7.662979999999999602e-06
7.689056999999999657e-06
7.711409000000000015e-06
7.733761000000000373e-06
7.759838000000000429e-06
7.785915000000000484e-06
7.811992000000000540e-06
7.838069000000000595e-06
7.860420999999999259e-06
7.886497999999999314e-06
7.912574999999999370e-06
7.934926999999999728e-06
7.961003999999999783e-06
7.987080999999999838e-06
8.009432000000000804e-06
8.039234999999999949e-06
8.065312000000000005e-06
8.087662999999999276e-06
8.113739999999999332e-06
8.139818000000000473e-06
8.165895000000000529e-06
8.188245999999999800e-06
8.210598000000000158e-06
8.236675000000000214e-06
8.262752000000000269e-06
8.288829000000000325e-06
8.314906000000000380e-06
8.340983000000000435e-06
8.370785999999999581e-06
8.396862999999999636e-06
8.426664999999999389e-06
8.456467000000000836e-06
8.486269999999999981e-06
8.516071999999999734e-06
8.545873999999999487e-06
8.571950999999999543e-06
8.598027999999999598e-06
8.620379999999999956e-06
8.646457000000000012e-06
8.672534000000000067e-06
8.698611000000000122e-06
8.724688000000000178e-06
8.747040000000000536e-06
8.773117000000000591e-06
8.802919000000000344e-06
8.828996000000000400e-06
8.855073000000000455e-06
8.884875999999999600e-06
8.910952999999999656e-06
8.940754999999999409e-06
8.966831999999999464e-06
8.992908999999999520e-06
9.022710999999999272e-06
9.048787999999999328e-06
9.078591000000000167e-06
9.104668000000000223e-06
9.130745000000000278e-06
9.160547000000000031e-06
9.190348999999999784e-06
9.220152000000000623e-06
9.249954000000000376e-06
9.279756000000000129e-06
9.313284000000000666e-06
9.343086000000000419e-06
9.372888999999999564e-06
9.402690999999999317e-06
9.432493000000000764e-06
9.462295999999999910e-06
9.492097999999999663e-06
9.521899999999999415e-06
9.547976999999999471e-06
9.577780000000000310e-06
9.603857000000000366e-06
9.633659000000000119e-06
9.663460999999999872e-06
9.689537999999999927e-06
9.719341000000000766e-06
9.749143000000000519e-06
9.778945000000000272e-06
9.805022000000000328e-06
9.834824999999999473e-06
9.860901999999999528e-06
9.890703999999999281e-06
9.916780999999999337e-06
9.946583000000000784e-06
9.972660000000000839e-06
1.000619000000000016e-05
1.003225999999999939e-05
1.006206999999999936e-05
1.008814000000000028e-05
1.011049999999999917e-05
1.013657000000000009e-05
1.016265000000000001e-05
1.019244999999999929e-05
1.021852999999999922e-05
1.024088000000000079e-05
1.026696000000000072e-05
1.028931000000000059e-05
1.031539000000000052e-05
1.034145999999999975e-05
1.036382000000000033e-05
1.038988999999999955e-05
1.041596999999999948e-05
1.043831999999999936e-05
1.046439999999999929e-05
1.048674999999999916e-05
1.051283000000000079e-05
1.053890000000000001e-05
1.056497999999999994e-05
1.058732999999999982e-05
1.060967999999999970e-05
1.063948999999999967e-05
1.066556000000000059e-05
1.068791999999999948e-05
1.071399000000000040e-05
1.074007000000000032e-05
1.076615000000000025e-05
1.079221999999999948e-05
1.081829999999999940e-05
1.084064999999999928e-05
1.086299999999999916e-05
1.088908000000000078e-05
1.091143000000000066e-05
1.093751000000000059e-05
1.095986000000000047e-05
1.098594000000000039e-05
1.100829000000000027e-05
1.103064000000000015e-05
1.105672000000000008e-05
1.108280000000000001e-05
1.110886999999999923e-05
1.113494999999999916e-05
1.115730000000000073e-05
1.118338000000000066e-05
1.120946000000000059e-05
1.123552999999999981e-05
1.125789000000000039e-05
1.128395999999999962e-05
1.130630999999999950e-05
1.133611999999999947e-05
1.135846999999999935e-05
1.138081999999999923e-05
1.140317000000000080e-05
1.142925000000000073e-05
1.145533000000000066e-05
1.147768000000000053e-05
1.150003000000000041e-05
1.152611000000000034e-05
1.154846000000000022e-05
1.157081000000000010e-05
1.159315999999999998e-05
1.161923999999999990e-05
1.163787000000000044e-05
1.166022000000000031e-05
1.168257000000000019e-05
1.170865000000000012e-05
1.173100000000000000e-05
1.175334999999999988e-05
1.177942999999999981e-05
1.179804999999999964e-05
1.182039999999999952e-05
1.184276000000000010e-05
1.186510999999999997e-05
1.188745999999999985e-05
1.190609000000000038e-05
1.193215999999999961e-05
1.195450999999999949e-05
1.197687000000000007e-05
1.199921999999999995e-05
1.202529999999999988e-05
1.204764999999999975e-05
1.206999999999999963e-05
1.209607999999999956e-05
1.211842999999999944e-05
1.214077999999999932e-05
1.216312999999999920e-05
1.218921000000000082e-05
1.221156000000000070e-05
1.223391000000000058e-05
1.225253999999999941e-05
1.227861999999999934e-05
1.229723999999999917e-05
1.231586999999999970e-05
1.233821999999999958e-05
1.235685000000000011e-05
1.237546999999999995e-05
1.239410000000000048e-05
1.241272999999999932e-05
1.243507999999999919e-05
1.244997999999999968e-05
1.247232999999999956e-05
1.249096000000000009e-05
1.250957999999999992e-05
1.253192999999999980e-05
1.255056000000000033e-05
1.256918999999999917e-05
1.258781000000000070e-05
1.260643999999999953e-05
1.262878999999999941e-05
1.264741999999999994e-05
1.266605000000000047e-05
1.268094999999999926e-05
1.269584999999999975e-05
1.271446999999999958e-05
1.272938000000000076e-05
1.274427999999999955e-05
1.275918000000000004e-05
1.277408000000000052e-05
1.278897999999999931e-05
1.280387999999999980e-05
1.281878000000000028e-05
1.283368000000000077e-05
1.284857999999999956e-05
1.286349000000000074e-05
1.287838999999999953e-05
1.289329000000000001e-05
1.290819000000000050e-05
1.292308999999999929e-05
1.293798999999999977e-05
1.295289000000000026e-05
1.296779000000000074e-05
1.298268999999999953e-05
1.299387000000000067e-05
1.300876999999999946e-05
1.301995000000000059e-05
1.303857000000000042e-05
1.304974999999999987e-05
1.306465000000000035e-05
1.307955000000000084e-05
1.309817999999999967e-05
1.311308000000000016e-05
1.313171000000000069e-05
1.314660999999999948e-05
1.316150999999999996e-05
1.317641000000000045e-05
1.319503999999999928e-05
1.320993999999999977e-05
1.323228999999999965e-05
1.324719000000000013e-05
1.326582000000000066e-05
1.328817000000000054e-05
1.330679999999999938e-05
1.332914999999999926e-05
1.334777000000000078e-05
1.336639999999999962e-05
1.338874999999999950e-05
1.340738000000000003e-05
1.342599999999999986e-05
1.344463000000000040e-05
1.346325999999999923e-05
1.348561000000000081e-05
1.350423999999999964e-05
1.352285999999999948e-05
1.354893999999999940e-05
1.356756999999999993e-05
1.358618999999999977e-05
1.361226999999999969e-05
1.363090000000000022e-05
1.364952000000000006e-05
1.367186999999999993e-05
1.369050000000000047e-05
1.370912999999999930e-05
1.372775000000000083e-05
1.374637999999999967e-05
1.376872999999999955e-05
1.378736000000000008e-05
1.380597999999999991e-05
1.383205999999999984e-05
1.385440999999999972e-05
1.387304000000000025e-05
1.389912000000000017e-05
1.392147000000000005e-05
1.394008999999999988e-05
1.396245000000000046e-05
1.398480000000000034e-05
1.400342000000000017e-05
1.402578000000000075e-05
1.404440000000000058e-05
1.406675000000000046e-05
1.408910999999999935e-05
1.411145999999999923e-05
1.413381000000000080e-05
1.415616000000000068e-05
1.418224000000000061e-05
1.420832000000000053e-05
1.423067000000000041e-05
1.425673999999999964e-05
1.427910000000000022e-05
1.430889999999999949e-05
1.433124999999999937e-05
1.435359999999999925e-05
1.437595000000000082e-05
1.439830999999999971e-05
1.442065999999999959e-05
1.444300999999999947e-05
1.446908999999999939e-05
1.449143999999999927e-05
1.451751000000000019e-05
1.453987000000000077e-05
1.456594000000000000e-05
1.459574999999999997e-05
1.462181999999999920e-05
1.464790000000000082e-05
1.467025000000000070e-05
1.469633000000000063e-05
1.472241000000000055e-05
1.474476000000000043e-05
1.477082999999999966e-05
1.479690999999999959e-05
1.481925999999999946e-05
1.484906999999999944e-05
1.487514000000000036e-05
1.489749000000000024e-05
1.491985000000000082e-05
1.494592000000000004e-05
1.497199999999999997e-05
1.499434999999999985e-05
1.502042999999999978e-05
1.504277999999999966e-05
1.506885999999999958e-05
1.509493000000000050e-05
1.511728999999999939e-05
1.514336000000000031e-05
1.516944000000000023e-05
1.519552000000000016e-05
1.521787000000000004e-05
1.524394999999999997e-05
1.527008000000000000e-05
1.529616000000000162e-05
1.532595999999999920e-05
1.535576000000000017e-05
1.538556999999999845e-05
1.541163999999999937e-05
1.544144000000000034e-05
1.546751999999999857e-05
1.549731999999999954e-05
1.552340000000000116e-05
1.555319999999999874e-05
1.557928000000000036e-05
1.560908000000000133e-05
1.563888999999999961e-05
1.566496000000000053e-05
1.569103999999999876e-05
1.571712000000000039e-05
1.573946999999999857e-05
1.576926999999999954e-05
1.579162000000000111e-05
1.581396999999999930e-05
1.583633000000000157e-05
1.586239999999999910e-05
1.588848000000000072e-05
1.591455999999999896e-05
1.593691000000000053e-05
1.596298999999999876e-05
1.598905999999999968e-05
1.601886000000000065e-05
1.604121999999999954e-05
1.606729000000000046e-05
1.609336999999999869e-05
1.611945000000000031e-05
1.614925000000000128e-05
1.617532999999999951e-05
1.619768000000000108e-05
1.622375999999999932e-05
1.624611000000000089e-05
1.627590999999999847e-05
1.629826000000000004e-05
1.632434000000000166e-05
1.635041999999999990e-05
1.637277000000000147e-05
1.640256999999999905e-05
1.642492000000000062e-05
1.645099999999999885e-05
1.647335000000000043e-05
1.649942999999999866e-05
1.652549999999999958e-05
1.654785999999999847e-05
1.657392999999999939e-05
1.660001000000000101e-05
1.662608999999999924e-05
1.665216000000000016e-05
1.667823999999999839e-05
1.670058999999999997e-05
1.672294000000000154e-05
1.674901999999999977e-05
1.677510000000000139e-05
1.679744999999999958e-05
1.682353000000000120e-05
1.684587999999999938e-05
1.687196000000000100e-05
1.689802999999999854e-05
1.692038000000000011e-05
1.694645999999999834e-05
1.697253999999999996e-05
1.699489000000000154e-05
1.701723999999999972e-05
1.703586999999999856e-05
1.705822000000000013e-05
1.707311999999999892e-05
1.709547000000000050e-05
1.711409999999999933e-05
1.712900000000000151e-05
1.715134999999999970e-05
1.716624999999999849e-05
1.718861000000000076e-05
1.720722999999999890e-05
1.722586000000000112e-05
1.724820999999999931e-05
1.726684000000000153e-05
1.728918999999999972e-05
1.731154000000000129e-05
1.733017000000000013e-05
1.735251999999999831e-05
1.737486999999999989e-05
1.739349999999999872e-05
1.741585000000000030e-05
1.743819999999999848e-05
1.745683000000000071e-05
1.747917999999999889e-05
1.749780000000000042e-05
1.751642999999999926e-05
1.753878000000000083e-05
1.755367999999999962e-05
1.757603999999999850e-05
1.759839000000000008e-05
1.761701000000000160e-05
1.763564000000000044e-05
1.766171999999999867e-05
1.768034000000000020e-05
1.770269999999999908e-05
1.772877000000000001e-05
1.775112000000000158e-05
1.776975000000000042e-05
1.779582999999999865e-05
1.781818000000000022e-05
1.784052999999999841e-05
1.785916000000000063e-05
1.788523999999999886e-05
1.790386000000000039e-05
1.792620999999999858e-05
1.795229000000000020e-05
1.797091999999999903e-05
1.799327000000000061e-05
1.801561999999999879e-05
1.803797000000000037e-05
1.806031999999999855e-05
1.808268000000000082e-05
1.810502999999999901e-05
1.813109999999999993e-05
1.815345999999999881e-05
1.817581000000000039e-05
1.820188000000000131e-05
1.822424000000000019e-05
1.825031000000000111e-05
1.826893999999999995e-05
1.829502000000000157e-05
1.831363999999999971e-05
1.833599999999999859e-05
1.835835000000000017e-05
1.838069999999999835e-05
1.839933000000000058e-05
1.842167999999999876e-05
1.844030000000000029e-05
1.846265999999999917e-05
1.848501000000000075e-05
1.850362999999999888e-05
1.852599000000000116e-05
1.854833999999999934e-05
1.857069000000000092e-05
1.858931999999999975e-05
1.861539000000000067e-05
1.863401999999999951e-05
1.865264000000000104e-05
1.867499999999999992e-05
1.869362000000000145e-05
1.871225000000000029e-05
1.873459999999999847e-05
1.875323000000000070e-05
1.877557999999999888e-05
1.879421000000000111e-05
1.881282999999999924e-05
1.883891000000000087e-05
1.885753999999999970e-05
1.887989000000000128e-05
1.890223999999999946e-05
1.893204000000000043e-05
1.895438999999999861e-05
1.898047000000000024e-05
1.901027000000000120e-05
1.903634999999999944e-05
1.906615000000000040e-05
1.909595000000000137e-05
1.912575999999999965e-05
1.915556000000000062e-05
1.918536000000000159e-05
1.921515999999999917e-05
1.924124000000000079e-05
1.927103999999999837e-05
1.929711999999999999e-05
1.932320000000000161e-05
1.934926999999999914e-05
1.937908000000000081e-05
1.940514999999999834e-05
1.942751000000000062e-05
1.945358000000000154e-05
1.947965999999999977e-05
1.950574000000000139e-05
1.953180999999999892e-05
1.955789000000000054e-05
1.958396999999999878e-05
1.961003999999999970e-05
1.963612000000000132e-05
1.966219999999999955e-05
1.969200000000000052e-05
1.972180000000000149e-05
1.974787999999999972e-05
1.977768000000000069e-05
1.980748000000000166e-05
1.983728999999999994e-05
1.986336000000000086e-05
1.988943999999999909e-05
1.991552000000000071e-05
1.994159999999999894e-05
1.996766999999999986e-05
1.999002000000000144e-05
2.001238000000000032e-05
2.003472999999999851e-05
2.005708000000000008e-05
2.007570999999999892e-05
2.009806000000000049e-05
2.012040999999999868e-05
2.014276000000000025e-05
2.016510999999999843e-05
2.019119000000000005e-05
2.021354000000000163e-05
2.023961999999999986e-05
2.026570000000000148e-05
2.029176999999999901e-05
2.031785000000000063e-05
2.034019999999999882e-05
2.036628000000000044e-05
2.039235999999999867e-05
2.041842999999999959e-05
2.044451000000000121e-05
2.047058999999999945e-05
2.049294000000000102e-05
2.051901999999999925e-05
2.054137000000000083e-05
2.056371999999999901e-05
2.058607000000000058e-05
2.060841999999999877e-05
2.063077000000000034e-05
2.064939999999999918e-05
2.067548000000000080e-05
2.069409999999999894e-05
2.071646000000000121e-05
2.073880999999999940e-05
2.076116000000000097e-05
2.078350999999999915e-05
2.080959000000000077e-05
2.083566999999999901e-05
2.086173999999999993e-05
2.088782000000000155e-05
2.091389999999999978e-05
2.093625000000000135e-05
2.096231999999999889e-05
2.098468000000000116e-05
2.100702999999999934e-05
2.102938000000000092e-05
2.105545999999999915e-05
2.107781000000000072e-05
2.109643999999999956e-05
2.112251000000000048e-05
2.114858999999999871e-05
2.117094000000000029e-05
2.119328999999999847e-05
2.121564000000000005e-05
2.124172000000000167e-05
2.126406999999999985e-05
2.128642999999999874e-05
2.130878000000000031e-05
2.133112999999999849e-05
2.135348000000000007e-05
2.137210999999999891e-05
2.139817999999999983e-05
2.142053999999999871e-05
2.143916000000000024e-05
2.146523999999999847e-05
2.148387000000000070e-05
2.150248999999999883e-05
2.152857000000000045e-05
2.154719999999999929e-05
2.156582000000000082e-05
2.159189999999999905e-05
2.161053000000000127e-05
2.162914999999999941e-05
2.165523000000000103e-05
2.167385999999999987e-05
2.169621000000000144e-05
2.172227999999999898e-05
2.174464000000000125e-05
2.176698999999999943e-05
2.178934000000000101e-05
2.181541999999999924e-05
2.184149000000000016e-05
2.186384999999999905e-05
2.188620000000000062e-05
2.191227000000000154e-05
2.194207999999999982e-05
2.196443000000000139e-05
2.198677999999999958e-05
2.200913000000000115e-05
2.203892999999999873e-05
2.206129000000000100e-05
2.208363999999999919e-05
2.210599000000000076e-05
2.213206999999999900e-05
2.215442000000000057e-05
2.217676999999999875e-05
2.219912000000000033e-05
2.222146999999999851e-05
2.224382000000000009e-05
2.226617999999999897e-05
2.228853000000000054e-05
2.230714999999999868e-05
2.232578000000000091e-05
2.234440999999999974e-05
2.236303000000000127e-05
2.238166000000000011e-05
2.239655999999999890e-05
2.241146000000000108e-05
2.242635999999999987e-05
2.244871999999999875e-05
2.246362000000000093e-05
2.248223999999999907e-05
2.250460000000000134e-05
2.251950000000000013e-05
2.254557000000000105e-05
2.256419999999999989e-05
2.258655000000000146e-05
2.260889999999999965e-05
2.263498000000000127e-05
2.265732999999999945e-05
2.267968000000000102e-05
2.270203999999999991e-05
2.272439000000000148e-05
2.274673999999999967e-05
2.276909000000000124e-05
2.279516999999999947e-05
2.281379000000000100e-05
2.283986999999999923e-05
2.286222000000000081e-05
2.288829999999999904e-05
2.291065000000000061e-05
2.293299999999999880e-05
2.295908000000000042e-05
2.298142999999999860e-05
2.300751000000000022e-05
2.302613999999999906e-05
2.305220999999999998e-05
2.307829000000000160e-05
2.310063999999999979e-05
2.312672000000000141e-05
2.315279999999999964e-05
2.317887000000000056e-05
2.320494999999999879e-05
2.322730000000000037e-05
2.324964999999999855e-05
2.327573000000000017e-05
2.329807999999999836e-05
2.332415999999999998e-05
2.334651000000000155e-05
2.336885999999999974e-05
2.339866000000000070e-05
2.342101999999999959e-05
2.344709000000000051e-05
2.346944999999999939e-05
2.349552000000000032e-05
2.351786999999999850e-05
2.353650000000000073e-05
2.355884999999999891e-05
2.358493000000000053e-05
2.360355999999999937e-05
2.362218000000000089e-05
2.364452999999999908e-05
2.366316000000000131e-05
2.368550999999999949e-05
2.370413999999999833e-05
2.372277000000000055e-05
2.374884000000000147e-05
2.377118999999999966e-05
2.379354999999999854e-05
2.381590000000000012e-05
2.384197000000000104e-05
2.386432999999999992e-05
2.389040000000000084e-05
2.390902999999999968e-05
2.393883000000000065e-05
2.395745999999999949e-05
2.397981000000000106e-05
2.400215999999999925e-05
2.402451000000000082e-05
2.404313999999999966e-05
2.406549000000000123e-05
2.408783999999999941e-05
2.410647000000000164e-05
2.412881999999999983e-05
2.414744999999999866e-05
2.416607000000000019e-05
2.418842999999999907e-05
2.420705000000000060e-05
2.422939999999999878e-05
2.425548000000000040e-05
2.427782999999999859e-05
2.430391000000000021e-05
2.433371000000000118e-05
2.436350999999999876e-05
2.439703999999999977e-05
2.442684000000000074e-05
2.446036999999999837e-05
2.449016999999999934e-05
2.451998000000000101e-05
2.454977999999999859e-05
2.457957999999999955e-05
2.460938000000000052e-05
2.463918999999999880e-05
2.466898999999999977e-05
2.469879000000000074e-05
2.472486999999999897e-05
2.475095000000000059e-05
2.477702000000000151e-05
2.480309999999999975e-05
2.482545000000000132e-05
2.484779999999999950e-05
2.487015000000000108e-05
2.489250999999999996e-05
2.491858000000000088e-05
2.494092999999999907e-05
2.496329000000000134e-05
2.498563999999999953e-05
2.501172000000000115e-05
2.503778999999999868e-05
2.506014000000000025e-05
2.508621999999999849e-05
2.511230000000000011e-05
2.514210000000000107e-05
2.517189999999999865e-05
2.519798000000000027e-05
2.522405999999999851e-05
2.525012999999999943e-05
2.527621000000000105e-05
2.530228999999999928e-05
2.533209000000000025e-05
2.536189000000000122e-05
2.539169999999999950e-05
2.541777000000000042e-05
2.544384999999999865e-05
2.547364999999999962e-05
2.549973000000000124e-05
2.552580999999999947e-05
2.555561000000000044e-05
2.558168000000000136e-05
2.560404000000000025e-05
2.562265999999999838e-05
2.564874000000000000e-05
2.566736999999999884e-05
2.568599000000000037e-05
2.571206999999999860e-05
2.573070000000000083e-05
2.574931999999999896e-05
2.577540000000000058e-05
2.579774999999999877e-05
2.582010000000000034e-05
2.584245999999999923e-05
2.586853000000000015e-05
2.589087999999999833e-05
2.591695999999999995e-05
2.593931000000000153e-05
2.596538999999999976e-05
2.599147000000000138e-05
2.601753999999999891e-05
2.603990000000000119e-05
2.606596999999999872e-05
2.609205000000000034e-05
2.611439999999999852e-05
2.614048000000000014e-05
2.616282999999999833e-05
2.618890999999999995e-05
2.621498000000000087e-05
2.624478999999999915e-05
2.627086000000000007e-05
2.629694000000000169e-05
2.632673999999999927e-05
2.635655000000000094e-05
2.639007000000000126e-05
2.642359999999999888e-05
2.645712999999999990e-05
2.648693000000000087e-05
2.651300999999999910e-05
2.653908000000000002e-05
2.656516000000000164e-05
2.658379000000000048e-05
2.659868999999999927e-05
2.662104000000000084e-05
2.663966999999999968e-05
2.666202000000000125e-05
2.668065000000000009e-05
2.669927000000000162e-05
2.672161999999999980e-05
2.674024999999999864e-05
2.675888000000000086e-05
2.678122999999999905e-05
2.680358000000000062e-05
2.682592999999999881e-05
2.685201000000000043e-05
2.688554000000000144e-05
2.691533999999999902e-05
2.694142000000000065e-05
2.696749000000000157e-05
2.699356999999999980e-05
2.701592000000000137e-05
2.704199999999999960e-05
2.706435000000000118e-05
2.709042999999999941e-05
2.711278000000000098e-05
2.713885999999999922e-05
2.716121000000000079e-05
2.718355999999999897e-05
2.720219000000000120e-05
2.722453999999999938e-05
2.724316000000000091e-05
2.726178999999999975e-05
2.728041999999999859e-05
2.729904000000000011e-05
2.732511999999999834e-05
2.735119999999999996e-05
2.738100000000000093e-05
2.741079999999999851e-05
2.743688000000000013e-05
2.746668000000000110e-05
2.749275999999999933e-05
2.751511000000000091e-05
2.753373999999999974e-05
2.754863999999999853e-05
2.756726000000000006e-05
2.758216999999999955e-05
2.760452000000000112e-05
2.762686999999999931e-05
2.764922000000000088e-05
2.767901999999999846e-05
2.770883000000000013e-05
2.773863000000000110e-05
2.776470999999999933e-05
2.779078000000000025e-05
2.781312999999999844e-05
2.783549000000000071e-05
2.785410999999999885e-05
2.787274000000000107e-05
2.789135999999999921e-05
2.790626999999999870e-05
2.792117000000000088e-05
2.793233999999999962e-05
2.794723999999999841e-05
2.796215000000000129e-05
2.797705000000000008e-05
2.799194999999999887e-05
2.801057000000000040e-05
2.802547999999999988e-05
2.804410000000000141e-05
2.805900000000000020e-05
2.808134999999999839e-05
2.810371000000000066e-05
2.812232999999999880e-05
2.814841000000000042e-05
2.817075999999999860e-05
2.819684000000000022e-05
2.822291999999999846e-05
2.824898999999999938e-05
2.827880000000000104e-05
2.830859999999999862e-05
2.833466999999999955e-05
2.835702999999999843e-05
2.837938000000000000e-05
2.839800000000000153e-05
2.841663000000000037e-05
2.843525999999999920e-05
2.845388000000000073e-05
2.846877999999999952e-05
2.848740999999999836e-05
2.850231000000000054e-05
2.852465999999999872e-05
2.854329000000000095e-05
2.856191999999999978e-05
2.858427000000000136e-05
2.860290000000000019e-05
2.862524999999999838e-05
2.864386999999999991e-05
2.866249999999999874e-05
2.868113000000000097e-05
2.869602999999999976e-05
2.871465000000000128e-05
2.872583000000000073e-05
2.874445999999999956e-05
2.875935999999999835e-05
2.878170999999999993e-05
2.879660999999999872e-05
2.881524000000000094e-05
2.883013999999999973e-05
2.884876000000000126e-05
2.886739000000000010e-05
2.888228999999999889e-05
2.890464000000000046e-05
2.891954999999999995e-05
2.893817000000000148e-05
2.894935000000000092e-05
2.896796999999999906e-05
2.897914999999999850e-05
2.899405000000000068e-05
2.900523000000000012e-05
2.902385000000000164e-05
2.903875000000000043e-05
2.906110999999999932e-05
2.907973000000000084e-05
2.910207999999999903e-05
2.912071000000000126e-05
2.913934000000000009e-05
2.916541000000000101e-05
2.918403999999999985e-05
2.920639000000000142e-05
2.922873999999999961e-05
2.925855000000000128e-05
2.927716999999999942e-05
2.929952000000000099e-05
2.931814999999999983e-05
2.933304999999999862e-05
2.935540000000000019e-05
2.937402999999999903e-05
2.939638000000000060e-05
2.941872999999999879e-05
2.944481000000000041e-05
2.947088999999999864e-05
2.950068999999999961e-05
2.952677000000000123e-05
2.954911999999999941e-05
2.957147000000000099e-05
2.958636999999999978e-05
2.959754999999999922e-05
2.960872000000000135e-05
2.960872000000000135e-05
2.960872000000000135e-05
2.960872000000000135e-05
2.960872000000000135e-05
2.960872000000000135e-05
2.960872000000000135e-05
2.960872000000000135e-05
2.961990000000000079e-05
2.963852999999999963e-05
2.966833000000000060e-05
2.969813000000000156e-05
2.973537999999999854e-05
2.976519000000000021e-05
2.979871000000000052e-05
2.982851999999999880e-05
2.985458999999999972e-05
2.987694000000000130e-05
2.989185000000000079e-05
2.990674999999999958e-05
2.991419999999999897e-05
2.991419999999999897e-05
2.991791999999999832e-05
2.991791999999999832e-05
2.992537000000000110e-05
2.993655000000000055e-05
2.995517999999999938e-05
2.997008000000000156e-05
2.998869999999999970e-05
2.999987999999999914e-05
3.001105999999999858e-05
3.002223000000000071e-05
3.004085999999999955e-05
3.005203000000000168e-05
3.007437999999999987e-05
3.009300999999999871e-05
3.011909000000000033e-05
3.014516999999999856e-05
3.017868999999999887e-05
3.021966999999999929e-05
3.026809999999999909e-05
3.032025000000000163e-05
3.037986000000000088e-05
3.043201000000000003e-05
3.049161999999999928e-05
3.054388999999999667e-05
3.059232000000000325e-05
3.063701999999999962e-05
3.067800000000000003e-05
3.070779999999999761e-05
3.073015000000000257e-05
3.074877999999999802e-05
3.076741000000000024e-05
3.078230999999999903e-05
3.080837999999999996e-05
3.083446000000000158e-05
3.086425999999999916e-05
3.089779000000000017e-05
3.092387000000000179e-05
3.094249000000000332e-05
3.095740000000000281e-05
3.096856999999999816e-05
3.097230000000000160e-05
3.098346999999999695e-05
3.100209999999999918e-05
3.102444999999999736e-05
3.104680000000000232e-05
3.107659999999999991e-05
3.110268000000000153e-05
3.113247999999999911e-05
3.116601000000000012e-05
3.119580999999999770e-05
3.122562000000000276e-05
3.125914000000000307e-05
3.128895000000000135e-05
3.132619999999999833e-05
3.135972999999999934e-05
3.139324999999999966e-05
3.142305999999999794e-05
3.144541000000000290e-05
3.146776000000000109e-05
3.148265999999999988e-05
3.150129000000000210e-05
3.151245999999999746e-05
3.152364000000000029e-05
3.153853999999999908e-05
3.154972000000000191e-05
3.156833999999999666e-05
3.158696999999999888e-05
3.161305000000000050e-05
3.164657000000000082e-05
3.168382999999999849e-05
3.172480999999999890e-05
3.176206000000000266e-05
3.179558999999999690e-05
3.182539000000000125e-05
3.185518999999999883e-05
3.187382000000000106e-05
3.188871999999999985e-05
3.189616999999999924e-05
3.190361999999999864e-05
3.191479000000000077e-05
3.192225000000000086e-05
3.193714999999999965e-05
3.195577000000000118e-05
3.197811999999999936e-05
3.199675000000000159e-05
3.201909999999999978e-05
3.204518000000000140e-05
3.206380999999999684e-05
3.207871000000000241e-05
3.209361000000000120e-05
3.210850999999999999e-05
3.211969000000000282e-05
3.213085999999999818e-05
3.214204000000000101e-05
3.215693999999999980e-05
3.217557000000000202e-05
3.220164000000000294e-05
3.223144000000000052e-05
3.226869999999999820e-05
3.230595000000000195e-05
3.234693000000000236e-05
3.239162999999999873e-05
3.243634000000000258e-05
3.248476000000000168e-05
3.252201999999999936e-05
3.256672000000000250e-05
3.260396999999999948e-05
3.264122999999999715e-05
3.267848000000000091e-05
3.270827999999999849e-05
3.273808000000000284e-05
3.276789000000000112e-05
3.279396000000000204e-05
3.281632000000000093e-05
3.283866999999999911e-05
3.286474000000000003e-05
3.288337000000000226e-05
3.290199999999999771e-05
3.292435000000000267e-05
3.294670000000000086e-05
3.296533000000000308e-05
3.298768000000000127e-05
3.301002999999999945e-05
3.303237999999999764e-05
3.305473000000000260e-05
3.308080999999999744e-05
3.310688999999999906e-05
3.313295999999999998e-05
3.316276999999999826e-05
3.319257000000000262e-05
3.322609999999999686e-05
3.325961999999999717e-05
3.329314999999999819e-05
3.332667999999999921e-05
3.336021000000000022e-05
3.339374000000000124e-05
3.342726000000000155e-05
3.345706999999999983e-05
3.348686999999999741e-05
3.351667000000000177e-05
3.354646999999999935e-05
3.358000000000000037e-05
3.360979999999999795e-05
3.363960000000000230e-05
3.366567999999999715e-05
3.369548000000000150e-05
3.372528999999999978e-05
3.375508999999999736e-05
3.378861999999999838e-05
3.381468999999999930e-05
3.384077000000000092e-05
3.386311999999999910e-05
3.388920000000000073e-05
3.391528000000000235e-05
3.393763000000000053e-05
3.396370000000000145e-05
3.398978000000000307e-05
3.401585999999999792e-05
3.404193999999999954e-05
3.407173999999999712e-05
3.409780999999999804e-05
3.412388999999999966e-05
3.414997000000000128e-05
3.417231999999999946e-05
3.419840000000000109e-05
3.422447000000000201e-05
3.424683000000000089e-05
3.426917999999999908e-05
3.429526000000000070e-05
3.431388000000000222e-05
3.433995999999999707e-05
3.436231000000000203e-05
3.438838999999999687e-05
3.441445999999999779e-05
3.444053999999999941e-05
3.446662000000000103e-05
3.449641999999999861e-05
3.452622000000000297e-05
3.455603000000000125e-05
3.458210000000000217e-05
3.461189999999999975e-05
3.464170999999999803e-05
3.467522999999999835e-05
3.470503999999999663e-05
3.473855999999999694e-05
3.476837000000000200e-05
3.479816999999999958e-05
3.482425000000000120e-05
3.485032000000000212e-05
3.488013000000000040e-05
3.490620000000000132e-05
3.493600999999999960e-05
3.496208000000000052e-05
3.498816000000000214e-05
3.501051000000000033e-05
3.503285999999999851e-05
3.505520999999999670e-05
3.507012000000000296e-05
3.508873999999999771e-05
3.510736999999999994e-05
3.512600000000000216e-05
3.514835000000000035e-05
3.517069999999999854e-05
3.519678000000000016e-05
3.522285000000000108e-05
3.525638000000000209e-05
3.529736000000000250e-05
3.533460999999999948e-05
3.537186000000000323e-05
3.540167000000000151e-05
3.544264000000000122e-05
3.547989999999999890e-05
3.551342999999999991e-05
3.554695000000000023e-05
3.558048000000000124e-05
3.560656000000000286e-05
3.562891000000000105e-05
3.565499000000000267e-05
3.568479000000000025e-05
3.571832000000000126e-05
3.575184000000000158e-05
3.578164999999999986e-05
3.580027000000000139e-05
3.581889999999999684e-05
3.584497999999999846e-05
3.586359999999999998e-05
3.587849999999999877e-05
3.589713000000000100e-05
3.591576000000000322e-05
3.594182999999999737e-05
3.596790999999999899e-05
3.599025999999999717e-05
3.601261000000000213e-05
3.604614000000000315e-05
3.607966999999999739e-05
3.611319999999999841e-05
3.614671999999999872e-05
3.618769999999999913e-05
3.622495999999999681e-05
3.625476000000000116e-05
3.628455999999999874e-05
3.630690999999999693e-05
3.633298999999999855e-05
3.635907000000000017e-05
3.638514000000000109e-05
3.640003999999999988e-05
3.641122000000000271e-05
3.642984999999999816e-05
3.645220000000000312e-05
3.647827999999999797e-05
3.650808000000000232e-05
3.653787999999999990e-05
3.657141000000000092e-05
3.661239000000000133e-05
3.665708999999999770e-05
3.669806999999999811e-05
3.673532000000000186e-05
3.678001999999999823e-05
3.682099999999999864e-05
3.685826000000000309e-05
3.689177999999999663e-05
3.692530999999999765e-05
3.695883999999999866e-05
3.699236999999999968e-05
3.702589000000000000e-05
3.705942000000000101e-05
3.708921999999999859e-05
3.711902999999999687e-05
3.715254999999999719e-05
3.718607999999999820e-05
3.721960999999999922e-05
3.725314000000000023e-05
3.729410999999999994e-05
3.733509000000000036e-05
3.737607000000000077e-05
3.740586999999999835e-05
3.743567999999999663e-05
3.746174999999999755e-05
3.749155000000000190e-05
3.751762999999999675e-05
3.753253000000000231e-05
3.754743000000000110e-05
3.755488000000000050e-05
3.757351000000000272e-05
3.758841000000000151e-05
3.760703999999999696e-05
3.762194000000000253e-05
3.765174000000000011e-05
3.768153999999999769e-05
3.771506999999999871e-05
3.774487000000000306e-05
3.777839999999999730e-05
3.781565000000000105e-05
3.785290999999999873e-05
3.788643999999999974e-05
3.791996000000000006e-05
3.795721999999999773e-05
3.799447000000000149e-05
3.803171999999999846e-05
3.806524999999999948e-05
3.810250000000000323e-05
3.813975000000000020e-05
3.817328000000000122e-05
3.821053999999999889e-05
3.824779000000000265e-05
3.828131999999999688e-05
3.831112000000000124e-05
3.834091999999999882e-05
3.836700000000000044e-05
3.839679999999999802e-05
3.841915000000000298e-05
3.844150000000000117e-05
3.847130999999999945e-05
3.849365999999999763e-05
3.851601000000000259e-05
3.853836000000000078e-05
3.856444000000000240e-05
3.859051999999999724e-05
3.861658999999999817e-05
3.864639000000000252e-05
3.867620000000000080e-05
3.870599999999999838e-05
3.873952999999999940e-05
3.876932999999999698e-05
3.879168000000000194e-05
3.882147999999999952e-05
3.884382999999999770e-05
3.886245999999999993e-05
3.888109000000000216e-05
3.889225999999999751e-05
3.891088999999999974e-05
3.892207000000000257e-05
3.894442000000000075e-05
3.896304000000000228e-05
3.898911999999999712e-05
3.901519999999999874e-05
3.904500000000000310e-05
3.907480000000000068e-05
3.910833000000000169e-05
3.913441000000000331e-05
3.916047999999999746e-05
3.918284000000000312e-05
3.920890999999999726e-05
3.923498999999999889e-05
3.926107000000000051e-05
3.928341999999999869e-05
3.930950000000000031e-05
3.933929999999999789e-05
3.937282999999999891e-05
3.940634999999999922e-05
3.943988000000000024e-05
3.947712999999999721e-05
3.951439000000000167e-05
3.955163999999999864e-05
3.958144000000000300e-05
3.961870000000000067e-05
3.965222000000000099e-05
3.968575000000000200e-05
3.971554999999999958e-05
3.974535999999999786e-05
3.977142999999999878e-05
3.979751000000000040e-05
3.982359000000000203e-05
3.984220999999999678e-05
3.986456000000000174e-05
3.988318999999999719e-05
3.990181999999999941e-05
3.992416999999999760e-05
3.993907000000000316e-05
3.996142000000000135e-05
3.998004999999999680e-05
4.000240000000000176e-05
4.002474999999999994e-05
4.005454999999999752e-05
4.008062999999999914e-05
4.010671000000000076e-05
4.013650999999999834e-05
4.016631000000000270e-05
4.019612000000000098e-05
4.022219000000000190e-05
4.025198999999999948e-05
4.027807000000000110e-05
4.030415000000000272e-05
4.033022999999999757e-05
4.036003000000000192e-05
4.038982999999999950e-05
4.042336000000000052e-05
4.045689000000000154e-05
4.048668999999999912e-05
4.052022000000000013e-05
4.055374000000000045e-05
4.058727000000000146e-05
4.062080000000000248e-05
4.065432999999999672e-05
4.068784999999999703e-05
4.071766000000000209e-05
4.074745999999999967e-05
4.077725999999999725e-05
4.080333999999999887e-05
4.083314000000000323e-05
4.086294000000000081e-05
4.089273999999999839e-05
4.091882000000000001e-05
4.094861999999999759e-05
4.097469999999999921e-05
4.100449999999999679e-05
4.103431000000000184e-05
4.106410999999999942e-05
4.109390999999999700e-05
4.112743999999999802e-05
4.116096999999999904e-05
4.119448999999999935e-05
4.122802000000000037e-05
4.125781999999999795e-05
4.128389999999999957e-05
4.130998000000000119e-05
4.133232999999999937e-05
4.135467999999999756e-05
4.138075999999999918e-05
4.140310999999999736e-05
4.142546000000000233e-05
4.145525999999999991e-05
4.148134000000000153e-05
4.151487000000000254e-05
4.154467000000000012e-05
4.157446999999999770e-05
4.160054999999999932e-05
4.162663000000000094e-05
4.165270000000000187e-05
4.167877999999999671e-05
4.170485999999999833e-05
4.172721000000000329e-05
4.174956000000000148e-05
4.177190999999999966e-05
4.179799000000000128e-05
4.183152000000000230e-05
4.186131999999999988e-05
4.189485000000000089e-05
4.192838000000000191e-05
4.195817999999999949e-05
4.198797999999999707e-05
4.202150999999999808e-05
4.205131000000000244e-05
4.207738999999999729e-05
4.210345999999999821e-05
4.212581999999999709e-05
4.214817000000000205e-05
4.216307000000000084e-05
4.218169000000000237e-05
4.219660000000000186e-05
4.221150000000000065e-05
4.222639999999999944e-05
4.224129999999999823e-05
4.225619999999999702e-05
4.227482999999999924e-05
4.228600000000000138e-05
4.230462999999999682e-05
4.231953000000000239e-05
4.233815999999999784e-05
4.236051000000000280e-05
4.238286000000000099e-05
4.240894000000000261e-05
4.243874000000000019e-05
4.246853999999999777e-05
4.250580000000000222e-05
4.254677000000000193e-05
4.258775000000000234e-05
4.262873000000000275e-05
4.267342999999999912e-05
4.271814000000000297e-05
4.275911000000000268e-05
4.280009000000000309e-05
4.284106999999999672e-05
4.287459999999999774e-05
4.291185000000000149e-05
4.294164999999999907e-05
4.297145999999999735e-05
4.299381000000000231e-05
4.301616000000000050e-05
4.303850999999999868e-05
4.306459000000000030e-05
4.308693999999999849e-05
4.310928999999999667e-05
4.313164000000000163e-05
4.316144999999999991e-05
4.319124999999999749e-05
4.322477999999999851e-05
4.325458000000000287e-05
4.328810999999999710e-05
4.332536000000000086e-05
4.336260999999999783e-05
4.339986000000000158e-05
4.343711999999999926e-05
4.347065000000000027e-05
4.349672000000000119e-05
4.352280000000000281e-05
4.354515000000000100e-05
4.356749999999999919e-05
4.358613000000000141e-05
4.360475999999999686e-05
4.361592999999999899e-05
4.362711000000000182e-05
4.363456000000000122e-05
4.364573000000000335e-05
4.366064000000000284e-05
4.367180999999999819e-05
4.368299000000000102e-05
4.369788999999999981e-05
4.371278999999999860e-05
4.373142000000000083e-05
4.376121999999999841e-05
4.378728999999999933e-05
4.381709999999999761e-05
4.385061999999999792e-05
4.388414999999999894e-05
4.392140999999999661e-05
4.395866000000000037e-05
4.399590999999999734e-05
4.402943999999999836e-05
4.406296999999999937e-05
4.408904000000000029e-05
4.411139999999999918e-05
4.413747000000000010e-05
4.415236999999999889e-05
4.416726999999999768e-05
4.417845000000000051e-05
4.419708000000000274e-05
4.420824999999999809e-05
4.422314999999999688e-05
4.423432999999999971e-05
4.424922999999999850e-05
4.426412999999999729e-05
4.427157999999999669e-05
4.428648000000000225e-05
4.430139000000000174e-05
4.431629000000000053e-05
4.433118999999999932e-05
4.434608999999999811e-05
4.436470999999999964e-05
4.437961999999999913e-05
4.439824000000000065e-05
4.441687000000000288e-05
4.443922000000000106e-05
4.446156999999999925e-05
4.448765000000000087e-05
4.450999999999999906e-05
4.453234999999999724e-05
4.455842999999999886e-05
4.458823000000000322e-05
4.461803000000000080e-05
4.465156000000000181e-05
4.468881999999999949e-05
4.472607000000000324e-05
4.476332000000000021e-05
4.480430000000000063e-05
4.484154999999999760e-05
4.488626000000000145e-05
4.492723000000000116e-05
4.496821000000000157e-05
4.500174000000000258e-05
4.503526999999999682e-05
4.506133999999999774e-05
4.509115000000000280e-05
4.511721999999999694e-05
4.513958000000000261e-05
4.516938000000000019e-05
4.519545000000000111e-05
4.522153000000000273e-05
4.525133000000000031e-05
4.528113999999999859e-05
4.530348999999999677e-05
4.532584000000000173e-05
4.535192000000000335e-05
4.537798999999999750e-05
4.540035000000000316e-05
4.541896999999999791e-05
4.544132000000000287e-05
4.545994999999999832e-05
4.547484999999999711e-05
4.549347999999999934e-05
4.551210000000000086e-05
4.553073000000000309e-05
4.554563000000000188e-05
4.556425999999999733e-05
4.558287999999999885e-05
4.560523999999999774e-05
4.563130999999999866e-05
4.565739000000000028e-05
4.568718999999999786e-05
4.571326999999999948e-05
4.574306999999999706e-05
4.577287000000000142e-05
4.580267999999999970e-05
4.583247999999999728e-05
4.586228000000000163e-05
4.589207999999999921e-05
4.591816000000000083e-05
4.594795999999999841e-05
4.597776999999999669e-05
4.600757000000000105e-05
4.603365000000000267e-05
4.606345000000000025e-05
4.608952000000000117e-05
4.611932999999999945e-05
4.614540000000000037e-05
4.617148000000000199e-05
4.619755999999999684e-05
4.622362999999999776e-05
4.624970999999999938e-05
4.627205999999999756e-05
4.629813999999999918e-05
4.632422000000000080e-05
4.634656999999999899e-05
4.637265000000000061e-05
4.639499999999999880e-05
4.642108000000000042e-05
4.644715000000000134e-05
4.646949999999999952e-05
4.649185999999999841e-05
4.651792999999999933e-05
4.654773999999999761e-05
4.657009000000000257e-05
4.659615999999999671e-05
4.662223999999999833e-05
4.664831999999999995e-05
4.667811999999999753e-05
4.670419999999999916e-05
4.673027000000000008e-05
4.675262999999999896e-05
4.677869999999999988e-05
4.680478000000000150e-05
4.682712999999999969e-05
4.684947999999999787e-05
4.687183999999999676e-05
4.689790999999999768e-05
4.692026000000000264e-05
4.694262000000000152e-05
4.696496999999999971e-05
4.698731999999999789e-05
4.701339999999999952e-05
4.703574999999999770e-05
4.705810000000000266e-05
4.708790000000000024e-05
4.711398000000000186e-05
4.714005999999999671e-05
4.716612999999999763e-05
4.718849000000000329e-05
4.721455999999999743e-05
4.724063999999999905e-05
4.726672000000000067e-05
4.728906999999999886e-05
4.731513999999999978e-05
4.734122000000000140e-05
4.737475000000000242e-05
4.740082999999999726e-05
4.742689999999999818e-05
4.745297999999999980e-05
4.747906000000000142e-05
4.750885999999999900e-05
4.753494000000000062e-05
4.756473999999999820e-05
4.759081999999999982e-05
4.761689000000000075e-05
4.764669999999999903e-05
4.767650000000000338e-05
4.770630000000000096e-05
4.773983000000000198e-05
4.776962999999999956e-05
4.780316000000000057e-05
4.783669000000000159e-05
4.787021000000000190e-05
4.790374000000000292e-05
4.793726999999999716e-05
4.797079999999999818e-05
4.800060000000000253e-05
4.803040000000000011e-05
4.806019999999999769e-05
4.809001000000000275e-05
4.811981000000000033e-05
4.814588000000000125e-05
4.817196000000000287e-05
4.819803999999999771e-05
4.822039000000000268e-05
4.824274000000000086e-05
4.826137000000000309e-05
4.827627000000000188e-05
4.829117000000000067e-05
4.830606999999999946e-05
4.832096999999999825e-05
4.833586999999999704e-05
4.835449999999999926e-05
4.836939999999999805e-05
4.838803000000000028e-05
4.841411000000000190e-05
4.843272999999999665e-05
4.845508000000000161e-05
4.848116000000000323e-05
4.850723999999999807e-05
4.853330999999999899e-05
4.855939000000000062e-05
4.858547000000000224e-05
4.861526999999999982e-05
4.864135000000000144e-05
4.866743000000000306e-05
4.869349999999999720e-05
4.871585000000000216e-05
4.874192999999999701e-05
4.876800999999999863e-05
4.879781000000000298e-05
4.882388999999999783e-05
4.884995999999999875e-05
4.887604000000000037e-05
4.890212000000000199e-05
4.892819999999999684e-05
4.895426999999999776e-05
4.898034999999999938e-05
4.900643000000000100e-05
4.903250000000000192e-05
4.906231000000000020e-05
4.908838000000000112e-05
4.911446000000000274e-05
4.914426000000000032e-05
4.917034000000000194e-05
4.919641999999999678e-05
4.921877000000000175e-05
4.924111999999999993e-05
4.927091999999999751e-05
4.929327000000000247e-05
4.931563000000000136e-05
4.934170000000000228e-05
4.936777999999999712e-05
4.939758000000000148e-05
4.942366000000000310e-05
4.944973999999999794e-05
4.947954000000000230e-05
4.950561999999999714e-05
4.953542000000000150e-05
4.956149000000000242e-05
4.959130000000000070e-05
4.962109999999999828e-05
4.965462999999999930e-05
4.968442999999999688e-05
4.971423000000000123e-05
4.974402999999999881e-05
4.977383999999999709e-05
4.980364000000000145e-05
4.983343999999999903e-05
4.986324000000000339e-05
4.989676999999999763e-05
4.992657000000000198e-05
4.995638000000000026e-05
4.998990000000000058e-05
5.001598000000000220e-05
5.004951000000000321e-05
5.007931000000000079e-05
5.010910999999999837e-05
5.013891000000000273e-05
5.016498999999999758e-05
5.019479000000000193e-05
5.022460000000000021e-05
5.025439999999999779e-05
5.028047999999999941e-05
5.031027999999999699e-05
5.033635999999999861e-05
5.036616000000000297e-05
5.039596000000000055e-05
5.042575999999999813e-05
5.045556000000000249e-05
5.048537000000000077e-05
5.051516999999999835e-05
5.054497000000000270e-05
5.057477000000000028e-05
5.060830000000000130e-05
5.063809999999999888e-05
5.066790999999999716e-05
5.070142999999999747e-05
5.073495999999999849e-05
5.076476000000000285e-05
5.079828999999999709e-05
5.083181999999999810e-05
5.086534999999999912e-05
5.089886999999999943e-05
5.093240000000000045e-05
5.096593000000000146e-05
5.099572999999999904e-05
5.102552999999999662e-05
5.105534000000000168e-05
5.108513999999999926e-05
5.111122000000000088e-05
5.114101999999999846e-05
5.116710000000000008e-05
5.119317000000000100e-05
5.122296999999999858e-05
5.124905000000000020e-05
5.128258000000000122e-05
5.131237999999999880e-05
5.134218000000000316e-05
5.137570999999999740e-05
5.140923999999999841e-05
5.144276999999999943e-05
5.148002000000000318e-05
5.151354999999999742e-05
5.154706999999999773e-05
5.158433000000000218e-05
5.161412999999999976e-05
5.164766000000000078e-05
5.168119000000000180e-05
5.171098999999999938e-05
5.174078999999999696e-05
5.176686999999999858e-05
5.179667000000000293e-05
5.182274999999999778e-05
5.184881999999999870e-05
5.187490000000000032e-05
5.190098000000000194e-05
5.192705000000000286e-05
5.195312999999999770e-05
5.197920999999999932e-05
5.200529000000000095e-05
5.203136000000000187e-05
5.206115999999999945e-05
5.209096999999999773e-05
5.211703999999999865e-05
5.214312000000000027e-05
5.216920000000000189e-05
5.219527999999999673e-05
5.221763000000000169e-05
5.224742999999999927e-05
5.226606000000000150e-05
5.228840999999999968e-05
5.231448000000000061e-05
5.233683999999999949e-05
5.235918999999999768e-05
5.238526999999999930e-05
5.241134000000000022e-05
5.244113999999999780e-05
5.247095000000000285e-05
5.250075000000000043e-05
5.253054999999999801e-05
5.256407999999999903e-05
5.259388000000000339e-05
5.261995999999999823e-05
5.264976000000000259e-05
5.267583999999999743e-05
5.270190999999999835e-05
5.272798999999999997e-05
5.275778999999999755e-05
5.278760000000000261e-05
5.281740000000000019e-05
5.284348000000000181e-05
5.287327999999999939e-05
5.290307999999999697e-05
5.292915999999999859e-05
5.295522999999999951e-05
5.298131000000000113e-05
5.300739000000000275e-05
5.302974000000000094e-05
5.305582000000000256e-05
5.307817000000000074e-05
5.310425000000000236e-05
5.312286999999999711e-05
5.314522000000000207e-05
5.316758000000000096e-05
5.319365000000000188e-05
5.321600000000000007e-05
5.323835999999999895e-05
5.326442999999999987e-05
5.328678999999999876e-05
5.330913999999999694e-05
5.332775999999999847e-05
5.335384000000000009e-05
5.337618999999999827e-05
5.339854000000000323e-05
5.342090000000000212e-05
5.345069999999999970e-05
5.347304999999999788e-05
5.349540000000000285e-05
5.351775000000000103e-05
5.354383000000000265e-05
5.356618000000000084e-05
5.358852999999999902e-05
5.360716000000000125e-05
5.362578999999999670e-05
5.364440999999999822e-05
5.365930999999999701e-05
5.367422000000000328e-05
5.368538999999999863e-05
5.369657000000000146e-05
5.370773999999999682e-05
5.371891999999999965e-05
5.373009000000000178e-05
5.373755000000000187e-05
5.374500000000000127e-05
5.375616999999999662e-05
5.376362000000000279e-05
5.377107000000000219e-05
5.377479999999999885e-05
5.377479999999999885e-05
5.377852000000000158e-05
5.377852000000000158e-05
5.377852000000000158e-05
5.377479999999999885e-05
5.377479999999999885e-05
5.377107000000000219e-05
5.377107000000000219e-05
5.376734999999999945e-05
5.376362000000000279e-05
