5.559274000000000333e-05
5.559646999999999999e-05
5.560019000000000273e-05
5.560391999999999939e-05
5.560391999999999939e-05
5.560764000000000212e-05
5.560764000000000212e-05
5.560764000000000212e-05
5.560391999999999939e-05
5.560391999999999939e-05
5.560391999999999939e-05
5.560019000000000273e-05
5.559646999999999999e-05
5.559274000000000333e-05
5.558528999999999716e-05
5.557411000000000111e-05
5.556293999999999898e-05
5.554430999999999675e-05
5.552940999999999796e-05
5.551078000000000251e-05
5.548471000000000159e-05
5.546235000000000271e-05
5.543628000000000179e-05
5.541020000000000017e-05
5.537666999999999915e-05
5.534314999999999883e-05
5.530589000000000116e-05
5.526863999999999741e-05
5.522765999999999700e-05
5.519041000000000002e-05
5.514942999999999961e-05
5.510844999999999920e-05
5.506746999999999879e-05
5.502277000000000242e-05
5.497806999999999927e-05
5.493336000000000220e-05
5.488493000000000240e-05
5.483651000000000329e-05
5.478435000000000005e-05
5.473592000000000024e-05
5.468749000000000044e-05
5.463533999999999790e-05
5.458319000000000213e-05
5.453102999999999889e-05
5.447888000000000313e-05
5.442671999999999988e-05
5.437456999999999734e-05
5.432987000000000097e-05
5.428144000000000117e-05
5.424046000000000076e-05
5.419575999999999761e-05
5.415477999999999720e-05
5.411379999999999679e-05
5.407282000000000315e-05
5.403184000000000274e-05
5.399087000000000303e-05
5.394989000000000262e-05
5.390891000000000221e-05
5.386793000000000180e-05
5.383440000000000079e-05
5.379342000000000037e-05
5.375616999999999662e-05
5.371891999999999965e-05
5.368167000000000267e-05
5.364440999999999822e-05
5.361088999999999791e-05
5.356990999999999749e-05
5.352520000000000043e-05
5.348423000000000071e-05
5.343951999999999687e-05
5.339108999999999706e-05
5.335011999999999735e-05
5.330541000000000028e-05
5.326442999999999987e-05
5.321600000000000007e-05
5.317503000000000035e-05
5.313032000000000328e-05
5.308562000000000014e-05
5.303719000000000033e-05
5.298503999999999779e-05
5.293660999999999798e-05
5.288072999999999878e-05
5.282484999999999958e-05
5.277269999999999704e-05
5.272426999999999724e-05
5.266466000000000138e-05
5.260878000000000218e-05
5.255290000000000298e-05
5.249701999999999700e-05
5.243742000000000184e-05
5.237409000000000324e-05
5.231075999999999787e-05
5.224742999999999927e-05
5.218036999999999724e-05
5.210958999999999925e-05
5.203881000000000126e-05
5.197175999999999993e-05
5.190098000000000194e-05
5.183765000000000334e-05
5.176314000000000192e-05
5.169235999999999715e-05
5.161786000000000320e-05
5.154335000000000177e-05
5.146511999999999761e-05
5.139061000000000296e-05
5.131237999999999880e-05
5.123415000000000141e-05
5.115591999999999725e-05
5.107768999999999987e-05
5.100317999999999844e-05
5.092495000000000105e-05
5.084671999999999689e-05
5.076848999999999951e-05
5.069026000000000212e-05
5.060457999999999856e-05
5.052635000000000118e-05
5.044439000000000036e-05
5.036242999999999953e-05
5.028047999999999941e-05
5.020224000000000133e-05
5.012400999999999717e-05
5.004205999999999704e-05
4.996382999999999966e-05
4.988186999999999884e-05
4.979990999999999801e-05
4.971423000000000123e-05
4.962482000000000102e-05
4.953542000000000150e-05
4.944601000000000128e-05
4.935660000000000107e-05
4.926720000000000155e-05
4.917779000000000134e-05
4.909210999999999778e-05
4.900643000000000100e-05
4.892074999999999744e-05
4.883505999999999996e-05
4.875310999999999984e-05
4.866743000000000306e-05
4.857802000000000284e-05
4.849606000000000202e-05
4.840665000000000180e-05
4.832096999999999825e-05
4.822784000000000207e-05
4.813470999999999912e-05
4.804529999999999890e-05
4.795588999999999869e-05
4.786648999999999917e-05
4.777707999999999895e-05
4.769140000000000217e-05
4.759826999999999922e-05
4.751259000000000244e-05
4.742318000000000222e-05
4.733377000000000201e-05
4.724436000000000179e-05
4.715122999999999884e-05
4.705810000000000266e-05
4.696124000000000305e-05
4.686437999999999666e-05
4.676380000000000109e-05
4.666694000000000148e-05
4.657009000000000257e-05
4.647323000000000296e-05
4.637637000000000335e-05
4.628324000000000039e-05
4.618638000000000078e-05
4.609697000000000057e-05
4.600383999999999761e-05
4.591443999999999810e-05
4.582130000000000122e-05
4.572816999999999827e-05
4.563130999999999866e-05
4.553818000000000248e-05
4.544132000000000287e-05
4.534818999999999992e-05
4.525133000000000031e-05
4.515819999999999736e-05
4.506133999999999774e-05
4.496821000000000157e-05
4.487135000000000196e-05
4.477821999999999900e-05
4.468509000000000283e-05
4.459195999999999988e-05
4.450254999999999966e-05
4.440569000000000005e-05
4.431255999999999710e-05
4.421569999999999749e-05
4.411884999999999857e-05
4.401826000000000230e-05
4.392140999999999661e-05
4.382826999999999974e-05
4.373142000000000083e-05
4.363456000000000122e-05
4.354142999999999826e-05
4.344456999999999865e-05
4.335144000000000248e-05
4.325458000000000287e-05
4.316144999999999991e-05
4.306831000000000304e-05
4.297518000000000009e-05
4.288204999999999713e-05
4.278892000000000096e-05
4.269951000000000074e-05
4.260637999999999779e-05
4.251696999999999757e-05
4.242384000000000140e-05
4.233443000000000118e-05
4.224129999999999823e-05
4.215188999999999801e-05
4.206248999999999850e-05
4.197680000000000102e-05
4.188740000000000150e-05
4.179799000000000128e-05
4.170858000000000107e-05
4.162289999999999751e-05
4.153722000000000073e-05
4.145153999999999717e-05
4.136586000000000039e-05
4.128017000000000291e-05
4.119448999999999935e-05
4.110508999999999984e-05
4.101940000000000236e-05
4.093371999999999880e-05
4.084804000000000202e-05
4.076235999999999846e-05
4.067668000000000168e-05
4.059099999999999812e-05
4.050158999999999791e-05
4.041591000000000112e-05
4.033395000000000030e-05
4.024826999999999675e-05
4.016631000000000270e-05
4.008436000000000258e-05
3.999866999999999832e-05
3.992044000000000094e-05
3.983849000000000082e-05
3.975652999999999999e-05
3.967830000000000261e-05
3.960006999999999845e-05
3.951810999999999762e-05
3.943988000000000024e-05
3.936165000000000285e-05
3.928341999999999869e-05
3.920519000000000131e-05
3.913067999999999988e-05
3.905245000000000249e-05
3.897795000000000177e-05
3.890344000000000034e-05
3.882892999999999891e-05
3.875442999999999819e-05
3.867991999999999676e-05
3.860913999999999877e-05
3.853836000000000078e-05
3.846386000000000005e-05
3.839307000000000136e-05
3.832229000000000337e-05
3.825150999999999860e-05
3.818073000000000061e-05
3.810622999999999989e-05
3.803545000000000190e-05
3.796838999999999987e-05
3.790133999999999853e-05
3.783056000000000054e-05
3.776349999999999851e-05
3.769272000000000052e-05
3.762565999999999849e-05
3.755488000000000050e-05
3.749155000000000190e-05
3.742822000000000331e-05
3.736117000000000198e-05
3.729784000000000338e-05
3.723450999999999801e-05
3.717117999999999941e-05
3.710785000000000082e-05
3.704452000000000222e-05
3.698118999999999685e-05
3.691785999999999825e-05
3.685826000000000309e-05
3.679492999999999772e-05
3.673159999999999913e-05
3.667199000000000327e-05
3.661239000000000133e-05
3.655651000000000213e-05
3.650063000000000293e-05
3.644474999999999695e-05
3.638886999999999775e-05
3.633671000000000128e-05
3.628829000000000218e-05
3.623986000000000237e-05
3.619514999999999853e-05
3.614671999999999872e-05
3.609829999999999962e-05
3.605359000000000255e-05
3.600516000000000274e-05
3.596419000000000303e-05
3.591947999999999918e-05
3.587849999999999877e-05
3.583380000000000240e-05
3.578909999999999926e-05
3.574811999999999884e-05
3.570342000000000247e-05
3.565870999999999863e-05
3.562146000000000165e-05
3.558048000000000124e-05
3.554322999999999749e-05
3.550596999999999982e-05
3.546872000000000284e-05
3.543519000000000183e-05
3.540167000000000151e-05
3.537186000000000323e-05
3.534579000000000231e-05
3.531971000000000069e-05
3.529362999999999907e-05
3.527128000000000088e-05
3.524519999999999926e-05
3.521912999999999834e-05
3.519678000000000016e-05
3.517442000000000127e-05
3.515207000000000309e-05
3.512971999999999812e-05
3.511481999999999933e-05
3.509247000000000115e-05
3.507757000000000236e-05
3.505520999999999670e-05
3.503659000000000195e-05
3.501795999999999972e-05
3.499561000000000154e-05
3.497697999999999931e-05
3.495835999999999779e-05
3.493973000000000234e-05
3.492482999999999677e-05
3.490620000000000132e-05
3.489502999999999919e-05
3.488013000000000040e-05
3.486522000000000091e-05
3.485777000000000152e-05
3.484659999999999939e-05
3.483542000000000333e-05
3.483170000000000060e-05
3.482425000000000120e-05
3.481680000000000180e-05
3.481306999999999837e-05
3.480561999999999897e-05
3.480189000000000232e-05
3.479444000000000292e-05
3.478698999999999675e-05
3.477953999999999735e-05
3.476837000000000200e-05
3.476463999999999856e-05
3.475718999999999917e-05
3.474973999999999977e-05
3.473855999999999694e-05
3.473484000000000098e-05
3.472365999999999815e-05
3.471620999999999876e-05
3.470503999999999663e-05
3.469386000000000057e-05
3.468268999999999844e-05
3.467151000000000239e-05
3.465660999999999682e-05
3.464170999999999803e-05
3.462680999999999924e-05
3.461563000000000319e-05
3.460072999999999762e-05
3.458582999999999883e-05
3.457093000000000004e-05
3.455229999999999782e-05
3.453367000000000237e-05
3.450760000000000145e-05
3.448525000000000326e-05
3.445543999999999820e-05
3.442936999999999728e-05
3.440329000000000244e-05
3.437348999999999808e-05
3.434741000000000324e-05
3.432133000000000162e-05
3.429152999999999726e-05
3.426172999999999968e-05
3.423193000000000210e-05
3.419840000000000109e-05
3.416859999999999673e-05
3.413507000000000249e-05
3.409409000000000208e-05
3.405311000000000167e-05
3.401213000000000126e-05
3.397116000000000155e-05
3.392644999999999770e-05
3.388546999999999729e-05
3.384449999999999758e-05
3.379979000000000051e-05
3.375508999999999736e-05
3.371410999999999695e-05
3.366567999999999715e-05
3.361724999999999734e-05
3.356510000000000158e-05
3.351667000000000177e-05
3.346451999999999923e-05
3.340864000000000003e-05
3.335276000000000083e-05
3.330059999999999759e-05
3.324471999999999838e-05
3.318883999999999918e-05
3.313668999999999664e-05
3.308454000000000088e-05
3.303237999999999764e-05
3.298023000000000187e-05
3.293180000000000206e-05
3.287964999999999952e-05
3.282749000000000306e-05
3.277160999999999708e-05
3.271201000000000192e-05
3.264868000000000333e-05
3.258907000000000069e-05
3.252574000000000209e-05
3.246240999999999672e-05
3.239536000000000217e-05
3.233202999999999679e-05
3.226869999999999820e-05
3.220909000000000234e-05
3.214949000000000040e-05
3.208987999999999777e-05
3.203399999999999857e-05
3.197439999999999663e-05
3.191479000000000077e-05
3.185518999999999883e-05
3.179186000000000024e-05
3.172853000000000164e-05
3.166520000000000304e-05
3.160186999999999767e-05
3.153853999999999908e-05
3.147521000000000048e-05
3.141188000000000189e-05
3.134855000000000329e-05
3.128895000000000135e-05
3.122933999999999872e-05
3.116973999999999678e-05
3.111013000000000092e-05
3.104680000000000232e-05
3.098346999999999695e-05
3.092013999999999836e-05
3.085680999999999976e-05
3.079348000000000117e-05
3.073387999999999923e-05
3.067427000000000337e-05
3.061093999999999800e-05
3.055134000000000284e-05
3.048788999999999923e-05
3.042084000000000129e-05
3.035750999999999931e-05
3.029418000000000071e-05
3.023457000000000146e-05
3.017123999999999948e-05
3.011164000000000093e-05
3.005203000000000168e-05
2.999242999999999975e-05
2.993282000000000050e-05
2.986948999999999851e-05
2.981360999999999931e-05
2.975028000000000072e-05
2.969067999999999878e-05
2.963108000000000023e-05
2.957147000000000099e-05
2.951186999999999905e-05
2.944854000000000045e-05
2.939266000000000125e-05
2.933304999999999862e-05
2.927345000000000007e-05
2.921384000000000082e-05
2.915423999999999888e-05
2.909462999999999963e-05
2.903503000000000109e-05
2.897541999999999845e-05
2.891208999999999985e-05
2.885249000000000131e-05
2.878915999999999932e-05
2.872956000000000077e-05
2.866622999999999879e-05
2.860290000000000019e-05
2.854329000000000095e-05
2.847995999999999896e-05
2.841663000000000037e-05
2.836075000000000117e-05
2.830114999999999923e-05
2.824527000000000003e-05
2.818194000000000143e-05
2.812605999999999884e-05
2.807017999999999964e-05
2.801430000000000044e-05
2.796215000000000129e-05
2.790253999999999865e-05
2.785038999999999950e-05
2.779822999999999965e-05
2.774608000000000049e-05
2.769765000000000069e-05
2.764550000000000153e-05
2.759334000000000168e-05
2.754118999999999914e-05
2.748902999999999929e-05
2.743688000000000013e-05
2.738845000000000033e-05
2.734002000000000052e-05
2.729159000000000072e-05
2.724689000000000096e-05
2.720219000000000120e-05
2.715748000000000074e-05
2.711278000000000098e-05
2.706808000000000122e-05
2.702337000000000077e-05
2.697867000000000101e-05
2.693397000000000125e-05
2.689299000000000084e-05
2.685201000000000043e-05
2.681103000000000002e-05
2.677377999999999965e-05
2.673279999999999924e-05
2.669554999999999888e-05
2.666202000000000125e-05
2.662849000000000024e-05
2.658750999999999983e-05
2.655025999999999946e-05
2.651672999999999845e-05
2.647948000000000147e-05
2.644223000000000111e-05
2.640870000000000009e-05
2.637889999999999913e-05
2.634537000000000150e-05
2.631557000000000053e-05
2.628203999999999951e-05
2.625223999999999855e-05
2.621871000000000092e-05
2.618890999999999995e-05
2.615910000000000167e-05
2.612558000000000135e-05
2.609576999999999969e-05
2.606596999999999872e-05
2.603990000000000119e-05
2.601008999999999952e-05
2.598401999999999860e-05
2.595794000000000036e-05
2.593558999999999879e-05
2.590951000000000056e-05
2.588715999999999899e-05
2.586853000000000015e-05
2.584617999999999858e-05
2.582754999999999974e-05
2.580893000000000160e-05
2.579029999999999937e-05
2.577167000000000054e-05
2.574931999999999896e-05
2.573070000000000083e-05
2.571206999999999860e-05
2.568972000000000042e-05
2.566736999999999884e-05
2.564874000000000000e-05
2.562638999999999843e-05
2.560775999999999959e-05
2.558541000000000141e-05
2.556677999999999918e-05
2.554816000000000105e-05
2.552580999999999947e-05
2.550718000000000063e-05
2.548854999999999841e-05
2.546620000000000022e-05
2.544757000000000139e-05
2.542894999999999986e-05
2.541032000000000102e-05
2.539541999999999885e-05
2.537679000000000001e-05
2.536189000000000122e-05
2.534698999999999904e-05
2.533209000000000025e-05
2.531346000000000141e-05
2.530228999999999928e-05
2.528739000000000049e-05
2.527248999999999831e-05
2.526503999999999892e-05
2.525012999999999943e-05
2.523896000000000069e-05
2.523151000000000129e-05
2.522032999999999846e-05
2.520915999999999972e-05
2.520542999999999967e-05
2.519798000000000027e-05
2.519053000000000088e-05
2.518308000000000148e-05
2.517935000000000144e-05
2.517562999999999870e-05
2.517189999999999865e-05
2.516444999999999926e-05
2.516072999999999991e-05
2.515699999999999986e-05
2.514955000000000047e-05
2.514210000000000107e-05
2.513465000000000168e-05
2.512346999999999885e-05
2.511230000000000011e-05
2.510485000000000071e-05
2.509367000000000127e-05
2.507876999999999909e-05
2.507131999999999970e-05
2.506014000000000025e-05
2.504897000000000151e-05
2.504151999999999873e-05
2.503033999999999928e-05
2.501917000000000054e-05
2.501544000000000049e-05
2.500426000000000105e-05
2.499681000000000166e-05
2.498935999999999887e-05
2.498563999999999953e-05
2.498190999999999948e-05
2.497446000000000008e-05
2.497074000000000074e-05
2.496701000000000069e-05
2.496329000000000134e-05
2.496329000000000134e-05
2.495956000000000129e-05
2.496329000000000134e-05
2.496329000000000134e-05
2.496701000000000069e-05
2.496701000000000069e-05
2.497074000000000074e-05
2.497446000000000008e-05
2.497446000000000008e-05
2.497819000000000013e-05
2.498190999999999948e-05
2.498563999999999953e-05
2.498563999999999953e-05
2.498935999999999887e-05
2.499308999999999892e-05
2.499308999999999892e-05
2.499681000000000166e-05
2.500053999999999832e-05
2.500053999999999832e-05
2.500053999999999832e-05
2.500426000000000105e-05
2.500426000000000105e-05
2.500426000000000105e-05
2.500426000000000105e-05
2.500426000000000105e-05
2.500053999999999832e-05
2.500053999999999832e-05
2.499681000000000166e-05
2.499308999999999892e-05
2.499308999999999892e-05
2.499308999999999892e-05
2.499308999999999892e-05
2.499308999999999892e-05
2.499308999999999892e-05
2.499681000000000166e-05
2.499681000000000166e-05
2.500053999999999832e-05
2.500426000000000105e-05
2.501172000000000115e-05
2.501544000000000049e-05
2.501544000000000049e-05
2.502288999999999989e-05
2.503033999999999928e-05
2.503406999999999933e-05
2.503778999999999868e-05
2.504151999999999873e-05
2.504151999999999873e-05
2.504524000000000146e-05
2.504524000000000146e-05
2.504897000000000151e-05
2.504897000000000151e-05
2.504897000000000151e-05
2.505269000000000086e-05
2.505642000000000091e-05
2.506014000000000025e-05
2.506387000000000030e-05
2.506387000000000030e-05
2.506387000000000030e-05
2.506014000000000025e-05
2.505642000000000091e-05
2.505642000000000091e-05
2.504897000000000151e-05
2.504897000000000151e-05
2.504151999999999873e-05
2.503406999999999933e-05
2.502661999999999994e-05
2.501917000000000054e-05
2.501544000000000049e-05
2.500426000000000105e-05
2.499681000000000166e-05
2.498563999999999953e-05
2.498190999999999948e-05
2.497074000000000074e-05
2.495956000000000129e-05
2.495210999999999851e-05
2.494092999999999907e-05
2.492976000000000033e-05
2.492231000000000093e-05
2.491113000000000149e-05
2.489622999999999931e-05
2.488877999999999991e-05
2.487761000000000117e-05
2.486642999999999834e-05
2.485897999999999895e-05
2.484779999999999950e-05
2.483663000000000076e-05
2.482545000000000132e-05
2.481427999999999919e-05
2.479936999999999970e-05
2.478820000000000096e-05
2.476956999999999873e-05
2.475466999999999994e-05
2.473604000000000110e-05
2.472113999999999892e-05
2.470252000000000079e-05
2.468761999999999861e-05
2.466898999999999977e-05
2.465409000000000098e-05
2.463545999999999876e-05
2.461682999999999992e-05
2.459820999999999839e-05
2.457213000000000016e-05
2.455350000000000132e-05
2.453487999999999980e-05
2.450880000000000156e-05
2.449016999999999934e-05
2.446782000000000115e-05
2.444546999999999958e-05
2.442312000000000140e-05
2.440448999999999917e-05
2.438214000000000098e-05
2.436350999999999876e-05
2.434116000000000057e-05
2.431880999999999900e-05
2.429646000000000082e-05
2.427410999999999924e-05
2.425176000000000106e-05
2.422567999999999944e-05
2.419587999999999847e-05
2.416980000000000024e-05
2.414371999999999862e-05
2.411765000000000108e-05
2.409156999999999946e-05
2.406549000000000123e-05
2.403569000000000026e-05
2.401333999999999869e-05
2.398726000000000046e-05
2.396490999999999888e-05
2.393883000000000065e-05
2.391647999999999908e-05
2.389413000000000089e-05
2.387177999999999932e-05
2.384570000000000109e-05
2.381961999999999947e-05
2.379354999999999854e-05
2.376374000000000026e-05
2.373393999999999930e-05
2.370786000000000106e-05
2.367434000000000075e-05
2.364452999999999908e-05
2.361846000000000155e-05
2.358864999999999988e-05
2.355884999999999891e-05
2.353650000000000073e-05
2.351041999999999911e-05
2.348807000000000092e-05
2.346571999999999935e-05
2.343591999999999838e-05
2.340984000000000015e-05
2.338003999999999918e-05
2.335024000000000160e-05
2.332042999999999993e-05
2.329062999999999896e-05
2.326083000000000138e-05
2.323103000000000041e-05
2.320121999999999875e-05
2.317142000000000117e-05
2.313789000000000015e-05
2.311181999999999923e-05
2.308202000000000165e-05
2.304849000000000063e-05
2.301868999999999966e-05
2.298888000000000138e-05
2.295908000000000042e-05
2.292554999999999940e-05
2.289574999999999843e-05
2.286595000000000085e-05
2.283614999999999988e-05
2.280634000000000160e-05
2.277654000000000064e-05
2.274673999999999967e-05
2.271320999999999865e-05
2.267968000000000102e-05
2.264988000000000006e-05
2.261262999999999969e-05
2.257909999999999868e-05
2.254557000000000105e-05
2.251205000000000073e-05
2.247478999999999967e-05
2.243380999999999926e-05
2.239655999999999890e-05
2.235557999999999849e-05
2.231833000000000151e-05
2.227735000000000110e-05
2.223637000000000069e-05
2.219912000000000033e-05
2.215813999999999992e-05
2.211344000000000016e-05
2.207245999999999975e-05
2.203147999999999934e-05
2.199050999999999963e-05
2.194579999999999917e-05
2.190481999999999876e-05
2.186384999999999905e-05
2.182286999999999864e-05
2.178189000000000161e-05
2.174464000000000125e-05
2.170366000000000084e-05
2.166639999999999978e-05
2.162914999999999941e-05
2.159561999999999840e-05
2.156210000000000147e-05
2.153228999999999980e-05
2.149876999999999949e-05
2.146523999999999847e-05
2.143171000000000084e-05
2.139817999999999983e-05
2.136465999999999951e-05
2.133485000000000123e-05
2.130133000000000091e-05
2.126406999999999985e-05
2.122681999999999949e-05
2.118956999999999913e-05
2.115231000000000145e-05
2.111506000000000109e-05
2.107408000000000068e-05
2.103311000000000097e-05
2.099213000000000055e-05
2.095115000000000014e-05
2.090645000000000039e-05
2.086546999999999998e-05
2.082075999999999952e-05
2.077605999999999976e-05
2.073880999999999940e-05
2.069409999999999894e-05
2.064939999999999918e-05
2.061214999999999882e-05
2.057116999999999841e-05
2.053019000000000138e-05
2.049294000000000102e-05
2.045569000000000066e-05
2.042215999999999964e-05
2.038862999999999862e-05
2.035138000000000165e-05
2.031785000000000063e-05
2.028060000000000027e-05
2.024706999999999926e-05
2.020608999999999884e-05
2.016883999999999848e-05
2.013531000000000085e-05
2.009806000000000049e-05
2.006079999999999943e-05
2.001982999999999972e-05
1.997884999999999931e-05
1.994159999999999894e-05
1.990061999999999853e-05
1.986336000000000086e-05
1.982239000000000115e-05
1.978513000000000008e-05
1.974414999999999967e-05
1.970317999999999996e-05
1.966219999999999955e-05
1.962866999999999854e-05
1.958769000000000151e-05
1.954671000000000110e-05
1.950946000000000074e-05
1.947221000000000038e-05
1.943496000000000001e-05
1.939769999999999895e-05
1.935671999999999854e-05
1.931947000000000156e-05
1.928222000000000120e-05
1.924124000000000079e-05
1.920026000000000038e-05
1.916301000000000002e-05
1.912575999999999965e-05
1.908849999999999859e-05
1.904752999999999888e-05
1.901027000000000120e-05
1.897302000000000084e-05
1.893577000000000048e-05
1.889850999999999941e-05
1.885753999999999970e-05
1.882027999999999864e-05
1.878303000000000166e-05
1.874578000000000130e-05
1.871225000000000029e-05
1.868244999999999932e-05
1.864519000000000164e-05
1.861539000000000067e-05
1.857814000000000031e-05
1.854460999999999930e-05
1.850735999999999893e-05
1.847383000000000130e-05
1.844030000000000029e-05
1.840677999999999997e-05
1.837697000000000169e-05
1.834345000000000138e-05
1.831363999999999971e-05
1.828756999999999879e-05
1.825776000000000051e-05
1.822795999999999954e-05
1.819815999999999857e-05
1.817208000000000034e-05
1.814227999999999937e-05
1.811620000000000114e-05
1.809013000000000022e-05
1.807150000000000138e-05
1.804914999999999981e-05
1.803425000000000102e-05
1.801561999999999879e-05
1.799698999999999995e-05
1.798209000000000116e-05
1.795973999999999959e-05
1.794111000000000075e-05
1.791875999999999918e-05
1.789269000000000165e-05
1.787032999999999937e-05
1.784798000000000119e-05
1.782562999999999962e-05
1.779955000000000138e-05
1.777719999999999981e-05
1.775112000000000158e-05
1.772877000000000001e-05
1.769896999999999904e-05
1.767662000000000085e-05
1.765798999999999863e-05
1.763564000000000044e-05
1.762074000000000165e-05
1.760583999999999947e-05
1.759094000000000068e-05
1.757603999999999850e-05
1.756485999999999906e-05
1.754996000000000027e-05
1.753506000000000148e-05
1.752387999999999865e-05
1.750897999999999986e-05
1.749780000000000042e-05
1.748290000000000163e-05
1.747172999999999950e-05
1.745310000000000066e-05
1.743074999999999909e-05
1.740840000000000090e-05
1.738231999999999928e-05
1.735251999999999831e-05
1.732272000000000073e-05
1.729663999999999911e-05
1.727801000000000028e-05
1.725565999999999870e-05
1.724448999999999996e-05
1.722586000000000112e-05
1.721840999999999834e-05
1.720350999999999955e-05
1.718861000000000076e-05
1.716997999999999853e-05
1.715134999999999970e-05
1.712900000000000151e-05
1.710664999999999994e-05
1.708429999999999836e-05
1.706195000000000018e-05
1.703959000000000129e-05
1.702096999999999977e-05
1.700607000000000098e-05
1.699116999999999880e-05
1.697253999999999996e-05
1.695764000000000117e-05
1.694273999999999899e-05
1.692784000000000020e-05
1.690921000000000137e-05
1.689430999999999919e-05
1.687941000000000040e-05
1.686823000000000096e-05
1.685332999999999878e-05
1.684214999999999934e-05
1.682725000000000055e-05
1.681234999999999837e-05
1.679373000000000023e-05
1.677137000000000135e-05
1.674901999999999977e-05
1.672667000000000159e-05
1.670803999999999936e-05
1.668569000000000118e-05
1.666333999999999960e-05
1.664844000000000081e-05
1.662608999999999924e-05
1.661119000000000045e-05
1.659256000000000161e-05
1.658137999999999878e-05
1.656647999999999999e-05
1.655531000000000125e-05
1.654040999999999907e-05
1.652922999999999963e-05
1.651433000000000084e-05
1.649569999999999861e-05
1.648079999999999982e-05
1.646217000000000099e-05
1.644354999999999946e-05
1.642120000000000127e-05
1.640256999999999905e-05
1.638394000000000021e-05
1.636531999999999869e-05
1.634295999999999980e-05
1.632806000000000101e-05
1.630570999999999944e-05
1.629081000000000065e-05
1.627217999999999842e-05
1.625356000000000028e-05
1.623866000000000149e-05
1.622375999999999932e-05
1.621257999999999987e-05
1.619768000000000108e-05
1.618650000000000164e-05
1.617904999999999886e-05
1.617159999999999946e-05
1.616415000000000007e-05
1.616043000000000072e-05
1.615670000000000067e-05
1.615298000000000132e-05
1.614925000000000128e-05
1.614552000000000123e-05
1.613434999999999910e-05
1.612316999999999966e-05
1.611200000000000091e-05
1.610082000000000147e-05
1.608964999999999934e-05
1.608218999999999925e-05
1.607473999999999985e-05
1.606357000000000111e-05
1.605239000000000167e-05
1.604121999999999954e-05
1.602632000000000075e-05
1.601886000000000065e-05
1.600395999999999847e-05
1.599278999999999973e-05
1.598161000000000029e-05
1.596671000000000150e-05
1.595552999999999867e-05
1.593691000000000053e-05
1.592200999999999835e-05
1.590337999999999951e-05
1.588475000000000068e-05
1.586239999999999910e-05
1.584378000000000096e-05
1.582887000000000148e-05
1.580651999999999990e-05
1.578789999999999838e-05
1.576926999999999954e-05
1.575064000000000070e-05
1.573573999999999852e-05
1.571712000000000039e-05
1.570222000000000160e-05
1.568358999999999937e-05
1.566124000000000118e-05
1.564260999999999896e-05
1.562771000000000017e-05
1.561281000000000138e-05
1.560162999999999855e-05
1.559045999999999981e-05
1.557928000000000036e-05
1.557183000000000097e-05
1.555692999999999879e-05
1.554574999999999935e-05
1.551967999999999843e-05
1.549360000000000019e-05
1.546006999999999918e-05
1.542654000000000155e-05
1.538929000000000119e-05
1.534831000000000078e-05
1.530361000000000102e-05
1.526263000000000061e-05
1.521787000000000004e-05
1.517317000000000028e-05
1.513218999999999987e-05
1.508376000000000007e-05
1.503906000000000031e-05
1.499434999999999985e-05
1.495336999999999944e-05
1.491612000000000077e-05
1.488258999999999975e-05
1.484906999999999944e-05
1.481925999999999946e-05
1.478946000000000019e-05
1.477082999999999966e-05
1.475965999999999922e-05
1.475592999999999917e-05
1.475592999999999917e-05
1.475592999999999917e-05
1.475220999999999983e-05
1.474476000000000043e-05
1.473730999999999934e-05
1.472241000000000055e-05
1.470749999999999937e-05
1.467770000000000009e-05
1.464044999999999973e-05
1.459574999999999997e-05
1.455103999999999952e-05
1.450260999999999971e-05
1.445790999999999995e-05
1.442065999999999959e-05
1.438713000000000027e-05
1.435732999999999930e-05
1.433497999999999942e-05
1.431635000000000058e-05
1.431262000000000053e-05
1.430516999999999944e-05
1.430516999999999944e-05
1.429772000000000005e-05
1.428281999999999957e-05
1.426792000000000078e-05
1.424929000000000024e-05
1.421576999999999993e-05
1.417478999999999952e-05
1.413008000000000075e-05
1.407792999999999991e-05
1.402205000000000071e-05
1.396989999999999986e-05
1.392147000000000005e-05
1.387675999999999959e-05
1.383950999999999923e-05
1.380970999999999996e-05
1.378736000000000008e-05
1.376872999999999955e-05
1.374264999999999962e-05
1.372029999999999974e-05
1.369794999999999986e-05
1.367186999999999993e-05
1.364580000000000071e-05
1.361972000000000078e-05
1.359363999999999916e-05
1.356383999999999989e-05
1.353404000000000061e-05
1.350050999999999960e-05
1.346698000000000028e-05
1.342972999999999991e-05
1.339247999999999955e-05
1.335895000000000023e-05
1.332541999999999921e-05
1.329933999999999929e-05
1.327698999999999941e-05
1.325463999999999953e-05
1.323601000000000069e-05
1.321366000000000081e-05
1.318758999999999989e-05
1.315777999999999992e-05
1.312052999999999955e-05
1.308700000000000023e-05
1.305719999999999926e-05
1.302739999999999999e-05
1.300876999999999946e-05
1.298641999999999958e-05
1.296779000000000074e-05
1.294543999999999917e-05
1.291190999999999985e-05
1.287838999999999953e-05
1.283741000000000081e-05
1.279270999999999936e-05
1.275918000000000004e-05
1.271446999999999958e-05
1.267349999999999987e-05
1.263624000000000050e-05
1.259899000000000014e-05
1.256918999999999917e-05
1.253938999999999989e-05
1.250957999999999992e-05
1.248723000000000004e-05
1.246859999999999951e-05
1.244997999999999968e-05
1.243880000000000024e-05
1.242389999999999975e-05
1.241272999999999932e-05
1.239781999999999983e-05
1.237919999999999999e-05
1.235685000000000011e-05
1.233448999999999954e-05
1.230096999999999922e-05
1.226743999999999990e-05
1.222274000000000014e-05
1.218175999999999973e-05
1.213332999999999992e-05
1.208863000000000017e-05
1.203647000000000031e-05
1.199548999999999990e-05
1.195450999999999949e-05
1.191726000000000082e-05
1.188745999999999985e-05
1.186510999999999997e-05
1.184276000000000010e-05
1.182785000000000061e-05
1.181295000000000012e-05
1.179804999999999964e-05
1.177942999999999981e-05
1.176079999999999927e-05
1.174217000000000044e-05
1.171609999999999952e-05
1.169001999999999959e-05
1.166766999999999971e-05
1.164158999999999978e-05
1.161923999999999990e-05
1.159315999999999998e-05
1.157081000000000010e-05
1.155217999999999957e-05
1.152611000000000034e-05
1.150747999999999981e-05
1.148884999999999928e-05
1.146649999999999940e-05
1.145160000000000061e-05
1.142925000000000073e-05
1.140689999999999916e-05
1.138454999999999928e-05
1.136592000000000044e-05
1.134357000000000056e-05
1.132867000000000008e-05
1.130630999999999950e-05
1.128768999999999966e-05
1.126906000000000083e-05
1.124670999999999925e-05
1.123181000000000046e-05
1.120946000000000059e-05
1.119083000000000005e-05
1.117592999999999957e-05
1.115730000000000073e-05
1.114613000000000030e-05
1.112749999999999976e-05
1.111259999999999928e-05
1.110141999999999984e-05
1.109024999999999940e-05
1.107906999999999996e-05
1.106789999999999952e-05
1.105299000000000003e-05
1.104181999999999959e-05
1.102692000000000080e-05
1.101573999999999967e-05
1.100456999999999923e-05
1.098965999999999974e-05
1.098221000000000035e-05
1.097103999999999991e-05
1.095986000000000047e-05
1.094869000000000003e-05
1.093378999999999955e-05
1.092261000000000010e-05
1.090770999999999962e-05
1.089281000000000083e-05
1.088162999999999969e-05
1.086672999999999921e-05
1.085554999999999977e-05
1.084437999999999933e-05
1.083319999999999989e-05
1.082575000000000049e-05
1.081458000000000006e-05
1.080340000000000061e-05
1.079594999999999952e-05
1.078850000000000013e-05
1.078105000000000073e-05
1.077732000000000069e-05
1.077359999999999965e-05
1.076986999999999960e-05
1.076615000000000025e-05
1.076242000000000020e-05
1.075869999999999916e-05
1.075497000000000081e-05
1.074751999999999972e-05
1.074007000000000032e-05
1.073634000000000028e-05
1.073261999999999923e-05
1.072888999999999919e-05
1.072888999999999919e-05
1.072516999999999984e-05
1.072516999999999984e-05
1.072888999999999919e-05
1.073261999999999923e-05
1.073261999999999923e-05
1.073634000000000028e-05
1.074007000000000032e-05
1.074007000000000032e-05
1.073634000000000028e-05
1.073261999999999923e-05
1.072888999999999919e-05
1.072516999999999984e-05
1.071772000000000044e-05
1.071399000000000040e-05
1.071399000000000040e-05
1.071772000000000044e-05
1.071399000000000040e-05
1.071399000000000040e-05
1.071399000000000040e-05
1.071026999999999936e-05
1.070281999999999996e-05
1.070281999999999996e-05
1.070281999999999996e-05
1.070281999999999996e-05
1.071026999999999936e-05
1.071772000000000044e-05
1.072888999999999919e-05
1.073261999999999923e-05
1.074751999999999972e-05
1.076615000000000025e-05
1.078105000000000073e-05
1.079221999999999948e-05
1.080340000000000061e-05
1.081829999999999940e-05
1.083319999999999989e-05
1.084437999999999933e-05
1.085554999999999977e-05
1.086299999999999916e-05
1.087418000000000030e-05
1.088535999999999974e-05
1.090026000000000023e-05
1.092632999999999945e-05
1.095613999999999943e-05
1.097848999999999930e-05
1.099338999999999979e-05
1.100456999999999923e-05
1.101573999999999967e-05
1.102319000000000076e-05
1.102692000000000080e-05
1.101946999999999972e-05
1.101573999999999967e-05
1.100829000000000027e-05
1.100083999999999918e-05
1.098965999999999974e-05
1.098221000000000035e-05
1.097475999999999926e-05
1.097475999999999926e-05
1.098221000000000035e-05
1.098965999999999974e-05
1.100083999999999918e-05
1.101946999999999972e-05
1.104181999999999959e-05
1.105672000000000008e-05
1.107906999999999996e-05
1.109770000000000049e-05
1.112378000000000042e-05
1.115357999999999969e-05
1.117965000000000061e-05
1.120200999999999950e-05
1.121690999999999998e-05
1.123925999999999986e-05
1.126160999999999974e-05
1.127651000000000022e-05
1.129141000000000071e-05
1.129514000000000075e-05
1.130259000000000015e-05
1.131003999999999954e-05
1.132122000000000068e-05
1.132867000000000008e-05
1.133611999999999947e-05
1.134728999999999991e-05
1.136219000000000039e-05
1.137708999999999918e-05
1.139571999999999971e-05
1.141806999999999959e-05
1.144041999999999947e-05
1.146649999999999940e-05
1.149257999999999932e-05
1.152611000000000034e-05
1.155590999999999961e-05
1.158198999999999954e-05
1.161179000000000051e-05
1.163414000000000039e-05
1.165649000000000027e-05
1.167884000000000015e-05
1.169747000000000068e-05
1.171609999999999952e-05
1.173100000000000000e-05
1.174217000000000044e-05
1.174590000000000048e-05
1.175706999999999923e-05
1.177569999999999976e-05
1.179060000000000024e-05
1.180550000000000073e-05
1.180923000000000077e-05
1.182412999999999956e-05
1.183531000000000070e-05
1.184647999999999944e-05
1.185766000000000058e-05
1.186882999999999932e-05
1.188001000000000046e-05
1.189863999999999930e-05
1.190980999999999973e-05
1.192471000000000022e-05
1.193588999999999966e-05
1.195823999999999954e-05
1.198058999999999942e-05
1.200666999999999934e-05
1.203647000000000031e-05
1.206999999999999963e-05
1.210725000000000000e-05
1.214450000000000036e-05
1.218175999999999973e-05
1.221901000000000009e-05
1.225253999999999941e-05
1.228978999999999978e-05
1.232332000000000079e-05
1.235685000000000011e-05
1.239037000000000043e-05
1.241645000000000036e-05
1.244624999999999963e-05
1.247605999999999961e-05
1.251330999999999997e-05
1.254310999999999924e-05
1.258035999999999961e-05
1.261389000000000062e-05
1.265113999999999929e-05
1.268467000000000031e-05
1.272192000000000067e-05
1.275544999999999999e-05
1.278897999999999931e-05
1.281878000000000028e-05
1.284857999999999956e-05
1.287094000000000013e-05
1.289329000000000001e-05
1.291563999999999989e-05
1.293427000000000042e-05
1.294916999999999921e-05
1.296033999999999965e-05
1.297524000000000013e-05
1.299014999999999962e-05
1.300876999999999946e-05
1.302739999999999999e-05
1.305347999999999991e-05
1.307955000000000084e-05
1.310935000000000011e-05
1.313916000000000008e-05
1.317641000000000045e-05
1.321366000000000081e-05
1.325092000000000018e-05
1.328817000000000054e-05
1.332541999999999921e-05
1.336266999999999957e-05
1.339620000000000059e-05
1.343345999999999996e-05
1.346698000000000028e-05
1.350050999999999960e-05
1.353404000000000061e-05
1.356010999999999984e-05
1.358991999999999981e-05
1.361599000000000073e-05
1.364580000000000071e-05
1.367559999999999998e-05
1.370167999999999991e-05
1.373147999999999918e-05
1.375756000000000080e-05
1.378736000000000008e-05
1.381715999999999935e-05
1.384696000000000032e-05
1.387675999999999959e-05
1.391029000000000061e-05
1.394381999999999993e-05
1.397734999999999925e-05
1.401088000000000027e-05
1.404813000000000063e-05
1.408910999999999935e-05
1.412262999999999966e-05
1.416361000000000008e-05
1.420459000000000049e-05
1.424556999999999920e-05
1.427910000000000022e-05
1.432006999999999993e-05
1.435732999999999930e-05
1.439830999999999971e-05
1.443556000000000007e-05
1.447281000000000044e-05
1.451006000000000080e-05
1.454732000000000017e-05
1.458830000000000058e-05
1.462927000000000029e-05
1.466652999999999966e-05
1.470749999999999937e-05
1.474847999999999978e-05
1.478574000000000084e-05
1.481925999999999946e-05
1.485652000000000053e-05
1.489749000000000024e-05
1.493474999999999961e-05
1.497573000000000002e-05
1.501669999999999973e-05
1.506141000000000019e-05
1.510239000000000060e-05
1.513963999999999927e-05
1.518061999999999968e-05
1.522531999999999944e-05
1.526263000000000061e-05
1.530361000000000102e-05
1.534086000000000138e-05
1.538183999999999840e-05
1.541908999999999877e-05
1.546006999999999918e-05
1.550104999999999959e-05
1.553829999999999995e-05
1.557556000000000102e-05
1.560908000000000133e-05
1.564260999999999896e-05
1.567985999999999932e-05
1.571339000000000034e-05
1.575437000000000075e-05
1.579535000000000116e-05
1.583633000000000157e-05
1.588103000000000133e-05
1.592573000000000109e-05
1.597044000000000154e-05
1.601514000000000130e-05
1.605239000000000167e-05
1.608964999999999934e-05
1.612689999999999970e-05
1.616788000000000011e-05
1.620884999999999983e-05
1.624611000000000089e-05
1.629081000000000065e-05
1.633551000000000041e-05
1.637649000000000082e-05
1.642492000000000062e-05
1.646590000000000103e-05
1.651060000000000079e-05
1.655531000000000125e-05
1.659256000000000161e-05
1.662608999999999924e-05
1.665589000000000021e-05
1.668569000000000118e-05
1.671921999999999880e-05
1.674901999999999977e-05
1.678255000000000079e-05
1.681607999999999841e-05
1.685332999999999878e-05
1.689430999999999919e-05
1.693528999999999960e-05
1.697253999999999996e-05
1.700979000000000033e-05
1.704704000000000069e-05
1.708429999999999836e-05
1.712527999999999877e-05
1.716624999999999849e-05
1.721095999999999894e-05
1.725565999999999870e-05
1.730781999999999856e-05
1.735251999999999831e-05
1.740095000000000151e-05
1.744565000000000127e-05
1.749035000000000102e-05
1.753506000000000148e-05
1.757230999999999846e-05
1.761328999999999887e-05
1.765053999999999923e-05
1.768407000000000025e-05
1.771760000000000126e-05
1.775485000000000163e-05
1.778837999999999925e-05
1.782562999999999962e-05
1.785916000000000063e-05
1.790386000000000039e-05
1.794857000000000085e-05
1.798954000000000056e-05
1.803797000000000037e-05
1.808640000000000017e-05
1.813482999999999998e-05
1.817952999999999973e-05
1.822795999999999954e-05
1.826893999999999995e-05
1.831363999999999971e-05
1.835462000000000012e-05
1.839187000000000048e-05
1.842913000000000155e-05
1.846265999999999917e-05
1.849617999999999949e-05
1.852971000000000051e-05
1.856324000000000152e-05
1.859303999999999910e-05
1.862657000000000012e-05
1.866010000000000113e-05
1.869362000000000145e-05
1.872714999999999908e-05
1.876439999999999944e-05
1.880166000000000050e-05
1.883891000000000087e-05
1.887989000000000128e-05
1.892459000000000103e-05
1.896929000000000079e-05
1.901772000000000060e-05
1.906615000000000040e-05
1.911831000000000026e-05
1.917045999999999941e-05
1.922260999999999856e-05
1.927849000000000115e-05
1.933437000000000035e-05
1.939024999999999955e-05
1.944985999999999880e-05
1.950946000000000074e-05
1.957278999999999933e-05
1.963239999999999858e-05
1.969573000000000057e-05
1.975160999999999977e-05
1.980375999999999892e-05
1.985218999999999873e-05
1.989688999999999848e-05
1.994159999999999894e-05
1.998256999999999865e-05
2.003099999999999846e-05
2.007570999999999892e-05
2.012413000000000141e-05
2.016883999999999848e-05
2.021727000000000168e-05
2.026570000000000148e-05
2.031785000000000063e-05
2.036255000000000039e-05
2.040726000000000085e-05
2.044823000000000056e-05
2.048549000000000162e-05
2.051901999999999925e-05
2.054882000000000022e-05
2.057862000000000119e-05
2.060096999999999937e-05
2.063077000000000034e-05
2.065684999999999857e-05
2.068293000000000019e-05
2.070900999999999843e-05
2.073880999999999940e-05
2.077605999999999976e-05
2.080959000000000077e-05
2.084311999999999840e-05
2.087663999999999872e-05
2.091389999999999978e-05
2.094742000000000010e-05
2.098095000000000111e-05
2.101820000000000148e-05
2.105545999999999915e-05
2.108897999999999947e-05
2.112251000000000048e-05
2.115977000000000155e-05
2.119701999999999852e-05
2.123426999999999888e-05
2.127524999999999929e-05
2.131994999999999905e-05
2.136837999999999886e-05
2.141308999999999932e-05
2.146523999999999847e-05
2.151739000000000101e-05
2.156955000000000086e-05
2.162543000000000006e-05
2.168130999999999927e-05
2.173718999999999847e-05
2.179306000000000036e-05
2.185266999999999960e-05
2.191227000000000154e-05
2.196815000000000074e-05
2.202402999999999994e-05
2.207245999999999975e-05
2.212461999999999960e-05
2.216558999999999931e-05
2.221401999999999912e-05
2.225872999999999957e-05
2.229597999999999994e-05
2.233323000000000030e-05
2.237421000000000071e-05
2.241519000000000112e-05
2.245244000000000149e-05
2.249341999999999851e-05
2.253812000000000166e-05
2.258282999999999872e-05
2.263125000000000122e-05
2.267968000000000102e-05
2.273184000000000088e-05
2.278772000000000008e-05
2.284359999999999928e-05
2.289947999999999848e-05
2.295536000000000107e-05
2.300751000000000022e-05
2.305965999999999938e-05
2.311181999999999923e-05
2.316024999999999903e-05
2.321240000000000158e-05
2.325337999999999860e-05
2.330180999999999840e-05
2.334651000000000155e-05
2.339866000000000070e-05
2.344337000000000116e-05
2.349552000000000032e-05
2.354395000000000012e-05
2.359237999999999993e-05
2.364080999999999973e-05
2.368923999999999954e-05
2.373766999999999934e-05
2.378236999999999910e-05
2.383079999999999891e-05
2.387549999999999867e-05
2.392392999999999847e-05
2.396863000000000162e-05
2.401333999999999869e-05
2.406176999999999849e-05
2.410647000000000164e-05
2.415490000000000145e-05
2.420333000000000125e-05
2.425548000000000040e-05
2.430019000000000086e-05
2.435234000000000002e-05
2.439703999999999977e-05
2.444546999999999958e-05
2.449016999999999934e-05
2.453859999999999914e-05
2.458702999999999895e-05
2.463545999999999876e-05
2.468388999999999856e-05
2.473231999999999837e-05
2.478447000000000091e-05
2.483290000000000071e-05
2.488133000000000052e-05
2.493347999999999967e-05
2.498563999999999953e-05
2.503033999999999928e-05
2.508249999999999914e-05
2.513465000000000168e-05
2.517935000000000144e-05
2.523523000000000064e-05
2.528366000000000044e-05
2.533582000000000030e-05
2.539169999999999950e-05
2.544384999999999865e-05
2.549600000000000119e-05
2.555561000000000044e-05
2.561148999999999964e-05
2.566736999999999884e-05
2.572325000000000143e-05
2.578284999999999998e-05
2.583872999999999918e-05
2.589833000000000112e-05
2.595421000000000032e-05
2.601008999999999952e-05
2.606224999999999937e-05
2.612185000000000131e-05
2.617028000000000111e-05
2.622243000000000027e-05
2.627830999999999947e-05
2.632673999999999927e-05
2.637889999999999913e-05
2.643477999999999833e-05
2.648693000000000087e-05
2.653908000000000002e-05
2.659495999999999922e-05
2.665083999999999842e-05
2.670672000000000101e-05
2.676260000000000021e-05
2.682220999999999946e-05
2.687435999999999861e-05
2.693024000000000120e-05
2.698612000000000040e-05
2.704199999999999960e-05
2.710160000000000154e-05
2.715748000000000074e-05
2.721708999999999999e-05
2.727668999999999854e-05
2.733257000000000113e-05
2.739589999999999972e-05
2.745550999999999897e-05
2.751884000000000095e-05
2.758216999999999955e-05
2.764550000000000153e-05
2.770883000000000013e-05
2.777215999999999873e-05
2.783549000000000071e-05
2.789508999999999926e-05
2.795469000000000119e-05
2.801430000000000044e-05
2.807017999999999964e-05
2.812605999999999884e-05
2.818194000000000143e-05
2.824153999999999998e-05
2.829369999999999983e-05
2.834957999999999903e-05
2.840545000000000092e-05
2.846133000000000012e-05
2.851348999999999998e-05
2.856563999999999913e-05
2.862151999999999833e-05
2.866622999999999879e-05
2.871838000000000133e-05
2.876308000000000109e-05
2.881151000000000090e-05
2.885622000000000135e-05
2.890837000000000051e-05
2.895680000000000031e-05
2.900523000000000012e-05
2.906482999999999867e-05
2.912071000000000126e-05
2.918032000000000050e-05
2.924364999999999910e-05
2.930325000000000104e-05
2.936284999999999958e-05
2.942245999999999883e-05
2.948579000000000082e-05
2.954911999999999941e-05
2.960872000000000135e-05
2.967204999999999994e-05
2.973537999999999854e-05
2.979871000000000052e-05
2.985458999999999972e-05
2.991791999999999832e-05
2.997753000000000096e-05
3.004085999999999955e-05
3.010419000000000154e-05
3.017123999999999948e-05
3.023457000000000146e-05
3.029790000000000006e-05
3.036122999999999866e-05
3.042456000000000064e-05
3.048788999999999923e-05
3.055134000000000284e-05
3.061467000000000143e-05
3.067800000000000003e-05
3.074132999999999862e-05
3.080465999999999722e-05
3.086425999999999916e-05
3.092387000000000179e-05
3.098346999999999695e-05
3.104680000000000232e-05
3.110268000000000153e-05
3.116228999999999739e-05
3.122188999999999932e-05
3.128150000000000196e-05
3.133737000000000046e-05
3.139324999999999966e-05
3.144912999999999886e-05
3.150874000000000150e-05
3.156462000000000070e-05
3.162049999999999990e-05
3.167265000000000244e-05
3.172853000000000164e-05
3.178441000000000084e-05
3.183656000000000338e-05
3.188871999999999985e-05
3.194459999999999905e-05
3.199675000000000159e-05
3.205263000000000079e-05
3.210850999999999999e-05
3.216811000000000193e-05
3.222771999999999779e-05
3.228731999999999972e-05
3.235064999999999832e-05
3.241026000000000096e-05
3.247358999999999955e-05
3.253319000000000149e-05
3.259652000000000008e-05
3.265984999999999868e-05
3.272317999999999728e-05
3.278651000000000265e-05
3.284984000000000124e-05
3.291316999999999984e-05
3.297649999999999844e-05
3.303611000000000107e-05
3.309943999999999967e-05
3.315904000000000160e-05
3.321864999999999746e-05
3.327824999999999940e-05
3.333786000000000204e-05
3.339745999999999720e-05
3.345334000000000317e-05
3.351293999999999833e-05
3.357255000000000097e-05
3.362843000000000017e-05
3.369175999999999877e-05
3.375136000000000070e-05
3.380723999999999990e-05
3.387056999999999850e-05
3.392644999999999770e-05
3.398978000000000307e-05
3.405311000000000167e-05
3.411644000000000026e-05
3.417976999999999886e-05
3.424309999999999746e-05
3.430271000000000009e-05
3.436603999999999869e-05
3.442564000000000062e-05
3.448525000000000326e-05
3.454858000000000186e-05
3.460817999999999702e-05
3.466777999999999895e-05
3.472739000000000159e-05
3.478698999999999675e-05
3.484659999999999939e-05
3.490620000000000132e-05
3.496952999999999992e-05
3.503285999999999851e-05
3.509618999999999711e-05
3.515952000000000248e-05
3.521912999999999834e-05
3.527873000000000028e-05
3.533834000000000291e-05
3.540167000000000151e-05
3.546126999999999667e-05
3.552460000000000204e-05
3.558420999999999790e-05
3.564380999999999984e-05
3.571087000000000187e-05
3.577420000000000047e-05
3.583752999999999906e-05
3.590085999999999766e-05
3.596790999999999899e-05
3.603497000000000102e-05
3.609829999999999962e-05
3.616535000000000095e-05
3.623612999999999894e-05
3.630690999999999693e-05
3.637396999999999896e-05
3.644474999999999695e-05
3.651179999999999828e-05
3.658258000000000305e-05
3.665336000000000104e-05
3.672787000000000247e-05
3.679492999999999772e-05
3.686571000000000249e-05
3.693649000000000048e-05
3.700726999999999847e-05
3.707805000000000324e-05
3.714509999999999779e-05
3.721588000000000256e-05
3.728666000000000055e-05
3.735372000000000258e-05
3.742076999999999714e-05
3.748782999999999917e-05
3.755488000000000050e-05
3.762194000000000253e-05
3.768898999999999709e-05
3.775604999999999912e-05
3.782311000000000115e-05
3.788643999999999974e-05
3.794976999999999834e-05
3.801309999999999694e-05
3.807642000000000161e-05
3.813602999999999747e-05
3.819936000000000284e-05
3.826269000000000144e-05
3.832602000000000003e-05
3.839679999999999802e-05
3.846386000000000005e-05
3.853836000000000078e-05
3.860913999999999877e-05
3.868737000000000293e-05
3.875815000000000092e-05
3.883266000000000235e-05
3.890716000000000308e-05
3.897795000000000177e-05
3.904872999999999976e-05
3.911950999999999775e-05
3.919029000000000252e-05
3.926107000000000051e-05
3.932812000000000184e-05
3.939517999999999709e-05
3.946222999999999842e-05
3.952555999999999702e-05
3.959261999999999905e-05
3.965967000000000038e-05
3.972673000000000241e-05
3.979377999999999697e-05
3.986083999999999900e-05
3.992789000000000033e-05
3.999495000000000236e-05
4.006199999999999692e-05
4.013279000000000239e-05
4.020357000000000038e-05
4.027807000000000110e-05
4.034884999999999909e-05
4.042336000000000052e-05
4.049786000000000125e-05
4.056863999999999924e-05
4.064315000000000066e-05
4.071766000000000209e-05
4.078844000000000008e-05
4.086294000000000081e-05
4.093371999999999880e-05
4.100078000000000083e-05
4.106410999999999942e-05
4.112743999999999802e-05
4.118703999999999996e-05
4.123920000000000320e-05
4.129134999999999896e-05
4.133977999999999877e-05
4.138448000000000192e-05
4.142173999999999959e-05
4.145525999999999991e-05
4.148879000000000092e-05
4.151858999999999850e-05
4.154467000000000012e-05
4.156701999999999831e-05
4.158565000000000053e-05
4.160799999999999872e-05
4.161918000000000155e-05
4.163408000000000034e-05
4.164525000000000247e-05
4.165270000000000187e-05
4.166387999999999792e-05
4.167132999999999731e-05
4.167132999999999731e-05
4.167877999999999671e-05
4.167877999999999671e-05
4.168251000000000014e-05
4.168995999999999954e-05
4.168995999999999954e-05
4.169740999999999893e-05
4.170113000000000167e-05
4.170485999999999833e-05
