5.117827000000000221e-05
5.117827000000000221e-05
5.118572000000000161e-05
5.119317000000000100e-05
5.119317000000000100e-05
5.120062000000000040e-05
5.120062000000000040e-05
5.120062000000000040e-05
5.118572000000000161e-05
5.117827000000000221e-05
5.116336999999999665e-05
5.114101999999999846e-05
5.111122000000000088e-05
5.108141000000000260e-05
5.103670999999999945e-05
5.098455999999999691e-05
5.093240000000000045e-05
5.087279999999999851e-05
5.080574000000000326e-05
5.073869000000000193e-05
5.066418000000000050e-05
5.058221999999999968e-05
5.049282000000000016e-05
5.041085999999999934e-05
5.031399999999999973e-05
5.020970000000000142e-05
5.010539000000000242e-05
5.000107999999999663e-05
4.989676999999999763e-05
4.977755999999999983e-05
4.966580000000000143e-05
4.955404000000000303e-05
4.943483999999999915e-05
4.931563000000000136e-05
4.919641999999999678e-05
4.906975999999999959e-05
4.894310000000000240e-05
4.881643999999999843e-05
4.868978000000000124e-05
4.856311999999999727e-05
4.843646000000000008e-05
4.830234999999999672e-05
4.817568999999999953e-05
4.804158000000000294e-05
4.790746999999999958e-05
4.777336000000000299e-05
4.763178999999999954e-05
4.749768000000000295e-05
4.737101999999999898e-05
4.723691000000000239e-05
4.711024999999999843e-05
4.698359000000000124e-05
4.685692999999999727e-05
4.672282000000000068e-05
4.659615999999999671e-05
4.646949999999999952e-05
4.634284000000000233e-05
4.621617999999999836e-05
4.609697000000000057e-05
4.597031999999999730e-05
4.584366000000000011e-05
4.572445000000000231e-05
4.559778999999999834e-05
4.547113000000000115e-05
4.535192000000000335e-05
4.522525999999999939e-05
4.510605000000000159e-05
4.497938999999999762e-05
4.485273000000000043e-05
4.472607000000000324e-05
4.459940999999999927e-05
4.446530000000000268e-05
4.433118999999999932e-05
4.420453000000000213e-05
4.406296999999999937e-05
4.392886000000000279e-05
4.377983999999999993e-05
4.363827999999999718e-05
4.349672000000000119e-05
4.334770999999999904e-05
4.320615000000000306e-05
4.306459000000000030e-05
4.292302999999999754e-05
4.278147000000000156e-05
4.263990999999999880e-05
4.250580000000000222e-05
4.236422999999999876e-05
4.223757000000000157e-05
4.210345999999999821e-05
4.196935000000000162e-05
4.183523999999999826e-05
4.170113000000000167e-05
4.156701999999999831e-05
4.143291000000000172e-05
4.130624999999999775e-05
4.117214000000000117e-05
4.104547999999999720e-05
4.091882000000000001e-05
4.079216000000000282e-05
4.066549999999999885e-05
4.053884000000000166e-05
4.040472999999999829e-05
4.027807000000000110e-05
4.015140999999999713e-05
4.002474999999999994e-05
3.989809000000000275e-05
3.977142999999999878e-05
3.964477000000000159e-05
3.951810999999999762e-05
3.939145000000000043e-05
3.926479000000000324e-05
3.914557999999999867e-05
3.901892000000000148e-05
3.889970999999999691e-05
3.877304999999999971e-05
3.864639000000000252e-05
3.852718999999999865e-05
3.840053000000000146e-05
3.827386999999999749e-05
3.815465999999999969e-05
3.803545000000000190e-05
3.790878999999999793e-05
3.778958000000000013e-05
3.767037000000000234e-05
3.755115999999999776e-05
3.742450000000000057e-05
3.730529000000000278e-05
3.718607999999999820e-05
3.705942000000000101e-05
3.694021000000000321e-05
3.681354999999999925e-05
3.669434000000000145e-05
3.657512999999999688e-05
3.645591999999999908e-05
3.634416000000000068e-05
3.622495999999999681e-05
3.610574999999999901e-05
3.599399000000000061e-05
3.588223000000000221e-05
3.577046999999999703e-05
3.565125999999999923e-05
3.553950000000000083e-05
3.542774000000000243e-05
3.530852999999999786e-05
3.519678000000000016e-05
3.508502000000000175e-05
3.496580999999999718e-05
3.484659999999999939e-05
3.473484000000000098e-05
3.463053000000000198e-05
3.451131999999999740e-05
3.439210999999999961e-05
3.428035000000000121e-05
3.416113999999999663e-05
3.404938999999999893e-05
3.393018000000000114e-05
3.381097000000000334e-05
3.369175999999999877e-05
3.356510000000000158e-05
3.344588999999999700e-05
3.332667999999999921e-05
3.321492000000000080e-05
3.309571000000000301e-05
3.298394999999999783e-05
3.286474000000000003e-05
3.274553000000000224e-05
3.264122999999999715e-05
3.252946999999999875e-05
3.241771000000000035e-05
3.230595000000000195e-05
3.219418999999999677e-05
3.208242999999999837e-05
3.197066999999999997e-05
3.185146000000000217e-05
3.173225999999999830e-05
3.162049999999999990e-05
3.150874000000000150e-05
3.139698000000000310e-05
3.128521999999999792e-05
3.117345999999999952e-05
3.106170000000000112e-05
3.094994000000000271e-05
3.083818999999999824e-05
3.072642999999999983e-05
3.060722000000000204e-05
3.049533999999999863e-05
3.038358000000000023e-05
3.027182999999999914e-05
3.015262000000000134e-05
3.004085999999999955e-05
2.992910000000000115e-05
2.981733999999999936e-05
2.970558000000000096e-05
2.959381999999999917e-05
2.948951000000000016e-05
2.938520999999999847e-05
2.926600000000000067e-05
2.916169000000000167e-05
2.905737999999999927e-05
2.894562000000000087e-05
2.884130999999999848e-05
2.872956000000000077e-05
2.862524999999999838e-05
2.851348999999999998e-05
2.840918000000000097e-05
2.829741999999999918e-05
2.818566000000000078e-05
2.808134999999999839e-05
2.797705000000000008e-05
2.786529000000000168e-05
2.775352999999999989e-05
2.764177000000000149e-05
2.753745999999999909e-05
2.741825000000000130e-05
2.731393999999999890e-05
2.720219000000000120e-05
2.709787999999999880e-05
2.698612000000000040e-05
2.687435999999999861e-05
2.677004999999999961e-05
2.665829000000000121e-05
2.655398999999999951e-05
2.644968000000000050e-05
2.634537000000000150e-05
2.623360999999999971e-05
2.612185000000000131e-05
2.601753999999999891e-05
2.590579000000000121e-05
2.580147999999999882e-05
2.569716999999999981e-05
2.558541000000000141e-05
2.548854999999999841e-05
2.538423999999999940e-05
2.527994000000000110e-05
2.518308000000000148e-05
2.507876999999999909e-05
2.497446000000000008e-05
2.487761000000000117e-05
2.476584999999999938e-05
2.466898999999999977e-05
2.456468000000000076e-05
2.446036999999999837e-05
2.435605999999999936e-05
2.425176000000000106e-05
2.416235000000000084e-05
2.406549000000000123e-05
2.396117999999999884e-05
2.387177999999999932e-05
2.376747000000000031e-05
2.367061000000000070e-05
2.356629999999999831e-05
2.346944999999999939e-05
2.336514000000000039e-05
2.326828000000000078e-05
2.317142000000000117e-05
2.306710999999999877e-05
2.297025999999999986e-05
2.286595000000000085e-05
2.276909000000000124e-05
2.267223000000000163e-05
2.257537999999999933e-05
2.247851999999999972e-05
2.238910999999999950e-05
2.229224999999999989e-05
2.220285000000000037e-05
2.211344000000000016e-05
2.203147999999999934e-05
2.193463000000000042e-05
2.184522000000000021e-05
2.176325999999999939e-05
2.167385999999999987e-05
2.159189999999999905e-05
2.150248999999999883e-05
2.141308999999999932e-05
2.133112999999999849e-05
2.124172000000000167e-05
2.115231000000000145e-05
2.107036000000000133e-05
2.098840000000000051e-05
2.090645000000000039e-05
2.082448999999999956e-05
2.074998000000000153e-05
2.066803000000000140e-05
2.059351999999999998e-05
2.051901999999999925e-05
2.044451000000000121e-05
2.036999999999999979e-05
2.030294999999999846e-05
2.022844000000000042e-05
2.015393999999999969e-05
2.007943000000000165e-05
2.001238000000000032e-05
1.994532000000000168e-05
1.987081000000000025e-05
1.980375999999999892e-05
1.973670000000000028e-05
1.966219999999999955e-05
1.959514000000000091e-05
1.952808999999999958e-05
1.945358000000000154e-05
1.938653000000000021e-05
1.931947000000000156e-05
1.925242000000000023e-05
1.918536000000000159e-05
1.912575999999999965e-05
1.905870000000000101e-05
1.899909999999999907e-05
1.893948999999999982e-05
1.887989000000000128e-05
1.882027999999999864e-05
1.876812999999999949e-05
1.871596999999999963e-05
1.866382000000000048e-05
1.861167000000000133e-05
1.855205999999999869e-05
1.849990999999999954e-05
1.845519999999999908e-05
1.840304999999999993e-05
1.835835000000000017e-05
1.830619000000000031e-05
1.825404000000000116e-05
1.820934000000000140e-05
1.816463000000000094e-05
1.811247999999999840e-05
1.806777000000000133e-05
1.802307000000000158e-05
1.798582000000000121e-05
1.793366000000000136e-05
1.789641000000000100e-05
1.785916000000000063e-05
1.780700000000000078e-05
1.777719999999999981e-05
1.773250000000000005e-05
1.768778999999999959e-05
1.765053999999999923e-05
1.761328999999999887e-05
1.756858999999999911e-05
1.753133000000000143e-05
1.747917999999999889e-05
1.744192999999999853e-05
1.739722000000000146e-05
1.735251999999999831e-05
1.729290999999999907e-05
1.724820999999999931e-05
1.719606000000000015e-05
1.714390000000000030e-05
1.709175000000000115e-05
1.703213999999999851e-05
1.697998999999999936e-05
1.692784000000000020e-05
1.687568000000000035e-05
1.683098000000000059e-05
1.677882000000000074e-05
1.672667000000000159e-05
1.667451999999999905e-05
1.662980999999999859e-05
1.657765999999999943e-05
1.652549999999999958e-05
1.647335000000000043e-05
1.642865000000000067e-05
1.638394000000000021e-05
1.633924000000000045e-05
1.628709000000000130e-05
1.624238000000000084e-05
1.619768000000000108e-05
1.614552000000000123e-05
1.609336999999999869e-05
1.603377000000000014e-05
1.598161000000000029e-05
1.592200999999999835e-05
1.586239999999999910e-05
1.580280000000000055e-05
1.574319000000000131e-05
1.568358999999999937e-05
1.561653000000000073e-05
1.555692999999999879e-05
1.549731999999999954e-05
1.543027000000000160e-05
1.536320999999999957e-05
1.529616000000000162e-05
1.522904000000000048e-05
1.516199000000000084e-05
1.508747999999999941e-05
1.501298000000000038e-05
1.494592000000000004e-05
1.487141999999999932e-05
1.480436000000000067e-05
1.472985999999999995e-05
1.465535000000000022e-05
1.457338999999999939e-05
1.449889000000000036e-05
1.443183000000000002e-05
1.434987999999999990e-05
1.426792000000000078e-05
1.418595999999999995e-05
1.411145999999999923e-05
1.402950000000000010e-05
1.394754999999999998e-05
1.386558999999999916e-05
1.378363000000000003e-05
1.369423000000000051e-05
1.361226999999999969e-05
1.353031000000000057e-05
1.344090999999999935e-05
1.335895000000000023e-05
1.327698999999999941e-05
1.318758999999999989e-05
1.310563000000000076e-05
1.301622000000000055e-05
1.292681999999999933e-05
1.284486000000000021e-05
1.274800000000000060e-05
1.265859000000000038e-05
1.256918999999999917e-05
1.247232999999999956e-05
1.238291999999999934e-05
1.229351999999999982e-05
1.220410999999999961e-05
1.211469999999999939e-05
1.203274999999999927e-05
1.194334000000000075e-05
1.185393000000000053e-05
1.176452000000000032e-05
1.167512000000000080e-05
1.158571000000000058e-05
1.149630000000000037e-05
1.140689999999999916e-05
1.131749000000000063e-05
1.122808000000000042e-05
1.114613000000000030e-05
1.104927000000000068e-05
1.095986000000000047e-05
1.087045999999999926e-05
1.078105000000000073e-05
1.069908999999999991e-05
1.060967999999999970e-05
1.051283000000000079e-05
1.042342000000000057e-05
1.032655999999999926e-05
1.023715999999999975e-05
1.014774999999999953e-05
1.005833999999999931e-05
9.961484000000000660e-06
9.872077000000000315e-06
9.775220000000000575e-06
9.685813000000000230e-06
9.588954999999999403e-06
9.499548000000000752e-06
9.402690999999999317e-06
9.305833000000000185e-06
9.216425999999999839e-06
9.127018999999999494e-06
9.037612000000000843e-06
8.948205999999999890e-06
8.858798999999999545e-06
8.769391999999999200e-06
8.679985000000000548e-06
8.598027999999999598e-06
8.508620999999999253e-06
8.419214000000000602e-06
8.337258000000000738e-06
8.247851000000000393e-06
8.165895000000000529e-06
8.083937999999999579e-06
7.994530999999999233e-06
7.912574999999999370e-06
7.823168000000000718e-06
7.733761000000000373e-06
7.659254999999999904e-06
7.562367999999999760e-06
7.472961000000000261e-06
7.391005000000000398e-06
7.294147999999999810e-06
7.212190999999999707e-06
7.122784000000000209e-06
7.025926999999999622e-06
6.943970000000000365e-06
6.847112999999999778e-06
6.765155999999999675e-06
6.675749000000000177e-06
6.586341999999999831e-06
6.504385999999999968e-06
6.414978999999999622e-06
6.333022999999999759e-06
6.243616000000000260e-06
6.161659000000000157e-06
6.079703000000000293e-06
5.997746000000000190e-06
5.908340000000000084e-06
5.826382999999999981e-06
5.751877000000000359e-06
5.669920999999999649e-06
5.587964999999999785e-06
5.506007999999999682e-06
5.431502000000000060e-06
5.356996999999999830e-06
5.275039999999999727e-06
5.200534000000000106e-06
5.126028999999999876e-06
5.051523000000000254e-06
4.977016999999999786e-06
4.902511000000000164e-06
4.828004999999999695e-06
4.760949999999999708e-06
4.686444000000000086e-06
4.619389000000000099e-06
4.552334000000000111e-06
4.485279000000000124e-06
4.418222999999999897e-06
4.343717999999999668e-06
4.276662000000000288e-06
4.209607000000000301e-06
4.150001999999999709e-06
4.082946999999999721e-06
4.008441000000000100e-06
3.941386000000000112e-06
3.874331000000000125e-06
3.807260999999999935e-06
3.740205999999999948e-06
3.680601000000000203e-06
3.613545999999999792e-06
3.546490999999999804e-06
3.479435999999999817e-06
3.419831000000000072e-06
3.352776000000000084e-06
3.293170999999999916e-06
3.226115999999999928e-06
3.166511000000000183e-06
3.099456000000000196e-06
3.039851000000000027e-06
2.980247000000000098e-06
2.920641999999999929e-06
2.861037999999999999e-06
2.808883000000000073e-06
2.756728999999999962e-06
2.704574999999999851e-06
2.652421000000000164e-06
2.592816999999999811e-06
2.548112999999999942e-06
2.495958999999999831e-06
2.451256000000000202e-06
2.399102000000000091e-06
2.339496999999999922e-06
2.287342999999999811e-06
2.242638999999999942e-06
2.183035000000000013e-06
2.130880999999999902e-06
2.078726999999999791e-06
2.026571999999999864e-06
1.966967999999999935e-06
1.914813999999999824e-06
1.862651999999999916e-06
1.817949000000000075e-06
1.765794999999999964e-06
1.706190000000000007e-06
1.661486999999999954e-06
1.609333000000000055e-06
1.564628999999999974e-06
1.519925999999999921e-06
1.460320999999999964e-06
1.415617999999999911e-06
1.363464000000000012e-06
1.311309000000000086e-06
1.266606000000000033e-06
1.214451999999999922e-06
1.162298000000000023e-06
1.117593999999999942e-06
1.072891000000000101e-06
1.020736999999999990e-06
9.760332999999999391e-07
9.313262000000000482e-07
8.866226999999999815e-07
8.419192000000000206e-07
7.972157999999999990e-07
7.599629000000000215e-07
7.152593999999999547e-07
6.780064999999999772e-07
6.333030000000000164e-07
5.960501000000000388e-07
5.587971999999999554e-07
5.140936999999999946e-07
4.768408000000000171e-07
4.395861000000000216e-07
3.948826000000000078e-07
3.576296999999999774e-07
3.129262000000000165e-07
2.756732999999999860e-07
2.384204000000000085e-07
1.937160000000000122e-07
1.564631000000000083e-07
1.192102000000000043e-07
7.450625999999999579e-08
3.725312999999999789e-08
0.000000000000000000e+00
-4.470371000000000134e-08
-7.450625999999999579e-08
-1.192102000000000043e-07
-1.564631000000000083e-07
-1.937160000000000122e-07
-2.384204000000000085e-07
-2.831239000000000223e-07
-3.203767999999999999e-07
-3.576296999999999774e-07
-3.948826000000000078e-07
-4.321354999999999853e-07
-4.693884000000000158e-07
-5.066431000000000112e-07
-5.364454000000000054e-07
-5.736982999999999829e-07
-6.035007000000000222e-07
-6.333030000000000164e-07
-6.631053000000000105e-07
-6.929076000000000047e-07
-7.152593999999999547e-07
-7.450616999999999489e-07
-7.674133999999999597e-07
-7.897652000000000156e-07
-8.195675000000000098e-07
-8.344686999999999765e-07
-8.642709999999999707e-07
-8.866226999999999815e-07
-9.089745000000000374e-07
-9.313262000000000482e-07
-9.536816000000000341e-07
-9.760332999999999391e-07
-1.005835999999999902e-06
-1.028187000000000020e-06
-1.050538999999999955e-06
-1.080340999999999920e-06
-1.102693000000000066e-06
-1.132496000000000058e-06
-1.154846999999999965e-06
-1.184649999999999957e-06
-1.207001000000000076e-06
-1.236804000000000068e-06
-1.266606000000000033e-06
-1.296407999999999997e-06
-1.326210999999999990e-06
-1.341112000000000078e-06
-1.378365000000000101e-06
-1.400716000000000007e-06
-1.423067999999999942e-06
-1.445420000000000088e-06
-1.467772000000000022e-06
-1.497573999999999987e-06
-1.519925999999999921e-06
-1.542277000000000040e-06
-1.572080000000000032e-06
-1.594431999999999967e-06
-1.624233999999999931e-06
-1.654035999999999896e-06
-1.683838000000000073e-06
-1.713641000000000065e-06
-1.750894000000000088e-06
-1.780696000000000052e-06
-1.810498000000000017e-06
-1.840301000000000009e-06
-1.870102999999999974e-06
-1.899904999999999939e-06
-1.922264000000000066e-06
-1.944616000000000001e-06
-1.966967999999999935e-06
-1.989319999999999869e-06
-2.019122000000000046e-06
-2.034022999999999922e-06
-2.063825000000000099e-06
-2.093628000000000091e-06
-2.108528999999999968e-06
-2.138331000000000144e-06
-2.160683000000000079e-06
-2.197935999999999889e-06
-2.220287999999999824e-06
-2.250090000000000000e-06
-2.287342999999999811e-06
-2.317144999999999988e-06
-2.354397999999999798e-06
-2.391651000000000033e-06
-2.421453000000000209e-06
-2.458706000000000020e-06
-2.495958999999999831e-06
-2.533212000000000065e-06
-2.570464999999999876e-06
-2.600267000000000053e-06
-2.644970999999999922e-06
-2.674773000000000098e-06
-2.712025999999999909e-06
-2.749279000000000143e-06
-2.786531999999999954e-06
-2.816334000000000131e-06
-2.853586999999999941e-06
-2.890840000000000176e-06
-2.928092999999999987e-06
-2.972796000000000040e-06
-3.010048999999999851e-06
-3.047302000000000085e-06
-3.092005000000000138e-06
-3.129257999999999949e-06
-3.173961999999999818e-06
-3.203763999999999994e-06
-3.241016999999999805e-06
-3.285721000000000097e-06
-3.322973000000000092e-06
-3.367676999999999961e-06
-3.412380000000000014e-06
-3.449632999999999825e-06
-3.486886000000000059e-06
-3.539040000000000170e-06
-3.576292999999999981e-06
-3.620996999999999850e-06
-3.665699999999999903e-06
-3.710404000000000195e-06
-3.755106999999999824e-06
-3.807260999999999935e-06
-3.851978999999999767e-06
-3.896682999999999636e-06
-3.941386000000000112e-06
-3.993540000000000223e-06
-4.045694000000000334e-06
-4.090398000000000203e-06
-4.142552000000000314e-06
-4.187254999999999943e-06
-4.239409000000000054e-06
-4.291564000000000404e-06
-4.336267000000000033e-06
-4.388421000000000144e-06
-4.440575000000000255e-06
-4.485279000000000124e-06
-4.529981999999999753e-06
-4.574685999999999622e-06
-4.626839999999999733e-06
-4.671543000000000210e-06
-4.716247000000000078e-06
-4.760949999999999708e-06
-4.813103999999999819e-06
-4.857807999999999687e-06
-4.902511000000000164e-06
-4.947215000000000033e-06
-4.999369000000000143e-06
-5.051523000000000254e-06
-5.096225999999999884e-06
-5.140929999999999753e-06
-5.193083999999999863e-06
-5.237787000000000340e-06
-5.289940999999999604e-06
-5.334645000000000320e-06
-5.386798999999999583e-06
-5.431502000000000060e-06
-5.476205999999999929e-06
-5.520909000000000405e-06
-5.573062999999999669e-06
-5.625216999999999780e-06
-5.669920999999999649e-06
-5.722074999999999759e-06
-5.766778000000000236e-06
-5.826382999999999981e-06
-5.871086999999999850e-06
-5.923240999999999961e-06
-5.967943999999999590e-06
-6.020097999999999701e-06
-6.064802000000000417e-06
-6.116955999999999681e-06
-6.161659000000000157e-06
-6.213813000000000268e-06
-6.258517000000000137e-06
-6.303219999999999766e-06
-6.347923999999999635e-06
-6.400077999999999746e-06
-6.444781000000000222e-06
-6.482033999999999610e-06
-6.526738000000000326e-06
-6.578891999999999589e-06
-6.623595000000000066e-06
-6.660848000000000300e-06
-6.713002000000000411e-06
-6.750254999999999798e-06
-6.787508000000000033e-06
-6.832211999999999902e-06
-6.876915000000000378e-06
-6.914167999999999765e-06
-6.958871000000000242e-06
-6.996123999999999629e-06
-7.040828000000000345e-06
-7.085530999999999974e-06
-7.130234999999999843e-06
-7.167488000000000078e-06
-7.212190999999999707e-06
-7.249443999999999941e-06
-7.286697000000000176e-06
-7.331399999999999805e-06
-7.368653000000000040e-06
-7.413356999999999908e-06
-7.450610000000000143e-06
-7.487863000000000377e-06
-7.532566000000000007e-06
-7.569819000000000241e-06
-7.607071999999999628e-06
-7.651803999999999423e-06
-7.689056999999999657e-06
-7.726309999999999892e-06
-7.771014000000000608e-06
-7.808267000000000842e-06
-7.852970000000000471e-06
-7.897673999999999493e-06
-7.942377000000000817e-06
-7.987080999999999838e-06
-8.039234999999999949e-06
-8.083937999999999579e-06
-8.136091999999999690e-06
-8.188245999999999800e-06
-8.240399999999999911e-06
-8.300005000000000504e-06
-8.352159000000000614e-06
-8.404313000000000725e-06
-8.456467000000000836e-06
-8.508620999999999253e-06
-8.560774999999999364e-06
-8.620379999999999956e-06
-8.672534000000000067e-06
-8.724688000000000178e-06
-8.776842000000000289e-06
-8.828996000000000400e-06
-8.873699999999999421e-06
-8.933304000000000621e-06
-8.978007999999999643e-06
-9.022710999999999272e-06
-9.067414999999999988e-06
-9.119569000000000099e-06
-9.164271999999999729e-06
-9.201524999999999963e-06
-9.253679000000000074e-06
-9.290932000000000308e-06
-9.328185000000000543e-06
-9.380339000000000653e-06
-9.417591999999999194e-06
-9.462295999999999910e-06
-9.506998999999999539e-06
-9.551703000000000255e-06
-9.588954999999999403e-06
-9.633659000000000119e-06
-9.678361999999999748e-06
-9.715614999999999982e-06
-9.760319000000000698e-06
-9.805022000000000328e-06
-9.842275000000000562e-06
-9.886978999999999584e-06
-9.931681999999999213e-06
-9.976385999999999929e-06
-1.002109000000000064e-05
-1.006579000000000040e-05
-1.011049999999999917e-05
-1.015520000000000062e-05
-1.019990000000000038e-05
-1.024461000000000084e-05
-1.028931000000000059e-05
-1.032655999999999926e-05
-1.037872000000000081e-05
-1.042342000000000057e-05
-1.046812000000000033e-05
-1.051283000000000079e-05
-1.055753000000000054e-05
-1.060223000000000030e-05
-1.064694000000000076e-05
-1.069164000000000052e-05
-1.073634000000000028e-05
-1.078105000000000073e-05
-1.083319999999999989e-05
-1.087791000000000035e-05
-1.092261000000000010e-05
-1.096730999999999986e-05
-1.102692000000000080e-05
-1.107162000000000056e-05
-1.112378000000000042e-05
-1.116848000000000017e-05
-1.122062999999999933e-05
-1.127278999999999918e-05
-1.131749000000000063e-05
-1.136219000000000039e-05
-1.141435000000000024e-05
-1.146649999999999940e-05
-1.151120999999999986e-05
-1.155590999999999961e-05
-1.160806000000000046e-05
-1.166022000000000031e-05
-1.170492000000000007e-05
-1.174961999999999983e-05
-1.180177999999999968e-05
-1.184647999999999944e-05
-1.189863999999999930e-05
-1.194334000000000075e-05
-1.198804000000000051e-05
-1.204020000000000036e-05
-1.209234999999999951e-05
-1.213704999999999927e-05
-1.218175999999999973e-05
-1.222645999999999949e-05
-1.227115999999999925e-05
-1.231586999999999970e-05
-1.236056999999999946e-05
-1.240526999999999922e-05
-1.244997999999999968e-05
-1.248723000000000004e-05
-1.253192999999999980e-05
-1.257664000000000026e-05
-1.261389000000000062e-05
-1.265859000000000038e-05
-1.269584999999999975e-05
-1.273310000000000011e-05
-1.277779999999999987e-05
-1.281505999999999924e-05
-1.285976000000000069e-05
-1.289700999999999936e-05
-1.293427000000000042e-05
-1.297152000000000079e-05
-1.300876999999999946e-05
-1.305347999999999991e-05
-1.308327999999999919e-05
-1.311308000000000016e-05
-1.315777999999999992e-05
-1.318758999999999989e-05
-1.321738999999999916e-05
-1.324719000000000013e-05
-1.328444000000000049e-05
-1.330679999999999938e-05
-1.334404999999999974e-05
-1.337385000000000071e-05
-1.341109999999999938e-05
-1.344836000000000044e-05
-1.348561000000000081e-05
-1.351541000000000008e-05
-1.355266000000000044e-05
-1.358991999999999981e-05
-1.361972000000000078e-05
-1.365696999999999945e-05
-1.368677000000000042e-05
-1.373147999999999918e-05
-1.376128000000000015e-05
-1.380597999999999991e-05
-1.383578999999999988e-05
-1.387304000000000025e-05
-1.390283999999999952e-05
-1.394008999999999988e-05
-1.396989999999999986e-05
-1.399970000000000083e-05
-1.402950000000000010e-05
-1.406675000000000046e-05
-1.409656000000000044e-05
-1.412635999999999971e-05
-1.415616000000000068e-05
-1.419340999999999935e-05
-1.421576999999999993e-05
-1.424556999999999920e-05
-1.427537000000000017e-05
-1.430516999999999944e-05
-1.433497999999999942e-05
-1.437222999999999978e-05
-1.439457999999999966e-05
-1.443183000000000002e-05
-1.446164000000000000e-05
-1.449143999999999927e-05
-1.452124000000000024e-05
-1.455103999999999952e-05
-1.457338999999999939e-05
-1.460319999999999937e-05
-1.463300000000000034e-05
-1.466279999999999961e-05
-1.470004999999999997e-05
-1.472985999999999995e-05
-1.475965999999999922e-05
-1.479690999999999959e-05
-1.482671000000000055e-05
-1.486396999999999992e-05
-1.489376999999999920e-05
-1.493101999999999956e-05
-1.495336999999999944e-05
-1.499063000000000050e-05
-1.502042999999999978e-05
-1.505023000000000074e-05
-1.508003000000000002e-05
-1.510983999999999999e-05
-1.513963999999999927e-05
-1.517688999999999963e-05
-1.520669000000000060e-05
-1.524394999999999997e-05
-1.526636000000000066e-05
-1.530361000000000102e-05
-1.533340999999999860e-05
-1.537065999999999896e-05
-1.540047000000000063e-05
-1.543772000000000099e-05
-1.546751999999999857e-05
-1.550476999999999894e-05
-1.553458000000000060e-05
-1.557183000000000097e-05
-1.560162999999999855e-05
-1.563888999999999961e-05
-1.566869000000000058e-05
-1.570594000000000094e-05
-1.573573999999999852e-05
-1.576553999999999949e-05
-1.579535000000000116e-05
-1.583260000000000152e-05
-1.586239999999999910e-05
-1.589966000000000017e-05
-1.592200999999999835e-05
-1.595925999999999871e-05
-1.598905999999999968e-05
-1.602632000000000075e-05
-1.605611999999999833e-05
-1.608591999999999929e-05
-1.612316999999999966e-05
-1.615298000000000132e-05
-1.618277999999999890e-05
-1.622002999999999927e-05
-1.625727999999999963e-05
-1.628709000000000130e-05
-1.632434000000000166e-05
-1.635413999999999924e-05
-1.639138999999999961e-05
-1.642120000000000127e-05
-1.645845000000000164e-05
-1.649569999999999861e-05
-1.653294999999999898e-05
-1.657021000000000004e-05
-1.660001000000000101e-05
-1.664471000000000077e-05
-1.668196999999999844e-05
-1.671921999999999880e-05
-1.675646999999999917e-05
-1.679373000000000023e-05
-1.683098000000000059e-05
-1.686823000000000096e-05
-1.691293000000000071e-05
-1.694273999999999899e-05
-1.697998999999999936e-05
-1.701723999999999972e-05
-1.705450000000000078e-05
-1.709175000000000115e-05
-1.712900000000000151e-05
-1.716624999999999849e-05
-1.720350999999999955e-05
-1.724075999999999991e-05
-1.728545999999999967e-05
-1.732272000000000073e-05
-1.735997000000000110e-05
-1.739722000000000146e-05
-1.742701999999999904e-05
-1.747172999999999950e-05
-1.750897999999999986e-05
-1.754623000000000022e-05
-1.759094000000000068e-05
-1.762819000000000105e-05
-1.767289000000000080e-05
-1.771760000000000126e-05
-1.775485000000000163e-05
-1.779955000000000138e-05
-1.784425999999999845e-05
-1.788150999999999882e-05
-1.792620999999999858e-05
-1.797091999999999903e-05
-1.801561999999999879e-05
-1.806777000000000133e-05
-1.811993000000000119e-05
-1.816463000000000094e-05
-1.820188000000000131e-05
-1.824658999999999838e-05
-1.829874000000000092e-05
-1.833599999999999859e-05
-1.837324999999999896e-05
-1.841794999999999872e-05
-1.846265999999999917e-05
-1.850735999999999893e-05
-1.855951000000000147e-05
-1.860421999999999854e-05
-1.864892000000000169e-05
-1.870107000000000084e-05
-1.875323000000000070e-05
-1.880537999999999985e-05
-1.886498999999999910e-05
-1.891714000000000164e-05
-1.896929000000000079e-05
-1.902145000000000065e-05
-1.906615000000000040e-05
-1.911831000000000026e-05
-1.916301000000000002e-05
-1.921515999999999917e-05
-1.925986999999999963e-05
-1.931201999999999878e-05
-1.936417999999999863e-05
-1.942378000000000057e-05
-1.947592999999999972e-05
-1.953553999999999897e-05
-1.959514000000000091e-05
-1.965475000000000016e-05
-1.972180000000000149e-05
-1.978141000000000074e-05
-1.984100999999999928e-05
-1.989316999999999914e-05
-1.995277000000000107e-05
-2.001238000000000032e-05
-2.006452999999999947e-05
-2.011667999999999863e-05
-2.017629000000000126e-05
-2.023588999999999981e-05
-2.029549999999999906e-05
-2.034765000000000160e-05
-2.040726000000000085e-05
-2.046685999999999940e-05
-2.052646999999999865e-05
-2.058607000000000058e-05
-2.065312999999999923e-05
-2.070527999999999838e-05
-2.075743000000000092e-05
-2.080214000000000138e-05
-2.084684000000000114e-05
-2.089899000000000029e-05
-2.093625000000000135e-05
-2.098095000000000111e-05
-2.102565000000000087e-05
-2.107036000000000133e-05
-2.110761000000000169e-05
-2.115977000000000155e-05
-2.121192000000000070e-05
-2.127151999999999925e-05
-2.132367999999999910e-05
-2.138328000000000104e-05
-2.143544000000000089e-05
-2.148759000000000004e-05
-2.153973999999999920e-05
-2.159934999999999844e-05
-2.165150000000000099e-05
-2.169621000000000144e-05
-2.175580999999999999e-05
-2.180796999999999985e-05
-2.186011999999999900e-05
-2.191972000000000094e-05
-2.197188000000000079e-05
-2.202402999999999994e-05
-2.207618999999999979e-05
-2.212088999999999955e-05
-2.217303999999999871e-05
-2.222519999999999856e-05
-2.227735000000000110e-05
-2.232951000000000095e-05
-2.238910999999999950e-05
-2.244126999999999936e-05
-2.249341999999999851e-05
-2.254557000000000105e-05
-2.259773000000000090e-05
-2.264243000000000066e-05
-2.269457999999999981e-05
-2.274673999999999967e-05
-2.280634000000000160e-05
-2.285850000000000146e-05
-2.291065000000000061e-05
-2.297025999999999986e-05
-2.302240999999999901e-05
-2.307456000000000155e-05
-2.312672000000000141e-05
-2.318631999999999996e-05
-2.323847999999999981e-05
-2.328317999999999957e-05
-2.333532999999999872e-05
-2.338003999999999918e-05
-2.343218999999999833e-05
-2.347689999999999879e-05
-2.352905000000000133e-05
-2.358120000000000048e-05
-2.362591000000000094e-05
-2.368550999999999949e-05
-2.374511999999999874e-05
-2.379727000000000128e-05
-2.385688000000000053e-05
-2.391647999999999908e-05
-2.396863000000000162e-05
-2.402824000000000087e-05
-2.408039000000000002e-05
-2.413254999999999987e-05
-2.418469999999999903e-05
-2.422939999999999878e-05
-2.427410999999999924e-05
-2.431880999999999900e-05
-2.436350999999999876e-05
-2.440821999999999922e-05
-2.445291999999999898e-05
-2.450507999999999883e-05
-2.454232999999999919e-05
-2.458702999999999895e-05
-2.463918999999999880e-05
-2.469134000000000134e-05
-2.473604000000000110e-05
-2.478075000000000156e-05
-2.483290000000000071e-05
-2.487015000000000108e-05
-2.491486000000000154e-05
-2.495210999999999851e-05
-2.498935999999999887e-05
-2.502661999999999994e-05
-2.506387000000000030e-05
-2.509367000000000127e-05
-2.513837999999999834e-05
-2.516817999999999931e-05
-2.520542999999999967e-05
-2.524268000000000003e-05
-2.527248999999999831e-05
-2.531719000000000146e-05
-2.535443999999999843e-05
-2.539914999999999889e-05
-2.543639999999999926e-05
-2.547364999999999962e-05
-2.551834999999999938e-05
-2.554816000000000105e-05
-2.559286000000000080e-05
-2.563011000000000117e-05
-2.565991999999999945e-05
-2.570461999999999921e-05
-2.574186999999999957e-05
-2.577913000000000063e-05
-2.581638000000000099e-05
-2.585363000000000136e-05
-2.589087999999999833e-05
-2.592813999999999940e-05
-2.597283999999999915e-05
-2.600264000000000012e-05
-2.603244999999999840e-05
-2.607715000000000155e-05
-2.610694999999999913e-05
-2.614419999999999949e-05
-2.617401000000000116e-05
-2.621871000000000092e-05
-2.624850999999999850e-05
-2.628575999999999886e-05
-2.631557000000000053e-05
-2.635282000000000089e-05
-2.639007000000000126e-05
-2.641987999999999954e-05
-2.645712999999999990e-05
-2.648693000000000087e-05
-2.651672999999999845e-05
-2.654654000000000012e-05
-2.658379000000000048e-05
-2.661359000000000145e-05
-2.665083999999999842e-05
-2.667319000000000000e-05
-2.671045000000000106e-05
-2.674024999999999864e-05
-2.677004999999999961e-05
-2.679985000000000058e-05
-2.683711000000000164e-05
-2.685945999999999982e-05
-2.689671000000000019e-05
-2.691905999999999837e-05
-2.695631999999999944e-05
-2.698612000000000040e-05
-2.700846999999999859e-05
-2.704571999999999895e-05
-2.706808000000000122e-05
-2.710533000000000159e-05
-2.713512999999999917e-05
-2.717237999999999953e-05
-2.720219000000000120e-05
-2.723944000000000156e-05
-2.727668999999999854e-05
-2.730648999999999951e-05
-2.734375000000000057e-05
-2.737355000000000154e-05
-2.741825000000000130e-05
-2.744805999999999958e-05
-2.748530999999999994e-05
-2.751511000000000091e-05
-2.754490999999999849e-05
-2.757472000000000016e-05
-2.760452000000000112e-05
-2.763431999999999870e-05
-2.766411999999999967e-05
-2.769392000000000064e-05
-2.772372999999999892e-05
-2.774608000000000049e-05
-2.777588000000000146e-05
-2.779822999999999965e-05
-2.782058000000000122e-05
-2.784294000000000010e-05
-2.787274000000000107e-05
-2.788763999999999986e-05
-2.791744000000000083e-05
-2.793233999999999962e-05
-2.795469000000000119e-05
-2.797705000000000008e-05
-2.799940000000000165e-05
-2.802174999999999984e-05
-2.804410000000000141e-05
-2.806644999999999960e-05
-2.808880999999999848e-05
-2.811860999999999945e-05
-2.813351000000000163e-05
-2.816330999999999921e-05
-2.818566000000000078e-05
-2.820055999999999957e-05
-2.822291999999999846e-05
-2.824527000000000003e-05
-2.826016999999999882e-05
-2.827507000000000100e-05
-2.829741999999999918e-05
-2.831232000000000136e-05
-2.831977000000000076e-05
-2.833466999999999955e-05
-2.834957999999999903e-05
-2.836448000000000121e-05
-2.837938000000000000e-05
-2.839427999999999879e-05
-2.840918000000000097e-05
-2.843897999999999855e-05
-2.844643000000000133e-05
-2.846877999999999952e-05
-2.847623999999999961e-05
-2.849113999999999840e-05
-2.850604000000000058e-05
-2.851348999999999998e-05
-2.852838999999999877e-05
-2.854329000000000095e-05
-2.855818999999999974e-05
-2.856563999999999913e-05
-2.858054000000000131e-05
-2.858799000000000070e-05
-2.859544000000000010e-05
-2.860290000000000019e-05
-2.861779999999999898e-05
-2.862524999999999838e-05
-2.863270000000000116e-05
-2.864015000000000056e-05
-2.864759999999999995e-05
-2.866249999999999874e-05
-2.866995000000000153e-05
-2.867740000000000092e-05
-2.869229999999999971e-05
-2.870719999999999850e-05
-2.872210000000000068e-05
-2.874445999999999956e-05
-2.875935999999999835e-05
-2.877426000000000053e-05
-2.878915999999999932e-05
-2.881151000000000090e-05
-2.882640999999999969e-05
-2.883385999999999908e-05
-2.884876000000000126e-05
-2.885622000000000135e-05
-2.886367000000000075e-05
-2.886367000000000075e-05
-2.886367000000000075e-05
-2.886367000000000075e-05
-2.886367000000000075e-05
-2.886367000000000075e-05
-2.886367000000000075e-05
-2.886367000000000075e-05
-2.886367000000000075e-05
-2.887112000000000014e-05
-2.887112000000000014e-05
-2.887856999999999954e-05
-2.887856999999999954e-05
-2.888601999999999893e-05
-2.888601999999999893e-05
-2.888601999999999893e-05
-2.889346999999999833e-05
-2.889346999999999833e-05
-2.889346999999999833e-05
-2.889346999999999833e-05
-2.889346999999999833e-05
-2.888601999999999893e-05
-2.888601999999999893e-05
-2.888601999999999893e-05
-2.888601999999999893e-05
-2.888601999999999893e-05
-2.888601999999999893e-05
-2.888601999999999893e-05
-2.888601999999999893e-05
-2.890092000000000111e-05
-2.890837000000000051e-05
-2.892326999999999930e-05
-2.893071999999999869e-05
-2.893817000000000148e-05
-2.894562000000000087e-05
-2.894562000000000087e-05
-2.894562000000000087e-05
-2.894562000000000087e-05
-2.894562000000000087e-05
-2.894562000000000087e-05
-2.894562000000000087e-05
-2.893817000000000148e-05
-2.893817000000000148e-05
-2.893817000000000148e-05
-2.893071999999999869e-05
-2.893071999999999869e-05
-2.892326999999999930e-05
-2.892326999999999930e-05
-2.891581999999999990e-05
-2.890837000000000051e-05
-2.890837000000000051e-05
-2.890092000000000111e-05
-2.889346999999999833e-05
-2.889346999999999833e-05
-2.888601999999999893e-05
-2.888601999999999893e-05
-2.888601999999999893e-05
-2.888601999999999893e-05
-2.889346999999999833e-05
-2.889346999999999833e-05
-2.890092000000000111e-05
-2.890837000000000051e-05
-2.891581999999999990e-05
-2.891581999999999990e-05
-2.891581999999999990e-05
-2.892326999999999930e-05
-2.891581999999999990e-05
-2.891581999999999990e-05
-2.890837000000000051e-05
-2.890092000000000111e-05
-2.889346999999999833e-05
-2.888601999999999893e-05
-2.887112000000000014e-05
-2.886367000000000075e-05
-2.885622000000000135e-05
-2.884876000000000126e-05
-2.884876000000000126e-05
-2.884876000000000126e-05
-2.884876000000000126e-05
-2.884876000000000126e-05
-2.884876000000000126e-05
-2.884130999999999848e-05
-2.884130999999999848e-05
-2.884130999999999848e-05
-2.883385999999999908e-05
-2.882640999999999969e-05
-2.881896000000000029e-05
-2.881896000000000029e-05
-2.881896000000000029e-05
-2.881896000000000029e-05
-2.881151000000000090e-05
-2.881151000000000090e-05
-2.880406000000000150e-05
-2.880406000000000150e-05
-2.879660999999999872e-05
-2.879660999999999872e-05
-2.878915999999999932e-05
-2.877426000000000053e-05
-2.876681000000000114e-05
-2.875935999999999835e-05
-2.875190999999999896e-05
-2.873701000000000017e-05
-2.872210000000000068e-05
-2.871465000000000128e-05
-2.869974999999999911e-05
-2.869229999999999971e-05
-2.868485000000000032e-05
-2.866995000000000153e-05
-2.866249999999999874e-05
-2.865504999999999935e-05
-2.864015000000000056e-05
-2.863270000000000116e-05
-2.863270000000000116e-05
-2.863270000000000116e-05
-2.862524999999999838e-05
-2.861779999999999898e-05
-2.861034999999999959e-05
-2.861034999999999959e-05
-2.860290000000000019e-05
-2.859544000000000010e-05
-2.858799000000000070e-05
-2.858799000000000070e-05
-2.858054000000000131e-05
-2.857308999999999853e-05
-2.856563999999999913e-05
-2.856563999999999913e-05
-2.856563999999999913e-05
-2.855074000000000034e-05
-2.854329000000000095e-05
-2.854329000000000095e-05
-2.853584000000000155e-05
-2.852838999999999877e-05
-2.851348999999999998e-05
-2.850604000000000058e-05
-2.849859000000000119e-05
-2.849113999999999840e-05
-2.847623999999999961e-05
-2.846133000000000012e-05
-2.844643000000000133e-05
-2.843897999999999855e-05
-2.842407999999999976e-05
-2.840918000000000097e-05
-2.839427999999999879e-05
-2.837938000000000000e-05
-2.837938000000000000e-05
-2.836448000000000121e-05
-2.835702999999999843e-05
-2.834957999999999903e-05
-2.833466999999999955e-05
-2.832722000000000015e-05
-2.831977000000000076e-05
-2.831232000000000136e-05
-2.831232000000000136e-05
-2.830486999999999858e-05
-2.829741999999999918e-05
-2.828996999999999979e-05
-2.828252000000000039e-05
-2.826762000000000160e-05
-2.826016999999999882e-05
-2.825271999999999942e-05
-2.823782000000000063e-05
-2.823037000000000124e-05
-2.821546999999999906e-05
-2.820800999999999897e-05
-2.820055999999999957e-05
-2.819311000000000018e-05
-2.818566000000000078e-05
-2.818566000000000078e-05
-2.817821000000000139e-05
-2.817075999999999860e-05
-2.816330999999999921e-05
-2.816330999999999921e-05
-2.814841000000000042e-05
-2.814096000000000102e-05
-2.813351000000000163e-05
-2.812605999999999884e-05
-2.812605999999999884e-05
-2.811860999999999945e-05
-2.811116000000000005e-05
-2.810371000000000066e-05
-2.809626000000000126e-05
-2.808880999999999848e-05
-2.808134999999999839e-05
-2.806644999999999960e-05
-2.805900000000000020e-05
-2.805155000000000081e-05
-2.803664999999999863e-05
-2.802174999999999984e-05
-2.800685000000000105e-05
-2.799940000000000165e-05
-2.798449999999999947e-05
-2.797705000000000008e-05
-2.796215000000000129e-05
-2.795469000000000119e-05
-2.794723999999999841e-05
-2.793978999999999902e-05
-2.793233999999999962e-05
-2.793233999999999962e-05
-2.792489000000000023e-05
-2.791744000000000083e-05
-2.790999000000000144e-05
-2.790253999999999865e-05
-2.789508999999999926e-05
-2.788763999999999986e-05
-2.788019000000000047e-05
-2.787274000000000107e-05
-2.786529000000000168e-05
-2.785783999999999889e-05
-2.785038999999999950e-05
-2.784294000000000010e-05
-2.782803000000000061e-05
-2.781312999999999844e-05
-2.780567999999999904e-05
-2.779078000000000025e-05
-2.777588000000000146e-05
-2.776097999999999928e-05
-2.774608000000000049e-05
-2.773117999999999832e-05
-2.770883000000000013e-05
-2.768647000000000125e-05
-2.767901999999999846e-05
-2.766411999999999967e-05
-2.764177000000000149e-05
-2.762686999999999931e-05
-2.761941999999999991e-05
-2.761197000000000052e-05
-2.759706999999999834e-05
-2.758961999999999895e-05
-2.757472000000000016e-05
-2.755981000000000067e-05
-2.755236000000000127e-05
-2.754490999999999849e-05
-2.753745999999999909e-05
-2.752256000000000030e-05
-2.750766000000000151e-05
-2.749275999999999933e-05
-2.748530999999999994e-05
-2.747041000000000115e-05
-2.745550999999999897e-05
-2.744059999999999948e-05
-2.742570000000000069e-05
-2.741825000000000130e-05
-2.741079999999999851e-05
-2.740334999999999912e-05
-2.739589999999999972e-05
-2.739589999999999972e-05
-2.739589999999999972e-05
-2.738845000000000033e-05
-2.738845000000000033e-05
-2.738845000000000033e-05
-2.739589999999999972e-05
-2.739589999999999972e-05
-2.739589999999999972e-05
-2.739589999999999972e-05
-2.738845000000000033e-05
-2.738845000000000033e-05
-2.738845000000000033e-05
-2.738100000000000093e-05
-2.738100000000000093e-05
-2.737355000000000154e-05
-2.736609999999999875e-05
-2.735864999999999936e-05
-2.735119999999999996e-05
-2.733630000000000117e-05
-2.732139999999999900e-05
-2.730648999999999951e-05
-2.729904000000000011e-05
-2.729159000000000072e-05
-2.728414000000000132e-05
-2.727668999999999854e-05
-2.726923999999999914e-05
-2.726178999999999975e-05
-2.726178999999999975e-05
-2.726178999999999975e-05
-2.726178999999999975e-05
-2.726178999999999975e-05
-2.726178999999999975e-05
-2.726178999999999975e-05
-2.726178999999999975e-05
-2.726178999999999975e-05
-2.726178999999999975e-05
-2.726178999999999975e-05
-2.725434000000000035e-05
-2.725434000000000035e-05
-2.725434000000000035e-05
-2.725434000000000035e-05
-2.724689000000000096e-05
-2.724689000000000096e-05
-2.724689000000000096e-05
-2.723944000000000156e-05
-2.723944000000000156e-05
-2.723944000000000156e-05
-2.723944000000000156e-05
-2.723198999999999878e-05
-2.722453999999999938e-05
-2.722453999999999938e-05
-2.721708999999999999e-05
-2.720964000000000059e-05
-2.720219000000000120e-05
-2.718728999999999902e-05
-2.717982999999999893e-05
-2.717237999999999953e-05
-2.715748000000000074e-05
-2.714257999999999856e-05
-2.712767999999999977e-05
-2.711278000000000098e-05
-2.709787999999999880e-05
-2.708298000000000001e-05
-2.706808000000000122e-05
-2.705316999999999835e-05
-2.704571999999999895e-05
-2.703082000000000016e-05
-2.702337000000000077e-05
-2.700846999999999859e-05
-2.699356999999999980e-05
-2.698612000000000040e-05
-2.697122000000000161e-05
-2.696376999999999883e-05
-2.695631999999999944e-05
-2.694887000000000004e-05
-2.694142000000000065e-05
-2.693397000000000125e-05
-2.692651000000000116e-05
-2.692651000000000116e-05
-2.691905999999999837e-05
-2.691905999999999837e-05
-2.691160999999999898e-05
-2.691160999999999898e-05
-2.690415999999999958e-05
-2.689671000000000019e-05
-2.688926000000000079e-05
-2.688181000000000140e-05
-2.687435999999999861e-05
-2.686690999999999922e-05
-2.685945999999999982e-05
-2.685945999999999982e-05
-2.684456000000000103e-05
-2.683711000000000164e-05
-2.682220999999999946e-05
-2.681476000000000007e-05
-2.679985000000000058e-05
-2.679240000000000118e-05
-2.678494999999999840e-05
-2.677004999999999961e-05
-2.675515000000000082e-05
-2.674024999999999864e-05
-2.673279999999999924e-05
-2.672534999999999985e-05
-2.671045000000000106e-05
-2.670300000000000166e-05
-2.668809999999999949e-05
-2.667319000000000000e-05
-2.666574000000000060e-05
-2.666574000000000060e-05
-2.665083999999999842e-05
-2.664338999999999903e-05
-2.663593999999999963e-05
-2.662104000000000084e-05
-2.661359000000000145e-05
-2.660613999999999866e-05
-2.659868999999999927e-05
-2.658379000000000048e-05
-2.656889000000000169e-05
-2.655398999999999951e-05
-2.654654000000000012e-05
-2.653908000000000002e-05
-2.652418000000000123e-05
-2.650927999999999905e-05
-2.650182999999999966e-05
-2.648693000000000087e-05
-2.647948000000000147e-05
-2.646457999999999929e-05
-2.644968000000000050e-05
-2.643477999999999833e-05
-2.641987999999999954e-05
-2.641241999999999944e-05
-2.639752000000000065e-05
-2.638261999999999847e-05
-2.636771999999999968e-05
-2.635282000000000089e-05
-2.634537000000000150e-05
-2.632301999999999993e-05
-2.630812000000000114e-05
-2.629321999999999896e-05
-2.627830999999999947e-05
-2.626341000000000068e-05
-2.624850999999999850e-05
-2.623360999999999971e-05
-2.622616000000000031e-05
-2.621126000000000152e-05
-2.618890999999999995e-05
-2.617401000000000116e-05
-2.615910000000000167e-05
-2.614419999999999949e-05
-2.612930000000000070e-05
-2.610694999999999913e-05
-2.609949999999999973e-05
-2.607715000000000155e-05
-2.606224999999999937e-05
-2.603990000000000119e-05
-2.602498999999999831e-05
-2.601008999999999952e-05
-2.598774000000000133e-05
-2.597283999999999915e-05
-2.595049000000000097e-05
-2.592813999999999940e-05
-2.590579000000000121e-05
-2.589087999999999833e-05
-2.587597999999999954e-05
-2.585363000000000136e-05
-2.583872999999999918e-05
-2.582383000000000039e-05
-2.580147999999999882e-05
-2.577913000000000063e-05
-2.577167000000000054e-05
-2.574931999999999896e-05
-2.573442000000000017e-05
-2.571952000000000138e-05
-2.570461999999999921e-05
-2.568972000000000042e-05
-2.567482000000000163e-05
-2.565991999999999945e-05
-2.565247000000000005e-05
-2.563756000000000056e-05
-2.562265999999999838e-05
-2.560775999999999959e-05
-2.560031000000000020e-05
-2.559286000000000080e-05
-2.557795999999999863e-05
-2.557050999999999923e-05
-2.555561000000000044e-05
-2.554816000000000105e-05
-2.554071000000000165e-05
-2.552580999999999947e-05
-2.552580999999999947e-05
-2.551834999999999938e-05
-2.551089999999999998e-05
-2.551089999999999998e-05
-2.550345000000000059e-05
-2.549600000000000119e-05
-2.548854999999999841e-05
-2.548109999999999901e-05
-2.546620000000000022e-05
-2.546620000000000022e-05
-2.545130000000000143e-05
-2.543639999999999926e-05
-2.542150000000000047e-05
-2.540660000000000168e-05
-2.539914999999999889e-05
-2.538423999999999940e-05
-2.536189000000000122e-05
-2.533953999999999964e-05
-2.533209000000000025e-05
-2.531719000000000146e-05
-2.529483999999999989e-05
-2.527248999999999831e-05
-2.525757999999999882e-05
-2.523523000000000064e-05
-2.521287999999999906e-05
-2.519798000000000027e-05
-2.517562999999999870e-05
-2.515328000000000052e-05
-2.513837999999999834e-05
-2.511601999999999945e-05
-2.509367000000000127e-05
-2.507876999999999909e-05
-2.505642000000000091e-05
-2.504151999999999873e-05
-2.501917000000000054e-05
-2.500426000000000105e-05
-2.498190999999999948e-05
-2.495956000000000129e-05
-2.495210999999999851e-05
-2.492976000000000033e-05
-2.490740999999999875e-05
-2.489250999999999996e-05
-2.487761000000000117e-05
-2.485524999999999890e-05
-2.483290000000000071e-05
-2.482545000000000132e-05
-2.480309999999999975e-05
-2.478820000000000096e-05
-2.477329999999999878e-05
-2.475839999999999999e-05
-2.474349000000000050e-05
-2.472858999999999832e-05
-2.470624000000000013e-05
-2.469879000000000074e-05
-2.468388999999999856e-05
-2.466154000000000038e-05
-2.464664000000000159e-05
-2.463173999999999941e-05
-2.461682999999999992e-05
-2.459447999999999835e-05
-2.457957999999999955e-05
-2.456468000000000076e-05
-2.454232999999999919e-05
-2.452743000000000040e-05
-2.451253000000000161e-05
-2.449762999999999943e-05
-2.447527000000000055e-05
-2.446036999999999837e-05
-2.444546999999999958e-05
-2.443057000000000079e-05
-2.440821999999999922e-05
-2.439332000000000043e-05
-2.437842000000000164e-05
-2.436350999999999876e-05
-2.434116000000000057e-05
-2.432625999999999840e-05
-2.431135999999999961e-05
-2.428901000000000142e-05
-2.426665999999999985e-05
-2.425921000000000045e-05
-2.423685999999999888e-05
-2.421449999999999999e-05
-2.419960000000000120e-05
-2.417724999999999963e-05
-2.416235000000000084e-05
-2.413999999999999927e-05
-2.413254999999999987e-05
-2.411020000000000169e-05
-2.409528999999999881e-05
-2.407294000000000062e-05
-2.406549000000000123e-05
-2.404313999999999966e-05
-2.402079000000000147e-05
-2.400588999999999929e-05
-2.399099000000000050e-05
-2.396117999999999884e-05
-2.394628000000000004e-05
-2.392392999999999847e-05
-2.389413000000000089e-05
-2.387922999999999871e-05
-2.384942000000000043e-05
-2.381961999999999947e-05
-2.379727000000000128e-05
-2.376747000000000031e-05
-2.374511999999999874e-05
-2.371531000000000046e-05
-2.369295999999999889e-05
-2.366316000000000131e-05
-2.363336000000000034e-05
-2.360355999999999937e-05
-2.357375000000000109e-05
-2.355139999999999952e-05
-2.352159999999999855e-05
-2.349925000000000036e-05
-2.346944999999999939e-05
-2.343964000000000111e-05
-2.341728999999999954e-05
-2.338748999999999857e-05
-2.336514000000000039e-05
-2.333532999999999872e-05
-2.331298000000000053e-05
-2.328317999999999957e-05
-2.325337999999999860e-05
-2.323103000000000041e-05
-2.320867000000000153e-05
-2.318631999999999996e-05
-2.315651999999999899e-05
-2.313417000000000080e-05
-2.311181999999999923e-05
-2.308947000000000104e-05
-2.305965999999999938e-05
-2.304476000000000059e-05
-2.301495999999999962e-05
-2.299261000000000143e-05
-2.297025999999999986e-05
-2.294790000000000097e-05
-2.292554999999999940e-05
-2.289574999999999843e-05
-2.287340000000000025e-05
-2.285104999999999867e-05
-2.282870000000000049e-05
-2.280634000000000160e-05
-2.278399000000000003e-05
-2.276163999999999846e-05
-2.273929000000000027e-05
-2.272439000000000148e-05
-2.269457999999999981e-05
-2.267968000000000102e-05
-2.264988000000000006e-05
-2.262752999999999848e-05
-2.260518000000000030e-05
-2.257537999999999933e-05
-2.255302000000000045e-05
-2.253066999999999887e-05
-2.250087000000000129e-05
-2.248596999999999911e-05
-2.245617000000000153e-05
-2.243380999999999926e-05
-2.241891000000000047e-05
-2.239655999999999890e-05
-2.236676000000000132e-05
-2.235185999999999914e-05
-2.232206000000000156e-05
-2.229969999999999929e-05
-2.228480000000000050e-05
-2.225499999999999953e-05
-2.223265000000000134e-05
-2.221029999999999977e-05
-2.218795000000000158e-05
-2.217303999999999871e-05
-2.214324000000000113e-05
-2.212088999999999955e-05
-2.209854000000000137e-05
-2.207618999999999979e-05
-2.205383000000000091e-05
-2.203892999999999873e-05
-2.200913000000000115e-05
-2.198677999999999958e-05
-2.196443000000000139e-05
-2.193463000000000042e-05
-2.191227000000000154e-05
-2.188247000000000057e-05
-2.185266999999999960e-05
-2.183032000000000142e-05
-2.180052000000000045e-05
-2.177816000000000157e-05
-2.174836000000000060e-05
-2.171855999999999963e-05
-2.168875999999999866e-05
-2.165895000000000038e-05
-2.162914999999999941e-05
-2.159934999999999844e-05
-2.156955000000000086e-05
-2.154719999999999929e-05
-2.152484000000000041e-05
-2.149503999999999944e-05
-2.147269000000000125e-05
-2.145778999999999907e-05
-2.144289000000000028e-05
-2.142799000000000149e-05
-2.141308999999999932e-05
-2.140562999999999922e-05
-2.139817999999999983e-05
-2.138328000000000104e-05
-2.137583000000000164e-05
-2.136837999999999886e-05
-2.136092999999999946e-05
-2.135348000000000007e-05
-2.134603000000000067e-05
-2.134603000000000067e-05
-2.133858000000000128e-05
-2.133858000000000128e-05
-2.133858000000000128e-05
-2.133112999999999849e-05
-2.133112999999999849e-05
-2.133112999999999849e-05
-2.133112999999999849e-05
-2.133112999999999849e-05
-2.133112999999999849e-05
-2.133112999999999849e-05
-2.133112999999999849e-05
