4.755728999999999881e-05
4.756101000000000154e-05
4.756473999999999820e-05
4.756846000000000094e-05
4.757218999999999760e-05
4.757963999999999699e-05
4.758709000000000317e-05
4.759454000000000256e-05
4.760199000000000196e-05
4.761316999999999801e-05
4.762434000000000014e-05
4.763178999999999954e-05
4.763924999999999963e-05
4.763924999999999963e-05
4.763924999999999963e-05
4.763178999999999954e-05
4.762806999999999680e-05
4.761316999999999801e-05
4.759826999999999922e-05
4.758337000000000043e-05
4.756473999999999820e-05
4.754611000000000275e-05
4.752749000000000123e-05
4.750885999999999900e-05
4.749768000000000295e-05
4.748277999999999738e-05
4.747532999999999799e-05
4.747161000000000203e-05
4.746787999999999859e-05
4.746787999999999859e-05
4.746787999999999859e-05
4.746787999999999859e-05
4.746787999999999859e-05
4.746416000000000263e-05
4.745671000000000324e-05
4.744925999999999707e-05
4.743808000000000101e-05
4.742689999999999818e-05
4.741199999999999939e-05
4.739710000000000060e-05
4.737475000000000242e-05
4.735239999999999746e-05
4.732632000000000261e-05
4.730024000000000099e-05
4.726672000000000067e-05
4.722946000000000300e-05
4.718849000000000329e-05
4.714377999999999944e-05
4.709534999999999964e-05
4.704691999999999983e-05
4.699476999999999729e-05
4.694262000000000152e-05
4.689045999999999828e-05
4.683457999999999908e-05
4.678614999999999928e-05
4.673771999999999947e-05
4.668556999999999693e-05
4.663342000000000116e-05
4.658125999999999792e-05
4.652911000000000216e-05
4.647323000000000296e-05
4.642108000000000042e-05
4.636520000000000122e-05
4.631303999999999797e-05
4.626089000000000221e-05
4.620127999999999957e-05
4.614540000000000037e-05
4.608952000000000117e-05
4.603365000000000267e-05
4.597776999999999669e-05
4.591816000000000083e-05
4.585855999999999890e-05
4.579895000000000304e-05
4.573935000000000110e-05
4.568347000000000190e-05
4.562385999999999926e-05
4.556798000000000006e-05
4.550465000000000147e-05
4.544504999999999953e-05
4.538543999999999689e-05
4.532584000000000173e-05
4.526623999999999980e-05
4.520291000000000120e-05
4.514329999999999857e-05
4.508369999999999663e-05
4.502781999999999743e-05
4.496821000000000157e-05
4.490488000000000297e-05
4.484899999999999700e-05
4.478940000000000184e-05
4.472978999999999920e-05
4.467018999999999726e-05
4.461430999999999806e-05
4.455470000000000220e-05
4.449510000000000027e-05
4.444294999999999772e-05
4.438706999999999852e-05
4.433491000000000206e-05
4.427903000000000286e-05
4.422688000000000032e-05
4.417100000000000112e-05
4.411512000000000191e-05
4.406296999999999937e-05
4.400709000000000017e-05
4.395121000000000097e-05
4.389159999999999834e-05
4.383200000000000317e-05
4.377239000000000054e-05
4.371278999999999860e-05
4.364946000000000001e-05
4.358984999999999737e-05
4.352651999999999877e-05
4.346691999999999684e-05
4.340358999999999824e-05
4.334025999999999965e-05
4.327319999999999762e-05
4.320615000000000306e-05
4.313164000000000163e-05
4.306459000000000030e-05
4.299007999999999888e-05
4.291557999999999815e-05
4.284106999999999672e-05
4.276283999999999934e-05
4.268461000000000195e-05
4.261010000000000053e-05
4.252815000000000040e-05
4.245363999999999898e-05
4.237541000000000159e-05
4.229717999999999743e-05
4.221895000000000004e-05
4.214072000000000266e-05
4.205503999999999910e-05
4.197680000000000102e-05
4.189485000000000089e-05
4.180916999999999734e-05
4.172721000000000329e-05
4.164152999999999973e-05
4.155585000000000295e-05
4.147389000000000213e-05
4.138448000000000192e-05
4.129508000000000240e-05
4.120938999999999814e-05
4.111998999999999863e-05
4.103057999999999841e-05
4.094116999999999819e-05
4.084804000000000202e-05
4.075863000000000180e-05
4.066923000000000228e-05
4.057608999999999863e-05
4.048668999999999912e-05
4.039356000000000294e-05
4.030041999999999929e-05
4.020357000000000038e-05
4.011042999999999672e-05
4.001357999999999781e-05
3.991671999999999820e-05
3.981985999999999859e-05
3.971928000000000302e-05
3.962241999999999663e-05
3.952184000000000106e-05
3.942498000000000145e-05
3.932812000000000184e-05
3.923126000000000223e-05
3.913067999999999988e-05
3.903009999999999753e-05
3.892952000000000196e-05
3.882892999999999891e-05
3.872835000000000334e-05
3.862777000000000100e-05
3.852718999999999865e-05
3.842287999999999964e-05
3.831857000000000064e-05
3.822171000000000102e-05
3.811740000000000202e-05
3.800937000000000028e-05
3.790506000000000127e-05
3.780447999999999892e-05
3.769644999999999718e-05
3.759213999999999817e-05
3.749155000000000190e-05
3.738724999999999682e-05
3.728293999999999781e-05
3.717862999999999881e-05
3.707805000000000324e-05
3.697373999999999745e-05
3.686942999999999845e-05
3.676511999999999944e-05
3.666827000000000053e-05
3.656396000000000152e-05
3.645965000000000252e-05
3.635533999999999673e-05
3.625476000000000116e-05
3.615417999999999882e-05
3.604986999999999981e-05
3.594556000000000080e-05
3.584497999999999846e-05
3.574439000000000219e-05
3.564380999999999984e-05
3.553950000000000083e-05
3.543891999999999848e-05
3.533834000000000291e-05
3.523774999999999987e-05
3.513716999999999752e-05
3.503659000000000195e-05
3.493600999999999960e-05
3.483914999999999999e-05
3.473855999999999694e-05
3.464170999999999803e-05
3.454112000000000176e-05
3.444053999999999941e-05
3.433995999999999707e-05
3.423938000000000150e-05
3.414252000000000188e-05
3.404193999999999954e-05
3.394507999999999993e-05
3.384822000000000031e-05
3.375136000000000070e-05
3.365451000000000179e-05
3.355765000000000218e-05
3.346451999999999923e-05
3.336765999999999962e-05
3.327080000000000001e-05
3.317394000000000039e-05
3.308080999999999744e-05
3.298394999999999783e-05
3.288709999999999892e-05
3.279023999999999931e-05
3.269711000000000313e-05
3.260396999999999948e-05
3.251084000000000330e-05
3.242143000000000309e-05
3.233202999999999679e-05
3.223890000000000062e-05
3.215321000000000314e-05
3.206380999999999684e-05
3.197811999999999936e-05
3.188871999999999985e-05
3.180304000000000307e-05
3.171734999999999881e-05
3.163539999999999869e-05
3.154598999999999847e-05
3.146031000000000169e-05
3.137462999999999813e-05
3.128895000000000135e-05
3.120325999999999710e-05
3.111758000000000032e-05
3.103189999999999676e-05
3.094621999999999998e-05
3.086425999999999916e-05
3.077858000000000238e-05
3.069662000000000155e-05
3.061467000000000143e-05
3.053271000000000061e-05
3.045436000000000161e-05
3.037241000000000149e-05
3.029418000000000071e-05
3.021594999999999994e-05
3.014143999999999851e-05
3.006321000000000113e-05
2.998869999999999970e-05
2.991419999999999897e-05
2.983969000000000093e-05
2.976519000000000021e-05
2.969440999999999883e-05
2.962362000000000014e-05
2.955283999999999876e-05
2.948206000000000077e-05
2.941127999999999939e-05
2.934050000000000140e-05
2.927345000000000007e-05
2.920266999999999869e-05
2.913561000000000005e-05
2.906855999999999871e-05
2.900523000000000012e-05
2.894190000000000152e-05
2.887856999999999954e-05
2.881524000000000094e-05
2.875190999999999896e-05
2.869229999999999971e-05
2.862897000000000112e-05
2.857308999999999853e-05
2.851348999999999998e-05
2.845761000000000078e-05
2.840173000000000158e-05
2.834212999999999964e-05
2.828625000000000044e-05
2.823409000000000059e-05
2.817821000000000139e-05
2.812232999999999880e-05
2.807017999999999964e-05
2.802174999999999984e-05
2.796587000000000064e-05
2.792117000000000088e-05
2.786901000000000103e-05
2.782431000000000127e-05
2.777215999999999873e-05
2.772745000000000166e-05
2.767901999999999846e-05
2.763431999999999870e-05
2.758588999999999890e-05
2.754118999999999914e-05
2.749647999999999868e-05
2.745550999999999897e-05
2.741079999999999851e-05
2.736982000000000149e-05
2.732884999999999839e-05
2.729159000000000072e-05
2.725434000000000035e-05
2.721708999999999999e-05
2.718355999999999897e-05
2.715003000000000135e-05
2.712023000000000038e-05
2.709042999999999941e-05
2.706062999999999844e-05
2.703082000000000016e-05
2.700474999999999924e-05
2.697867000000000101e-05
2.694887000000000004e-05
2.691905999999999837e-05
2.688926000000000079e-05
2.686317999999999917e-05
2.683711000000000164e-05
2.681103000000000002e-05
2.678494999999999840e-05
2.675888000000000086e-05
2.673651999999999859e-05
2.671417000000000041e-05
2.669181999999999883e-05
2.667319000000000000e-05
2.665456999999999847e-05
2.663593999999999963e-05
2.662477000000000089e-05
2.660613999999999866e-05
2.659123999999999987e-05
2.657261000000000104e-05
2.656143999999999891e-05
2.653908000000000002e-05
2.652418000000000123e-05
2.650555999999999971e-05
2.648693000000000087e-05
2.647202999999999869e-05
2.644968000000000050e-05
2.643105000000000167e-05
2.640497000000000005e-05
2.637889999999999913e-05
2.634537000000000150e-05
2.630812000000000114e-05
2.627086000000000007e-05
2.622989000000000036e-05
2.618890999999999995e-05
2.614419999999999949e-05
2.610322999999999978e-05
2.606224999999999937e-05
2.602126999999999896e-05
2.598401999999999860e-05
2.594304000000000157e-05
2.590951000000000056e-05
2.587597999999999954e-05
2.584617999999999858e-05
2.582010000000000034e-05
2.579774999999999877e-05
2.577167000000000054e-05
2.574931999999999896e-05
2.572697000000000078e-05
2.570833999999999855e-05
2.568972000000000042e-05
2.567109000000000158e-05
2.565247000000000005e-05
2.563756000000000056e-05
2.561893999999999904e-05
2.560031000000000020e-05
2.558168000000000136e-05
2.556305999999999984e-05
2.554443000000000100e-05
2.552207999999999942e-05
2.550345000000000059e-05
2.548109999999999901e-05
2.545875000000000083e-05
2.543639999999999926e-05
2.541032000000000102e-05
2.538423999999999940e-05
2.535816999999999848e-05
2.533209000000000025e-05
2.530228999999999928e-05
2.526876000000000165e-05
2.523896000000000069e-05
2.520542999999999967e-05
2.517189999999999865e-05
2.513465000000000168e-05
2.509367000000000127e-05
2.505642000000000091e-05
2.501544000000000049e-05
2.497446000000000008e-05
2.493347999999999967e-05
2.488877999999999991e-05
2.484779999999999950e-05
2.479936999999999970e-05
2.475839999999999999e-05
2.470997000000000018e-05
2.466525999999999972e-05
2.461311000000000057e-05
2.456841000000000081e-05
2.451625000000000096e-05
2.446782000000000115e-05
2.441566999999999861e-05
2.436350999999999876e-05
2.431508999999999965e-05
2.425921000000000045e-05
2.420705000000000060e-05
2.415490000000000145e-05
2.409901999999999886e-05
2.404313999999999966e-05
2.398726000000000046e-05
2.392765999999999852e-05
2.387177999999999932e-05
2.381217000000000007e-05
2.375257000000000152e-05
2.369295999999999889e-05
2.362963000000000029e-05
2.357002999999999835e-05
2.350669999999999976e-05
2.344337000000000116e-05
2.338375999999999853e-05
2.332042999999999993e-05
2.325710000000000133e-05
2.319376999999999935e-05
2.312672000000000141e-05
2.306338999999999942e-05
2.300006000000000083e-05
2.293672999999999884e-05
2.287340000000000025e-05
2.281007000000000165e-05
2.274673999999999967e-05
2.268341000000000107e-05
2.262007999999999909e-05
2.256046999999999984e-05
2.249714000000000124e-05
2.243753999999999931e-05
2.237794000000000076e-05
2.231833000000000151e-05
2.225499999999999953e-05
2.219540000000000098e-05
2.213578999999999834e-05
2.207245999999999975e-05
2.200913000000000115e-05
2.194952999999999921e-05
2.188620000000000062e-05
2.182659000000000137e-05
2.176325999999999939e-05
2.169993000000000079e-05
2.164032999999999885e-05
2.157700000000000026e-05
2.151367000000000166e-05
2.145033999999999968e-05
2.138701000000000108e-05
2.132367999999999910e-05
2.126035000000000050e-05
2.119701999999999852e-05
2.113368999999999992e-05
2.107036000000000133e-05
2.100329999999999930e-05
2.093997000000000070e-05
2.087663999999999872e-05
2.081331000000000012e-05
2.074998000000000153e-05
2.068293000000000019e-05
2.061960000000000160e-05
2.055626999999999962e-05
2.049666000000000037e-05
2.043332999999999838e-05
2.036999999999999979e-05
2.030667000000000119e-05
2.023961999999999986e-05
2.017629000000000126e-05
2.010922999999999923e-05
2.004218000000000129e-05
1.997884999999999931e-05
1.991552000000000071e-05
1.984845999999999868e-05
1.978513000000000008e-05
1.972180000000000149e-05
1.965846999999999950e-05
1.959514000000000091e-05
1.952808999999999958e-05
1.946476000000000098e-05
1.940142999999999900e-05
1.933437000000000035e-05
1.926731999999999902e-05
1.920399000000000043e-05
1.913692999999999840e-05
1.907359999999999980e-05
1.900654999999999847e-05
1.894321999999999987e-05
1.887616000000000123e-05
1.881282999999999924e-05
1.874950000000000065e-05
1.868616999999999867e-05
1.862284000000000007e-05
1.856696000000000087e-05
1.850735999999999893e-05
1.844774999999999968e-05
1.839560000000000053e-05
1.833599999999999859e-05
1.828756999999999879e-05
1.823540999999999894e-05
1.817952999999999973e-05
1.813109999999999993e-05
1.808268000000000082e-05
1.803425000000000102e-05
1.798582000000000121e-05
1.794111000000000075e-05
1.789641000000000100e-05
1.785171000000000124e-05
1.780700000000000078e-05
1.776230000000000102e-05
1.771760000000000126e-05
1.766917000000000146e-05
1.762819000000000105e-05
1.758721000000000064e-05
1.754251000000000088e-05
1.750526000000000051e-05
1.746428000000000010e-05
1.741956999999999965e-05
1.738231999999999928e-05
1.734506999999999892e-05
1.730781999999999856e-05
1.727056000000000088e-05
1.723702999999999986e-05
1.720350999999999955e-05
1.716624999999999849e-05
1.713273000000000156e-05
1.710291999999999989e-05
1.706566999999999953e-05
1.703586999999999856e-05
1.700234000000000093e-05
1.696880999999999992e-05
1.693528999999999960e-05
1.690175999999999858e-05
1.687196000000000100e-05
1.684214999999999934e-05
1.680862999999999902e-05
1.677882000000000074e-05
1.674901999999999977e-05
1.671921999999999880e-05
1.668942000000000122e-05
1.666333999999999960e-05
1.663726000000000137e-05
1.660746000000000040e-05
1.658137999999999878e-05
1.655531000000000125e-05
1.652922999999999963e-05
1.650315000000000140e-05
1.648079999999999982e-05
1.645472000000000159e-05
1.643237000000000002e-05
1.641001999999999844e-05
1.638767000000000026e-05
1.636904000000000142e-05
1.635041999999999990e-05
1.633551000000000041e-05
1.631688999999999888e-05
1.630199000000000009e-05
1.628709000000000130e-05
1.627590999999999847e-05
1.626100999999999968e-05
1.624611000000000089e-05
1.623493000000000145e-05
1.622375999999999932e-05
1.621257999999999987e-05
1.620140000000000043e-05
1.619023000000000169e-05
1.617904999999999886e-05
1.617159999999999946e-05
1.616043000000000072e-05
1.614925000000000128e-05
1.614552000000000123e-05
1.613434999999999910e-05
1.612316999999999966e-05
1.611572000000000026e-05
1.610455000000000152e-05
1.609709999999999874e-05
1.608591999999999929e-05
1.607846999999999990e-05
1.607102000000000050e-05
1.605984000000000106e-05
1.605239000000000167e-05
1.604493999999999888e-05
1.603377000000000014e-05
1.602259000000000070e-05
1.601886000000000065e-05
1.600768999999999852e-05
1.600023999999999912e-05
1.599278999999999973e-05
1.598905999999999968e-05
1.598905999999999968e-05
1.598534000000000033e-05
1.598534000000000033e-05
1.598905999999999968e-05
1.598905999999999968e-05
1.599278999999999973e-05
1.599650999999999908e-05
1.600395999999999847e-05
1.600768999999999852e-05
1.601514000000000130e-05
1.602259000000000070e-05
1.603004000000000009e-05
1.604121999999999954e-05
1.604866999999999893e-05
1.605611999999999833e-05
1.606357000000000111e-05
1.607102000000000050e-05
1.607846999999999990e-05
1.608218999999999925e-05
1.608591999999999929e-05
1.608591999999999929e-05
1.609336999999999869e-05
1.609709999999999874e-05
1.610082000000000147e-05
1.610455000000000152e-05
1.610827000000000087e-05
1.611200000000000091e-05
1.611572000000000026e-05
1.611572000000000026e-05
1.611572000000000026e-05
1.611572000000000026e-05
1.611945000000000031e-05
1.612316999999999966e-05
1.612689999999999970e-05
1.613061999999999905e-05
1.613434999999999910e-05
1.613434999999999910e-05
1.613434999999999910e-05
1.613434999999999910e-05
1.613434999999999910e-05
1.613061999999999905e-05
1.612689999999999970e-05
1.612316999999999966e-05
1.612316999999999966e-05
1.611945000000000031e-05
1.611945000000000031e-05
1.611945000000000031e-05
1.611945000000000031e-05
1.611945000000000031e-05
1.611945000000000031e-05
1.611945000000000031e-05
1.612316999999999966e-05
1.612316999999999966e-05
1.612689999999999970e-05
1.613061999999999905e-05
1.613061999999999905e-05
1.613434999999999910e-05
1.613434999999999910e-05
1.613061999999999905e-05
1.612689999999999970e-05
1.612316999999999966e-05
1.611572000000000026e-05
1.610827000000000087e-05
1.610082000000000147e-05
1.608591999999999929e-05
1.607846999999999990e-05
1.606729000000000046e-05
1.605239000000000167e-05
1.604121999999999954e-05
1.602632000000000075e-05
1.601514000000000130e-05
1.600023999999999912e-05
1.598905999999999968e-05
1.597416000000000089e-05
1.595925999999999871e-05
1.594807999999999927e-05
1.592946000000000113e-05
1.591828000000000169e-05
1.589966000000000017e-05
1.588848000000000072e-05
1.586984999999999850e-05
1.585123000000000036e-05
1.583260000000000152e-05
1.581769999999999934e-05
1.579907000000000051e-05
1.577671999999999893e-05
1.575809000000000010e-05
1.573573999999999852e-05
1.570967000000000099e-05
1.568358999999999937e-05
1.566124000000000118e-05
1.563515999999999956e-05
1.560908000000000133e-05
1.557928000000000036e-05
1.555319999999999874e-05
1.552713000000000121e-05
1.549731999999999954e-05
1.547124999999999862e-05
1.544517000000000039e-05
1.541908999999999877e-05
1.539302000000000124e-05
1.536693999999999961e-05
1.534086000000000138e-05
1.531477999999999976e-05
1.528870999999999884e-05
1.526263000000000061e-05
1.523277000000000052e-05
1.520296999999999956e-05
1.517317000000000028e-05
1.514336000000000031e-05
1.511355999999999934e-05
1.508003000000000002e-05
1.505023000000000074e-05
1.501669999999999973e-05
1.498317999999999941e-05
1.494965000000000009e-05
1.491612000000000077e-05
1.488258999999999975e-05
1.484906999999999944e-05
1.481554000000000012e-05
1.478201000000000080e-05
1.474847999999999978e-05
1.471495000000000046e-05
1.468514999999999949e-05
1.465535000000000022e-05
1.462554999999999925e-05
1.459574999999999997e-05
1.456222000000000065e-05
1.452868999999999964e-05
1.449889000000000036e-05
1.446535999999999935e-05
1.443183000000000002e-05
1.439830999999999971e-05
1.436105000000000034e-05
1.432379999999999998e-05
1.428654999999999961e-05
1.424929000000000024e-05
1.421576999999999993e-05
1.417851000000000056e-05
1.413753000000000015e-05
1.410027999999999979e-05
1.406302999999999942e-05
1.402578000000000075e-05
1.398851999999999969e-05
1.394754999999999998e-05
1.390656999999999957e-05
1.386931000000000020e-05
1.383205999999999984e-05
1.379107999999999943e-05
1.375010000000000071e-05
1.371658000000000039e-05
1.367931999999999933e-05
1.364580000000000071e-05
1.361599000000000073e-05
1.358247000000000042e-05
1.355266000000000044e-05
1.352285999999999948e-05
1.349306000000000020e-05
1.346325999999999923e-05
1.343345999999999996e-05
1.340364999999999999e-05
1.337012999999999967e-05
1.333660000000000035e-05
1.330679999999999938e-05
1.326954000000000001e-05
1.323601000000000069e-05
1.320249000000000037e-05
1.316895999999999936e-05
1.313171000000000069e-05
1.309073000000000028e-05
1.305347999999999991e-05
1.301249999999999950e-05
1.297524000000000013e-05
1.293798999999999977e-05
1.290073999999999941e-05
1.286349000000000074e-05
1.282622999999999968e-05
1.279270999999999936e-05
1.275918000000000004e-05
1.272192000000000067e-05
1.268840000000000035e-05
1.265859000000000038e-05
1.262507000000000006e-05
1.259526000000000009e-05
1.256173999999999977e-05
1.252821000000000045e-05
1.249467999999999944e-05
1.246488000000000016e-05
1.243135000000000084e-05
1.239410000000000048e-05
1.236056999999999946e-05
1.232332000000000079e-05
1.228607000000000043e-05
1.225253999999999941e-05
1.221156000000000070e-05
1.217431000000000033e-05
1.213332999999999992e-05
1.209607999999999956e-05
1.205882000000000019e-05
1.202156999999999983e-05
1.198431999999999946e-05
1.194706000000000010e-05
1.190980999999999973e-05
1.187628000000000041e-05
1.184276000000000010e-05
1.180923000000000077e-05
1.177942999999999981e-05
1.174217000000000044e-05
1.170865000000000012e-05
1.167139000000000075e-05
1.163787000000000044e-05
1.160060999999999937e-05
1.155963000000000066e-05
1.152611000000000034e-05
1.148512999999999993e-05
1.144414999999999952e-05
1.140317000000000080e-05
1.136219000000000039e-05
1.131749000000000063e-05
1.127278999999999918e-05
1.123181000000000046e-05
1.118710000000000001e-05
1.114613000000000030e-05
1.109770000000000049e-05
1.105299000000000003e-05
1.100829000000000027e-05
1.095986000000000047e-05
1.091888000000000006e-05
1.087045999999999926e-05
1.082575000000000049e-05
1.077732000000000069e-05
1.073261999999999923e-05
1.068047000000000008e-05
1.063575999999999962e-05
1.058361000000000047e-05
1.053890000000000001e-05
1.048302999999999982e-05
1.043460000000000001e-05
1.038617000000000021e-05
1.033028999999999931e-05
1.028185999999999951e-05
1.022971000000000035e-05
1.018128000000000055e-05
1.013285000000000074e-05
1.008068999999999919e-05
1.003598999999999943e-05
9.987561000000000716e-06
9.942857999999999392e-06
9.894429000000000673e-06
9.846000000000000260e-06
9.801297000000000630e-06
9.756592999999999914e-06
9.715614999999999982e-06
9.670912000000000353e-06
9.629934000000000421e-06
9.592681000000000187e-06
9.555427999999999952e-06
9.514450000000000020e-06
9.477196999999999786e-06
9.439943999999999552e-06
9.402690999999999317e-06
9.369163000000000474e-06
9.331910000000000240e-06
9.290932000000000308e-06
9.253679000000000074e-06
9.212701000000000142e-06
9.175447999999999908e-06
9.134469999999999976e-06
9.089767000000000346e-06
9.048787999999999328e-06
9.000360000000000001e-06
8.959381000000000677e-06
8.907227000000000566e-06
8.862523999999999242e-06
8.810370000000000826e-06
8.765666000000000110e-06
8.717238000000000783e-06
8.668809000000000369e-06
8.620379999999999956e-06
8.571950999999999543e-06
8.523522000000000823e-06
8.475093999999999802e-06
8.426664999999999389e-06
8.381961000000000367e-06
8.333532999999999346e-06
8.285104000000000627e-06
8.236675000000000214e-06
8.191972000000000584e-06
8.143543000000000171e-06
8.102565000000000239e-06
8.054135999999999826e-06
8.009432000000000804e-06
7.964728999999999481e-06
7.916300000000000761e-06
7.875322000000000829e-06
7.826893000000000416e-06
7.785915000000000484e-06
7.737486000000000071e-06
7.692783000000000441e-06
7.648078999999999725e-06
7.603346999999999931e-06
7.558643000000000062e-06
7.513939999999999586e-06
7.469235999999999717e-06
7.420807000000000150e-06
7.376103999999999674e-06
7.327675000000000108e-06
7.282971999999999631e-06
7.238267999999999762e-06
7.189839000000000196e-06
7.145135999999999720e-06
7.092981999999999609e-06
7.048277999999999740e-06
6.999850000000000413e-06
6.958871000000000242e-06
6.914167999999999765e-06
6.869463999999999897e-06
6.832211999999999902e-06
6.794958999999999667e-06
6.753980000000000343e-06
6.720453000000000045e-06
6.690650000000000053e-06
6.664572999999999998e-06
6.642221999999999879e-06
6.619870000000000368e-06
6.604968999999999645e-06
6.590067999999999768e-06
6.578891999999999589e-06
6.563990999999999713e-06
6.552815000000000381e-06
6.541639000000000202e-06
6.526738000000000326e-06
6.515562000000000147e-06
6.500661000000000270e-06
6.489485000000000091e-06
6.474584000000000215e-06
6.459682000000000099e-06
6.437330999999999980e-06
6.414978999999999622e-06
6.388902000000000414e-06
6.355373999999999877e-06
6.321846999999999580e-06
6.284594000000000192e-06
6.247340999999999958e-06
6.206363000000000026e-06
6.169109999999999792e-06
6.124405999999999923e-06
6.083427999999999991e-06
6.046174999999999756e-06
6.005196999999999825e-06
5.964218999999999893e-06
5.926965999999999658e-06
5.889713000000000271e-06
5.856184999999999734e-06
5.822658000000000284e-06
5.792855999999999684e-06
5.759327999999999994e-06
5.729526000000000241e-06
5.699723000000000249e-06
5.673646000000000193e-06
5.647569000000000138e-06
5.621492000000000082e-06
5.599139999999999724e-06
5.573062999999999669e-06
5.550712000000000397e-06
5.532084999999999737e-06
5.509733000000000226e-06
5.491106999999999805e-06
5.472481000000000231e-06
5.450128999999999873e-06
5.431502000000000060e-06
5.412875999999999639e-06
5.390524000000000128e-06
5.371897999999999707e-06
5.349546000000000196e-06
5.323469000000000141e-06
5.301116999999999783e-06
5.278765000000000272e-06
5.252688000000000216e-06
5.222885999999999616e-06
5.200534000000000106e-06
5.178182999999999987e-06
5.159556000000000174e-06
5.137203999999999816e-06
5.118578000000000242e-06
5.099951999999999821e-06
5.081325000000000007e-06
5.066424000000000131e-06
5.047797000000000317e-06
5.032895999999999594e-06
5.014270000000000020e-06
4.999369000000000143e-06
4.984468000000000267e-06
4.969566000000000151e-06
4.950939999999999730e-06
4.939764000000000398e-06
4.921137999999999977e-06
4.906235999999999861e-06
4.891334999999999985e-06
4.876434000000000108e-06
4.857807999999999687e-06
4.842906000000000419e-06
4.828004999999999695e-06
4.813103999999999819e-06
4.794478000000000245e-06
4.779577000000000368e-06
4.764675000000000252e-06
4.749774000000000376e-06
4.734872999999999652e-06
4.719971999999999776e-06
4.705070999999999899e-06
4.690170000000000023e-06
4.675267999999999907e-06
4.660367000000000031e-06
4.645466000000000154e-06
4.626839999999999733e-06
4.615664000000000401e-06
4.597036999999999741e-06
4.585861000000000409e-06
4.567234999999999988e-06
4.556058999999999809e-06
4.541157999999999932e-06
4.529981999999999753e-06
4.515080999999999877e-06
4.500180000000000000e-06
4.489003999999999822e-06
4.470377000000000008e-06
4.459202000000000069e-06
4.440575000000000255e-06
4.429399000000000076e-06
4.410772999999999655e-06
4.399597000000000323e-06
4.384695999999999600e-06
4.373520000000000268e-06
4.366068999999999786e-06
4.354892999999999607e-06
4.343717999999999668e-06
4.336267000000000033e-06
4.325090999999999855e-06
4.317640999999999612e-06
4.310189999999999978e-06
4.302739000000000344e-06
4.295289000000000102e-06
4.287837999999999620e-06
4.276662000000000288e-06
4.272936999999999744e-06
4.265486000000000109e-06
4.258035999999999867e-06
4.250585000000000233e-06
4.243134999999999991e-06
4.235684000000000356e-06
4.224508000000000177e-06
4.217057999999999935e-06
4.209607000000000301e-06
4.202157000000000059e-06
4.194705999999999577e-06
4.183530000000000245e-06
4.179804999999999701e-06
4.168629000000000369e-06
4.161177999999999888e-06
4.150001999999999709e-06
4.142552000000000314e-06
4.135100999999999832e-06
4.127650999999999590e-06
4.120199999999999956e-06
4.116475000000000258e-06
4.109023999999999777e-06
4.101574000000000382e-06
4.097847999999999598e-06
4.090398000000000203e-06
4.082946999999999721e-06
4.075497000000000326e-06
4.071771000000000389e-06
4.064321000000000147e-06
4.053144999999999968e-06
4.053144999999999968e-06
4.045694000000000334e-06
4.038244000000000092e-06
4.034518000000000155e-06
4.027067999999999913e-06
4.019617000000000278e-06
4.019617000000000278e-06
4.012167000000000036e-06
4.004716000000000402e-06
3.997266000000000160e-06
3.989814999999999678e-06
3.986089999999999981e-06
3.978639000000000347e-06
3.971189000000000104e-06
3.963737999999999623e-06
3.960012999999999926e-06
3.952562000000000291e-06
3.945112000000000049e-06
3.941386000000000112e-06
3.933935999999999870e-06
3.926485000000000236e-06
3.919033999999999754e-06
3.911584000000000359e-06
3.904132999999999878e-06
3.896682999999999636e-06
3.892956999999999699e-06
3.889232000000000001e-06
3.881781999999999759e-06
3.878055999999999822e-06
3.870605999999999580e-06
3.863154999999999946e-06
3.859430000000000248e-06
3.851978999999999767e-06
3.848254000000000069e-06
3.840802999999999588e-06
3.829627999999999648e-06
3.825901999999999712e-06
3.818452000000000316e-06
3.810986999999999872e-06
3.803535999999999814e-06
3.799811000000000117e-06
3.796085000000000180e-06
3.788634999999999938e-06
3.781183999999999880e-06
3.773734000000000061e-06
3.770008000000000124e-06
3.766283000000000003e-06
3.762557999999999882e-06
3.758831999999999945e-06
3.751382000000000127e-06
3.747657000000000006e-06
3.743931000000000069e-06
3.740205999999999948e-06
3.736480999999999827e-06
3.736480999999999827e-06
3.729030000000000192e-06
3.725305000000000071e-06
3.717854000000000013e-06
3.714128999999999892e-06
3.706677999999999835e-06
3.702953000000000137e-06
3.699228000000000016e-06
3.691776999999999958e-06
3.684327000000000139e-06
3.680601000000000203e-06
3.673150999999999961e-06
3.669425000000000024e-06
3.665699999999999903e-06
3.654524000000000147e-06
3.650799000000000026e-06
3.643347999999999968e-06
3.639622999999999847e-06
3.632173000000000029e-06
3.624721999999999971e-06
3.620996999999999850e-06
3.613545999999999792e-06
3.609821000000000094e-06
3.602370000000000036e-06
3.594919999999999794e-06
3.587469000000000160e-06
3.576292999999999981e-06
3.572567999999999860e-06
3.561392000000000104e-06
3.550215999999999925e-06
3.542766000000000107e-06
3.531589999999999928e-06
3.516689000000000051e-06
3.505512999999999873e-06
3.494337000000000117e-06
3.483160999999999938e-06
3.471985000000000183e-06
3.457083999999999883e-06
3.449632999999999825e-06
3.438457000000000069e-06
3.423556000000000193e-06
3.412380000000000014e-06
3.401205000000000074e-06
3.386302999999999958e-06
3.375128000000000019e-06
3.363951999999999840e-06
3.356501000000000206e-06
3.349050999999999963e-06
3.337875000000000208e-06
3.330424000000000150e-06
3.326699000000000029e-06
3.322973000000000092e-06
3.319247999999999971e-06
3.311798000000000153e-06
3.308071999999999792e-06
3.300621999999999974e-06
3.293170999999999916e-06
3.293170999999999916e-06
3.281995000000000160e-06
3.274544999999999918e-06
3.263369000000000163e-06
3.255918000000000105e-06
3.244741999999999926e-06
3.233566999999999986e-06
3.222390999999999807e-06
3.207489000000000115e-06
3.192587999999999815e-06
3.173961999999999818e-06
3.159060999999999941e-06
3.140434000000000128e-06
3.121808000000000130e-06
3.103180999999999893e-06
3.084554999999999896e-06
3.065928000000000082e-06
3.043576999999999964e-06
3.024950000000000151e-06
3.006324000000000153e-06
2.983971999999999795e-06
2.965345999999999798e-06
2.942993999999999863e-06
2.924367000000000050e-06
2.905741000000000052e-06
2.879663999999999997e-06
2.861037999999999999e-06
2.842411000000000186e-06
2.820058999999999828e-06
2.801432999999999831e-06
2.782806000000000017e-06
2.760454999999999899e-06
2.741828000000000085e-06
2.723202000000000088e-06
2.700850000000000153e-06
2.682224000000000156e-06
2.659871999999999798e-06
2.641244999999999985e-06
2.618893999999999866e-06
2.600267000000000053e-06
2.581641000000000055e-06
2.563013999999999818e-06
2.536937000000000186e-06
2.518311000000000189e-06
2.499683999999999952e-06
2.477332999999999834e-06
2.458706000000000020e-06
2.436354000000000086e-06
2.414002999999999967e-06
2.395376000000000154e-06
2.373023999999999796e-06
2.354397999999999798e-06
2.335771999999999801e-06
2.313419999999999867e-06
2.291067999999999932e-06
2.276167000000000056e-06
2.250090000000000000e-06
2.231463000000000187e-06
2.209112000000000068e-06
2.186760000000000134e-06
2.168134000000000136e-06
2.145782000000000202e-06
2.123429999999999844e-06
2.101077999999999910e-06
2.082451999999999912e-06
2.056374999999999857e-06
2.037748000000000043e-06
2.015396999999999925e-06
1.993044999999999990e-06
1.966967999999999935e-06
1.948341000000000122e-06
1.925990000000000003e-06
1.899904999999999939e-06
1.877554000000000032e-06
1.858927000000000007e-06
1.836575000000000072e-06
1.814223999999999954e-06
1.791872000000000019e-06
1.773244999999999994e-06
1.747167999999999939e-06
1.728541999999999941e-06
1.706190000000000007e-06
1.683838000000000073e-06
1.665212000000000075e-06
1.646586000000000078e-06
1.624233999999999931e-06
1.605606999999999906e-06
1.586980999999999909e-06
1.572080000000000032e-06
1.549728000000000098e-06
1.534827000000000010e-06
1.519925999999999921e-06
1.501298999999999896e-06
1.486398000000000020e-06
1.467772000000000022e-06
1.452869999999999906e-06
1.434243999999999909e-06
1.419343000000000032e-06
1.400716000000000007e-06
1.385814999999999919e-06
1.367188999999999922e-06
1.352288000000000045e-06
1.333661000000000020e-06
1.322485000000000053e-06
1.303859000000000055e-06
1.288957999999999967e-06
1.274057000000000091e-06
1.259154999999999975e-06
1.244254000000000098e-06
1.233077999999999919e-06
1.218177000000000043e-06
1.203275999999999955e-06
1.192099999999999987e-06
1.177198999999999899e-06
1.166022999999999932e-06
1.154846999999999965e-06
1.139946000000000088e-06
1.132496000000000058e-06
1.121320000000000091e-06
1.106417999999999975e-06
1.098967999999999945e-06
1.087791999999999977e-06
1.080340999999999920e-06
1.069165999999999980e-06
1.050538999999999955e-06
1.035638000000000078e-06
1.013285999999999932e-06
9.872091999999999670e-07
9.611321999999999116e-07
9.350514999999999870e-07
9.052491999999999928e-07
8.754468999999999986e-07
8.419192000000000206e-07
8.121169000000000265e-07
7.823146000000000323e-07
7.562375999999999769e-07
7.264352000000000435e-07
7.003581999999999880e-07
6.780064999999999772e-07
6.556547000000000272e-07
6.333030000000000164e-07
6.146765000000000050e-07
5.997753999999999776e-07
5.811488999999999663e-07
5.699730999999999834e-07
5.550719000000000167e-07
5.401707000000000500e-07
5.327202000000000059e-07
5.215442999999999779e-07
5.140936999999999946e-07
5.066431000000000112e-07
4.991925000000000279e-07
4.917419999999999838e-07
4.842914000000000004e-07
4.805660999999999558e-07
4.731137000000000075e-07
4.731137000000000075e-07
4.656631000000000241e-07
4.619377999999999795e-07
4.582124999999999878e-07
4.544871999999999962e-07
4.470367000000000050e-07
4.433114000000000133e-07
4.433114000000000133e-07
4.395861000000000216e-07
4.395861000000000216e-07
4.358607999999999770e-07
4.321354999999999853e-07
4.284101999999999937e-07
4.284101999999999937e-07
4.246849000000000020e-07
4.209596000000000103e-07
4.209596000000000103e-07
4.172343000000000186e-07
4.172343000000000186e-07
4.172343000000000186e-07
4.172343000000000186e-07
4.172343000000000186e-07
4.172343000000000186e-07
4.172343000000000186e-07
4.172343000000000186e-07
4.172343000000000186e-07
4.209596000000000103e-07
4.209596000000000103e-07
4.246849000000000020e-07
4.284101999999999937e-07
4.284101999999999937e-07
4.321354999999999853e-07
4.321354999999999853e-07
4.358607999999999770e-07
4.395861000000000216e-07
4.433114000000000133e-07
4.433114000000000133e-07
4.470367000000000050e-07
4.507619000000000045e-07
4.544871999999999962e-07
4.619377999999999795e-07
4.693884000000000158e-07
4.731137000000000075e-07
4.768408000000000171e-07
4.842914000000000004e-07
4.917419999999999838e-07
4.954671999999999833e-07
5.029177999999999666e-07
5.066431000000000112e-07
5.140936999999999946e-07
5.215442999999999779e-07
5.289948999999999613e-07
5.364454000000000054e-07
5.401707000000000500e-07
5.476213000000000334e-07
5.550719000000000167e-07
5.625225000000000001e-07
5.699730999999999834e-07
5.736982999999999829e-07
5.848742000000000109e-07
5.923247999999999942e-07
5.997753999999999776e-07
6.072259999999999609e-07
6.146765000000000050e-07
6.258524000000000330e-07
6.333030000000000164e-07
6.407535999999999997e-07
6.482041000000000438e-07
6.593799999999999659e-07
6.631053000000000105e-07
6.742812000000000385e-07
6.817318000000000218e-07
6.929076000000000047e-07
7.003581999999999880e-07
7.115341000000000160e-07
7.189846999999999993e-07
7.301604999999999822e-07
7.413364000000000102e-07
7.525123000000000381e-07
7.599629000000000215e-07
7.711387000000000043e-07
7.860398999999999710e-07
7.934904999999999544e-07
8.083915999999999818e-07
8.195675000000000098e-07
8.307434000000000378e-07
8.456444999999999594e-07
8.530951000000000486e-07
8.679963000000000153e-07
8.828974000000000428e-07
8.903480000000000261e-07
9.052491999999999928e-07
9.164251000000000208e-07
9.313262000000000482e-07
9.425020999999999703e-07
9.536816000000000341e-07
9.685828000000000008e-07
9.797586000000000896e-07
9.946598000000000563e-07
1.009561000000000023e-06
1.024461999999999899e-06
1.035638000000000078e-06
1.050538999999999955e-06
1.065440000000000043e-06
1.076616000000000010e-06
1.091517000000000099e-06
1.106417999999999975e-06
1.121320000000000091e-06
1.139946000000000088e-06
1.154846999999999965e-06
1.169748000000000053e-06
1.188375000000000078e-06
1.203275999999999955e-06
1.221901999999999952e-06
1.236804000000000068e-06
1.259154999999999975e-06
1.274057000000000091e-06
1.292683000000000088e-06
1.311309000000000086e-06
1.329935999999999899e-06
1.344836999999999987e-06
1.363464000000000012e-06
1.382090000000000010e-06
1.396991000000000098e-06
1.415617999999999911e-06
1.434243999999999909e-06
1.452869999999999906e-06
1.467772000000000022e-06
1.486398000000000020e-06
1.501298999999999896e-06
1.519925999999999921e-06
1.538551999999999919e-06
1.553453000000000007e-06
1.575804999999999942e-06
1.590706000000000030e-06
1.609333000000000055e-06
1.627959000000000052e-06
1.646586000000000078e-06
1.665212000000000075e-06
1.680112999999999952e-06
1.702465000000000098e-06
1.717365999999999974e-06
1.739717999999999909e-06
1.754618999999999997e-06
1.773244999999999994e-06
1.791872000000000019e-06
1.806772999999999896e-06
1.825399999999999921e-06
1.844025999999999919e-06
1.862651999999999916e-06
1.877554000000000032e-06
1.899904999999999939e-06
1.914813999999999824e-06
1.933439999999999822e-06
1.952067000000000059e-06
1.970693000000000056e-06
1.993044999999999990e-06
2.011670999999999988e-06
2.030297999999999801e-06
2.056374999999999857e-06
2.075000999999999854e-06
2.093628000000000091e-06
2.115979000000000210e-06
2.130880999999999902e-06
2.153232000000000021e-06
2.168134000000000136e-06
2.186760000000000134e-06
2.205386000000000131e-06
2.220287999999999824e-06
2.238913999999999821e-06
2.253815000000000121e-06
2.276167000000000056e-06
2.291067999999999932e-06
2.309695000000000169e-06
2.332045999999999864e-06
2.350673000000000101e-06
2.373023999999999796e-06
2.395376000000000154e-06
2.414002999999999967e-06
2.436354000000000086e-06
2.462431000000000141e-06
2.481057999999999955e-06
2.507135000000000010e-06
2.533212000000000065e-06
2.555564000000000000e-06
2.577915000000000118e-06
2.600267000000000053e-06
2.626344000000000108e-06
2.648696000000000043e-06
2.674773000000000098e-06
2.697125000000000032e-06
2.723202000000000088e-06
2.749279000000000143e-06
2.771631000000000078e-06
2.797708000000000133e-06
2.820058999999999828e-06
2.849861999999999820e-06
2.872212999999999939e-06
2.898289999999999994e-06
2.920641999999999929e-06
2.942993999999999863e-06
2.969070999999999919e-06
2.991422999999999853e-06
3.017499999999999908e-06
3.039851000000000027e-06
3.065928000000000082e-06
3.088280000000000017e-06
3.114357000000000072e-06
3.136709000000000007e-06
3.162786000000000062e-06
3.188863000000000118e-06
3.211215000000000052e-06
3.237292000000000107e-06
3.259644000000000042e-06
3.289445999999999795e-06
3.315522999999999850e-06
3.341599999999999906e-06
3.367676999999999961e-06
3.397479000000000137e-06
3.423556000000000193e-06
3.449632999999999825e-06
3.479435999999999817e-06
3.509237999999999994e-06
3.535315000000000049e-06
3.565116999999999802e-06
3.591193999999999857e-06
3.620996999999999850e-06
3.647073999999999905e-06
3.676876000000000082e-06
3.706677999999999835e-06
3.736480999999999827e-06
3.766283000000000003e-06
3.796085000000000180e-06
3.829627999999999648e-06
3.859430000000000248e-06
3.889232000000000001e-06
3.919033999999999754e-06
3.948836999999999747e-06
3.982364000000000044e-06
4.008441000000000100e-06
4.041968999999999789e-06
4.071771000000000389e-06
4.097847999999999598e-06
4.127650999999999590e-06
4.157453000000000190e-06
4.183530000000000245e-06
4.213331999999999998e-06
4.243134999999999991e-06
4.269212000000000046e-06
4.295289000000000102e-06
4.325090999999999855e-06
4.351167999999999910e-06
4.380969999999999663e-06
4.407047999999999958e-06
4.436849999999999711e-06
4.462926999999999766e-06
4.496454000000000064e-06
4.526257000000000056e-06
4.552334000000000111e-06
4.582135999999999864e-06
4.608212999999999920e-06
4.634289999999999975e-06
4.660367000000000031e-06
4.690170000000000023e-06
4.716247000000000078e-06
4.749774000000000376e-06
4.775850999999999584e-06
4.805653999999999577e-06
4.835456000000000177e-06
4.861533000000000232e-06
4.891334999999999985e-06
4.917412000000000040e-06
4.947215000000000033e-06
4.973292000000000088e-06
5.003093999999999841e-06
5.032895999999999594e-06
5.058972999999999649e-06
5.085049999999999705e-06
5.107402000000000063e-06
5.133479000000000118e-06
5.159556000000000174e-06
5.185633000000000229e-06
5.207984999999999740e-06
5.234061999999999795e-06
5.256414000000000153e-06
5.286215999999999906e-06
5.308568000000000264e-06
5.334645000000000320e-06
5.356996999999999830e-06
5.383073999999999886e-06
5.409150999999999941e-06
5.435227999999999997e-06
5.461305000000000052e-06
5.487382000000000108e-06
5.513459000000000163e-06
5.539536000000000218e-06
5.573062999999999669e-06
5.599139999999999724e-06
5.625216999999999780e-06
5.651293999999999835e-06
5.677372000000000130e-06
5.703449000000000185e-06
5.729526000000000241e-06
5.755603000000000296e-06
5.781680000000000352e-06
5.807757000000000407e-06
5.833833999999999616e-06
5.859910999999999671e-06
5.885987999999999726e-06
5.912064999999999782e-06
5.938141999999999837e-06
5.960494000000000195e-06
5.986571000000000251e-06
6.016373000000000004e-06
6.042450000000000059e-06
6.072251999999999812e-06
6.098328999999999867e-06
6.124405999999999923e-06
6.154208999999999915e-06
6.180285999999999971e-06
6.210087999999999723e-06
6.236164999999999779e-06
6.269693000000000316e-06
6.299495000000000069e-06
6.329296999999999822e-06
6.359099999999999814e-06
6.385176999999999869e-06
6.414978999999999622e-06
6.441055999999999678e-06
6.467132999999999733e-06
6.493209999999999789e-06
6.519286999999999844e-06
6.545363999999999900e-06
6.571440999999999955e-06
6.593793000000000313e-06
6.619870000000000368e-06
6.645946999999999577e-06
6.672023999999999632e-06
6.694375999999999990e-06
6.720453000000000045e-06
6.742805000000000403e-06
6.772607000000000156e-06
6.798684000000000212e-06
6.824761000000000267e-06
6.850838000000000323e-06
6.876915000000000378e-06
6.902991999999999586e-06
6.932794000000000186e-06
6.955145999999999697e-06
6.981222999999999753e-06
7.007299999999999808e-06
7.029652000000000166e-06
7.059453999999999919e-06
7.085530999999999974e-06
7.107883000000000332e-06
7.133960000000000388e-06
7.156311999999999899e-06
7.182388999999999954e-06
7.208466000000000010e-06
7.230818000000000367e-06
7.256895000000000423e-06
7.282971999999999631e-06
7.312774000000000231e-06
7.338851000000000287e-06
7.364928000000000342e-06
7.391005000000000398e-06
7.417081999999999606e-06
7.446884000000000206e-06
7.472961000000000261e-06
7.499038000000000317e-06
7.525115999999999765e-06
7.554918000000000365e-06
7.580995000000000420e-06
7.607071999999999628e-06
7.633177999999999849e-06
7.662979999999999602e-06
7.692783000000000441e-06
7.718860000000000497e-06
7.748662000000000250e-06
7.774739000000000305e-06
7.800816000000000361e-06
7.830618000000000114e-06
7.856695000000000169e-06
7.886497999999999314e-06
7.916300000000000761e-06
7.946102000000000514e-06
7.972179000000000570e-06
8.001981999999999715e-06
8.028058999999999770e-06
8.057860999999999523e-06
8.087662999999999276e-06
8.117466000000000116e-06
8.147267999999999869e-06
8.177069999999999621e-06
8.206873000000000461e-06
8.240399999999999911e-06
8.270203000000000751e-06
8.300005000000000504e-06
8.329807000000000257e-06
8.359609999999999402e-06
8.389411999999999155e-06
8.419214000000000602e-06
8.445291000000000657e-06
8.471368000000000713e-06
8.501170999999999858e-06
8.527247999999999913e-06
8.553324999999999969e-06
8.583126999999999722e-06
8.612928999999999475e-06
8.642732000000000314e-06
8.672534000000000067e-06
8.702335999999999820e-06
8.728412999999999875e-06
8.761941000000000412e-06
8.791743000000000165e-06
8.825271000000000702e-06
8.855073000000000455e-06
8.888600999999999298e-06
8.922128000000000442e-06
8.951930999999999588e-06
8.985458000000000732e-06
9.018985999999999575e-06
9.048787999999999328e-06
9.082315999999999865e-06
9.112117999999999618e-06
9.141921000000000457e-06
9.171723000000000210e-06
9.201524999999999963e-06
9.231328000000000802e-06
9.261130000000000555e-06
9.287207000000000611e-06
9.317009000000000364e-06
9.350536999999999206e-06
9.380339000000000653e-06
9.410141999999999799e-06
9.439943999999999552e-06
9.473471000000000696e-06
9.503273999999999841e-06
9.533075999999999594e-06
9.562877999999999347e-06
9.592681000000000187e-06
9.622482999999999940e-06
9.648559999999999995e-06
9.678361999999999748e-06
9.704438999999999803e-06
9.730515999999999859e-06
9.756592999999999914e-06
9.782670999999999362e-06
9.812473000000000809e-06
9.838549999999999170e-06
9.864626999999999226e-06
9.894429000000000673e-06
9.924231999999999818e-06
9.950308999999999874e-06
9.980110999999999627e-06
1.000990999999999951e-05
1.003971999999999948e-05
1.006952000000000045e-05
1.009931999999999972e-05
1.013285000000000074e-05
1.016265000000000001e-05
1.019617999999999934e-05
1.022598000000000030e-05
1.025950999999999963e-05
1.029304000000000064e-05
1.032283999999999992e-05
1.035636999999999924e-05
1.038988999999999955e-05
1.042342000000000057e-05
1.045694999999999989e-05
1.049047999999999921e-05
1.052028000000000018e-05
1.055380999999999950e-05
1.058732999999999982e-05
1.062086000000000083e-05
1.065439000000000015e-05
1.068791999999999948e-05
1.072143999999999979e-05
1.075497000000000081e-05
1.078850000000000013e-05
1.082202999999999945e-05
1.085554999999999977e-05
1.088908000000000078e-05
1.092261000000000010e-05
1.095240999999999938e-05
1.098594000000000039e-05
1.101573999999999967e-05
1.104927000000000068e-05
1.107906999999999996e-05
1.110886999999999923e-05
1.113867999999999921e-05
1.116475000000000013e-05
1.119083000000000005e-05
1.121690999999999998e-05
1.124297999999999921e-05
1.127278999999999918e-05
1.129514000000000075e-05
1.132122000000000068e-05
1.134357000000000056e-05
1.136592000000000044e-05
1.139571999999999971e-05
1.142179999999999964e-05
1.144787999999999957e-05
1.147395000000000049e-05
1.150003000000000041e-05
1.152611000000000034e-05
1.154101000000000082e-05
1.155217999999999957e-05
1.155590999999999961e-05
1.155217999999999957e-05
1.154846000000000022e-05
1.154473000000000017e-05
1.154101000000000082e-05
1.154101000000000082e-05
1.154473000000000017e-05
1.155590999999999961e-05
1.157081000000000010e-05
1.159315999999999998e-05
1.161923999999999990e-05
1.165276999999999923e-05
1.168257000000000019e-05
1.172355000000000060e-05
1.176452000000000032e-05
1.180923000000000077e-05
1.185020999999999949e-05
1.189863999999999930e-05
1.194334000000000075e-05
1.199177000000000055e-05
1.203274999999999927e-05
1.207372000000000068e-05
1.211098000000000004e-05
1.214823000000000041e-05
1.218175999999999973e-05
1.221529000000000074e-05
1.224509000000000002e-05
1.227861999999999934e-05
1.230842000000000031e-05
1.234194000000000062e-05
1.237919999999999999e-05
1.241272999999999932e-05
1.244624999999999963e-05
1.248723000000000004e-05
1.252448000000000041e-05
1.256546000000000082e-05
1.260643999999999953e-05
1.264741999999999994e-05
1.268840000000000035e-05
1.272938000000000076e-05
1.275918000000000004e-05
1.279270999999999936e-05
1.282251000000000033e-05
1.284486000000000021e-05
1.286349000000000074e-05
1.288584000000000062e-05
1.290073999999999941e-05
1.291935999999999924e-05
1.294171999999999982e-05
1.296033999999999965e-05
1.298641999999999958e-05
1.301249999999999950e-05
1.304230000000000047e-05
1.307209999999999975e-05
1.310563000000000076e-05
1.313916000000000008e-05
1.317268000000000040e-05
1.321366000000000081e-05
1.325092000000000018e-05
1.329561999999999994e-05
1.333287000000000030e-05
1.337758000000000076e-05
1.342228000000000052e-05
1.346325999999999923e-05
1.351169000000000073e-05
1.355266000000000044e-05
1.360109000000000025e-05
1.364580000000000071e-05
1.369050000000000047e-05
1.373893000000000027e-05
1.377991000000000068e-05
1.382834000000000049e-05
1.386931000000000020e-05
1.391402000000000066e-05
1.395872000000000042e-05
1.399970000000000083e-05
1.404440000000000058e-05
1.408537999999999930e-05
1.412635999999999971e-05
1.416361000000000008e-05
1.419340999999999935e-05
1.420832000000000053e-05
1.420459000000000049e-05
1.418595999999999995e-05
1.415243999999999964e-05
1.411891000000000032e-05
1.407792999999999991e-05
1.404067999999999954e-05
1.400715000000000022e-05
1.398851999999999969e-05
1.396989999999999986e-05
1.396616999999999981e-05
1.397361999999999921e-05
1.398851999999999969e-05
1.401088000000000027e-05
1.404440000000000058e-05
1.408165999999999995e-05
1.412635999999999971e-05
1.417851000000000056e-05
1.423067000000000041e-05
1.428654999999999961e-05
1.434987999999999990e-05
1.440948000000000015e-05
1.447654000000000048e-05
1.453987000000000077e-05
1.460692000000000041e-05
1.467025000000000070e-05
1.473730999999999934e-05
1.480063999999999963e-05
1.486396999999999992e-05
1.492730000000000021e-05
1.499063000000000050e-05
1.505023000000000074e-05
1.510983999999999999e-05
1.516944000000000023e-05
1.522904000000000048e-05
1.528497999999999879e-05
1.533713999999999865e-05
1.538929000000000119e-05
1.544517000000000039e-05
1.549360000000000019e-05
1.554574999999999935e-05
1.559045999999999981e-05
1.563888999999999961e-05
1.568358999999999937e-05
1.573201999999999918e-05
1.577299999999999959e-05
1.581769999999999934e-05
1.586239999999999910e-05
1.589966000000000017e-05
1.594062999999999988e-05
1.598161000000000029e-05
1.602259000000000070e-05
1.605984000000000106e-05
1.610082000000000147e-05
1.614179999999999849e-05
1.617904999999999886e-05
1.621630999999999992e-05
1.625356000000000028e-05
1.629081000000000065e-05
1.633179000000000106e-05
1.636904000000000142e-05
1.641001999999999844e-05
1.644726999999999881e-05
1.648452999999999987e-05
1.651805000000000019e-05
1.654785999999999847e-05
1.657392999999999939e-05
1.659256000000000161e-05
1.661119000000000045e-05
1.662235999999999919e-05
1.663353999999999863e-05
1.664099000000000142e-05
1.664844000000000081e-05
1.665589000000000021e-05
1.666333999999999960e-05
1.667078999999999900e-05
1.668196999999999844e-05
1.668942000000000122e-05
1.670058999999999997e-05
1.671176999999999941e-05
1.671921999999999880e-05
1.673040000000000163e-05
1.674157000000000038e-05
1.675274999999999982e-05
1.676391999999999856e-05
1.677510000000000139e-05
1.678627000000000014e-05
1.679744999999999958e-05
1.680862999999999902e-05
1.681607999999999841e-05
1.682725000000000055e-05
1.683842999999999999e-05
1.684587999999999938e-05
1.685332999999999878e-05
1.686451000000000161e-05
1.687568000000000035e-05
1.687941000000000040e-05
1.689057999999999914e-05
1.690175999999999858e-05
1.690921000000000137e-05
1.691666000000000076e-05
1.692784000000000020e-05
1.693900999999999895e-05
1.694273999999999899e-05
1.695391000000000113e-05
1.696136000000000052e-05
1.696880999999999992e-05
1.697253999999999996e-05
1.697998999999999936e-05
1.698370999999999871e-05
1.699116999999999880e-05
1.699489000000000154e-05
1.699862000000000158e-05
1.700234000000000093e-05
1.700234000000000093e-05
1.700234000000000093e-05
1.700607000000000098e-05
1.700607000000000098e-05
1.700979000000000033e-05
1.700979000000000033e-05
1.700979000000000033e-05
1.701352000000000037e-05
1.701352000000000037e-05
1.701723999999999972e-05
1.702096999999999977e-05
1.702096999999999977e-05
1.702468999999999912e-05
1.702841999999999916e-05
1.703213999999999851e-05
1.703586999999999856e-05
1.703586999999999856e-05
1.704332000000000134e-05
1.704704000000000069e-05
1.705077000000000074e-05
1.705450000000000078e-05
1.705822000000000013e-05
1.706566999999999953e-05
1.706566999999999953e-05
1.706566999999999953e-05
1.706939999999999957e-05
1.706939999999999957e-05
1.706939999999999957e-05
1.706939999999999957e-05
1.707311999999999892e-05
1.707311999999999892e-05
1.707311999999999892e-05
1.707311999999999892e-05
1.707311999999999892e-05
1.707311999999999892e-05
1.707311999999999892e-05
1.707684999999999897e-05
1.707684999999999897e-05
1.708056999999999832e-05
1.708429999999999836e-05
1.708429999999999836e-05
1.708802000000000110e-05
1.709175000000000115e-05
1.709547000000000050e-05
1.709547000000000050e-05
1.709920000000000054e-05
1.710291999999999989e-05
1.710291999999999989e-05
1.710664999999999994e-05
1.711036999999999929e-05
1.711409999999999933e-05
1.711409999999999933e-05
1.711782999999999938e-05
1.711782999999999938e-05
1.712154999999999873e-05
1.712154999999999873e-05
1.712154999999999873e-05
1.712527999999999877e-05
1.712527999999999877e-05
1.712527999999999877e-05
1.712900000000000151e-05
1.712900000000000151e-05
1.712900000000000151e-05
1.712900000000000151e-05
1.712527999999999877e-05
1.712527999999999877e-05
1.712527999999999877e-05
1.712154999999999873e-05
1.712154999999999873e-05
1.712154999999999873e-05
1.711782999999999938e-05
1.711782999999999938e-05
1.711782999999999938e-05
1.711782999999999938e-05
1.712154999999999873e-05
1.712154999999999873e-05
1.712527999999999877e-05
1.712900000000000151e-05
1.712900000000000151e-05
1.712900000000000151e-05
1.713273000000000156e-05
1.713645000000000091e-05
1.714018000000000095e-05
1.714018000000000095e-05
1.714390000000000030e-05
1.714390000000000030e-05
1.714763000000000035e-05
1.714763000000000035e-05
1.714763000000000035e-05
1.714763000000000035e-05
1.714763000000000035e-05
1.714763000000000035e-05
1.715134999999999970e-05
1.715134999999999970e-05
1.714763000000000035e-05
1.714763000000000035e-05
1.714763000000000035e-05
1.714763000000000035e-05
1.714763000000000035e-05
1.715134999999999970e-05
1.715134999999999970e-05
1.715134999999999970e-05
1.715134999999999970e-05
1.715134999999999970e-05
1.715134999999999970e-05
1.715507999999999974e-05
1.715507999999999974e-05
1.715879999999999909e-05
1.715879999999999909e-05
1.716252999999999914e-05
1.716252999999999914e-05
1.716252999999999914e-05
1.716252999999999914e-05
1.716252999999999914e-05
1.716252999999999914e-05
1.716252999999999914e-05
1.716252999999999914e-05
1.716252999999999914e-05
1.716252999999999914e-05
1.716252999999999914e-05
1.716252999999999914e-05
1.716624999999999849e-05
1.716624999999999849e-05
1.716624999999999849e-05
1.716997999999999853e-05
1.716997999999999853e-05
1.716997999999999853e-05
1.716997999999999853e-05
1.716997999999999853e-05
1.717370000000000127e-05
1.717370000000000127e-05
1.717370000000000127e-05
1.717370000000000127e-05
1.717370000000000127e-05
1.717370000000000127e-05
1.717370000000000127e-05
1.717370000000000127e-05
1.717743000000000132e-05
1.717743000000000132e-05
1.717743000000000132e-05
1.717743000000000132e-05
1.717743000000000132e-05
1.717743000000000132e-05
1.718116000000000136e-05
1.718116000000000136e-05
1.718116000000000136e-05
1.718488000000000071e-05
1.718488000000000071e-05
1.718861000000000076e-05
1.718861000000000076e-05
1.718861000000000076e-05
1.719233000000000011e-05
1.719233000000000011e-05
1.719233000000000011e-05
1.719233000000000011e-05
1.719233000000000011e-05
1.719233000000000011e-05
1.719606000000000015e-05
1.719606000000000015e-05
1.719977999999999950e-05
1.719977999999999950e-05
1.720350999999999955e-05
1.720350999999999955e-05
1.720722999999999890e-05
1.721095999999999894e-05
1.721468000000000168e-05
1.721468000000000168e-05
1.721840999999999834e-05
1.722213000000000107e-05
1.722586000000000112e-05
1.722586000000000112e-05
