4.706555000000000206e-05
4.706555000000000206e-05
4.706555000000000206e-05
4.706555000000000206e-05
4.707300000000000145e-05
4.707300000000000145e-05
4.708045000000000085e-05
4.708790000000000024e-05
4.708790000000000024e-05
4.709534999999999964e-05
4.709534999999999964e-05
4.709534999999999964e-05
4.709534999999999964e-05
4.709534999999999964e-05
4.709534999999999964e-05
4.709534999999999964e-05
4.709534999999999964e-05
4.709534999999999964e-05
4.709534999999999964e-05
4.709534999999999964e-05
4.709534999999999964e-05
4.709534999999999964e-05
4.709534999999999964e-05
4.709534999999999964e-05
4.708790000000000024e-05
4.708790000000000024e-05
4.708045000000000085e-05
4.707300000000000145e-05
4.706555000000000206e-05
4.705810000000000266e-05
4.705065000000000327e-05
4.702829999999999831e-05
4.700595000000000012e-05
4.698359000000000124e-05
4.694633999999999748e-05
4.690909000000000051e-05
4.685692999999999727e-05
4.680478000000000150e-05
4.673771999999999947e-05
4.667066999999999814e-05
4.659615999999999671e-05
4.651421000000000337e-05
4.642480000000000315e-05
4.633539000000000294e-05
4.623853999999999725e-05
4.614167999999999764e-05
4.604481999999999802e-05
4.593305999999999962e-05
4.582875000000000062e-05
4.571700000000000291e-05
4.559778999999999834e-05
4.547113000000000115e-05
4.535192000000000335e-05
4.522525999999999939e-05
4.509860000000000220e-05
4.497193999999999823e-05
4.484528000000000104e-05
4.471116999999999767e-05
4.458451000000000048e-05
4.445785000000000329e-05
4.432373999999999993e-05
4.418963000000000334e-05
4.405551999999999998e-05
4.392140999999999661e-05
4.378728999999999933e-05
4.365318000000000274e-05
4.351906999999999938e-05
4.338496000000000279e-05
4.325084999999999943e-05
4.312419000000000224e-05
4.299752999999999827e-05
4.286342000000000168e-05
4.272930999999999832e-05
4.260265000000000113e-05
4.247598999999999716e-05
4.234932999999999997e-05
4.222267000000000278e-05
4.210345999999999821e-05
4.198425000000000041e-05
4.185759000000000322e-05
4.173092999999999925e-05
4.161173000000000215e-05
4.149251999999999758e-05
4.137330999999999978e-05
4.125410000000000199e-05
4.113488999999999742e-05
4.101567999999999962e-05
4.090392000000000122e-05
4.078470999999999665e-05
4.066549999999999885e-05
4.056118999999999984e-05
4.044943000000000144e-05
4.033767999999999696e-05
4.023336999999999796e-05
4.012905999999999895e-05
4.002474999999999994e-05
3.992044000000000094e-05
3.982359000000000203e-05
3.971928000000000302e-05
3.961496999999999724e-05
3.951810999999999762e-05
3.942124999999999801e-05
3.932439999999999910e-05
3.922009000000000010e-05
3.913067999999999988e-05
3.902637000000000087e-05
3.892952000000000196e-05
3.882521000000000295e-05
3.872835000000000334e-05
3.863148999999999696e-05
3.853463999999999804e-05
3.843777999999999843e-05
3.833346999999999943e-05
3.823660999999999981e-05
3.813230000000000081e-05
3.803545000000000190e-05
3.793114000000000289e-05
3.783428000000000328e-05
3.774487000000000306e-05
3.764056999999999798e-05
3.754370999999999837e-05
3.743939999999999936e-05
3.734998999999999915e-05
3.724569000000000084e-05
3.715628000000000062e-05
3.705942000000000101e-05
3.696256000000000140e-05
3.686571000000000249e-05
3.677630000000000227e-05
3.667199000000000327e-05
3.658258000000000305e-05
3.647827999999999797e-05
3.638886999999999775e-05
3.629200999999999814e-05
3.619514999999999853e-05
3.609829999999999962e-05
3.600888999999999940e-05
3.590458000000000039e-05
3.581517000000000018e-05
3.571832000000000126e-05
3.561401000000000226e-05
3.552460000000000204e-05
3.542029000000000304e-05
3.533088999999999674e-05
3.522657999999999774e-05
3.512971999999999812e-05
3.503285999999999851e-05
3.493600999999999960e-05
3.483914999999999999e-05
3.474973999999999977e-05
3.464543000000000077e-05
3.454858000000000186e-05
3.445172000000000224e-05
3.435486000000000263e-05
3.425800000000000302e-05
3.415368999999999724e-05
3.404938999999999893e-05
3.394507999999999993e-05
3.384077000000000092e-05
3.374391000000000131e-05
3.363215000000000291e-05
3.353529999999999722e-05
3.343843999999999761e-05
3.332667999999999921e-05
3.322981999999999959e-05
3.311806000000000119e-05
3.301376000000000289e-05
3.291690000000000327e-05
3.280513999999999810e-05
3.270082999999999909e-05
3.259652000000000008e-05
3.248476000000000168e-05
3.237300999999999720e-05
3.226869999999999820e-05
3.216438999999999919e-05
3.206008000000000019e-05
3.195577000000000118e-05
3.185146000000000217e-05
3.173970999999999769e-05
3.163539999999999869e-05
3.153108999999999968e-05
3.141933000000000128e-05
3.131502000000000227e-05
3.121071000000000327e-05
3.109895999999999879e-05
3.098720000000000039e-05
3.088289000000000138e-05
3.077858000000000238e-05
3.066681999999999720e-05
3.056250999999999819e-05
3.045063999999999887e-05
3.033888000000000047e-05
3.023457000000000146e-05
3.013025999999999907e-05
3.001851000000000137e-05
2.990674999999999958e-05
2.980244000000000057e-05
2.969813000000000156e-05
2.957892000000000038e-05
2.947461000000000137e-05
2.937030999999999968e-05
2.925855000000000128e-05
2.915423999999999888e-05
2.904992999999999988e-05
2.893817000000000148e-05
2.883385999999999908e-05
2.872956000000000077e-05
2.862524999999999838e-05
2.851348999999999998e-05
2.840918000000000097e-05
2.830486999999999858e-05
2.818566000000000078e-05
2.808134999999999839e-05
2.797705000000000008e-05
2.786529000000000168e-05
2.776097999999999928e-05
2.764922000000000088e-05
2.754490999999999849e-05
2.743315000000000009e-05
2.732139999999999900e-05
2.721708999999999999e-05
2.710533000000000159e-05
2.699356999999999980e-05
2.688181000000000140e-05
2.677749999999999900e-05
2.666574000000000060e-05
2.655398999999999951e-05
2.644968000000000050e-05
2.634537000000000150e-05
2.624105999999999910e-05
2.613675000000000010e-05
2.603244999999999840e-05
2.592813999999999940e-05
2.583127999999999978e-05
2.571952000000000138e-05
2.562265999999999838e-05
2.551834999999999938e-05
2.541405000000000107e-05
2.531719000000000146e-05
2.520542999999999967e-05
2.510857000000000006e-05
2.501172000000000115e-05
2.489995999999999936e-05
2.480309999999999975e-05
2.469879000000000074e-05
2.459447999999999835e-05
2.449016999999999934e-05
2.438587000000000103e-05
2.428155999999999864e-05
2.418469999999999903e-05
2.408039000000000002e-05
2.398354000000000111e-05
2.387922999999999871e-05
2.378981999999999850e-05
2.368550999999999949e-05
2.359610999999999997e-05
2.349925000000000036e-05
2.340984000000000015e-05
2.331298000000000053e-05
2.322358000000000102e-05
2.313417000000000080e-05
2.304476000000000059e-05
2.295536000000000107e-05
2.285850000000000146e-05
2.277654000000000064e-05
2.268713000000000042e-05
2.259773000000000090e-05
2.250832000000000069e-05
2.241891000000000047e-05
2.232206000000000156e-05
2.223265000000000134e-05
2.215069000000000052e-05
2.205383000000000091e-05
2.197188000000000079e-05
2.187502000000000118e-05
2.178561000000000096e-05
2.170366000000000084e-05
2.161425000000000062e-05
2.153228999999999980e-05
2.145033999999999968e-05
2.136837999999999886e-05
2.127896999999999864e-05
2.120447000000000130e-05
2.112251000000000048e-05
2.104056000000000036e-05
2.096604999999999893e-05
2.089154000000000090e-05
2.081704000000000017e-05
2.073507999999999935e-05
2.066057999999999862e-05
2.059351999999999998e-05
2.051901999999999925e-05
2.045196000000000061e-05
2.039235999999999867e-05
2.032530000000000003e-05
2.025824999999999870e-05
2.019119000000000005e-05
2.012413000000000141e-05
2.006452999999999947e-05
1.999747000000000083e-05
1.993041999999999950e-05
1.987081000000000025e-05
1.981120999999999832e-05
1.974414999999999967e-05
1.968455000000000112e-05
1.963239999999999858e-05
1.956533999999999994e-05
1.950574000000000139e-05
1.945358000000000154e-05
1.939397999999999960e-05
1.934181999999999975e-05
1.928967000000000060e-05
1.923752000000000144e-05
1.918536000000000159e-05
1.913320999999999905e-05
1.908104999999999919e-05
1.903634999999999944e-05
1.898420000000000028e-05
1.893204000000000043e-05
1.887989000000000128e-05
1.882773000000000142e-05
1.877557999999999888e-05
1.873087999999999912e-05
1.867871999999999927e-05
1.862657000000000012e-05
1.858185999999999966e-05
1.853715999999999990e-05
1.849246000000000014e-05
1.844030000000000029e-05
1.840304999999999993e-05
1.836579999999999956e-05
1.831363999999999971e-05
1.827638999999999935e-05
1.823913999999999898e-05
1.819442999999999853e-05
1.814972999999999877e-05
1.811247999999999840e-05
1.806777000000000133e-05
1.802307000000000158e-05
1.798582000000000121e-05
1.794111000000000075e-05
1.789641000000000100e-05
1.785171000000000124e-05
1.779955000000000138e-05
1.774739999999999884e-05
1.769524999999999969e-05
1.763564000000000044e-05
1.757603999999999850e-05
1.751642999999999926e-05
1.744938000000000131e-05
1.738976999999999868e-05
1.732272000000000073e-05
1.726311000000000149e-05
1.720350999999999955e-05
1.713645000000000091e-05
1.707684999999999897e-05
1.702468999999999912e-05
1.696509000000000057e-05
1.690548000000000132e-05
1.684587999999999938e-05
1.679373000000000023e-05
1.674901999999999977e-05
1.669687000000000062e-05
1.664471000000000077e-05
1.659256000000000161e-05
1.654040999999999907e-05
1.649569999999999861e-05
1.645099999999999885e-05
1.639883999999999900e-05
1.634668999999999985e-05
1.629454000000000069e-05
1.624983000000000024e-05
1.619768000000000108e-05
1.614552000000000123e-05
1.609336999999999869e-05
1.604121999999999954e-05
1.598905999999999968e-05
1.593691000000000053e-05
1.588475000000000068e-05
1.583260000000000152e-05
1.577299999999999959e-05
1.571339000000000034e-05
1.566124000000000118e-05
1.560162999999999855e-05
1.554203000000000000e-05
1.548242000000000075e-05
1.542281999999999882e-05
1.535576000000000017e-05
1.528870999999999884e-05
1.522904000000000048e-05
1.515453999999999975e-05
1.508747999999999941e-05
1.502042999999999978e-05
1.494592000000000004e-05
1.487887000000000041e-05
1.481181000000000007e-05
1.473730999999999934e-05
1.466279999999999961e-05
1.458084000000000048e-05
1.450633999999999976e-05
1.443927999999999942e-05
1.435732999999999930e-05
1.428281999999999957e-05
1.420086000000000044e-05
1.412635999999999971e-05
1.405184999999999998e-05
1.396989999999999986e-05
1.389539000000000013e-05
1.381342999999999930e-05
1.373893000000000027e-05
1.365696999999999945e-05
1.357501999999999933e-05
1.349306000000000020e-05
1.341855000000000047e-05
1.332914999999999926e-05
1.324719000000000013e-05
1.316522999999999931e-05
1.308327999999999919e-05
1.299387000000000067e-05
1.291935999999999924e-05
1.282995999999999972e-05
1.274054999999999951e-05
1.265859000000000038e-05
1.256918999999999917e-05
1.247978000000000065e-05
1.239037000000000043e-05
1.230842000000000031e-05
1.221901000000000009e-05
1.212959999999999988e-05
1.204020000000000036e-05
1.195823999999999954e-05
1.186882999999999932e-05
1.177942999999999981e-05
1.169747000000000068e-05
1.160806000000000046e-05
1.152611000000000034e-05
1.144414999999999952e-05
1.135473999999999930e-05
1.127278999999999918e-05
1.119083000000000005e-05
1.110141999999999984e-05
1.101946999999999972e-05
1.093751000000000059e-05
1.085554999999999977e-05
1.076615000000000025e-05
1.068418999999999943e-05
1.060223000000000030e-05
1.051283000000000079e-05
1.043831999999999936e-05
1.034891000000000084e-05
1.026696000000000072e-05
1.018499999999999989e-05
1.009558999999999968e-05
1.001363999999999956e-05
9.931681999999999213e-06
9.842275000000000562e-06
9.760319000000000698e-06
9.678361999999999748e-06
9.588954999999999403e-06
9.499548000000000752e-06
9.417591999999999194e-06
9.335635999999999330e-06
9.246229000000000679e-06
9.164271999999999729e-06
9.082315999999999865e-06
8.992908999999999520e-06
8.910952999999999656e-06
8.828996000000000400e-06
8.739589000000000054e-06
8.665082999999999586e-06
8.575675999999999240e-06
8.493719999999999376e-06
8.411763999999999513e-06
8.322356999999999167e-06
8.240399999999999911e-06
8.150992999999999566e-06
8.061585999999999221e-06
7.979629999999999357e-06
7.897673999999999493e-06
7.808267000000000842e-06
7.726309999999999892e-06
7.636902999999999547e-06
7.547466999999999883e-06
7.472961000000000261e-06
7.383553999999999916e-06
7.294147999999999810e-06
7.212190999999999707e-06
7.122784000000000209e-06
7.040828000000000345e-06
6.958871000000000242e-06
6.869463999999999897e-06
6.787508000000000033e-06
6.705552000000000169e-06
6.623595000000000066e-06
6.541639000000000202e-06
6.459682000000000099e-06
6.385176999999999869e-06
6.303219999999999766e-06
6.228714000000000145e-06
6.146758000000000281e-06
6.079703000000000293e-06
6.005196999999999825e-06
5.930691000000000203e-06
5.856184999999999734e-06
5.789129999999999747e-06
5.714624000000000125e-06
5.647569000000000138e-06
5.573062999999999669e-06
5.506007999999999682e-06
5.438952999999999694e-06
5.371897999999999707e-06
5.304842000000000327e-06
5.230337000000000098e-06
5.163280999999999871e-06
5.096225999999999884e-06
5.021720000000000262e-06
4.954665000000000275e-06
4.880158999999999806e-06
4.813103999999999819e-06
4.746048999999999831e-06
4.686444000000000086e-06
4.619389000000000099e-06
4.559784000000000353e-06
4.492729000000000366e-06
4.433125000000000013e-06
4.366068999999999786e-06
4.306465000000000281e-06
4.239409000000000054e-06
4.179804999999999701e-06
4.112749999999999714e-06
4.053144999999999968e-06
3.986089999999999981e-06
3.926485000000000236e-06
3.866879999999999643e-06
3.799811000000000117e-06
3.740205999999999948e-06
3.680601000000000203e-06
3.613545999999999792e-06
3.553941000000000047e-06
3.494337000000000117e-06
3.434731999999999948e-06
3.375128000000000019e-06
3.315522999999999850e-06
3.255918000000000105e-06
3.196314000000000175e-06
3.136709000000000007e-06
3.084554999999999896e-06
3.032401000000000208e-06
2.972796000000000040e-06
2.920641999999999929e-06
2.868487999999999818e-06
2.816334000000000131e-06
2.771631000000000078e-06
2.719476000000000151e-06
2.659871999999999798e-06
2.607718000000000111e-06
2.555564000000000000e-06
2.503409999999999889e-06
2.458706000000000020e-06
2.406551999999999909e-06
2.361848999999999856e-06
2.309695000000000169e-06
2.272441999999999935e-06
2.220287999999999824e-06
2.175583999999999955e-06
2.138331000000000144e-06
2.086177000000000033e-06
2.048923999999999799e-06
2.004221000000000169e-06
1.959516999999999877e-06
1.922264000000000066e-06
1.877554000000000032e-06
1.832849999999999951e-06
1.795596999999999929e-06
1.758343999999999906e-06
1.713641000000000065e-06
1.683838000000000073e-06
1.646586000000000078e-06
1.601881999999999997e-06
1.572080000000000032e-06
1.527375999999999952e-06
1.490122999999999929e-06
1.452869999999999906e-06
1.415617999999999911e-06
1.385814999999999919e-06
1.341112000000000078e-06
1.303859000000000055e-06
1.266606000000000033e-06
1.229353000000000010e-06
1.199551000000000045e-06
1.162298000000000023e-06
1.132496000000000058e-06
1.095243000000000035e-06
1.072891000000000101e-06
1.035638000000000078e-06
1.013285999999999932e-06
9.834839000000000283e-07
9.536816000000000341e-07
9.313262000000000482e-07
9.015238999999999482e-07
8.791720999999999981e-07
8.493698000000000040e-07
8.195675000000000098e-07
7.972157999999999990e-07
7.674133999999999597e-07
7.450616999999999489e-07
7.152593999999999547e-07
6.929076000000000047e-07
6.631053000000000105e-07
6.333030000000000164e-07
6.109511999999999604e-07
5.811488999999999663e-07
5.587971999999999554e-07
5.289948999999999613e-07
5.066431000000000112e-07
4.768408000000000171e-07
4.470367000000000050e-07
4.246849000000000020e-07
3.948826000000000078e-07
3.725308000000000048e-07
3.427285000000000107e-07
3.129262000000000165e-07
2.980249999999999969e-07
2.682227000000000027e-07
2.458709999999999919e-07
2.235183000000000064e-07
1.937160000000000122e-07
1.788147999999999926e-07
1.490124999999999984e-07
1.266607999999999876e-07
1.043086000000000027e-07
8.195683999999999923e-08
5.960510000000000213e-08
3.725312999999999789e-08
1.490126999999999894e-08
-7.450637000000000107e-09
-2.980255000000000107e-08
-5.960510000000000213e-08
-8.195683999999999923e-08
-1.043086000000000027e-07
-1.341113999999999974e-07
-1.564631000000000083e-07
-1.862654000000000024e-07
-2.086172000000000054e-07
-2.309688999999999898e-07
-2.607721000000000193e-07
-2.831239000000000223e-07
-3.129262000000000165e-07
-3.352778999999999744e-07
-3.650803000000000137e-07
-3.874320000000000245e-07
-4.172343000000000186e-07
-4.470367000000000050e-07
-4.768408000000000171e-07
-5.066431000000000112e-07
-5.364454000000000054e-07
-5.736982999999999829e-07
-5.960501000000000388e-07
-6.333030000000000164e-07
-6.631053000000000105e-07
-7.003581999999999880e-07
-7.301604999999999822e-07
-7.674133999999999597e-07
-7.972157999999999990e-07
-8.270180999999999932e-07
-8.642709999999999707e-07
-8.940732999999999648e-07
-9.313262000000000482e-07
-9.685828000000000008e-07
-1.005835999999999902e-06
-1.035638000000000078e-06
-1.080340999999999920e-06
-1.110143999999999912e-06
-1.147396999999999935e-06
-1.192099999999999987e-06
-1.229353000000000010e-06
-1.274057000000000091e-06
-1.318759999999999932e-06
-1.356012999999999954e-06
-1.400716000000000007e-06
-1.452869999999999906e-06
-1.497573999999999987e-06
-1.542277000000000040e-06
-1.586980999999999909e-06
-1.646586000000000078e-06
-1.698739999999999977e-06
-1.743443000000000030e-06
-1.795596999999999929e-06
-1.847751000000000040e-06
-1.907363000000000190e-06
-1.959516999999999877e-06
-2.011670999999999988e-06
-2.056374999999999857e-06
-2.108528999999999968e-06
-2.160683000000000079e-06
-2.220287999999999824e-06
-2.272441999999999935e-06
-2.317144999999999988e-06
-2.369299000000000098e-06
-2.421453000000000209e-06
-2.473606999999999897e-06
-2.525761000000000007e-06
-2.577915000000000118e-06
-2.622618999999999987e-06
-2.667322000000000040e-06
-2.719476000000000151e-06
-2.764180000000000020e-06
-2.801432999999999831e-06
-2.846135999999999884e-06
-2.883389000000000118e-06
-2.920641999999999929e-06
-2.965345999999999798e-06
-3.002599000000000032e-06
-3.047302000000000085e-06
-3.084554999999999896e-06
-3.121808000000000130e-06
-3.166511000000000183e-06
-3.211215000000000052e-06
-3.255918000000000105e-06
-3.300621999999999974e-06
-3.352776000000000084e-06
-3.404930000000000195e-06
-3.449632999999999825e-06
-3.501786999999999936e-06
-3.553941000000000047e-06
-3.613545999999999792e-06
-3.665699999999999903e-06
-3.717854000000000013e-06
-3.770008000000000124e-06
-3.829627999999999648e-06
-3.881781999999999759e-06
-3.933935999999999870e-06
-3.993540000000000223e-06
-4.053144999999999968e-06
-4.112749999999999714e-06
-4.164903999999999824e-06
-4.224508000000000177e-06
-4.276662000000000288e-06
-4.328816000000000399e-06
-4.388421000000000144e-06
-4.440575000000000255e-06
-4.500180000000000000e-06
-4.559784000000000353e-06
-4.611937999999999617e-06
-4.671543000000000210e-06
-4.731147999999999955e-06
-4.790752000000000308e-06
-4.850357000000000053e-06
-4.909961999999999798e-06
-4.969566000000000151e-06
-5.036622000000000378e-06
-5.096225999999999884e-06
-5.155830999999999629e-06
-5.222885999999999616e-06
-5.282491000000000209e-06
-5.342094999999999715e-06
-5.401700000000000307e-06
-5.461305000000000052e-06
-5.520909000000000405e-06
-5.580514000000000150e-06
-5.640118999999999896e-06
-5.699723000000000249e-06
-5.751877000000000359e-06
-5.804030999999999623e-06
-5.863636000000000216e-06
-5.915790000000000326e-06
-5.967943999999999590e-06
-6.020097999999999701e-06
-6.079703000000000293e-06
-6.131857000000000404e-06
-6.184010999999999668e-06
-6.228714000000000145e-06
-6.280868999999999648e-06
-6.333022999999999759e-06
-6.385176999999999869e-06
-6.429880000000000346e-06
-6.474584000000000215e-06
-6.526738000000000326e-06
-6.578891999999999589e-06
-6.623595000000000066e-06
-6.668298999999999935e-06
-6.720453000000000045e-06
-6.772607000000000156e-06
-6.817309999999999786e-06
-6.869463999999999897e-06
-6.914167999999999765e-06
-6.966321999999999876e-06
-7.018475999999999987e-06
-7.063179999999999856e-06
-7.107883000000000332e-06
-7.160036999999999596e-06
-7.212190999999999707e-06
-7.256895000000000423e-06
-7.309048999999999687e-06
-7.353752000000000163e-06
-7.413356999999999908e-06
-7.458060000000000385e-06
-7.510213999999999649e-06
-7.554918000000000365e-06
-7.607071999999999628e-06
-7.666706000000000386e-06
-7.711409000000000015e-06
-7.763563000000000126e-06
-7.808267000000000842e-06
-7.860420999999999259e-06
-7.912574999999999370e-06
-7.964728999999999481e-06
-8.016882999999999591e-06
-8.061585999999999221e-06
-8.113739999999999332e-06
-8.173344999999999924e-06
-8.225499000000000035e-06
-8.270203000000000751e-06
-8.322356999999999167e-06
-8.374510999999999278e-06
-8.426664999999999389e-06
-8.478818999999999500e-06
-8.523522000000000823e-06
-8.575675999999999240e-06
-8.620379999999999956e-06
-8.679985000000000548e-06
-8.724688000000000178e-06
-8.776842000000000289e-06
-8.828996000000000400e-06
-8.873699999999999421e-06
-8.933304000000000621e-06
-8.985458000000000732e-06
-9.037612000000000843e-06
-9.089767000000000346e-06
-9.141921000000000457e-06
-9.194075000000000568e-06
-9.253679000000000074e-06
-9.305833000000000185e-06
-9.365438000000000777e-06
-9.417591999999999194e-06
-9.469745999999999305e-06
-9.529350999999999897e-06
-9.581505000000000008e-06
-9.641110000000000600e-06
-9.700714000000000106e-06
-9.760319000000000698e-06
-9.819923000000000204e-06
-9.879528000000000796e-06
-9.939132999999999695e-06
-9.998736999999999201e-06
-1.005088999999999992e-05
-1.011049999999999917e-05
-1.016265000000000001e-05
-1.021479999999999917e-05
-1.026696000000000072e-05
-1.031166000000000047e-05
-1.035636999999999924e-05
-1.040107000000000069e-05
-1.045321999999999984e-05
-1.049793000000000030e-05
-1.054263000000000006e-05
-1.058732999999999982e-05
-1.063948999999999967e-05
-1.067674000000000003e-05
-1.072143999999999979e-05
-1.077359999999999965e-05
-1.081829999999999940e-05
-1.087045999999999926e-05
-1.091516000000000071e-05
-1.096730999999999986e-05
-1.101946999999999972e-05
-1.107906999999999996e-05
-1.113122999999999981e-05
-1.118338000000000066e-05
-1.124297999999999921e-05
-1.130259000000000015e-05
-1.136219000000000039e-05
-1.142179999999999964e-05
-1.148139999999999988e-05
-1.154101000000000082e-05
-1.160060999999999937e-05
-1.166022000000000031e-05
-1.171982000000000056e-05
-1.178687999999999920e-05
-1.184647999999999944e-05
-1.189863999999999930e-05
-1.195823999999999954e-05
-1.201783999999999978e-05
-1.206999999999999963e-05
-1.212959999999999988e-05
-1.218175999999999973e-05
-1.224135999999999997e-05
-1.230096999999999922e-05
-1.236056999999999946e-05
-1.242018000000000040e-05
-1.247978000000000065e-05
-1.253938999999999989e-05
-1.259899000000000014e-05
-1.265859000000000038e-05
-1.271819999999999963e-05
-1.277779999999999987e-05
-1.283741000000000081e-05
-1.289700999999999936e-05
-1.295662000000000030e-05
-1.301622000000000055e-05
-1.307582999999999979e-05
-1.313543000000000004e-05
-1.319503999999999928e-05
-1.325463999999999953e-05
-1.331425000000000047e-05
-1.337385000000000071e-05
-1.343345999999999996e-05
-1.349306000000000020e-05
-1.354520999999999936e-05
-1.360482000000000030e-05
-1.365696999999999945e-05
-1.370912999999999930e-05
-1.376128000000000015e-05
-1.381342999999999930e-05
-1.386558999999999916e-05
-1.391029000000000061e-05
-1.394754999999999998e-05
-1.399224999999999974e-05
-1.402205000000000071e-05
-1.405929999999999937e-05
-1.408910999999999935e-05
-1.411891000000000032e-05
-1.414126000000000020e-05
-1.417105999999999947e-05
-1.419340999999999935e-05
-1.422321999999999932e-05
-1.425302000000000029e-05
-1.427537000000000017e-05
-1.430516999999999944e-05
-1.433497999999999942e-05
-1.437222999999999978e-05
-1.440948000000000015e-05
-1.445417999999999990e-05
-1.451379000000000085e-05
-1.457338999999999939e-05
-1.464790000000000082e-05
-1.472241000000000055e-05
-1.480436000000000067e-05
-1.488631999999999980e-05
-1.497573000000000002e-05
-1.506512999999999953e-05
-1.514709000000000036e-05
-1.522904000000000048e-05
-1.531106000000000041e-05
-1.539302000000000124e-05
-1.546751999999999857e-05
-1.553458000000000060e-05
-1.560908000000000133e-05
-1.566869000000000058e-05
-1.573573999999999852e-05
-1.579535000000000116e-05
-1.584750000000000031e-05
-1.589966000000000017e-05
-1.595925999999999871e-05
-1.600395999999999847e-05
-1.604866999999999893e-05
-1.609336999999999869e-05
-1.613806999999999845e-05
-1.617532999999999951e-05
-1.621257999999999987e-05
-1.624983000000000024e-05
-1.627963999999999852e-05
-1.631688999999999888e-05
-1.634668999999999985e-05
-1.638394000000000021e-05
-1.641374999999999849e-05
-1.645099999999999885e-05
-1.648079999999999982e-05
-1.651805000000000019e-05
-1.654785999999999847e-05
-1.659256000000000161e-05
-1.662235999999999919e-05
-1.665960999999999956e-05
-1.668942000000000122e-05
-1.672667000000000159e-05
-1.675646999999999917e-05
-1.678627000000000014e-05
-1.682353000000000120e-05
-1.685332999999999878e-05
-1.688312999999999975e-05
-1.691293000000000071e-05
-1.695018999999999839e-05
-1.697998999999999936e-05
-1.700979000000000033e-05
-1.703959000000000129e-05
-1.706939999999999957e-05
-1.709920000000000054e-05
-1.712900000000000151e-05
-1.715879999999999909e-05
-1.718116000000000136e-05
-1.721840999999999834e-05
-1.724075999999999991e-05
-1.727801000000000028e-05
-1.730035999999999846e-05
-1.733761999999999952e-05
-1.736742000000000049e-05
-1.739722000000000146e-05
-1.742701999999999904e-05
-1.746428000000000010e-05
-1.748663000000000168e-05
-1.752387999999999865e-05
-1.755367999999999962e-05
-1.758349000000000129e-05
-1.761328999999999887e-05
-1.765053999999999923e-05
-1.768034000000000020e-05
-1.771760000000000126e-05
-1.774739999999999884e-05
-1.778464999999999921e-05
-1.780700000000000078e-05
-1.784425999999999845e-05
-1.787405999999999942e-05
-1.791130999999999979e-05
-1.794111000000000075e-05
-1.797836999999999843e-05
-1.800072000000000000e-05
-1.803797000000000037e-05
-1.806777000000000133e-05
-1.810502999999999901e-05
-1.813482999999999998e-05
-1.817208000000000034e-05
-1.820934000000000140e-05
-1.824658999999999838e-05
-1.827638999999999935e-05
-1.830619000000000031e-05
-1.834345000000000138e-05
-1.837324999999999896e-05
-1.839560000000000053e-05
-1.842540000000000150e-05
-1.844774999999999968e-05
-1.847756000000000135e-05
-1.849990999999999954e-05
-1.852971000000000051e-05
-1.855951000000000147e-05
-1.857441000000000026e-05
-1.860421999999999854e-05
-1.862657000000000012e-05
-1.864892000000000169e-05
-1.867871999999999927e-05
-1.870107000000000084e-05
-1.873087999999999912e-05
-1.875323000000000070e-05
-1.878303000000000166e-05
-1.881282999999999924e-05
-1.884263000000000021e-05
-1.887243999999999849e-05
-1.889479000000000007e-05
-1.892459000000000103e-05
-1.894693999999999922e-05
-1.897675000000000089e-05
-1.899909999999999907e-05
-1.902145000000000065e-05
-1.905870000000000101e-05
-1.908104999999999919e-05
-1.911831000000000026e-05
-1.914065999999999844e-05
-1.917790999999999881e-05
-1.920770999999999977e-05
-1.923752000000000144e-05
-1.926731999999999902e-05
-1.930456999999999939e-05
-1.932692000000000096e-05
-1.935671999999999854e-05
-1.938653000000000021e-05
-1.941633000000000117e-05
-1.944612999999999875e-05
-1.947592999999999972e-05
-1.950574000000000139e-05
-1.952808999999999958e-05
-1.955789000000000054e-05
-1.958769000000000151e-05
-1.961749999999999979e-05
-1.963985000000000137e-05
-1.967709999999999834e-05
-1.969944999999999991e-05
-1.973670000000000028e-05
-1.976650999999999856e-05
-1.979630999999999953e-05
-1.982611000000000049e-05
-1.986336000000000086e-05
-1.989316999999999914e-05
-1.992297000000000011e-05
-1.995277000000000107e-05
-1.999002000000000144e-05
-2.001982999999999972e-05
-2.004963000000000068e-05
-2.007943000000000165e-05
-2.011667999999999863e-05
-2.014649000000000030e-05
-2.018374000000000066e-05
-2.021354000000000163e-05
-2.025078999999999860e-05
-2.028060000000000027e-05
-2.031040000000000124e-05
-2.034019999999999882e-05
-2.036999999999999979e-05
-2.039981000000000146e-05
-2.042960999999999904e-05
-2.045941000000000000e-05
-2.048176000000000158e-05
-2.051901999999999925e-05
-2.054137000000000083e-05
-2.057116999999999841e-05
-2.059351999999999998e-05
-2.062332000000000095e-05
-2.065312999999999923e-05
-2.068293000000000019e-05
-2.071273000000000116e-05
-2.074252999999999874e-05
-2.077234000000000041e-05
-2.080214000000000138e-05
-2.083193999999999896e-05
-2.085429000000000053e-05
-2.088409000000000150e-05
-2.090645000000000039e-05
-2.093625000000000135e-05
-2.096604999999999893e-05
-2.098840000000000051e-05
-2.101820000000000148e-05
-2.104056000000000036e-05
-2.107036000000000133e-05
-2.109270999999999951e-05
-2.111506000000000109e-05
-2.114485999999999867e-05
-2.115977000000000155e-05
-2.118956999999999913e-05
-2.121937000000000009e-05
-2.123426999999999888e-05
-2.126406999999999985e-05
-2.128642999999999874e-05
-2.130878000000000031e-05
-2.133858000000000128e-05
-2.135348000000000007e-05
-2.138328000000000104e-05
-2.140562999999999922e-05
-2.142053999999999871e-05
-2.144289000000000028e-05
-2.146523999999999847e-05
-2.148014000000000065e-05
-2.150994000000000162e-05
-2.153228999999999980e-05
-2.154719999999999929e-05
-2.156955000000000086e-05
-2.159934999999999844e-05
-2.161425000000000062e-05
-2.164405000000000159e-05
-2.166639999999999978e-05
-2.168875999999999866e-05
-2.171855999999999963e-05
-2.173345999999999842e-05
-2.176325999999999939e-05
-2.178561000000000096e-05
-2.180796999999999985e-05
-2.183032000000000142e-05
-2.185266999999999960e-05
-2.187502000000000118e-05
-2.189736999999999936e-05
-2.191972000000000094e-05
-2.194207999999999982e-05
-2.197188000000000079e-05
-2.199422999999999897e-05
-2.201658000000000055e-05
-2.204638000000000151e-05
-2.206874000000000040e-05
-2.209854000000000137e-05
-2.212088999999999955e-05
-2.215069000000000052e-05
-2.217303999999999871e-05
-2.220285000000000037e-05
-2.223265000000000134e-05
-2.224755000000000013e-05
-2.226989999999999832e-05
-2.229224999999999989e-05
-2.230714999999999868e-05
-2.232951000000000095e-05
-2.234440999999999974e-05
-2.235930999999999853e-05
-2.237421000000000071e-05
-2.239655999999999890e-05
-2.241891000000000047e-05
-2.243380999999999926e-05
-2.244871999999999875e-05
-2.247107000000000032e-05
-2.248596999999999911e-05
-2.250832000000000069e-05
-2.253066999999999887e-05
-2.255302000000000045e-05
-2.256792999999999993e-05
-2.259028000000000151e-05
-2.261262999999999969e-05
-2.263498000000000127e-05
-2.265732999999999945e-05
-2.267968000000000102e-05
-2.269457999999999981e-05
-2.271693999999999870e-05
-2.273929000000000027e-05
-2.275418999999999906e-05
-2.277654000000000064e-05
-2.279888999999999882e-05
-2.281379000000000100e-05
-2.283614999999999988e-05
-2.285850000000000146e-05
-2.287340000000000025e-05
-2.290320000000000122e-05
-2.292554999999999940e-05
-2.294045000000000158e-05
-2.297025999999999986e-05
-2.299261000000000143e-05
-2.301495999999999962e-05
-2.304476000000000059e-05
-2.306710999999999877e-05
-2.309692000000000044e-05
-2.312672000000000141e-05
-2.315651999999999899e-05
-2.318631999999999996e-05
-2.321613000000000162e-05
-2.324592999999999920e-05
-2.328317999999999957e-05
-2.331298000000000053e-05
-2.335769000000000099e-05
-2.338748999999999857e-05
-2.343218999999999833e-05
-2.346198999999999930e-05
-2.349925000000000036e-05
-2.354395000000000012e-05
-2.358120000000000048e-05
-2.362591000000000094e-05
-2.366316000000000131e-05
-2.370786000000000106e-05
-2.375257000000000152e-05
-2.378981999999999850e-05
-2.382706999999999886e-05
-2.387922999999999871e-05
-2.391647999999999908e-05
-2.395372999999999944e-05
-2.399843999999999990e-05
-2.403569000000000026e-05
-2.407294000000000062e-05
-2.411020000000000169e-05
-2.413999999999999927e-05
-2.417724999999999963e-05
-2.421449999999999999e-05
-2.425176000000000106e-05
-2.428155999999999864e-05
-2.431880999999999900e-05
-2.434860999999999997e-05
-2.438587000000000103e-05
-2.441566999999999861e-05
-2.445291999999999898e-05
-2.448271999999999994e-05
-2.451253000000000161e-05
-2.454232999999999919e-05
-2.457957999999999955e-05
-2.460938000000000052e-05
-2.463918999999999880e-05
-2.466898999999999977e-05
-2.470624000000000013e-05
-2.472858999999999832e-05
-2.476584999999999938e-05
-2.479565000000000035e-05
-2.482545000000000132e-05
-2.485524999999999890e-05
-2.489250999999999996e-05
-2.492231000000000093e-05
-2.495956000000000129e-05
-2.498935999999999887e-05
-2.502661999999999994e-05
-2.507131999999999970e-05
-2.510112000000000066e-05
-2.514583000000000112e-05
-2.518308000000000148e-05
-2.522032999999999846e-05
-2.526503999999999892e-05
-2.530973999999999868e-05
-2.534698999999999904e-05
-2.539169999999999950e-05
-2.542894999999999986e-05
-2.546620000000000022e-05
-2.551089999999999998e-05
-2.554071000000000165e-05
-2.558541000000000141e-05
-2.562265999999999838e-05
-2.565247000000000005e-05
-2.568972000000000042e-05
-2.572697000000000078e-05
-2.576422000000000114e-05
-2.579402999999999942e-05
-2.583127999999999978e-05
-2.586108000000000075e-05
-2.589833000000000112e-05
-2.592069000000000000e-05
-2.595794000000000036e-05
-2.598774000000000133e-05
-2.601753999999999891e-05
-2.604735000000000058e-05
-2.607715000000000155e-05
-2.610694999999999913e-05
-2.613675000000000010e-05
-2.616655999999999838e-05
-2.619635999999999935e-05
-2.622616000000000031e-05
-2.625596000000000128e-05
-2.628575999999999886e-05
-2.632301999999999993e-05
-2.636027000000000029e-05
-2.640497000000000005e-05
-2.644223000000000111e-05
-2.648693000000000087e-05
-2.653908000000000002e-05
-2.659123999999999987e-05
-2.664338999999999903e-05
-2.669554999999999888e-05
-2.674770000000000142e-05
-2.679985000000000058e-05
-2.685945999999999982e-05
-2.691160999999999898e-05
-2.695631999999999944e-05
-2.700846999999999859e-05
-2.705316999999999835e-05
-2.709787999999999880e-05
-2.714257999999999856e-05
-2.717982999999999893e-05
-2.722453999999999938e-05
-2.726178999999999975e-05
-2.729904000000000011e-05
-2.733630000000000117e-05
-2.736609999999999875e-05
-2.739589999999999972e-05
-2.742570000000000069e-05
-2.746295999999999837e-05
-2.749275999999999933e-05
-2.752256000000000030e-05
-2.755236000000000127e-05
-2.757472000000000016e-05
-2.760452000000000112e-05
-2.762686999999999931e-05
-2.765667000000000028e-05
-2.767901999999999846e-05
-2.770883000000000013e-05
-2.773117999999999832e-05
-2.775352999999999989e-05
-2.778333000000000086e-05
-2.780567999999999904e-05
-2.783549000000000071e-05
-2.785783999999999889e-05
-2.788019000000000047e-05
-2.790999000000000144e-05
-2.793233999999999962e-05
-2.795469000000000119e-05
-2.798449999999999947e-05
-2.799940000000000165e-05
-2.802919999999999923e-05
-2.805155000000000081e-05
-2.806644999999999960e-05
-2.808880999999999848e-05
-2.811116000000000005e-05
-2.812605999999999884e-05
-2.814841000000000042e-05
-2.817075999999999860e-05
-2.818566000000000078e-05
-2.820800999999999897e-05
-2.823037000000000124e-05
-2.824527000000000003e-05
-2.826016999999999882e-05
-2.828252000000000039e-05
-2.830486999999999858e-05
-2.831977000000000076e-05
-2.834212999999999964e-05
-2.835702999999999843e-05
-2.837938000000000000e-05
-2.839427999999999879e-05
-2.841663000000000037e-05
-2.843897999999999855e-05
-2.845388000000000073e-05
-2.846877999999999952e-05
-2.849113999999999840e-05
-2.850604000000000058e-05
-2.852093999999999937e-05
-2.854329000000000095e-05
-2.856563999999999913e-05
-2.857308999999999853e-05
-2.859544000000000010e-05
-2.861034999999999959e-05
-2.863270000000000116e-05
-2.864015000000000056e-05
-2.866249999999999874e-05
-2.867740000000000092e-05
-2.869229999999999971e-05
-2.870719999999999850e-05
-2.872210000000000068e-05
-2.873701000000000017e-05
-2.875935999999999835e-05
-2.876681000000000114e-05
-2.878170999999999993e-05
-2.880406000000000150e-05
-2.881896000000000029e-05
-2.882640999999999969e-05
-2.884130999999999848e-05
-2.885622000000000135e-05
-2.887112000000000014e-05
-2.888601999999999893e-05
-2.889346999999999833e-05
-2.890837000000000051e-05
-2.892326999999999930e-05
-2.893817000000000148e-05
-2.894562000000000087e-05
-2.896051999999999966e-05
-2.896796999999999906e-05
-2.898287000000000123e-05
-2.899778000000000072e-05
-2.901267999999999951e-05
-2.901267999999999951e-05
-2.902758000000000169e-05
-2.903503000000000109e-05
-2.904992999999999988e-05
-2.906482999999999867e-05
-2.907228000000000145e-05
-2.907973000000000084e-05
-2.908718000000000024e-05
-2.910207999999999903e-05
-2.910952999999999843e-05
-2.912444000000000130e-05
-2.913189000000000070e-05
-2.913934000000000009e-05
-2.914678999999999949e-05
-2.915423999999999888e-05
-2.916914000000000106e-05
-2.917659000000000046e-05
-2.918403999999999985e-05
-2.919893999999999864e-05
-2.919893999999999864e-05
-2.921384000000000082e-05
-2.922129000000000021e-05
-2.923618999999999900e-05
-2.925109999999999849e-05
-2.926600000000000067e-05
-2.926600000000000067e-05
-2.928089999999999946e-05
-2.929580000000000164e-05
-2.931070000000000043e-05
-2.931814999999999983e-05
-2.932559999999999922e-05
-2.934050000000000140e-05
-2.934795000000000079e-05
-2.935540000000000019e-05
-2.937030999999999968e-05
-2.937775999999999907e-05
-2.938520999999999847e-05
-2.939266000000000125e-05
-2.939266000000000125e-05
-2.939266000000000125e-05
-2.940011000000000065e-05
-2.940011000000000065e-05
-2.940756000000000004e-05
-2.941500999999999944e-05
-2.942245999999999883e-05
-2.942245999999999883e-05
-2.942991000000000162e-05
-2.943736000000000101e-05
-2.945225999999999980e-05
-2.945225999999999980e-05
-2.945970999999999920e-05
-2.947461000000000137e-05
-2.948206000000000077e-05
-2.949695999999999956e-05
-2.950441999999999965e-05
-2.951931999999999844e-05
-2.951931999999999844e-05
-2.953422000000000062e-05
-2.954167000000000002e-05
-2.954911999999999941e-05
-2.956402000000000159e-05
-2.957147000000000099e-05
-2.957892000000000038e-05
-2.957892000000000038e-05
-2.958636999999999978e-05
-2.959381999999999917e-05
-2.960126999999999857e-05
-2.961617000000000074e-05
-2.962362000000000014e-05
-2.963108000000000023e-05
-2.963852999999999963e-05
-2.964597999999999902e-05
-2.964597999999999902e-05
-2.965342999999999842e-05
-2.966088000000000120e-05
-2.966833000000000060e-05
-2.967577999999999999e-05
-2.968322999999999939e-05
-2.969067999999999878e-05
-2.969067999999999878e-05
-2.969813000000000156e-05
-2.970558000000000096e-05
-2.970558000000000096e-05
-2.970558000000000096e-05
-2.970558000000000096e-05
-2.970558000000000096e-05
-2.970558000000000096e-05
-2.971303000000000035e-05
-2.971303000000000035e-05
-2.971303000000000035e-05
-2.972047999999999975e-05
-2.972792999999999915e-05
-2.972792999999999915e-05
-2.973537999999999854e-05
-2.973537999999999854e-05
-2.973537999999999854e-05
-2.974283000000000132e-05
-2.974283000000000132e-05
-2.975028000000000072e-05
-2.975028000000000072e-05
-2.975028000000000072e-05
-2.975774000000000081e-05
-2.975774000000000081e-05
-2.975774000000000081e-05
-2.975774000000000081e-05
-2.976519000000000021e-05
-2.976519000000000021e-05
-2.976519000000000021e-05
-2.976519000000000021e-05
-2.976519000000000021e-05
-2.976519000000000021e-05
-2.976519000000000021e-05
-2.976519000000000021e-05
-2.977263999999999960e-05
-2.977263999999999960e-05
-2.977263999999999960e-05
-2.977263999999999960e-05
-2.977263999999999960e-05
-2.977263999999999960e-05
-2.977263999999999960e-05
-2.976519000000000021e-05
-2.976519000000000021e-05
-2.976519000000000021e-05
-2.975774000000000081e-05
-2.975774000000000081e-05
-2.975774000000000081e-05
-2.975028000000000072e-05
-2.975028000000000072e-05
-2.974283000000000132e-05
-2.974283000000000132e-05
-2.973537999999999854e-05
-2.973537999999999854e-05
-2.973537999999999854e-05
-2.973537999999999854e-05
-2.973537999999999854e-05
-2.972792999999999915e-05
-2.972792999999999915e-05
-2.972792999999999915e-05
-2.972792999999999915e-05
-2.972792999999999915e-05
-2.972792999999999915e-05
-2.972792999999999915e-05
-2.972792999999999915e-05
-2.972047999999999975e-05
-2.972047999999999975e-05
-2.971303000000000035e-05
-2.970558000000000096e-05
-2.970558000000000096e-05
-2.970558000000000096e-05
-2.969813000000000156e-05
-2.969067999999999878e-05
-2.969067999999999878e-05
-2.968322999999999939e-05
-2.967577999999999999e-05
-2.967577999999999999e-05
-2.966833000000000060e-05
-2.966088000000000120e-05
-2.966088000000000120e-05
-2.966088000000000120e-05
-2.965342999999999842e-05
-2.965342999999999842e-05
-2.964597999999999902e-05
-2.964597999999999902e-05
-2.964597999999999902e-05
-2.964597999999999902e-05
-2.963852999999999963e-05
-2.963852999999999963e-05
-2.963852999999999963e-05
-2.963852999999999963e-05
-2.963108000000000023e-05
-2.963108000000000023e-05
-2.963108000000000023e-05
-2.962362000000000014e-05
-2.962362000000000014e-05
-2.962362000000000014e-05
-2.962362000000000014e-05
-2.962362000000000014e-05
-2.961617000000000074e-05
-2.961617000000000074e-05
-2.961617000000000074e-05
-2.961617000000000074e-05
-2.960872000000000135e-05
-2.960872000000000135e-05
-2.960872000000000135e-05
-2.960126999999999857e-05
-2.960126999999999857e-05
-2.959381999999999917e-05
-2.959381999999999917e-05
-2.959381999999999917e-05
-2.958636999999999978e-05
-2.958636999999999978e-05
-2.957892000000000038e-05
-2.957892000000000038e-05
-2.957892000000000038e-05
-2.957147000000000099e-05
-2.956402000000000159e-05
-2.956402000000000159e-05
-2.955656999999999881e-05
-2.955656999999999881e-05
-2.954911999999999941e-05
-2.954911999999999941e-05
-2.954911999999999941e-05
-2.954911999999999941e-05
-2.954911999999999941e-05
-2.954911999999999941e-05
-2.955656999999999881e-05
-2.955656999999999881e-05
-2.956402000000000159e-05
-2.956402000000000159e-05
-2.957147000000000099e-05
-2.957147000000000099e-05
-2.957892000000000038e-05
-2.957892000000000038e-05
-2.958636999999999978e-05
-2.958636999999999978e-05
-2.959381999999999917e-05
-2.959381999999999917e-05
-2.960126999999999857e-05
-2.960126999999999857e-05
-2.960126999999999857e-05
-2.960872000000000135e-05
-2.960872000000000135e-05
-2.960872000000000135e-05
-2.960872000000000135e-05
-2.960872000000000135e-05
-2.960872000000000135e-05
-2.960872000000000135e-05
-2.960872000000000135e-05
-2.960872000000000135e-05
-2.960126999999999857e-05
-2.960126999999999857e-05
-2.960126999999999857e-05
-2.960126999999999857e-05
-2.959381999999999917e-05
-2.959381999999999917e-05
-2.959381999999999917e-05
-2.959381999999999917e-05
-2.958636999999999978e-05
-2.958636999999999978e-05
-2.958636999999999978e-05
-2.958636999999999978e-05
-2.957892000000000038e-05
-2.957892000000000038e-05
-2.957892000000000038e-05
-2.957892000000000038e-05
-2.957147000000000099e-05
-2.957147000000000099e-05
-2.956402000000000159e-05
-2.956402000000000159e-05
-2.955656999999999881e-05
-2.955656999999999881e-05
-2.954911999999999941e-05
-2.954911999999999941e-05
-2.954911999999999941e-05
-2.954911999999999941e-05
-2.954167000000000002e-05
-2.954167000000000002e-05
-2.954167000000000002e-05
-2.954167000000000002e-05
-2.954911999999999941e-05
-2.954911999999999941e-05
-2.954911999999999941e-05
-2.954911999999999941e-05
-2.954911999999999941e-05
-2.955656999999999881e-05
-2.955656999999999881e-05
-2.955656999999999881e-05
-2.956402000000000159e-05
-2.956402000000000159e-05
-2.956402000000000159e-05
-2.957147000000000099e-05
-2.957147000000000099e-05
-2.957147000000000099e-05
-2.957147000000000099e-05
-2.957147000000000099e-05
-2.957892000000000038e-05
-2.957892000000000038e-05
-2.957892000000000038e-05
-2.957892000000000038e-05
-2.958636999999999978e-05
-2.959381999999999917e-05
-2.959381999999999917e-05
-2.960126999999999857e-05
-2.960872000000000135e-05
-2.960872000000000135e-05
-2.960872000000000135e-05
-2.961617000000000074e-05
-2.961617000000000074e-05
-2.960872000000000135e-05
-2.960872000000000135e-05
-2.960872000000000135e-05
-2.960126999999999857e-05
-2.960126999999999857e-05
-2.959381999999999917e-05
-2.959381999999999917e-05
-2.958636999999999978e-05
-2.958636999999999978e-05
-2.957892000000000038e-05
-2.957892000000000038e-05
-2.957892000000000038e-05
-2.957892000000000038e-05
-2.957147000000000099e-05
-2.957147000000000099e-05
-2.956402000000000159e-05
-2.956402000000000159e-05
-2.956402000000000159e-05
-2.955656999999999881e-05
-2.955656999999999881e-05
-2.954911999999999941e-05
-2.954911999999999941e-05
-2.954167000000000002e-05
-2.954167000000000002e-05
-2.954167000000000002e-05
-2.953422000000000062e-05
-2.952677000000000123e-05
-2.952677000000000123e-05
-2.951931999999999844e-05
-2.951931999999999844e-05
-2.951931999999999844e-05
-2.951931999999999844e-05
-2.951931999999999844e-05
-2.951931999999999844e-05
-2.951186999999999905e-05
-2.951186999999999905e-05
-2.951186999999999905e-05
-2.951186999999999905e-05
-2.951186999999999905e-05
-2.950441999999999965e-05
-2.950441999999999965e-05
-2.950441999999999965e-05
-2.950441999999999965e-05
-2.950441999999999965e-05
-2.950441999999999965e-05
-2.950441999999999965e-05
-2.949695999999999956e-05
-2.949695999999999956e-05
-2.949695999999999956e-05
-2.949695999999999956e-05
-2.949695999999999956e-05
-2.948951000000000016e-05
-2.948951000000000016e-05
-2.948951000000000016e-05
-2.948951000000000016e-05
-2.948951000000000016e-05
-2.948951000000000016e-05
-2.948951000000000016e-05
-2.948951000000000016e-05
-2.948951000000000016e-05
-2.948951000000000016e-05
-2.948951000000000016e-05
-2.948951000000000016e-05
-2.948951000000000016e-05
-2.948206000000000077e-05
-2.948206000000000077e-05
-2.948206000000000077e-05
-2.947461000000000137e-05
-2.946715999999999859e-05
-2.946715999999999859e-05
-2.945970999999999920e-05
-2.945225999999999980e-05
-2.945225999999999980e-05
-2.944481000000000041e-05
-2.943736000000000101e-05
-2.942991000000000162e-05
-2.942245999999999883e-05
-2.942245999999999883e-05
-2.941500999999999944e-05
-2.940756000000000004e-05
-2.940011000000000065e-05
-2.939266000000000125e-05
-2.939266000000000125e-05
-2.938520999999999847e-05
-2.938520999999999847e-05
-2.937775999999999907e-05
-2.937030999999999968e-05
-2.936284999999999958e-05
-2.935540000000000019e-05
-2.934795000000000079e-05
-2.934050000000000140e-05
-2.933304999999999862e-05
-2.932559999999999922e-05
-2.932559999999999922e-05
-2.931814999999999983e-05
-2.931070000000000043e-05
-2.930325000000000104e-05
-2.929580000000000164e-05
-2.928834999999999886e-05
-2.928089999999999946e-05
-2.927345000000000007e-05
-2.926600000000000067e-05
-2.926600000000000067e-05
-2.925855000000000128e-05
-2.925109999999999849e-05
-2.924364999999999910e-05
-2.924364999999999910e-05
-2.923618999999999900e-05
-2.923618999999999900e-05
-2.922873999999999961e-05
-2.922129000000000021e-05
-2.922129000000000021e-05
-2.921384000000000082e-05
-2.920639000000000142e-05
-2.919893999999999864e-05
-2.919893999999999864e-05
-2.919893999999999864e-05
-2.919148999999999925e-05
-2.918403999999999985e-05
-2.917659000000000046e-05
-2.917659000000000046e-05
-2.916914000000000106e-05
-2.916169000000000167e-05
-2.915423999999999888e-05
-2.914678999999999949e-05
-2.913934000000000009e-05
-2.913934000000000009e-05
-2.913934000000000009e-05
-2.913934000000000009e-05
-2.913934000000000009e-05
-2.913934000000000009e-05
-2.913934000000000009e-05
-2.914678999999999949e-05
-2.914678999999999949e-05
-2.915423999999999888e-05
-2.915423999999999888e-05
-2.915423999999999888e-05
-2.916169000000000167e-05
-2.916169000000000167e-05
-2.916169000000000167e-05
-2.916914000000000106e-05
-2.916914000000000106e-05
-2.917659000000000046e-05
-2.919893999999999864e-05
-2.922129000000000021e-05
-2.925855000000000128e-05
-2.929580000000000164e-05
-2.933304999999999862e-05
-2.937775999999999907e-05
-2.940756000000000004e-05
-2.944481000000000041e-05
-2.946715999999999859e-05
-2.948951000000000016e-05
-2.951186999999999905e-05
-2.951931999999999844e-05
-2.951931999999999844e-05
-2.951931999999999844e-05
-2.951931999999999844e-05
-2.951186999999999905e-05
-2.949695999999999956e-05
-2.948206000000000077e-05
-2.946715999999999859e-05
-2.945225999999999980e-05
-2.942991000000000162e-05
-2.940756000000000004e-05
-2.939266000000000125e-05
-2.938520999999999847e-05
-2.937775999999999907e-05
-2.936284999999999958e-05
-2.935540000000000019e-05
-2.935540000000000019e-05
-2.934795000000000079e-05
-2.934050000000000140e-05
-2.933304999999999862e-05
-2.932559999999999922e-05
-2.932559999999999922e-05
-2.931070000000000043e-05
-2.930325000000000104e-05
-2.928834999999999886e-05
-2.928089999999999946e-05
-2.926600000000000067e-05
-2.925855000000000128e-05
-2.924364999999999910e-05
-2.922873999999999961e-05
-2.921384000000000082e-05
-2.920639000000000142e-05
-2.920639000000000142e-05
-2.921384000000000082e-05
-2.922129000000000021e-05
-2.922873999999999961e-05
-2.924364999999999910e-05
-2.925855000000000128e-05
-2.926600000000000067e-05
-2.927345000000000007e-05
-2.928089999999999946e-05
-2.928834999999999886e-05
-2.929580000000000164e-05
-2.929580000000000164e-05
-2.929580000000000164e-05
-2.928834999999999886e-05
-2.928089999999999946e-05
-2.926600000000000067e-05
-2.925855000000000128e-05
-2.924364999999999910e-05
-2.922129000000000021e-05
-2.920639000000000142e-05
-2.919148999999999925e-05
-2.916914000000000106e-05
-2.914678999999999949e-05
-2.913189000000000070e-05
-2.910952999999999843e-05
-2.908718000000000024e-05
-2.907228000000000145e-05
-2.904992999999999988e-05
-2.902758000000000169e-05
-2.901267999999999951e-05
-2.899778000000000072e-05
-2.897541999999999845e-05
-2.896051999999999966e-05
-2.894562000000000087e-05
-2.892326999999999930e-05
-2.890837000000000051e-05
-2.889346999999999833e-05
-2.887856999999999954e-05
-2.887112000000000014e-05
-2.887856999999999954e-05
-2.889346999999999833e-05
-2.894562000000000087e-05
-2.900523000000000012e-05
-2.907228000000000145e-05
-2.915423999999999888e-05
-2.924364999999999910e-05
-2.931814999999999983e-05
-2.939266000000000125e-05
-2.945225999999999980e-05
-2.951186999999999905e-05
-2.954911999999999941e-05
-2.957892000000000038e-05
-2.960126999999999857e-05
-2.960872000000000135e-05
-2.960872000000000135e-05
-2.960126999999999857e-05
-2.958636999999999978e-05
-2.956402000000000159e-05
-2.953422000000000062e-05
-2.950441999999999965e-05
-2.946715999999999859e-05
-2.943736000000000101e-05
-2.939266000000000125e-05
-2.935540000000000019e-05
-2.931814999999999983e-05
-2.927345000000000007e-05
-2.923618999999999900e-05
-2.919893999999999864e-05
-2.915423999999999888e-05
-2.911698999999999852e-05
-2.907973000000000084e-05
-2.904248000000000048e-05
-2.901267999999999951e-05
-2.897541999999999845e-05
-2.894562000000000087e-05
-2.890837000000000051e-05
-2.887856999999999954e-05
-2.884876000000000126e-05
-2.881896000000000029e-05
-2.879660999999999872e-05
-2.876681000000000114e-05
-2.875190999999999896e-05
-2.872956000000000077e-05
-2.870719999999999850e-05
-2.869229999999999971e-05
-2.866995000000000153e-05
-2.865504999999999935e-05
-2.863270000000000116e-05
-2.862524999999999838e-05
-2.861034999999999959e-05
-2.858799000000000070e-05
-2.857308999999999853e-05
-2.856563999999999913e-05
-2.855074000000000034e-05
-2.853584000000000155e-05
-2.852093999999999937e-05
-2.850604000000000058e-05
-2.850604000000000058e-05
-2.849113999999999840e-05
-2.847623999999999961e-05
-2.846133000000000012e-05
-2.845388000000000073e-05
-2.844643000000000133e-05
-2.843897999999999855e-05
-2.843897999999999855e-05
-2.843897999999999855e-05
-2.843897999999999855e-05
-2.845388000000000073e-05
-2.846877999999999952e-05
-2.848368999999999901e-05
-2.849859000000000119e-05
-2.851348999999999998e-05
-2.852838999999999877e-05
-2.854329000000000095e-05
-2.855074000000000034e-05
-2.855818999999999974e-05
-2.856563999999999913e-05
-2.856563999999999913e-05
-2.856563999999999913e-05
-2.856563999999999913e-05
-2.856563999999999913e-05
-2.855818999999999974e-05
-2.855074000000000034e-05
-2.854329000000000095e-05
-2.853584000000000155e-05
-2.852838999999999877e-05
-2.851348999999999998e-05
-2.850604000000000058e-05
-2.849859000000000119e-05
-2.849113999999999840e-05
-2.847623999999999961e-05
-2.846877999999999952e-05
-2.845388000000000073e-05
-2.844643000000000133e-05
-2.843897999999999855e-05
-2.843897999999999855e-05
-2.843152999999999916e-05
-2.842407999999999976e-05
-2.840918000000000097e-05
-2.840173000000000158e-05
-2.839427999999999879e-05
-2.837938000000000000e-05
-2.837938000000000000e-05
-2.836448000000000121e-05
-2.835702999999999843e-05
-2.834212999999999964e-05
-2.832722000000000015e-05
-2.831977000000000076e-05
-2.831232000000000136e-05
-2.830486999999999858e-05
-2.829741999999999918e-05
-2.828996999999999979e-05
-2.828252000000000039e-05
-2.827507000000000100e-05
-2.826762000000000160e-05
-2.826016999999999882e-05
-2.825271999999999942e-05
-2.825271999999999942e-05
-2.825271999999999942e-05
-2.824527000000000003e-05
-2.823782000000000063e-05
-2.823037000000000124e-05
-2.822291999999999846e-05
-2.820800999999999897e-05
-2.820055999999999957e-05
-2.819311000000000018e-05
-2.818566000000000078e-05
-2.817821000000000139e-05
-2.816330999999999921e-05
-2.814841000000000042e-05
-2.814096000000000102e-05
-2.812605999999999884e-05
-2.812605999999999884e-05
-2.811116000000000005e-05
-2.810371000000000066e-05
-2.809626000000000126e-05
-2.808134999999999839e-05
-2.807389999999999899e-05
-2.806644999999999960e-05
-2.805900000000000020e-05
-2.805900000000000020e-05
-2.805900000000000020e-05
-2.805155000000000081e-05
-2.804410000000000141e-05
-2.803664999999999863e-05
-2.802919999999999923e-05
-2.802174999999999984e-05
-2.802174999999999984e-05
-2.801430000000000044e-05
-2.800685000000000105e-05
-2.799940000000000165e-05
-2.799940000000000165e-05
-2.799194999999999887e-05
-2.798449999999999947e-05
-2.798449999999999947e-05
-2.797705000000000008e-05
-2.797705000000000008e-05
-2.796960000000000068e-05
-2.796960000000000068e-05
-2.796215000000000129e-05
-2.796215000000000129e-05
-2.796215000000000129e-05
-2.795469000000000119e-05
-2.795469000000000119e-05
-2.794723999999999841e-05
-2.794723999999999841e-05
-2.794723999999999841e-05
-2.793978999999999902e-05
-2.793978999999999902e-05
-2.793978999999999902e-05
-2.793233999999999962e-05
-2.793233999999999962e-05
-2.793233999999999962e-05
-2.793233999999999962e-05
-2.793233999999999962e-05
-2.792489000000000023e-05
-2.792489000000000023e-05
-2.791744000000000083e-05
-2.791744000000000083e-05
-2.791744000000000083e-05
-2.791744000000000083e-05
-2.791744000000000083e-05
-2.791744000000000083e-05
-2.790999000000000144e-05
-2.790999000000000144e-05
-2.790999000000000144e-05
-2.790999000000000144e-05
-2.790999000000000144e-05
-2.790999000000000144e-05
-2.790253999999999865e-05
-2.790253999999999865e-05
-2.789508999999999926e-05
-2.789508999999999926e-05
-2.788763999999999986e-05
-2.788763999999999986e-05
-2.788019000000000047e-05
-2.788019000000000047e-05
-2.787274000000000107e-05
-2.787274000000000107e-05
-2.787274000000000107e-05
-2.787274000000000107e-05
-2.787274000000000107e-05
-2.786529000000000168e-05
-2.786529000000000168e-05
-2.786529000000000168e-05
-2.786529000000000168e-05
-2.785783999999999889e-05
-2.785783999999999889e-05
-2.785783999999999889e-05
-2.785783999999999889e-05
-2.785783999999999889e-05
-2.785783999999999889e-05
-2.785783999999999889e-05
-2.785783999999999889e-05
-2.785783999999999889e-05
-2.785783999999999889e-05
-2.785783999999999889e-05
-2.785783999999999889e-05
-2.785783999999999889e-05
-2.785783999999999889e-05
-2.785783999999999889e-05
-2.785783999999999889e-05
-2.785783999999999889e-05
-2.785783999999999889e-05
-2.785783999999999889e-05
-2.785783999999999889e-05
-2.786529000000000168e-05
-2.786529000000000168e-05
-2.785783999999999889e-05
-2.785783999999999889e-05
-2.785783999999999889e-05
-2.785783999999999889e-05
-2.785783999999999889e-05
-2.785783999999999889e-05
-2.785783999999999889e-05
-2.785783999999999889e-05
-2.785783999999999889e-05
-2.785783999999999889e-05
-2.785783999999999889e-05
-2.785783999999999889e-05
-2.785783999999999889e-05
-2.785038999999999950e-05
-2.785038999999999950e-05
-2.785038999999999950e-05
-2.785038999999999950e-05
-2.784294000000000010e-05
-2.784294000000000010e-05
-2.784294000000000010e-05
-2.784294000000000010e-05
-2.784294000000000010e-05
-2.783549000000000071e-05
-2.783549000000000071e-05
-2.783549000000000071e-05
-2.783549000000000071e-05
-2.782803000000000061e-05
-2.782803000000000061e-05
-2.782058000000000122e-05
-2.782058000000000122e-05
-2.782058000000000122e-05
-2.781312999999999844e-05
-2.781312999999999844e-05
-2.781312999999999844e-05
-2.780567999999999904e-05
-2.780567999999999904e-05
-2.780567999999999904e-05
-2.780567999999999904e-05
-2.780567999999999904e-05
-2.780567999999999904e-05
-2.780567999999999904e-05
-2.780567999999999904e-05
-2.780567999999999904e-05
-2.780567999999999904e-05
-2.780567999999999904e-05
-2.780567999999999904e-05
-2.780567999999999904e-05
-2.780567999999999904e-05
-2.780567999999999904e-05
-2.780567999999999904e-05
-2.780567999999999904e-05
-2.780567999999999904e-05
-2.780567999999999904e-05
-2.780567999999999904e-05
-2.780567999999999904e-05
-2.780567999999999904e-05
-2.780567999999999904e-05
