88.8900
89.2800
89.0600
89.0600
89.1700
88.9500
89.0600
89.2800
89.1700
89.1700
89.0600
89.2800
89.2800
89.1700
89.3800
89.2800
89.2800
89.3800
89.4900
89.2800
89.3800
89.4900
89.4900
89.3300
89.3800
89.4900
89.2800
89.3800
89.7100
89.6000
89.6000
89.6000
89.6000
89.6000
89.4900
89.2800
89.4900
89.7100
89.7100
89.7100
89.7100
89.7100
89.6000
89.8200
89.4900
89.6000
89.6000
89.7100
89.8200
89.6000
89.6600
89.8200
89.7100
89.7100
89.8200
89.7100
89.8200
89.9300
89.7100
89.7100
89.8200
89.8200
89.9300
89.8200
89.9900
89.9300
89.9900
89.8200
89.9900
89.9300
89.8800
89.8800
89.9300
89.8200
90.1000
90.1000
90.1000
90.1000
90.1000
90.0400
90.1000
90.1500
90.1500
90.2000
90.1500
90.2600
90.1500
90.1500
90.4200
90.3700
90.4200
90.2600
90.3700
90.3700
90.5300
90.5300
90.5300
90.7500
90.5900
90.5900
90.5900
90.5900
90.7000
90.8100
90.8100
90.8100
90.9700
90.9100
90.9100
90.9700
90.9100
91.0200
91.0200
91.1300
91.1300
91.0200
91.1300
91.4100
91.1900
91.5200
91.3500
91.6200
91.4600
91.5700
91.6800
91.5700
91.7300
91.8400
91.8400
91.9000
91.7900
92.0100
91.9000
92.0100
92.1200
92.1200
92.0100
92.0600
92.2800
92.1700
92.1200
92.2300
92.2800
92.2300
92.1200
92.3400
92.3400
92.4400
92.4400
92.4400
92.5000
92.5500
92.6600
92.7200
92.5500
92.5500
92.5500
92.6100
92.5500
92.5500
92.5500
92.6600
92.8300
92.5500
92.7200
92.7700
92.7700
92.7700
92.7700
92.7700
92.7700
92.7700
92.8800
92.9400
92.7700
93.0500
92.9900
92.8800
92.9400
92.8800
92.9900
93.0500
92.8800
93.1500
92.9900
93.1000
93.2100
93.1000
93.2600
93.1500
93.1000
92.9900
92.9900
93.1000
93.1000
93.2100
93.2100
93.2100
93.2100
93.2100
93.2100
93.2100
93.2100
93.3200
93.3200
93.3200
93.4300
93.4300
93.4300
93.3200
93.4800
93.3200
93.5900
93.3200
93.4300
93.4300
93.4300
93.4300
93.5400
93.7000
93.8600
93.7600
93.9200
93.7600
93.8600
94.0300
93.9700
93.9700
94.0800
94.0800
94.2500
94.1900
94.3600
94.4100
94.4700
94.5200
94.6300
94.6800
94.6300
94.7900
94.9600
95.1200
95.0700
95.0700
95.3900
95.3900
95.5000
95.5600
95.5000
95.6100
95.6100
95.7200
95.7200
95.7200
95.9400
96.0500
96.0500
96.0500
96.1600
96.3800
96.4900
96.3800
96.3800
96.4900
96.6000
96.7100
96.7100
96.7100
96.8200
96.8200
96.8200
96.9200
96.9200
96.9200
97.1400
97.0300
97.0300
97.0300
97.1400
97.1400
97.2500
97.3100
97.1400
97.2500
97.3600
97.3600
97.3600
97.3600
97.5300
97.5800
97.5800
97.4700
97.6900
97.6900
97.5800
97.6900
97.7400
97.8000
97.8000
97.9100
98.0200
98.1800
98.1300
98.1300
98.2400
98.3500
98.3500
98.3500
98.4500
98.4500
98.5600
98.5600
98.5600
98.8400
98.6700
98.7800
98.7800
98.7800
98.8900
98.8900
99.0000
99.1100
99.1100
99.2200
99.2200
99.2200
99.2200
99.4400
99.4400
99.4400
99.4400
99.5500
99.6600
99.6600
99.6600
99.6600
99.7700
99.7700
99.8700
99.7700
99.9800
99.9800
100.0900
100.0900
100.3100
100.3100
100.2000
100.3100
100.2000
100.3100
100.5300
100.5300
100.4200
100.6400
100.5300
100.6400
100.7500
100.8600
100.7500
100.7500
101.0200
100.9700
101.1900
101.0800
101.1900
101.3000
101.3000
101.4000
101.4000
101.5100
101.5100
101.6200
101.6200
101.6200
101.7300
101.8400
101.8400
101.9500
101.9500
102.0600
101.9500
102.0600
102.2800
102.1700
102.2800
102.3900
102.3900
102.5000
102.6100
102.7200
102.6100
102.7200
102.9300
102.9300
103.1500
103.1500
103.2600
103.3700
103.2600
103.5900
103.7000
103.7000
103.9200
104.1400
104.0300
104.2500
104.5700
104.4600
104.5700
104.7900
104.7900
105.0100
105.1200
105.2300
105.3400
105.4500
105.5600
105.8800
105.9900
106.1000
106.5400
106.7600
106.9800
107.0900
107.3100
107.4100
107.4100
107.6300
107.7400
107.8500
108.0700
108.2900
108.5100
108.6200
108.8400
109.0500
109.0500
109.2700
109.3800
109.7100
109.7100
110.0400
110.1500
110.2600
110.3700
110.5800
110.9100
111.1300
111.2400
111.4600
111.4600
111.6800
111.7900
112.2200
112.3300
112.5500
112.7700
112.9900
113.3200
113.5300
113.6400
113.9700
114.0800
114.3000
114.6300
114.7400
115.0600
115.2800
115.5000
115.7200
115.9400
116.1600
116.3800
116.7000
116.9200
117.1400
117.3600
117.5800
117.8000
118.0100
118.7800
119.0000
119.1100
119.4300
119.6500
119.9800
120.3100
120.4200
120.7500
120.9600
121.0700
121.4000
121.6200
121.8400
122.0600
122.2200
122.3800
122.6000
122.8200
122.8800
123.3700
123.5900
123.5900
124.0200
124.2400
124.3500
124.6800
124.7300
125.0100
125.3400
125.5500
125.6100
125.8800
126.1000
126.3200
126.5400
126.7000
126.9700
127.1900
127.3000
127.6300
127.9600
128.0700
128.1200
128.5000
128.7200
128.7200
128.9400
129.1600
129.3200
129.6000
129.6500
129.7600
129.9200
130.2500
130.3100
130.4700
130.6400
130.6400
130.8500
131.3500
131.5100
131.6200
131.6700
131.7300
132.0000
132.0600
132.0600
132.2200
132.2200
132.3300
132.4400
132.6600
132.6000
132.6000
132.7100
132.8800
133.0900
133.0900
133.0400
133.0400
133.4200
133.3700
133.5300
133.4800
133.4800
133.5900
133.7500
133.6900
134.0800
133.9100
134.0200
134.1900
134.0200
134.1300
134.5100
134.4000
134.5700
134.4600
134.5700
134.6800
134.6800
134.7900
134.9000
134.9000
135.1200
135.2200
135.1700
135.2200
135.5000
135.5000
135.5500
135.6100
135.6600
135.7700
135.8800
135.8800
135.9900
136.1000
136.1500
136.5900
136.5400
136.5400
136.8100
136.7500
136.8600
136.9700
137.0800
137.3000
137.1900
137.1900
137.3000
137.4100
137.6800
137.7400
137.5200
137.7400
137.9600
138.0700
138.1200
138.1700
138.1700
138.2800
138.3900
138.5000
138.5600
138.5000
138.7200
138.8300
138.8300
138.9400
139.0500
139.1000
139.2700
139.4300
139.4900
139.6000
139.6500
139.7000
139.8100
139.9200
139.8100
140.0900
140.0300
140.2500
140.2500
140.4100
140.3600
140.5800
140.5800
140.6900
140.8000
140.9100
141.2900
141.2300
141.1300
141.2300
141.3400
141.4500
141.5600
141.8900
141.8900
142.0000
142.1100
142.2200
142.3300
142.5500
142.3300
142.5500
142.6600
142.8700
142.8700
142.9800
143.0900
142.9800
143.2000
143.3100
143.4200
143.5300
143.5300
143.7500
143.7500
143.8600
143.9700
144.0800
144.1800
144.4000
144.4000
144.4000
144.4000
144.6200
144.7300
144.7300
144.8400
145.0600
145.0000
145.1700
145.1700
145.3900
145.5000
145.6100
145.7100
145.7100
145.9300
145.8800
145.9900
146.0400
146.2600
146.3700
146.2600
146.4800
146.5900
146.5900
146.9200
146.9200
147.0300
146.9700
147.1400
147.1900
147.4600
147.6800
147.6800
148.0100
148.1200
147.9500
148.1200
148.3400
148.3400
148.5600
148.6100
148.6600
148.7700
148.7200
148.9400
149.0500
149.1600
149.2100
149.3200
149.3800
149.5400
149.6500
149.8700
149.9800
150.0900
149.8100
150.0300
150.3000
150.3000
150.4100
150.5200
150.6300
150.7400
150.8000
150.9100
150.8000
151.1200
151.1200
151.4000
151.5100
151.4500
151.7200
151.6700
151.7200
151.8300
152.0500
152.1600
152.1100
152.3800
152.3800
152.4900
152.6000
152.7100
152.6500
152.7600
152.8700
153.0400
153.3600
153.2500
153.4200
153.4700
153.8600
154.0200
153.9600
154.2400
154.2400
154.4000
154.5700
154.5700
154.7800
154.7300
155.0000
155.1100
154.9500
155.3300
155.4400
155.3300
155.3900
155.6000
155.7100
155.8800
155.8800
155.9900
156.0400
156.2600
156.2600
156.3700
156.4800
156.6400
156.7000
156.8100
156.9200
157.0800
157.0200
157.2400
157.3000
157.2400
157.6300
157.5700
157.6800
157.7900
158.0600
158.0100
158.1200
158.2800
158.3400
158.5000
158.6100
158.5500
158.8300
158.9400
158.9900
159.1600
159.1000
159.2600
159.5900
159.5400
159.7000
159.5400
159.8100
159.9700
160.3000
160.5800
160.5800
160.5200
160.6300
160.8500
160.9000
161.2900
160.9600
161.0100
161.2900
161.4000
161.5000
161.6100
161.7200
161.7200
161.9400
162.1600
0.4400
162.1600
162.5400
162.6000
162.7100
163.0300
163.0300
163.0300
163.2500
163.4700
163.5800
163.5800
163.8500
163.8000
164.0200
164.2400
164.2400
164.4500
164.5600
164.6700
164.7800
164.8900
165.1100
165.2200
165.3300
165.4400
165.5500
165.6600
165.8800
165.8800
166.0900
166.1500
166.4200
166.3100
166.5300
166.6400
166.6900
166.9100
167.0800
167.1900
167.3000
167.4100
167.9500
167.9500
168.1700
168.2800
168.5000
168.5000
168.5500
168.7700
169.0400
168.8300
169.0400
169.2600
169.3700
169.4800
169.4300
169.7000
170.0300
170.0300
169.9700
170.1400
170.3600
170.4100
170.5700
170.6800
170.7900
170.7400
171.0100
171.1200
171.1200
171.3400
171.3400
171.6700
171.5000
171.7200
171.8300
171.9900
172.1000
172.1600
172.3200
172.3200
172.5400
172.7000
172.7600
172.8700
173.0900
173.2000
173.3100
173.1400
173.3600
173.4700
173.5800
173.8000
173.8500
174.0700
174.0200
174.2900
174.4000
174.4000
174.5100
174.6200
174.8900
175.2700
175.2700
175.3300
175.4900
175.6600
175.8200
175.8200
175.7600
176.1500
176.0900
176.2600
176.3100
176.5300
176.5300
176.8000
176.8000
176.9700
177.1300
177.1300
177.1900
177.3500
177.4000
177.2900
177.7900
177.7300
177.9000
177.8400
178.1100
177.9500
178.1700
178.4400
178.5500
178.6600
178.7700
178.7100
178.7100
179.1500
179.2100
179.1500
179.2600
179.5300
179.5900
179.7000
179.7500
179.9200
180.0300
180.1400
180.1900
180.1400
98999999999999993426744560981400092672.0000
98999999999999993426744560981400092672.0000
98999999999999993426744560981400092672.0000
98999999999999993426744560981400092672.0000
98999999999999993426744560981400092672.0000
98999999999999993426744560981400092672.0000
98999999999999993426744560981400092672.0000
98999999999999993426744560981400092672.0000
98999999999999993426744560981400092672.0000
98999999999999993426744560981400092672.0000
98999999999999993426744560981400092672.0000
98999999999999993426744560981400092672.0000
98999999999999993426744560981400092672.0000
98999999999999993426744560981400092672.0000
98999999999999993426744560981400092672.0000
98999999999999993426744560981400092672.0000
98999999999999993426744560981400092672.0000
98999999999999993426744560981400092672.0000
98999999999999993426744560981400092672.0000
98999999999999993426744560981400092672.0000
98999999999999993426744560981400092672.0000
98999999999999993426744560981400092672.0000
98999999999999993426744560981400092672.0000
98999999999999993426744560981400092672.0000
98999999999999993426744560981400092672.0000
98999999999999993426744560981400092672.0000
98999999999999993426744560981400092672.0000
98999999999999993426744560981400092672.0000
98999999999999993426744560981400092672.0000
98999999999999993426744560981400092672.0000
98999999999999993426744560981400092672.0000
98999999999999993426744560981400092672.0000
98999999999999993426744560981400092672.0000
98999999999999993426744560981400092672.0000
98999999999999993426744560981400092672.0000
98999999999999993426744560981400092672.0000
98999999999999993426744560981400092672.0000
98999999999999993426744560981400092672.0000
98999999999999993426744560981400092672.0000
98999999999999993426744560981400092672.0000
98999999999999993426744560981400092672.0000
98999999999999993426744560981400092672.0000
98999999999999993426744560981400092672.0000
98999999999999993426744560981400092672.0000
98999999999999993426744560981400092672.0000
98999999999999993426744560981400092672.0000
98999999999999993426744560981400092672.0000
98999999999999993426744560981400092672.0000
98999999999999993426744560981400092672.0000
98999999999999993426744560981400092672.0000
98999999999999993426744560981400092672.0000
98999999999999993426744560981400092672.0000
98999999999999993426744560981400092672.0000
98999999999999993426744560981400092672.0000
98999999999999993426744560981400092672.0000
98999999999999993426744560981400092672.0000
98999999999999993426744560981400092672.0000
98999999999999993426744560981400092672.0000
98999999999999993426744560981400092672.0000
98999999999999993426744560981400092672.0000
98999999999999993426744560981400092672.0000
187.8900
187.7800
188.1100
188.1100
188.3300
188.3300
188.4400
188.6600
188.7700
189.1000
189.2100
189.5300
189.5300
189.7500
189.7500
189.8600
189.9700
190.1900
190.1900
190.3000
190.5200
190.5200
190.6300
190.8400
190.8400
190.9500
191.1700
191.1700
191.1700
191.3900
191.5000
191.7200
191.8300
191.8300
191.9400
192.0500
192.2600
192.3700
192.4800
192.4800
192.5900
192.8100
193.0300
193.0300
193.1400
193.3600
193.3600
193.5800
193.6900
193.6900
193.9000
194.0100
194.1200
194.2300
194.3400
194.3400
194.5600
194.6700
194.7800
194.8900
195.0000
195.1100
195.3200
195.4300
195.4300
195.5400
195.7600
195.7600
195.9800
196.4200
196.4200
196.6400
196.6400
196.7400
196.8500
196.9600
197.0700
197.1800
197.2900
197.4000
197.4000
197.5100
197.6200
197.7300
197.8400
198.0600
198.1700
198.0600
198.1700
198.3800
198.3800
198.3800
198.6000
198.7100
198.7100
198.8200
198.8200
198.9300
199.1500
199.1500
199.1500
199.2600
199.3700
199.3700
199.5900
199.5900
199.5900
199.8000
199.8000
199.8000
200.0200
200.0200
200.0200
200.1300
200.3500
200.4600
200.3500
200.4600
200.5700
200.5700
200.7900
200.6800
200.6800
200.7900
200.9000
201.1200
201.2200
201.2200
201.3300
