-3.600000000000000227e-04
-3.499999999999999964e-04
1.879999999999999944e-03
3.910000000000000281e-03
6.989999999999999686e-03
8.989999999999999727e-03
1.214999999999999934e-02
1.418999999999999949e-02
1.728999999999999981e-02
1.932999999999999996e-02
2.239999999999999977e-02
2.444999999999999951e-02
2.743999999999999911e-02
2.948999999999999885e-02
3.257000000000000173e-02
3.465000000000000024e-02
3.771000000000000046e-02
3.975000000000000061e-02
4.284999999999999920e-02
4.485999999999999710e-02
4.791999999999999732e-02
4.995999999999999747e-02
5.304999999999999993e-02
5.512000000000000233e-02
5.818999999999999867e-02
6.020999999999999963e-02
6.327000000000000679e-02
6.537999999999999368e-02
6.844000000000000083e-02
7.049999999999999323e-02
7.353999999999999426e-02
7.552000000000000379e-02
7.857999999999999707e-02
8.067000000000000559e-02
8.375000000000000500e-02
8.577999999999999514e-02
8.884999999999999842e-02
9.088000000000000245e-02
9.393999999999999573e-02
9.600000000000000200e-02
9.901000000000000079e-02
1.010800000000000032e-01
1.041799999999999948e-01
1.062199999999999950e-01
1.092999999999999944e-01
1.113200000000000023e-01
1.144400000000000001e-01
1.165000000000000063e-01
1.194000000000000061e-01
1.214400000000000063e-01
1.244399999999999951e-01
1.264899999999999913e-01
1.295600000000000085e-01
1.316499999999999893e-01
1.346999999999999864e-01
1.367400000000000004e-01
1.398199999999999998e-01
1.418300000000000116e-01
1.449000000000000010e-01
1.469300000000000050e-01
1.500299999999999967e-01
1.520900000000000030e-01
1.551500000000000101e-01
1.571799999999999864e-01
1.602399999999999936e-01
1.623499999999999943e-01
1.653999999999999915e-01
1.674499999999999877e-01
1.705000000000000127e-01
1.724700000000000122e-01
1.755700000000000038e-01
1.776099999999999901e-01
1.806999999999999995e-01
1.827300000000000035e-01
1.857900000000000107e-01
1.878299999999999970e-01
1.909099999999999964e-01
1.929400000000000004e-01
1.959400000000000031e-01
1.980099999999999916e-01
2.011000000000000010e-01
2.031600000000000072e-01
2.062299999999999967e-01
2.082299999999999984e-01
2.113800000000000123e-01
2.134300000000000086e-01
2.165100000000000080e-01
2.185300000000000020e-01
2.215399999999999869e-01
2.235999999999999932e-01
2.266700000000000104e-01
2.287599999999999911e-01
2.317899999999999960e-01
2.338500000000000023e-01
2.369199999999999917e-01
2.389400000000000135e-01
2.418500000000000094e-01
2.438700000000000034e-01
2.469600000000000128e-01
2.490100000000000091e-01
2.520899999999999808e-01
2.541399999999999770e-01
2.571899999999999742e-01
2.592800000000000105e-01
2.623300000000000076e-01
2.643800000000000039e-01
2.674400000000000110e-01
2.694400000000000128e-01
2.725199999999999845e-01
2.745500000000000163e-01
2.776399999999999979e-01
2.796699999999999742e-01
2.827299999999999813e-01
2.847999999999999976e-01
2.878600000000000048e-01
2.898800000000000265e-01
2.928899999999999837e-01
2.949800000000000200e-01
2.980800000000000116e-01
3.001400000000000179e-01
3.032099999999999795e-01
3.052099999999999813e-01
3.083299999999999930e-01
3.103899999999999992e-01
3.134399999999999964e-01
3.154799999999999827e-01
3.185100000000000153e-01
3.205600000000000116e-01
3.236299999999999732e-01
3.257099999999999995e-01
3.287399999999999767e-01
3.307999999999999829e-01
3.338800000000000101e-01
3.358999999999999764e-01
3.389599999999999835e-01
3.409699999999999953e-01
3.440699999999999870e-01
3.461099999999999732e-01
3.492199999999999749e-01
3.512600000000000167e-01
3.541400000000000103e-01
3.562199999999999811e-01
3.592500000000000138e-01
3.613199999999999745e-01
3.643500000000000072e-01
3.663699999999999735e-01
3.694500000000000006e-01
3.714600000000000124e-01
3.745499999999999940e-01
3.765899999999999803e-01
3.796700000000000075e-01
3.817200000000000037e-01
3.847800000000000109e-01
3.867999999999999772e-01
3.897900000000000253e-01
3.919000000000000261e-01
3.950000000000000178e-01
3.970600000000000240e-01
4.001399999999999957e-01
4.021500000000000075e-01
4.052700000000000191e-01
4.073300000000000254e-01
4.103899999999999770e-01
4.124300000000000188e-01
4.154499999999999860e-01
4.175099999999999922e-01
4.205699999999999994e-01
4.226300000000000057e-01
4.256699999999999928e-01
4.277599999999999736e-01
4.308299999999999907e-01
4.328799999999999870e-01
4.359199999999999742e-01
4.379100000000000215e-01
4.410200000000000231e-01
4.430799999999999739e-01
4.461800000000000210e-01
4.482200000000000073e-01
4.512900000000000245e-01
4.533300000000000107e-01
4.563900000000000179e-01
4.584799999999999986e-01
4.615000000000000213e-01
4.635199999999999876e-01
4.664300000000000113e-01
4.684300000000000130e-01
4.715099999999999847e-01
4.737399999999999944e-01
4.768399999999999861e-01
4.788700000000000179e-01
4.817699999999999760e-01
4.837899999999999978e-01
4.867900000000000005e-01
4.888899999999999912e-01
4.919799999999999729e-01
4.940499999999999892e-01
4.971099999999999963e-01
4.991300000000000181e-01
5.022400000000000198e-01
5.042799999999999505e-01
5.073600000000000332e-01
5.093999999999999639e-01
5.124199999999999866e-01
5.144800000000000484e-01
5.175400000000000000e-01
5.195899999999999963e-01
5.226399999999999935e-01
5.247100000000000097e-01
5.277899999999999814e-01
5.298199999999999577e-01
5.328899999999999748e-01
5.348699999999999566e-01
5.379699999999999482e-01
5.400500000000000300e-01
5.431300000000000017e-01
5.451700000000000434e-01
5.482299999999999951e-01
5.502700000000000369e-01
5.533400000000000540e-01
5.554200000000000248e-01
5.584500000000000020e-01
5.604599999999999582e-01
5.635400000000000409e-01
5.655599999999999516e-01
5.686299999999999688e-01
5.706700000000000106e-01
5.737700000000000022e-01
5.757999999999999785e-01
5.788600000000000412e-01
5.808799999999999519e-01
5.839100000000000401e-01
5.859900000000000109e-01
5.890499999999999625e-01
5.911399999999999988e-01
5.941899999999999959e-01
5.962300000000000377e-01
5.993300000000000294e-01
6.013600000000000056e-01
6.042699999999999738e-01
6.063100000000000156e-01
6.093399999999999928e-01
6.114000000000000545e-01
6.144600000000000062e-01
6.165100000000000025e-01
6.195500000000000451e-01
6.216500000000000359e-01
6.247000000000000330e-01
6.267300000000000093e-01
6.298000000000000265e-01
6.317800000000000082e-01
6.349099999999999744e-01
6.369700000000000362e-01
6.400700000000000278e-01
6.421000000000000041e-01
6.451700000000000212e-01
6.472099999999999520e-01
6.502799999999999692e-01
6.523400000000000309e-01
6.553700000000000081e-01
6.573799999999999644e-01
6.604600000000000470e-01
6.625100000000000433e-01
6.655799999999999494e-01
6.675999999999999712e-01
6.706999999999999629e-01
6.727400000000000047e-01
6.757900000000000018e-01
6.778199999999999781e-01
6.808699999999999752e-01
6.829300000000000370e-01
6.860000000000000542e-01
6.880800000000000249e-01
6.911399999999999766e-01
6.932000000000000384e-01
6.962899999999999645e-01
6.983099999999999863e-01
7.013800000000000034e-01
7.034200000000000452e-01
7.064599999999999769e-01
7.085099999999999731e-01
7.115899999999999448e-01
7.136200000000000321e-01
7.164800000000000058e-01
7.187599999999999545e-01
7.216399999999999482e-01
7.236700000000000355e-01
7.267299999999999871e-01
7.287299999999999889e-01
7.318500000000000005e-01
7.338999999999999968e-01
7.369900000000000340e-01
7.389999999999999902e-01
7.420799999999999619e-01
7.441499999999999782e-01
7.472100000000000408e-01
7.492699999999999916e-01
7.522799999999999487e-01
7.542900000000000160e-01
7.573999999999999622e-01
7.594199999999999839e-01
7.624999999999999556e-01
7.644900000000000029e-01
7.675999999999999490e-01
7.696399999999999908e-01
7.727000000000000535e-01
7.747300000000000297e-01
7.777800000000000269e-01
7.798300000000000232e-01
7.829000000000000403e-01
7.849899999999999656e-01
7.880700000000000482e-01
7.901299999999999990e-01
7.932099999999999707e-01
7.952299999999999924e-01
7.983099999999999641e-01
8.003500000000000059e-01
8.033700000000000285e-01
8.054400000000000448e-01
8.085200000000000164e-01
8.105599999999999472e-01
8.136200000000000099e-01
8.156900000000000261e-01
8.187400000000000233e-01
8.207999999999999741e-01
8.238400000000000167e-01
8.258699999999999930e-01
8.289699999999999847e-01
8.310100000000000264e-01
8.340899999999999981e-01
8.361399999999999944e-01
8.392399999999999860e-01
8.412899999999999823e-01
8.443500000000000449e-01
8.463699999999999557e-01
8.492399999999999949e-01
8.512800000000000367e-01
8.543600000000000083e-01
8.564000000000000501e-01
8.594800000000000217e-01
8.614699999999999580e-01
8.645699999999999497e-01
8.666300000000000114e-01
8.697000000000000286e-01
8.717200000000000504e-01
8.747800000000000020e-01
8.768299999999999983e-01
8.798899999999999499e-01
8.819700000000000317e-01
8.850400000000000489e-01
8.871099999999999541e-01
8.901900000000000368e-01
8.922099999999999476e-01
8.952900000000000302e-01
8.973299999999999610e-01
9.003600000000000492e-01
9.024199999999999999e-01
9.054999999999999716e-01
9.075299999999999478e-01
9.105699999999999905e-01
9.126400000000000068e-01
9.156999999999999584e-01
9.177699999999999747e-01
9.207999999999999519e-01
9.228499999999999481e-01
9.259399999999999853e-01
9.279600000000000071e-01
9.310500000000000442e-01
9.331000000000000405e-01
9.362000000000000322e-01
9.382500000000000284e-01
9.413099999999999801e-01
9.433200000000000474e-01
9.463500000000000245e-01
9.484099999999999753e-01
9.514799999999999924e-01
9.535400000000000542e-01
9.565799999999999859e-01
9.585900000000000531e-01
9.616900000000000448e-01
9.637299999999999756e-01
9.668200000000000127e-01
9.688299999999999690e-01
9.718799999999999661e-01
9.739400000000000279e-01
9.768200000000000216e-01
9.789099999999999469e-01
9.819700000000000095e-01
9.840299999999999603e-01
9.870999999999999774e-01
9.891400000000000192e-01
9.922100000000000364e-01
9.942400000000000126e-01
9.972900000000000098e-01
9.993499999999999606e-01
1.002420000000000089e+00
1.004469999999999974e+00
1.007519999999999971e+00
1.009579999999999922e+00
1.012620000000000076e+00
1.014710000000000001e+00
1.017730000000000024e+00
1.019779999999999909e+00
1.022880000000000011e+00
1.024899999999999922e+00
1.027989999999999959e+00
1.030040000000000067e+00
1.033139999999999947e+00
1.035179999999999989e+00
1.038229999999999986e+00
1.040259999999999962e+00
1.043299999999999894e+00
1.045350000000000001e+00
1.048419999999999908e+00
1.050470000000000015e+00
1.053520000000000012e+00
1.055549999999999988e+00
1.058640000000000025e+00
1.060680000000000067e+00
1.063749999999999973e+00
1.065760000000000041e+00
1.068829999999999947e+00
1.070889999999999898e+00
1.073979999999999935e+00
1.076040000000000108e+00
1.079069999999999974e+00
1.081159999999999899e+00
1.084230000000000027e+00
1.086279999999999912e+00
1.089190000000000103e+00
1.091180000000000039e+00
1.094230000000000036e+00
1.096289999999999987e+00
1.099369999999999958e+00
1.101410000000000000e+00
1.104459999999999997e+00
1.106519999999999948e+00
1.109569999999999945e+00
1.111639999999999961e+00
1.114670000000000050e+00
1.115790000000000060e+00
1.119820000000000038e+00
1.121839999999999948e+00
1.124929999999999986e+00
1.126970000000000027e+00
1.130069999999999908e+00
1.132109999999999950e+00
1.135170000000000012e+00
1.137199999999999989e+00
1.140230000000000077e+00
1.142269999999999897e+00
1.145329999999999959e+00
1.147370000000000001e+00
1.150439999999999907e+00
1.152490000000000014e+00
1.155569999999999986e+00
1.157599999999999962e+00
1.160660000000000025e+00
1.162679999999999936e+00
1.165759999999999907e+00
1.167829999999999924e+00
1.169859999999999900e+00
1.172960000000000003e+00
1.175000000000000044e+00
1.178090000000000082e+00
1.180150000000000032e+00
1.183230000000000004e+00
1.185259999999999980e+00
1.188280000000000003e+00
1.190339999999999954e+00
1.193400000000000016e+00
1.195459999999999967e+00
1.198520000000000030e+00
1.200539999999999941e+00
1.203650000000000109e+00
1.205689999999999928e+00
1.208769999999999900e+00
1.210779999999999967e+00
1.213850000000000096e+00
1.215919999999999890e+00
1.218990000000000018e+00
1.221060000000000034e+00
1.224080000000000057e+00
1.226159999999999917e+00
1.229240000000000110e+00
1.231289999999999996e+00
1.234350000000000058e+00
1.236359999999999904e+00
1.239409999999999901e+00
1.241470000000000073e+00
1.244539999999999980e+00
1.246590000000000087e+00
1.249659999999999993e+00
1.251689999999999969e+00
1.254559999999999897e+00
1.256620000000000070e+00
1.259679999999999911e+00
1.261730000000000018e+00
1.264809999999999990e+00
1.267020000000000035e+00
1.270110000000000072e+00
1.272149999999999892e+00
1.275230000000000086e+00
1.277290000000000036e+00
1.280370000000000008e+00
1.282399999999999984e+00
1.285250000000000004e+00
1.287460000000000049e+00
1.290540000000000020e+00
1.292419999999999902e+00
1.295479999999999965e+00
1.297500000000000098e+00
1.300610000000000044e+00
1.302640000000000020e+00
1.305690000000000017e+00
1.307730000000000059e+00
1.310810000000000031e+00
1.312869999999999981e+00
1.315949999999999953e+00
1.317989999999999995e+00
1.321020000000000083e+00
1.323120000000000074e+00
1.326179999999999914e+00
1.328249999999999931e+00
1.331299999999999928e+00
1.333290000000000086e+00
1.336330000000000018e+00
1.338400000000000034e+00
1.341480000000000006e+00
1.343520000000000048e+00
1.346589999999999954e+00
1.348629999999999995e+00
1.351660000000000084e+00
1.353730000000000100e+00
1.356770000000000032e+00
1.358810000000000073e+00
1.361900000000000110e+00
1.363920000000000021e+00
1.367019999999999902e+00
1.369050000000000100e+00
1.372160000000000046e+00
1.374209999999999932e+00
1.377289999999999903e+00
1.379329999999999945e+00
1.382330000000000059e+00
1.384370000000000100e+00
1.387440000000000007e+00
1.389520000000000088e+00
1.392570000000000086e+00
1.394619999999999971e+00
1.397720000000000073e+00
1.399729999999999919e+00
1.402789999999999981e+00
1.404830000000000023e+00
1.407920000000000060e+00
1.409980000000000011e+00
1.412879999999999914e+00
1.414900000000000047e+00
1.417960000000000109e+00
1.420060000000000100e+00
1.423110000000000097e+00
1.425170000000000048e+00
1.428230000000000111e+00
1.430220000000000047e+00
1.433259999999999978e+00
1.435340000000000060e+00
1.438420000000000032e+00
1.440460000000000074e+00
1.443519999999999914e+00
1.445559999999999956e+00
1.448609999999999953e+00
1.450679999999999970e+00
1.453710000000000058e+00
1.455780000000000074e+00
1.458849999999999980e+00
1.460890000000000022e+00
1.463980000000000059e+00
1.465999999999999970e+00
1.469109999999999916e+00
1.471160000000000023e+00
1.474239999999999995e+00
1.476269999999999971e+00
1.479270000000000085e+00
1.481309999999999905e+00
1.484390000000000098e+00
1.486459999999999892e+00
1.489509999999999890e+00
1.491570000000000062e+00
1.494660000000000100e+00
1.496650000000000036e+00
1.499740000000000073e+00
1.501770000000000049e+00
1.504860000000000086e+00
1.506909999999999972e+00
1.509970000000000034e+00
1.512000000000000011e+00
1.515069999999999917e+00
1.517160000000000064e+00
1.520219999999999905e+00
1.522270000000000012e+00
1.525320000000000009e+00
1.527320000000000011e+00
1.530380000000000074e+00
1.532419999999999893e+00
1.535339999999999927e+00
1.537369999999999903e+00
1.540440000000000031e+00
1.542480000000000073e+00
1.545549999999999979e+00
1.547590000000000021e+00
1.550620000000000109e+00
1.552629999999999955e+00
1.555709999999999926e+00
1.557770000000000099e+00
1.560850000000000071e+00
1.562869999999999981e+00
1.565989999999999993e+00
1.568040000000000100e+00
1.571110000000000007e+00
1.573159999999999892e+00
1.576179999999999914e+00
1.578209999999999891e+00
1.581280000000000019e+00
1.583360000000000101e+00
1.586389999999999967e+00
1.588449999999999918e+00
1.591550000000000020e+00
1.593560000000000088e+00
1.596640000000000059e+00
1.598670000000000035e+00
1.601769999999999916e+00
1.603830000000000089e+00
1.606889999999999930e+00
1.608940000000000037e+00
1.611990000000000034e+00
1.614079999999999959e+00
1.617129999999999956e+00
1.619180000000000064e+00
1.622230000000000061e+00
1.624249999999999972e+00
1.627329999999999943e+00
1.629359999999999919e+00
1.632430000000000048e+00
1.634479999999999933e+00
1.637529999999999930e+00
1.639599999999999946e+00
1.642660000000000009e+00
1.644700000000000051e+00
1.647710000000000008e+00
1.649799999999999933e+00
1.652889999999999970e+00
1.654959999999999987e+00
1.658020000000000049e+00
1.660029999999999895e+00
1.663140000000000063e+00
1.665019999999999945e+00
1.668080000000000007e+00
1.670139999999999958e+00
1.673159999999999981e+00
1.675200000000000022e+00
1.678260000000000085e+00
1.680350000000000010e+00
1.683380000000000098e+00
1.685440000000000049e+00
1.688520000000000021e+00
1.690539999999999932e+00
1.693610000000000060e+00
1.695629999999999971e+00
1.698730000000000073e+00
1.700769999999999893e+00
1.703869999999999996e+00
1.705910000000000037e+00
1.708979999999999944e+00
1.711039999999999894e+00
1.714080000000000048e+00
1.716139999999999999e+00
1.719200000000000061e+00
1.721209999999999907e+00
1.724280000000000035e+00
1.726299999999999946e+00
1.729389999999999983e+00
1.731430000000000025e+00
1.734509999999999996e+00
1.736569999999999947e+00
1.739619999999999944e+00
1.741630000000000011e+00
1.744650000000000034e+00
1.746720000000000050e+00
1.749819999999999931e+00
1.751880000000000104e+00
1.754950000000000010e+00
1.756969999999999921e+00
1.760080000000000089e+00
1.762129999999999974e+00
1.765200000000000102e+00
1.767230000000000079e+00
1.770270000000000010e+00
1.772319999999999895e+00
1.775369999999999893e+00
1.777430000000000065e+00
1.780489999999999906e+00
1.782559999999999922e+00
1.785449999999999982e+00
1.787490000000000023e+00
1.790559999999999929e+00
1.792569999999999997e+00
1.795670000000000099e+00
1.797709999999999919e+00
1.800799999999999956e+00
1.802850000000000064e+00
1.805919999999999970e+00
1.807970000000000077e+00
1.811020000000000074e+00
1.813099999999999934e+00
1.816149999999999931e+00
1.818159999999999998e+00
1.821229999999999905e+00
1.823250000000000037e+00
1.826340000000000074e+00
1.828370000000000051e+00
1.831469999999999931e+00
1.833509999999999973e+00
1.836570000000000036e+00
1.838600000000000012e+00
1.841609999999999969e+00
1.843699999999999894e+00
1.846789999999999932e+00
1.848859999999999948e+00
1.851909999999999945e+00
1.853930000000000078e+00
1.857029999999999959e+00
1.859089999999999909e+00
1.862160000000000037e+00
1.864200000000000079e+00
1.867220000000000102e+00
1.869269999999999987e+00
1.872330000000000050e+00
1.874379999999999935e+00
1.877439999999999998e+00
1.879520000000000080e+00
1.882570000000000077e+00
1.884619999999999962e+00
1.887680000000000025e+00
1.889669999999999961e+00
1.892779999999999907e+00
1.894840000000000080e+00
1.897929999999999895e+00
1.899969999999999937e+00
1.903040000000000065e+00
1.905070000000000041e+00
1.908139999999999947e+00
1.910209999999999964e+00
1.913249999999999895e+00
1.915259999999999962e+00
1.918330000000000091e+00
1.920350000000000001e+00
1.923429999999999973e+00
1.925310000000000077e+00
1.928399999999999892e+00
1.930430000000000090e+00
1.933489999999999931e+00
1.935510000000000064e+00
1.938560000000000061e+00
1.940639999999999921e+00
1.943729999999999958e+00
1.945789999999999909e+00
1.948849999999999971e+00
1.950890000000000013e+00
1.953989999999999894e+00
1.956029999999999935e+00
1.959100000000000064e+00
1.961140000000000105e+00
1.964169999999999972e+00
1.966229999999999922e+00
1.969289999999999985e+00
1.971330000000000027e+00
1.974390000000000089e+00
1.976490000000000080e+00
1.979530000000000012e+00
1.981589999999999963e+00
1.984639999999999960e+00
1.986609999999999987e+00
1.989740000000000064e+00
1.991810000000000080e+00
1.994899999999999896e+00
1.996939999999999937e+00
2.000000000000000000e+00
2.002050000000000107e+00
2.005119999999999791e+00
2.007179999999999964e+00
2.010219999999999896e+00
2.012239999999999807e+00
2.015309999999999935e+00
2.017349999999999977e+00
2.020430000000000170e+00
2.022440000000000015e+00
2.025539999999999896e+00
2.027590000000000003e+00
2.030640000000000001e+00
2.032680000000000042e+00
2.035569999999999879e+00
2.037630000000000052e+00
2.040700000000000180e+00
2.042769999999999975e+00
2.045819999999999972e+00
2.047880000000000145e+00
2.050980000000000025e+00
2.052989999999999871e+00
2.056070000000000064e+00
2.058100000000000041e+00
2.061139999999999972e+00
2.063200000000000145e+00
2.066269999999999829e+00
2.068309999999999871e+00
2.071340000000000181e+00
2.073440000000000172e+00
2.076480000000000103e+00
2.078530000000000211e+00
2.081599999999999895e+00
2.083619999999999806e+00
2.086710000000000065e+00
2.088760000000000172e+00
2.089230000000000143e+00
2.089230000000000143e+00
2.089949999999999974e+00
2.092010000000000147e+00
2.095040000000000013e+00
2.097129999999999939e+00
2.100210000000000132e+00
2.102250000000000174e+00
2.105300000000000171e+00
2.107310000000000016e+00
2.110360000000000014e+00
2.112420000000000186e+00
2.115499999999999936e+00
2.117539999999999978e+00
2.120600000000000041e+00
2.122640000000000082e+00
2.125680000000000014e+00
2.127749999999999808e+00
2.130799999999999805e+00
2.132839999999999847e+00
2.135920000000000041e+00
2.137939999999999952e+00
2.141020000000000145e+00
2.143069999999999808e+00
2.146180000000000199e+00
2.148229999999999862e+00
2.151299999999999990e+00
2.153329999999999966e+00
2.156359999999999832e+00
2.158399999999999874e+00
2.161459999999999937e+00
2.163539999999999797e+00
2.166589999999999794e+00
2.168639999999999901e+00
2.171539999999999804e+00
2.173579999999999846e+00
2.176660000000000039e+00
2.178700000000000081e+00
2.181760000000000144e+00
2.183819999999999872e+00
2.186900000000000066e+00
2.188930000000000042e+00
2.191990000000000105e+00
2.194069999999999965e+00
2.197140000000000093e+00
2.199190000000000200e+00
2.202240000000000197e+00
2.204239999999999977e+00
2.207300000000000040e+00
2.209360000000000213e+00
2.212429999999999897e+00
2.214480000000000004e+00
2.217540000000000067e+00
2.219590000000000174e+00
2.222620000000000040e+00
2.224699999999999900e+00
2.227739999999999831e+00
2.229789999999999939e+00
2.232880000000000198e+00
2.234900000000000109e+00
2.237989999999999924e+00
2.240029999999999966e+00
2.243129999999999846e+00
2.245190000000000019e+00
2.248250000000000082e+00
2.250280000000000058e+00
2.253299999999999859e+00
2.255349999999999966e+00
2.258420000000000094e+00
2.260479999999999823e+00
2.263539999999999885e+00
2.265579999999999927e+00
2.268670000000000186e+00
2.270690000000000097e+00
2.273759999999999781e+00
2.275799999999999823e+00
2.278869999999999951e+00
2.280940000000000190e+00
2.283999999999999808e+00
2.286039999999999850e+00
2.288920000000000066e+00
2.291009999999999991e+00
2.294080000000000119e+00
2.296129999999999782e+00
2.299170000000000158e+00
2.301169999999999938e+00
2.304240000000000066e+00
2.306290000000000173e+00
2.309369999999999923e+00
2.311389999999999834e+00
2.314480000000000093e+00
2.316520000000000135e+00
2.319570000000000132e+00
2.321629999999999860e+00
2.324660000000000171e+00
2.326719999999999899e+00
2.329790000000000028e+00
2.331830000000000069e+00
2.334940000000000015e+00
2.336969999999999992e+00
2.340069999999999872e+00
2.342119999999999980e+00
2.345190000000000108e+00
2.347230000000000150e+00
2.350239999999999885e+00
2.352279999999999927e+00
2.355350000000000055e+00
2.357429999999999914e+00
2.360479999999999912e+00
2.362530000000000019e+00
2.365619999999999834e+00
2.367640000000000189e+00
2.370709999999999873e+00
2.372759999999999980e+00
2.375830000000000108e+00
2.377880000000000216e+00
2.380959999999999965e+00
2.382989999999999942e+00
2.386050000000000004e+00
2.388139999999999930e+00
2.391210000000000058e+00
2.393250000000000099e+00
2.396300000000000097e+00
2.398320000000000007e+00
2.401380000000000070e+00
2.403430000000000177e+00
2.406499999999999861e+00
2.408520000000000216e+00
2.411449999999999871e+00
2.413489999999999913e+00
2.416560000000000041e+00
2.418610000000000149e+00
2.421650000000000080e+00
2.423700000000000188e+00
2.426779999999999937e+00
2.428830000000000044e+00
2.431919999999999860e+00
2.433940000000000214e+00
2.437030000000000030e+00
2.439070000000000071e+00
2.442169999999999952e+00
2.444209999999999994e+00
2.447229999999999794e+00
2.449260000000000215e+00
2.452319999999999833e+00
2.454390000000000072e+00
2.457430000000000003e+00
2.459499999999999797e+00
2.462579999999999991e+00
2.464609999999999967e+00
2.467670000000000030e+00
2.469710000000000072e+00
2.472799999999999887e+00
2.474849999999999994e+00
2.477920000000000122e+00
2.479969999999999786e+00
2.483010000000000161e+00
2.485090000000000021e+00
2.488140000000000018e+00
2.490200000000000191e+00
2.493269999999999875e+00
2.495270000000000099e+00
2.498339999999999783e+00
2.500370000000000203e+00
2.503439999999999888e+00
2.505479999999999929e+00
2.508570000000000189e+00
2.510619999999999852e+00
2.513669999999999849e+00
2.515699999999999825e+00
2.518740000000000201e+00
2.520779999999999799e+00
2.523890000000000189e+00
2.525939999999999852e+00
2.529020000000000046e+00
2.531029999999999891e+00
2.534130000000000216e+00
2.536179999999999879e+00
2.539099999999999913e+00
2.541129999999999889e+00
2.544150000000000134e+00
2.546180000000000110e+00
2.549259999999999859e+00
2.551330000000000098e+00
2.554370000000000029e+00
2.556439999999999824e+00
2.559509999999999952e+00
2.561549999999999994e+00
2.564610000000000056e+00
2.566629999999999967e+00
2.569739999999999913e+00
2.571779999999999955e+00
2.574860000000000149e+00
2.576900000000000190e+00
2.579959999999999809e+00
2.582019999999999982e+00
2.585069999999999979e+00
2.587140000000000217e+00
2.590199999999999836e+00
2.592210000000000125e+00
2.595270000000000188e+00
2.597290000000000099e+00
2.600379999999999914e+00
2.602440000000000087e+00
2.605510000000000215e+00
2.607569999999999943e+00
2.610619999999999941e+00
2.612639999999999851e+00
2.615670000000000162e+00
2.617780000000000218e+00
2.620839999999999836e+00
2.622900000000000009e+00
2.625970000000000137e+00
2.627990000000000048e+00
2.631079999999999863e+00
2.633140000000000036e+00
2.636210000000000164e+00
2.638250000000000206e+00
2.641280000000000072e+00
2.643310000000000048e+00
2.646389999999999798e+00
2.648439999999999905e+00
2.651499999999999968e+00
2.653560000000000141e+00
2.656470000000000109e+00
2.658500000000000085e+00
2.661550000000000082e+00
2.663740000000000219e+00
2.666679999999999939e+00
2.668740000000000112e+00
2.671809999999999796e+00
2.673849999999999838e+00
2.676919999999999966e+00
2.678970000000000073e+00
2.682020000000000071e+00
2.684089999999999865e+00
2.687149999999999928e+00
2.689150000000000151e+00
2.692210000000000214e+00
2.694230000000000125e+00
2.697330000000000005e+00
2.699370000000000047e+00
2.702449999999999797e+00
2.704499999999999904e+00
2.707559999999999967e+00
2.709589999999999943e+00
2.712619999999999809e+00
2.714719999999999800e+00
2.717789999999999928e+00
2.719850000000000101e+00
2.722910000000000164e+00
2.724940000000000140e+00
2.728060000000000151e+00
2.730090000000000128e+00
2.733179999999999943e+00
2.735209999999999919e+00
2.738220000000000098e+00
2.740279999999999827e+00
2.743349999999999955e+00
2.745389999999999997e+00
2.748450000000000060e+00
2.750519999999999854e+00
2.753600000000000048e+00
2.755640000000000089e+00
2.758700000000000152e+00
2.760709999999999997e+00
2.763799999999999812e+00
2.765859999999999985e+00
2.768930000000000113e+00
2.770970000000000155e+00
2.774070000000000036e+00
2.776100000000000012e+00
2.779170000000000140e+00
2.781229999999999869e+00
2.784269999999999801e+00
2.786280000000000090e+00
2.789350000000000218e+00
2.791389999999999816e+00
2.794290000000000163e+00
2.796339999999999826e+00
2.799420000000000019e+00
2.801470000000000127e+00
2.804539999999999811e+00
2.806579999999999853e+00
2.809619999999999784e+00
2.811700000000000088e+00
2.814750000000000085e+00
2.816819999999999879e+00
2.819850000000000190e+00
2.821919999999999984e+00
2.825019999999999865e+00
2.827049999999999841e+00
2.830119999999999969e+00
2.832160000000000011e+00
2.835179999999999811e+00
2.837250000000000050e+00
2.840289999999999981e+00
2.842360000000000220e+00
2.845400000000000151e+00
2.847469999999999946e+00
2.850530000000000008e+00
2.852590000000000181e+00
2.855659999999999865e+00
2.857670000000000154e+00
2.860770000000000035e+00
2.862820000000000142e+00
2.865880000000000205e+00
2.867929999999999868e+00
2.871020000000000127e+00
2.873060000000000169e+00
2.876110000000000166e+00
2.878169999999999895e+00
2.881219999999999892e+00
2.883220000000000116e+00
2.886299999999999866e+00
2.888349999999999973e+00
2.891430000000000167e+00
2.893450000000000077e+00
2.896529999999999827e+00
2.898579999999999934e+00
2.901639999999999997e+00
2.903690000000000104e+00
2.906740000000000101e+00
2.908770000000000078e+00
2.911669999999999980e+00
2.913749999999999840e+00
2.916799999999999837e+00
2.918860000000000010e+00
2.921940000000000204e+00
2.923970000000000180e+00
2.927039999999999864e+00
2.929079999999999906e+00
2.932119999999999838e+00
2.934180000000000010e+00
2.937240000000000073e+00
2.939290000000000180e+00
2.942330000000000112e+00
2.944409999999999972e+00
2.947470000000000034e+00
2.949520000000000142e+00
2.952589999999999826e+00
2.954600000000000115e+00
2.957689999999999930e+00
2.959729999999999972e+00
2.962829999999999853e+00
2.964869999999999894e+00
2.967950000000000088e+00
2.970000000000000195e+00
2.973059999999999814e+00
2.975099999999999856e+00
2.978159999999999918e+00
2.980160000000000142e+00
2.983239999999999892e+00
2.985289999999999999e+00
2.988379999999999814e+00
2.990380000000000038e+00
2.993469999999999853e+00
2.995519999999999960e+00
2.998600000000000154e+00
3.000630000000000130e+00
3.003690000000000193e+00
3.005720000000000169e+00
3.008779999999999788e+00
3.010870000000000157e+00
3.013930000000000220e+00
3.016000000000000014e+00
3.019080000000000208e+00
3.021110000000000184e+00
3.024160000000000181e+00
3.026029999999999998e+00
3.029079999999999995e+00
3.031130000000000102e+00
3.034199999999999786e+00
3.036210000000000075e+00
3.039280000000000204e+00
3.041360000000000063e+00
3.044410000000000061e+00
3.046469999999999789e+00
3.049529999999999852e+00
3.051550000000000207e+00
3.054619999999999891e+00
3.056680000000000064e+00
3.059759999999999813e+00
3.061809999999999921e+00
3.064900000000000180e+00
3.066940000000000222e+00
3.069999999999999840e+00
3.072039999999999882e+00
3.075089999999999879e+00
3.077119999999999855e+00
3.080189999999999984e+00
3.082230000000000025e+00
3.085290000000000088e+00
3.087299999999999933e+00
3.090409999999999879e+00
3.092459999999999987e+00
3.095530000000000115e+00
3.097570000000000157e+00
3.100579999999999892e+00
3.102609999999999868e+00
3.105679999999999996e+00
3.107769999999999921e+00
3.110819999999999919e+00
3.112880000000000091e+00
3.115959999999999841e+00
3.117980000000000196e+00
3.121070000000000011e+00
3.123110000000000053e+00
3.126139999999999919e+00
3.128200000000000092e+00
3.131270000000000220e+00
3.133309999999999818e+00
3.136369999999999880e+00
3.138440000000000119e+00
3.141490000000000116e+00
3.143549999999999844e+00
3.146599999999999842e+00
3.148660000000000014e+00
3.151720000000000077e+00
3.153760000000000119e+00
3.156839999999999868e+00
3.158910000000000107e+00
3.161989999999999856e+00
3.164019999999999833e+00
3.167100000000000026e+00
3.169130000000000003e+00
3.172169999999999934e+00
3.174040000000000195e+00
3.177099999999999813e+00
3.179159999999999986e+00
3.182220000000000049e+00
3.184229999999999894e+00
3.187339999999999840e+00
3.189389999999999947e+00
3.192450000000000010e+00
3.194479999999999986e+00
3.197560000000000180e+00
3.199600000000000222e+00
3.202669999999999906e+00
3.204740000000000144e+00
3.207790000000000141e+00
3.209849999999999870e+00
3.212919999999999998e+00
3.214960000000000040e+00
3.218039999999999790e+00
3.220070000000000210e+00
3.223120000000000207e+00
3.225150000000000183e+00
3.228219999999999867e+00
3.230269999999999975e+00
3.233340000000000103e+00
3.235399999999999832e+00
3.238459999999999894e+00
3.240510000000000002e+00
3.243570000000000064e+00
3.245620000000000172e+00
3.248689999999999856e+00
3.250729999999999897e+00
3.253810000000000091e+00
3.255860000000000198e+00
3.258939999999999948e+00
3.260979999999999990e+00
3.264060000000000183e+00
3.266099999999999781e+00
3.269140000000000157e+00
3.271170000000000133e+00
3.274230000000000196e+00
3.276269999999999794e+00
3.279339999999999922e+00
3.281390000000000029e+00
3.284469999999999779e+00
3.286500000000000199e+00
3.289569999999999883e+00
3.291599999999999859e+00
3.294669999999999987e+00
3.296720000000000095e+00
3.299780000000000157e+00
3.301829999999999821e+00
3.304879999999999818e+00
3.306799999999999962e+00
3.309860000000000024e+00
3.311910000000000132e+00
3.314970000000000194e+00
3.317009999999999792e+00
3.320059999999999789e+00
3.322090000000000209e+00
3.325169999999999959e+00
3.327220000000000066e+00
3.330299999999999816e+00
3.332339999999999858e+00
3.335379999999999789e+00
3.337439999999999962e+00
3.340489999999999959e+00
3.342540000000000067e+00
3.345639999999999947e+00
3.347669999999999924e+00
3.350760000000000183e+00
3.352799999999999780e+00
3.355869999999999909e+00
3.357930000000000081e+00
3.360990000000000144e+00
3.363039999999999807e+00
3.366060000000000052e+00
3.368100000000000094e+00
3.371160000000000156e+00
3.373219999999999885e+00
3.376279999999999948e+00
3.378340000000000121e+00
3.381419999999999870e+00
3.383439999999999781e+00
3.386499999999999844e+00
3.388539999999999885e+00
3.391620000000000079e+00
3.393679999999999808e+00
3.396760000000000002e+00
3.398789999999999978e+00
3.401839999999999975e+00
3.403929999999999900e+00
3.407000000000000028e+00
3.409050000000000136e+00
3.412119999999999820e+00
3.414120000000000044e+00
3.417139999999999844e+00
3.419200000000000017e+00
3.422299999999999898e+00
3.424339999999999939e+00
3.427420000000000133e+00
3.429279999999999884e+00
3.432329999999999881e+00
3.434400000000000119e+00
3.437450000000000117e+00
3.439499999999999780e+00
3.442579999999999973e+00
3.444620000000000015e+00
3.447690000000000143e+00
3.449720000000000120e+00
3.452830000000000066e+00
3.454880000000000173e+00
3.457949999999999857e+00
3.459999999999999964e+00
3.463010000000000144e+00
3.465030000000000054e+00
3.468100000000000183e+00
3.470169999999999977e+00
3.473230000000000040e+00
3.475280000000000147e+00
3.478359999999999896e+00
3.480370000000000186e+00
3.483449999999999935e+00
3.485489999999999977e+00
3.488589999999999858e+00
3.490639999999999965e+00
3.493700000000000028e+00
3.495719999999999938e+00
3.498790000000000067e+00
3.500879999999999992e+00
3.503950000000000120e+00
3.505999999999999783e+00
3.509069999999999911e+00
3.511089999999999822e+00
3.514110000000000067e+00
3.516179999999999861e+00
3.519280000000000186e+00
3.521300000000000097e+00
3.524379999999999846e+00
3.526400000000000201e+00
3.529500000000000082e+00
3.531530000000000058e+00
3.534580000000000055e+00
3.536639999999999784e+00
3.539719999999999978e+00
3.541780000000000150e+00
3.544830000000000148e+00
3.546860000000000124e+00
3.549960000000000004e+00
3.551839999999999886e+00
3.554910000000000014e+00
3.556950000000000056e+00
3.559989999999999988e+00
3.562009999999999899e+00
3.565059999999999896e+00
3.567140000000000200e+00
3.570190000000000197e+00
3.572249999999999925e+00
3.575309999999999988e+00
3.577329999999999899e+00
3.580429999999999779e+00
3.582460000000000200e+00
3.585550000000000015e+00
3.587600000000000122e+00
3.590660000000000185e+00
3.592699999999999783e+00
3.595769999999999911e+00
3.597859999999999836e+00
3.600900000000000212e+00
3.602949999999999875e+00
3.606009999999999938e+00
3.608039999999999914e+00
3.611099999999999977e+00
3.613140000000000018e+00
3.616210000000000147e+00
3.618250000000000188e+00
3.621319999999999872e+00
3.623369999999999980e+00
3.626459999999999795e+00
3.628480000000000150e+00
3.631530000000000147e+00
3.633589999999999876e+00
3.636680000000000135e+00
3.638720000000000176e+00
3.641789999999999861e+00
3.643819999999999837e+00
3.646910000000000096e+00
3.648960000000000203e+00
3.652019999999999822e+00
3.654049999999999798e+00
3.657090000000000174e+00
3.659130000000000216e+00
3.662189999999999834e+00
3.664260000000000073e+00
3.667320000000000135e+00
3.669369999999999798e+00
3.672439999999999927e+00
3.674469999999999903e+00
3.677550000000000097e+00
3.679409999999999847e+00
3.682469999999999910e+00
3.684499999999999886e+00
3.687590000000000146e+00
3.689639999999999809e+00
3.692699999999999871e+00
3.694780000000000175e+00
3.697830000000000172e+00
3.699889999999999901e+00
3.702939999999999898e+00
3.704969999999999875e+00
3.708019999999999872e+00
3.710059999999999913e+00
3.713140000000000107e+00
3.715180000000000149e+00
3.718259999999999899e+00
3.720320000000000071e+00
3.723390000000000200e+00
3.725420000000000176e+00
3.728470000000000173e+00
3.730529999999999902e+00
3.733600000000000030e+00
3.735660000000000203e+00
3.738729999999999887e+00
3.740749999999999797e+00
3.743850000000000122e+00
3.745899999999999785e+00
3.748959999999999848e+00
3.750999999999999890e+00
3.754039999999999822e+00
3.756069999999999798e+00
3.759139999999999926e+00
3.761179999999999968e+00
3.764240000000000030e+00
3.766309999999999825e+00
3.769379999999999953e+00
3.771419999999999995e+00
3.774490000000000123e+00
3.776520000000000099e+00
3.779580000000000162e+00
3.781629999999999825e+00
3.784740000000000215e+00
3.786779999999999813e+00
3.789849999999999941e+00
3.791879999999999917e+00
3.794779999999999820e+00
3.796850000000000058e+00
3.799900000000000055e+00
3.801919999999999966e+00
3.804980000000000029e+00
3.807010000000000005e+00
3.810080000000000133e+00
3.812120000000000175e+00
3.815230000000000121e+00
3.817270000000000163e+00
3.820339999999999847e+00
3.822369999999999823e+00
3.825400000000000134e+00
3.827479999999999993e+00
3.830550000000000122e+00
3.832609999999999850e+00
3.835669999999999913e+00
3.837699999999999889e+00
3.840800000000000214e+00
3.842820000000000125e+00
3.845909999999999940e+00
3.847939999999999916e+00
3.850989999999999913e+00
3.853019999999999889e+00
3.856069999999999887e+00
3.858130000000000059e+00
3.861200000000000188e+00
3.863259999999999916e+00
3.866319999999999979e+00
3.868390000000000217e+00
3.871440000000000214e+00
3.873450000000000060e+00
3.876529999999999809e+00
3.878600000000000048e+00
3.881679999999999797e+00
3.883719999999999839e+00
3.886789999999999967e+00
3.888819999999999943e+00
3.891890000000000072e+00
3.893979999999999997e+00
3.897019999999999929e+00
3.899030000000000218e+00
3.902109999999999967e+00
3.904129999999999878e+00
3.907189999999999941e+00
3.909250000000000114e+00
3.912349999999999994e+00
3.914379999999999971e+00
3.917460000000000164e+00
3.919490000000000141e+00
3.922550000000000203e+00
3.924440000000000150e+00
3.927509999999999835e+00
3.929570000000000007e+00
3.932620000000000005e+00
3.934660000000000046e+00
3.937739999999999796e+00
3.939789999999999903e+00
3.942870000000000097e+00
3.944910000000000139e+00
3.947929999999999939e+00
3.950000000000000178e+00
3.953040000000000109e+00
3.955090000000000217e+00
3.958149999999999835e+00
3.960220000000000073e+00
3.963280000000000136e+00
3.965329999999999799e+00
3.968399999999999928e+00
3.970410000000000217e+00
3.973500000000000032e+00
3.975560000000000205e+00
3.978639999999999954e+00
3.980679999999999996e+00
3.983750000000000124e+00
3.985780000000000101e+00
3.988849999999999785e+00
3.990920000000000023e+00
3.993970000000000020e+00
3.995989999999999931e+00
3.999070000000000125e+00
4.001089999999999591e+00
4.004159999999999719e+00
4.006210000000000271e+00
4.009299999999999642e+00
4.011350000000000193e+00
4.014400000000000190e+00
4.016440000000000232e+00
4.019529999999999603e+00
4.021569999999999645e+00
4.024630000000000152e+00
4.026690000000000325e+00
4.029749999999999943e+00
4.031810000000000116e+00
4.034880000000000244e+00
4.036909999999999776e+00
4.039979999999999905e+00
4.041850000000000165e+00
4.044889999999999652e+00
4.046929999999999694e+00
4.050010000000000332e+00
4.052039999999999864e+00
4.055100000000000371e+00
4.057190000000000296e+00
4.060240000000000293e+00
4.062280000000000335e+00
4.065339999999999954e+00
4.067359999999999864e+00
4.070439999999999614e+00
4.072479999999999656e+00
4.075569999999999915e+00
4.077609999999999957e+00
4.080689999999999706e+00
4.082729999999999748e+00
4.085799999999999876e+00
4.087860000000000049e+00
4.090900000000000425e+00
4.092909999999999826e+00
4.095970000000000333e+00
4.098029999999999617e+00
4.101110000000000255e+00
4.103139999999999787e+00
4.106230000000000047e+00
4.108290000000000219e+00
4.111329999999999707e+00
4.113389999999999880e+00
4.116460000000000008e+00
4.118500000000000050e+00
4.121550000000000047e+00
4.123610000000000220e+00
4.126669999999999838e+00
4.128759999999999764e+00
4.131820000000000270e+00
4.133849999999999802e+00
4.136919999999999931e+00
4.138959999999999972e+00
4.141989999999999839e+00
4.144029999999999880e+00
4.147120000000000140e+00
4.149149999999999672e+00
4.152199999999999669e+00
4.154279999999999973e+00
4.157339999999999591e+00
4.159399999999999764e+00
4.162440000000000140e+00
4.164489999999999803e+00
4.167399999999999771e+00
4.169439999999999813e+00
4.172509999999999941e+00
4.174549999999999983e+00
4.177640000000000242e+00
4.179689999999999905e+00
4.182769999999999655e+00
4.184809999999999697e+00
4.187850000000000072e+00
4.189869999999999983e+00
4.192940000000000111e+00
4.195000000000000284e+00
4.198050000000000281e+00
4.200070000000000192e+00
4.203170000000000073e+00
4.205210000000000115e+00
4.208300000000000374e+00
4.210340000000000416e+00
4.213420000000000165e+00
4.215449999999999697e+00
4.218499999999999694e+00
4.220570000000000377e+00
4.223620000000000374e+00
4.225690000000000168e+00
4.228769999999999918e+00
4.230800000000000338e+00
4.233869999999999578e+00
4.235920000000000130e+00
4.238940000000000374e+00
4.240990000000000038e+00
4.244069999999999787e+00
4.246100000000000207e+00
4.249159999999999826e+00
4.251219999999999999e+00
4.254279999999999617e+00
4.256359999999999921e+00
4.259409999999999918e+00
4.261470000000000091e+00
4.264549999999999841e+00
4.266560000000000130e+00
4.269630000000000258e+00
4.271690000000000431e+00
4.274779999999999802e+00
4.276830000000000354e+00
4.279889999999999972e+00
4.281920000000000393e+00
4.284989999999999633e+00
4.286999999999999922e+00
4.290070000000000050e+00
4.292130000000000223e+00
4.295020000000000060e+00
4.297209999999999752e+00
4.299280000000000435e+00
4.302340000000000053e+00
4.304409999999999847e+00
4.307479999999999976e+00
4.309490000000000265e+00
4.312570000000000014e+00
4.314619999999999678e+00
4.317709999999999937e+00
4.319749999999999979e+00
4.322829999999999728e+00
4.324880000000000280e+00
4.327930000000000277e+00
4.329989999999999561e+00
4.333039999999999559e+00
4.335069999999999979e+00
4.338110000000000355e+00
4.340180000000000149e+00
4.343250000000000277e+00
4.345270000000000188e+00
4.348340000000000316e+00
4.350399999999999601e+00
4.353489999999999860e+00
4.355529999999999902e+00
4.357429999999999914e+00
4.360619999999999941e+00
4.363690000000000069e+00
4.365739999999999732e+00
4.368820000000000370e+00
4.370890000000000164e+00
4.373780000000000001e+00
4.375810000000000421e+00
4.378879999999999661e+00
4.380919999999999703e+00
4.383969999999999700e+00
4.386009999999999742e+00
4.389079999999999870e+00
4.391099999999999781e+00
4.394180000000000419e+00
4.396250000000000213e+00
4.399289999999999701e+00
4.401370000000000005e+00
4.404420000000000002e+00
4.406460000000000043e+00
4.409519999999999662e+00
4.411570000000000213e+00
4.414649999999999963e+00
4.416699999999999626e+00
4.419789999999999885e+00
4.421829999999999927e+00
4.424900000000000055e+00
4.426929999999999588e+00
4.429979999999999585e+00
4.432010000000000005e+00
4.435069999999999624e+00
4.437129999999999797e+00
4.440179999999999794e+00
4.442210000000000214e+00
4.445310000000000095e+00
4.447370000000000267e+00
4.450440000000000396e+00
4.452490000000000059e+00
4.455530000000000435e+00
4.457559999999999967e+00
4.460639999999999716e+00
4.462679999999999758e+00
4.465749999999999886e+00
4.467819999999999681e+00
4.470880000000000187e+00
4.472900000000000098e+00
4.475990000000000357e+00
4.478040000000000020e+00
4.481069999999999887e+00
4.483109999999999928e+00
4.486170000000000435e+00
4.488220000000000098e+00
4.491310000000000358e+00
4.493350000000000399e+00
4.496240000000000236e+00
4.498300000000000409e+00
4.501360000000000028e+00
4.503409999999999691e+00
4.506470000000000198e+00
4.508499999999999730e+00
4.511589999999999989e+00
4.513639999999999652e+00
4.516729999999999912e+00
4.518760000000000332e+00
4.521840000000000082e+00
4.523869999999999614e+00
4.526930000000000121e+00
4.528950000000000031e+00
4.532009999999999650e+00
4.534069999999999823e+00
4.537110000000000198e+00
4.539150000000000240e+00
4.542250000000000121e+00
4.544299999999999784e+00
4.547369999999999912e+00
4.549400000000000333e+00
4.552480000000000082e+00
4.554509999999999614e+00
4.557579999999999742e+00
4.559650000000000425e+00
4.562700000000000422e+00
4.564770000000000216e+00
4.567820000000000213e+00
4.569890000000000008e+00
4.572960000000000136e+00
4.574989999999999668e+00
4.578020000000000422e+00
4.580059999999999576e+00
4.583120000000000083e+00
4.585180000000000256e+00
4.588269999999999627e+00
4.590300000000000047e+00
4.593359999999999665e+00
4.595410000000000217e+00
4.598480000000000345e+00
4.600539999999999630e+00
4.603609999999999758e+00
4.605640000000000178e+00
4.608710000000000306e+00
4.610759999999999970e+00
4.613830000000000098e+00
4.615879999999999761e+00
4.618960000000000399e+00
4.621010000000000062e+00
4.623899999999999899e+00
4.625910000000000188e+00
4.628960000000000186e+00
4.631020000000000358e+00
4.634079999999999977e+00
4.636110000000000397e+00
4.639210000000000278e+00
4.641250000000000320e+00
4.644319999999999560e+00
4.646349999999999980e+00
4.649440000000000239e+00
4.651480000000000281e+00
4.654539999999999900e+00
4.656600000000000072e+00
4.659650000000000070e+00
4.661719999999999864e+00
4.664780000000000371e+00
4.666839999999999655e+00
4.669900000000000162e+00
4.671929999999999694e+00
4.674959999999999560e+00
4.676999999999999602e+00
4.680080000000000240e+00
4.682140000000000413e+00
4.685209999999999653e+00
4.687249999999999694e+00
4.690310000000000201e+00
4.692370000000000374e+00
4.695429999999999993e+00
4.697479999999999656e+00
4.700560000000000294e+00
4.702580000000000204e+00
4.705669999999999575e+00
4.707709999999999617e+00
4.710790000000000255e+00
4.712839999999999918e+00
4.715919999999999668e+00
4.717950000000000088e+00
4.720989999999999576e+00
4.723010000000000375e+00
4.726079999999999615e+00
4.728150000000000297e+00
4.731200000000000294e+00
4.733259999999999579e+00
4.736320000000000086e+00
4.738369999999999749e+00
4.741410000000000124e+00
4.743299999999999628e+00
4.746389999999999887e+00
4.748429999999999929e+00
4.751500000000000057e+00
4.753540000000000099e+00
4.756599999999999717e+00
4.758680000000000021e+00
4.761730000000000018e+00
4.763799999999999812e+00
4.766860000000000319e+00
4.768880000000000230e+00
4.771889999999999965e+00
4.773959999999999759e+00
4.777050000000000018e+00
4.779090000000000060e+00
4.782169999999999810e+00
4.784200000000000230e+00
4.787250000000000227e+00
4.789320000000000022e+00
4.792379999999999640e+00
4.794450000000000323e+00
4.797489999999999810e+00
4.799549999999999983e+00
4.802599999999999980e+00
4.804640000000000022e+00
4.807750000000000412e+00
4.809779999999999944e+00
4.812870000000000203e+00
4.814910000000000245e+00
4.817940000000000111e+00
4.819969999999999644e+00
4.823030000000000150e+00
4.825090000000000323e+00
4.828149999999999942e+00
4.830210000000000115e+00
4.833280000000000243e+00
4.835309999999999775e+00
4.838379999999999903e+00
4.840440000000000076e+00
4.843490000000000073e+00
4.845550000000000246e+00
4.848620000000000374e+00
4.850629999999999775e+00
4.853539999999999743e+00
4.855610000000000426e+00
4.858679999999999666e+00
4.860739999999999839e+00
4.863800000000000345e+00
4.865820000000000256e+00
4.868829999999999991e+00
4.870899999999999785e+00
4.873980000000000423e+00
4.876019999999999577e+00
4.879100000000000215e+00
4.881120000000000125e+00
4.884199999999999875e+00
4.886260000000000048e+00
4.889330000000000176e+00
4.891370000000000218e+00
4.894440000000000346e+00
4.896480000000000388e+00
4.899549999999999628e+00
4.901589999999999669e+00
4.904670000000000307e+00
4.906719999999999970e+00
4.909810000000000230e+00
4.911839999999999762e+00
4.914880000000000138e+00
4.916890000000000427e+00
4.919970000000000176e+00
4.922030000000000349e+00
4.925089999999999968e+00
4.927150000000000141e+00
4.930209999999999759e+00
4.932229999999999670e+00
4.935319999999999929e+00
4.937369999999999592e+00
4.940459999999999852e+00
4.942490000000000272e+00
4.945549999999999891e+00
4.947589999999999932e+00
4.950669999999999682e+00
4.952740000000000364e+00
4.955790000000000362e+00
4.957860000000000156e+00
4.960899999999999643e+00
4.962939999999999685e+00
4.965980000000000061e+00
4.968020000000000103e+00
4.971090000000000231e+00
4.973139999999999894e+00
4.976049999999999862e+00
4.978080000000000283e+00
4.981169999999999654e+00
4.983220000000000205e+00
4.986270000000000202e+00
4.988319999999999865e+00
4.991380000000000372e+00
4.993439999999999657e+00
4.996500000000000163e+00
4.998540000000000205e+00
4.999979999999999869e+00
4.999970000000000248e+00
4.999979999999999869e+00
4.999979999999999869e+00
4.999979999999999869e+00
4.999979999999999869e+00
4.999979999999999869e+00
4.999979999999999869e+00
4.999979999999999869e+00
4.999979999999999869e+00
4.999979999999999869e+00
4.999979999999999869e+00
4.999979999999999869e+00
4.999979999999999869e+00
4.999979999999999869e+00
4.999979999999999869e+00
4.999979999999999869e+00
4.999979999999999869e+00
4.999979999999999869e+00
4.999979999999999869e+00
4.999979999999999869e+00
4.999979999999999869e+00
4.999979999999999869e+00
4.999979999999999869e+00
4.999979999999999869e+00
4.999979999999999869e+00
4.999979999999999869e+00
4.999979999999999869e+00
4.999979999999999869e+00
4.999979999999999869e+00
4.999979999999999869e+00
4.999979999999999869e+00
4.999979999999999869e+00
4.999979999999999869e+00
4.999979999999999869e+00
4.999979999999999869e+00
