4.767650000000000338e-05
4.767650000000000338e-05
4.767650000000000338e-05
4.767650000000000338e-05
4.767276999999999995e-05
4.767276999999999995e-05
4.767276999999999995e-05
4.767276999999999995e-05
4.767276999999999995e-05
4.766904999999999721e-05
4.766904999999999721e-05
4.766904999999999721e-05
4.766532000000000055e-05
4.766532000000000055e-05
4.766532000000000055e-05
4.766159999999999782e-05
4.766159999999999782e-05
4.765787000000000116e-05
4.765787000000000116e-05
4.765787000000000116e-05
4.765414999999999842e-05
4.765042000000000176e-05
4.764669999999999903e-05
4.764297000000000237e-05
4.763924999999999963e-05
4.763178999999999954e-05
4.762806999999999680e-05
4.762434000000000014e-05
4.761689000000000075e-05
4.760944000000000135e-05
4.759826999999999922e-05
4.759454000000000256e-05
4.758337000000000043e-05
4.757218999999999760e-05
4.756473999999999820e-05
4.755728999999999881e-05
4.754239000000000002e-05
4.753120999999999719e-05
4.751630999999999840e-05
4.750140999999999961e-05
4.748651000000000082e-05
4.746787999999999859e-05
4.745297999999999980e-05
4.743808000000000101e-05
4.741944999999999879e-05
4.740082999999999726e-05
4.737846999999999838e-05
4.735984999999999685e-05
4.733749999999999867e-05
4.731141999999999704e-05
4.729279000000000160e-05
4.726672000000000067e-05
4.724436000000000179e-05
4.721455999999999743e-05
4.718849000000000329e-05
4.716241000000000167e-05
4.713633000000000005e-05
4.710653000000000247e-05
4.708045000000000085e-05
4.705065000000000327e-05
4.701712000000000225e-05
4.698731999999999789e-05
4.695752000000000031e-05
4.692398999999999930e-05
4.689045999999999828e-05
4.685692999999999727e-05
4.682340999999999695e-05
4.678988000000000271e-05
4.675262999999999896e-05
4.671537000000000129e-05
4.668185000000000097e-05
4.664459000000000330e-05
4.661107000000000298e-05
4.657380999999999853e-05
4.653282999999999812e-05
4.649558000000000114e-05
4.645460000000000073e-05
4.641734999999999698e-05
4.637637000000000335e-05
4.633539000000000294e-05
4.629813999999999918e-05
4.625715999999999877e-05
4.621246000000000240e-05
4.617148000000000199e-05
4.613050000000000158e-05
4.608579999999999844e-05
4.604481999999999802e-05
4.600012000000000165e-05
4.595540999999999781e-05
4.591071000000000144e-05
4.586600999999999829e-05
4.582130000000000122e-05
4.577659999999999808e-05
4.572816999999999827e-05
4.568347000000000190e-05
4.563504000000000209e-05
4.559033999999999895e-05
4.554190999999999914e-05
4.549720000000000207e-05
4.544504999999999953e-05
4.540035000000000316e-05
4.535192000000000335e-05
4.530348999999999677e-05
4.525133000000000031e-05
4.520291000000000120e-05
4.515448000000000140e-05
4.510231999999999815e-05
4.505388999999999835e-05
4.499800999999999915e-05
4.494959000000000004e-05
4.489742999999999680e-05
4.484154999999999760e-05
4.478940000000000184e-05
4.473723999999999859e-05
4.468135999999999939e-05
4.462549000000000089e-05
4.456961000000000169e-05
4.451373000000000249e-05
4.446156999999999925e-05
4.439824000000000065e-05
4.434236000000000145e-05
4.428275999999999952e-05
4.422314999999999688e-05
4.416355000000000172e-05
4.410393999999999908e-05
4.404061000000000049e-05
4.398100999999999855e-05
4.391767999999999996e-05
4.385435000000000136e-05
4.378728999999999933e-05
4.372397000000000143e-05
4.365690999999999940e-05
4.358984999999999737e-05
4.352280000000000281e-05
4.345201999999999805e-05
4.338496000000000279e-05
4.331791000000000146e-05
4.324712999999999669e-05
4.317634999999999870e-05
4.310557000000000071e-05
4.303479000000000272e-05
4.296028000000000130e-05
4.288576999999999987e-05
4.281126999999999914e-05
4.274049000000000115e-05
4.266225999999999699e-05
4.258775000000000234e-05
4.250951999999999818e-05
4.243129000000000079e-05
4.235677999999999937e-05
4.227482999999999924e-05
4.220031999999999782e-05
4.211464000000000104e-05
4.204012999999999961e-05
4.195817999999999949e-05
4.187621999999999867e-05
4.179425999999999785e-05
4.170858000000000107e-05
4.162663000000000094e-05
4.154467000000000012e-05
4.145899000000000334e-05
4.137330999999999978e-05
4.129134999999999896e-05
4.120193999999999875e-05
4.111626000000000197e-05
4.102685000000000175e-05
4.094116999999999819e-05
4.084804000000000202e-05
4.076235999999999846e-05
4.067294999999999824e-05
4.058354999999999873e-05
4.049413999999999851e-05
4.040101000000000233e-05
4.031160000000000212e-05
4.021474000000000251e-05
4.012160999999999955e-05
4.003219999999999934e-05
3.993907000000000316e-05
3.984220999999999678e-05
3.974908000000000060e-05
3.965594999999999765e-05
3.956282000000000147e-05
3.946596000000000186e-05
3.936910000000000225e-05
3.927224000000000264e-05
3.917538999999999695e-05
3.907852999999999734e-05
3.898166999999999773e-05
3.888480999999999811e-05
3.879168000000000194e-05
3.869482000000000233e-05
3.859423999999999998e-05
3.849738000000000037e-05
3.839679999999999802e-05
3.829993999999999841e-05
3.819936000000000284e-05
3.809878000000000049e-05
3.800192000000000088e-05
3.790506000000000127e-05
3.780447999999999892e-05
3.770390000000000335e-05
3.760331000000000030e-05
3.750646000000000139e-05
3.740586999999999835e-05
3.730529000000000278e-05
3.720843000000000316e-05
3.710785000000000082e-05
3.700726999999999847e-05
3.690668000000000220e-05
3.680609999999999985e-05
3.670551999999999750e-05
3.660494000000000193e-05
3.650808000000000232e-05
3.641122000000000271e-05
3.630690999999999693e-05
3.621004999999999732e-05
3.610947000000000175e-05
3.600888999999999940e-05
3.590830999999999705e-05
3.581517000000000018e-05
3.571458999999999783e-05
3.561772999999999822e-05
3.551715000000000265e-05
3.542029000000000304e-05
3.531971000000000069e-05
3.522285000000000108e-05
3.512226999999999873e-05
3.502540999999999912e-05
3.492854999999999951e-05
3.483170000000000060e-05
3.473855999999999694e-05
3.464170999999999803e-05
3.454484999999999842e-05
3.444798999999999881e-05
3.435112999999999920e-05
3.425800000000000302e-05
3.416113999999999663e-05
3.406801000000000046e-05
3.397487999999999751e-05
3.387801999999999789e-05
3.378489000000000172e-05
3.369175999999999877e-05
3.359863000000000259e-05
3.350177000000000298e-05
3.340864000000000003e-05
3.331922999999999981e-05
3.322609999999999686e-05
3.313668999999999664e-05
3.304356000000000047e-05
3.295415000000000025e-05
3.286474000000000003e-05
3.277534000000000052e-05
3.268593000000000030e-05
3.259652000000000008e-05
3.251084000000000330e-05
3.242143000000000309e-05
3.233202999999999679e-05
3.224635000000000001e-05
3.216066000000000253e-05
3.207497999999999898e-05
3.198557999999999946e-05
3.190361999999999864e-05
3.181794000000000186e-05
3.173225999999999830e-05
3.165029999999999748e-05
3.156833999999999666e-05
3.148265999999999988e-05
3.140069999999999906e-05
3.131874999999999893e-05
3.123678999999999811e-05
3.115856000000000073e-05
3.107659999999999991e-05
3.099837000000000252e-05
3.091642000000000240e-05
3.084191000000000097e-05
3.076367999999999681e-05
3.068544999999999942e-05
3.060722000000000204e-05
3.053271000000000061e-05
3.045809000000000165e-05
3.038358000000000023e-05
3.030907999999999950e-05
3.023457000000000146e-05
3.016007000000000074e-05
3.008928999999999936e-05
3.001851000000000137e-05
2.994772999999999999e-05
2.987694000000000130e-05
2.980615999999999992e-05
2.973910999999999859e-05
2.967204999999999994e-05
2.960499999999999861e-05
2.953793999999999997e-05
2.947088999999999864e-05
2.940382999999999999e-05
2.934050000000000140e-05
2.927716999999999942e-05
2.921384000000000082e-05
2.915423999999999888e-05
2.909091000000000029e-05
2.903130000000000104e-05
2.897169999999999910e-05
2.891208999999999985e-05
2.885249000000000131e-05
2.879660999999999872e-05
2.874072999999999952e-05
2.868485000000000032e-05
2.862897000000000112e-05
2.857308999999999853e-05
2.852093999999999937e-05
2.846877999999999952e-05
2.841663000000000037e-05
2.836820000000000056e-05
2.831605000000000141e-05
2.826762000000000160e-05
2.821918999999999841e-05
2.817448999999999865e-05
2.812605999999999884e-05
2.808134999999999839e-05
2.803292999999999928e-05
2.799194999999999887e-05
2.794723999999999841e-05
2.790253999999999865e-05
2.786156000000000163e-05
2.782058000000000122e-05
2.777961000000000151e-05
2.773863000000000110e-05
2.770138000000000073e-05
2.766040000000000032e-05
2.762313999999999926e-05
2.758588999999999890e-05
2.754863999999999853e-05
2.751511000000000091e-05
2.748157999999999989e-05
2.744805999999999958e-05
2.741452999999999856e-05
2.738100000000000093e-05
2.734746999999999992e-05
2.731766999999999895e-05
2.728414000000000132e-05
2.725434000000000035e-05
2.722453999999999938e-05
2.719473999999999842e-05
2.716866000000000018e-05
2.713885999999999922e-05
2.710905000000000094e-05
2.708298000000000001e-05
2.705689999999999839e-05
2.703082000000000016e-05
2.700846999999999859e-05
2.697867000000000101e-05
2.695631999999999944e-05
2.693024000000000120e-05
2.690788999999999963e-05
2.688554000000000144e-05
2.685945999999999982e-05
2.683711000000000164e-05
2.681476000000000007e-05
2.678867999999999845e-05
2.676633000000000026e-05
2.674397999999999869e-05
2.672534999999999985e-05
2.669927000000000162e-05
2.667692000000000004e-05
2.665456999999999847e-05
2.663222000000000029e-05
2.660986999999999871e-05
2.658750999999999983e-05
2.656889000000000169e-05
2.654281000000000007e-05
2.652418000000000123e-05
2.650182999999999966e-05
2.647575000000000143e-05
2.645339999999999985e-05
2.643105000000000167e-05
2.640870000000000009e-05
2.638261999999999847e-05
2.636027000000000029e-05
2.633791999999999872e-05
2.631184000000000048e-05
2.628575999999999886e-05
2.625969000000000133e-05
2.623733999999999976e-05
2.621126000000000152e-05
2.618890999999999995e-05
2.615910000000000167e-05
2.612930000000000070e-05
2.610322999999999978e-05
2.607715000000000155e-05
2.605106999999999993e-05
2.602126999999999896e-05
2.599147000000000138e-05
2.596538999999999976e-05
2.593558999999999879e-05
2.590206000000000116e-05
2.587226000000000020e-05
2.583872999999999918e-05
2.580893000000000160e-05
2.577540000000000058e-05
2.574559999999999962e-05
2.571206999999999860e-05
2.567482000000000163e-05
2.564129000000000061e-05
2.560775999999999959e-05
2.557050999999999923e-05
2.553325999999999887e-05
2.549600000000000119e-05
2.545875000000000083e-05
2.542150000000000047e-05
2.538423999999999940e-05
2.534326999999999969e-05
2.530228999999999928e-05
2.526503999999999892e-05
2.522405999999999851e-05
2.517935000000000144e-05
2.514210000000000107e-05
2.509740000000000132e-05
2.505642000000000091e-05
2.501544000000000049e-05
2.496701000000000069e-05
2.492231000000000093e-05
2.488133000000000052e-05
2.483290000000000071e-05
2.478820000000000096e-05
2.473977000000000115e-05
2.469507000000000139e-05
2.464664000000000159e-05
2.460193000000000113e-05
2.455350000000000132e-05
2.450507999999999883e-05
2.445291999999999898e-05
2.440821999999999922e-05
2.435605999999999936e-05
2.430764000000000026e-05
2.425548000000000040e-05
2.420333000000000125e-05
2.415490000000000145e-05
2.409901999999999886e-05
2.405058999999999905e-05
2.399843999999999990e-05
2.394256000000000070e-05
2.389040000000000084e-05
2.383825000000000169e-05
2.378236999999999910e-05
2.373021999999999995e-05
2.367806000000000010e-05
2.362218000000000089e-05
2.356629999999999831e-05
2.351041999999999911e-05
2.345453999999999990e-05
2.339866000000000070e-05
2.334278999999999881e-05
2.328690999999999961e-05
2.323103000000000041e-05
2.317515000000000121e-05
2.311553999999999858e-05
2.305965999999999938e-05
2.300378000000000017e-05
2.294418000000000163e-05
2.288829999999999904e-05
2.283241999999999984e-05
2.277282000000000129e-05
2.271320999999999865e-05
2.265732999999999945e-05
2.259773000000000090e-05
2.254184999999999831e-05
2.248223999999999907e-05
2.242264000000000052e-05
2.236303000000000127e-05
2.230714999999999868e-05
2.224755000000000013e-05
2.218795000000000158e-05
2.213206999999999900e-05
2.207245999999999975e-05
2.200913000000000115e-05
2.194952999999999921e-05
2.188991999999999997e-05
2.183404000000000077e-05
2.177443999999999883e-05
2.171482999999999958e-05
2.165523000000000103e-05
2.159561999999999840e-05
2.153601999999999985e-05
2.147641000000000060e-05
2.142053999999999871e-05
2.136092999999999946e-05
2.130133000000000091e-05
2.124544999999999833e-05
2.118211999999999973e-05
2.112251000000000048e-05
2.106663000000000128e-05
2.100702999999999934e-05
2.095115000000000014e-05
2.089154000000000090e-05
2.083566999999999901e-05
2.077605999999999976e-05
2.071646000000000121e-05
2.066057999999999862e-05
2.060469999999999942e-05
2.054882000000000022e-05
2.048549000000000162e-05
2.043332999999999838e-05
2.037744999999999918e-05
2.032156999999999998e-05
2.026570000000000148e-05
2.020608999999999884e-05
2.015393999999999969e-05
2.009806000000000049e-05
2.004218000000000129e-05
1.998629999999999870e-05
1.993413999999999885e-05
1.988198999999999969e-05
1.982239000000000115e-05
1.977023000000000129e-05
1.971807999999999875e-05
1.966591999999999890e-05
1.961003999999999970e-05
1.956162000000000059e-05
1.950946000000000074e-05
1.945731000000000159e-05
1.940887999999999839e-05
1.935299999999999919e-05
1.930456999999999939e-05
1.925242000000000023e-05
1.920399000000000043e-05
1.915556000000000062e-05
1.910713000000000081e-05
1.905870000000000101e-05
1.901027000000000120e-05
1.896557000000000145e-05
1.891341999999999890e-05
1.886870999999999845e-05
1.882027999999999864e-05
1.877557999999999888e-05
1.873087999999999912e-05
1.868616999999999867e-05
1.864146999999999891e-05
1.859676999999999915e-05
1.855578999999999874e-05
1.851108000000000167e-05
1.846637999999999852e-05
1.842913000000000155e-05
1.838442000000000109e-05
1.834345000000000138e-05
1.830247000000000097e-05
1.826149000000000056e-05
1.822051000000000015e-05
1.817952999999999973e-05
1.814227999999999937e-05
1.810502999999999901e-05
1.806404999999999860e-05
1.802680000000000162e-05
1.798954000000000056e-05
1.795229000000000020e-05
1.791875999999999918e-05
1.788150999999999882e-05
1.784425999999999845e-05
1.781073000000000083e-05
1.777348000000000046e-05
1.773994999999999945e-05
1.770641999999999843e-05
1.766917000000000146e-05
1.763564000000000044e-05
1.760583999999999947e-05
1.757230999999999846e-05
1.754251000000000088e-05
1.750897999999999986e-05
1.747917999999999889e-05
1.744565000000000127e-05
1.741585000000000030e-05
1.738231999999999928e-05
1.735251999999999831e-05
1.732644000000000008e-05
1.729663999999999911e-05
1.726684000000000153e-05
1.724075999999999991e-05
1.721095999999999894e-05
1.718488000000000071e-05
1.715879999999999909e-05
1.712900000000000151e-05
1.710291999999999989e-05
1.707684999999999897e-05
1.705077000000000074e-05
1.702841999999999916e-05
1.700234000000000093e-05
1.697625999999999931e-05
1.695391000000000113e-05
1.692784000000000020e-05
1.690548000000000132e-05
1.687941000000000040e-05
1.685705999999999883e-05
1.683842999999999999e-05
1.681234999999999837e-05
1.679373000000000023e-05
1.677137000000000135e-05
1.674901999999999977e-05
1.673040000000000163e-05
1.671176999999999941e-05
1.668569000000000118e-05
1.666706999999999965e-05
1.665216000000000016e-05
1.662980999999999859e-05
1.661119000000000045e-05
1.659256000000000161e-05
1.657765999999999943e-05
1.655903000000000060e-05
1.654040999999999907e-05
1.652549999999999958e-05
1.650688000000000144e-05
1.649197999999999926e-05
1.647335000000000043e-05
1.645845000000000164e-05
1.643981999999999941e-05
1.642865000000000067e-05
1.641374999999999849e-05
1.639883999999999900e-05
1.638394000000000021e-05
1.636904000000000142e-05
1.635413999999999924e-05
1.633924000000000045e-05
1.632806000000000101e-05
1.631315999999999883e-05
1.630199000000000009e-05
1.628709000000000130e-05
1.627590999999999847e-05
1.626472999999999903e-05
1.624983000000000024e-05
1.623866000000000149e-05
1.622747999999999866e-05
1.621630999999999992e-05
1.620513000000000048e-05
1.619395000000000104e-05
1.618277999999999890e-05
1.617159999999999946e-05
1.616043000000000072e-05
1.614925000000000128e-05
1.614552000000000123e-05
1.613434999999999910e-05
1.612316999999999966e-05
1.611572000000000026e-05
1.610455000000000152e-05
1.609709999999999874e-05
1.608591999999999929e-05
1.607846999999999990e-05
1.607102000000000050e-05
1.605984000000000106e-05
1.605239000000000167e-05
1.604866999999999893e-05
1.604121999999999954e-05
1.603004000000000009e-05
1.602259000000000070e-05
1.601886000000000065e-05
1.601141000000000126e-05
1.600395999999999847e-05
1.599650999999999908e-05
1.598905999999999968e-05
1.598534000000000033e-05
1.597789000000000094e-05
1.597044000000000154e-05
1.596298999999999876e-05
1.595925999999999871e-05
1.595552999999999867e-05
1.594807999999999927e-05
1.594435999999999992e-05
1.593691000000000053e-05
1.592946000000000113e-05
1.592573000000000109e-05
1.592200999999999835e-05
1.591828000000000169e-05
1.591082999999999891e-05
1.590710999999999956e-05
1.589966000000000017e-05
1.589593000000000012e-05
1.589220000000000007e-05
1.588475000000000068e-05
1.588103000000000133e-05
1.587357999999999854e-05
1.586984999999999850e-05
1.586239999999999910e-05
1.585867999999999975e-05
1.585123000000000036e-05
1.584378000000000096e-05
1.584005000000000092e-05
1.583260000000000152e-05
1.582514999999999874e-05
1.582141999999999869e-05
1.581396999999999930e-05
1.580651999999999990e-05
1.579907000000000051e-05
1.579162000000000111e-05
1.578044999999999898e-05
1.577299999999999959e-05
1.576553999999999949e-05
1.575809000000000010e-05
1.574692000000000135e-05
1.573573999999999852e-05
1.572828999999999913e-05
1.571712000000000039e-05
1.570594000000000094e-05
1.569476000000000150e-05
1.568358999999999937e-05
1.567240999999999993e-05
1.566124000000000118e-05
1.564633999999999901e-05
1.563888999999999961e-05
1.562398000000000012e-05
1.560908000000000133e-05
1.559790999999999920e-05
1.558301000000000041e-05
1.556810000000000092e-05
1.555319999999999874e-05
1.554203000000000000e-05
1.552713000000000121e-05
1.551222999999999903e-05
1.549360000000000019e-05
1.548242000000000075e-05
1.546379999999999923e-05
1.544890000000000044e-05
1.543399000000000095e-05
1.541536999999999942e-05
1.539674000000000058e-05
1.538183999999999840e-05
1.536320999999999957e-05
1.534831000000000078e-05
1.532968999999999925e-05
1.531106000000000041e-05
1.529243000000000158e-05
1.527752999999999940e-05
1.525891000000000126e-05
1.523650000000000057e-05
1.522158999999999939e-05
1.519923999999999951e-05
1.518061999999999968e-05
1.516571999999999919e-05
1.513963999999999927e-05
1.512101000000000043e-05
1.510239000000000060e-05
1.508003000000000002e-05
1.506141000000000019e-05
1.503906000000000031e-05
1.501669999999999973e-05
1.499434999999999985e-05
1.497573000000000002e-05
1.494965000000000009e-05
1.492730000000000021e-05
1.490493999999999963e-05
1.488258999999999975e-05
1.485652000000000053e-05
1.483415999999999995e-05
1.481181000000000007e-05
1.478574000000000084e-05
1.475965999999999922e-05
1.473730999999999934e-05
1.471495000000000046e-05
1.468887999999999954e-05
1.466279999999999961e-05
1.464044999999999973e-05
1.461436999999999980e-05
1.458830000000000058e-05
1.456222000000000065e-05
1.453614000000000072e-05
1.451006000000000080e-05
1.448025999999999983e-05
1.445790999999999995e-05
1.443183000000000002e-05
1.440203000000000075e-05
1.437595000000000082e-05
1.434614999999999986e-05
1.432006999999999993e-05
1.429400000000000070e-05
1.426419000000000073e-05
1.423811999999999981e-05
1.420832000000000053e-05
1.417851000000000056e-05
1.415243999999999964e-05
1.412262999999999966e-05
1.408910999999999935e-05
1.405929999999999937e-05
1.402950000000000010e-05
1.399970000000000083e-05
1.396989999999999986e-05
1.394008999999999988e-05
1.391029000000000061e-05
1.388048999999999964e-05
1.384696000000000032e-05
1.381715999999999935e-05
1.378363000000000003e-05
1.375383000000000076e-05
1.372402999999999979e-05
1.369050000000000047e-05
1.365696999999999945e-05
1.362344000000000013e-05
1.359363999999999916e-05
1.356010999999999984e-05
1.352658999999999952e-05
1.349306000000000020e-05
1.345952999999999919e-05
1.342599999999999986e-05
1.339247999999999955e-05
1.335895000000000023e-05
1.332541999999999921e-05
1.328817000000000054e-05
1.325092000000000018e-05
1.321738999999999916e-05
1.318014000000000049e-05
1.314287999999999943e-05
1.310935000000000011e-05
1.307582999999999979e-05
1.303857000000000042e-05
1.300132000000000006e-05
1.296033999999999965e-05
1.292308999999999929e-05
1.288584000000000062e-05
1.285230999999999960e-05
1.281132999999999919e-05
1.277408000000000052e-05
1.273310000000000011e-05
1.269584999999999975e-05
1.265859000000000038e-05
1.261762000000000067e-05
1.258035999999999961e-05
1.253938999999999989e-05
1.249840999999999948e-05
1.245743000000000077e-05
1.242018000000000040e-05
1.237919999999999999e-05
1.233821999999999958e-05
1.229723999999999917e-05
1.225626000000000046e-05
1.221901000000000009e-05
1.217431000000000033e-05
1.213332999999999992e-05
1.209607999999999956e-05
1.205137000000000080e-05
1.201039000000000039e-05
1.196942000000000067e-05
1.192844000000000026e-05
1.188745999999999985e-05
1.184276000000000010e-05
1.180550000000000073e-05
1.176079999999999927e-05
1.171982000000000056e-05
1.168257000000000019e-05
1.163787000000000044e-05
1.159689000000000002e-05
1.155590999999999961e-05
1.151492999999999920e-05
1.147022999999999945e-05
1.142925000000000073e-05
1.139200000000000037e-05
1.134728999999999991e-05
1.130630999999999950e-05
1.126533999999999979e-05
1.122435999999999938e-05
1.117965000000000061e-05
1.114240000000000025e-05
1.109770000000000049e-05
1.105672000000000008e-05
1.101573999999999967e-05
1.097475999999999926e-05
1.093005999999999950e-05
1.088908000000000078e-05
1.084810000000000037e-05
1.080340000000000061e-05
1.076242000000000020e-05
1.072143999999999979e-05
1.067674000000000003e-05
1.063575999999999962e-05
1.059477999999999921e-05
1.055007999999999945e-05
1.050910000000000074e-05
1.046439999999999929e-05
1.041969999999999953e-05
1.037872000000000081e-05
1.033774000000000040e-05
1.029304000000000064e-05
1.025206000000000023e-05
1.021107999999999982e-05
1.016638000000000006e-05
1.012539999999999965e-05
1.008068999999999919e-05
1.003971999999999948e-05
9.998736999999999201e-06
9.954033999999999571e-06
9.913055999999999639e-06
9.872077000000000315e-06
9.827374000000000686e-06
9.786396000000000754e-06
9.745418000000000822e-06
9.704438999999999803e-06
9.659736000000000174e-06
9.622482999999999940e-06
9.577780000000000310e-06
9.536800999999999292e-06
9.495822999999999360e-06
9.454844999999999428e-06
9.413866999999999496e-06
9.372888999999999564e-06
9.331910000000000240e-06
9.290932000000000308e-06
9.249954000000000376e-06
9.212701000000000142e-06
9.167998000000000512e-06
9.127018999999999494e-06
9.089767000000000346e-06
9.052514000000000112e-06
9.011535000000000788e-06
8.970556999999999162e-06
8.933304000000000621e-06
8.896051000000000387e-06
8.855073000000000455e-06
8.817820000000000221e-06
8.776842000000000289e-06
8.739589000000000054e-06
8.702335999999999820e-06
8.665082999999999586e-06
8.624104999999999654e-06
8.586851999999999419e-06
8.549598999999999185e-06
8.516071999999999734e-06
8.478818999999999500e-06
8.441565999999999266e-06
8.404313000000000725e-06
8.367060000000000491e-06
8.333532999999999346e-06
8.296280000000000806e-06
8.262752000000000269e-06
8.225499000000000035e-06
8.191972000000000584e-06
8.154719000000000350e-06
8.121190999999999813e-06
8.083937999999999579e-06
8.050411000000000128e-06
8.016882999999999591e-06
7.983355000000000749e-06
7.949827999999999604e-06
7.916300000000000761e-06
7.882772000000000224e-06
7.852970000000000471e-06
7.819442999999999327e-06
7.785915000000000484e-06
7.752386999999999947e-06
7.718860000000000497e-06
7.689056999999999657e-06
7.655530000000000207e-06
7.625698000000000049e-06
7.592170999999999752e-06
7.562367999999999760e-06
7.528841000000000309e-06
7.499038000000000317e-06
7.469235999999999717e-06
7.439433999999999964e-06
7.409632000000000211e-06
7.376103999999999674e-06
7.346301999999999921e-06
7.316498999999999929e-06
7.290421999999999873e-06
7.260620000000000120e-06
7.230818000000000367e-06
7.204741000000000312e-06
7.174938000000000320e-06
7.148861000000000264e-06
7.119058999999999664e-06
7.092981999999999609e-06
7.063179999999999856e-06
7.037102000000000408e-06
7.011025000000000353e-06
6.984948000000000297e-06
6.955145999999999697e-06
6.932794000000000186e-06
6.902991999999999586e-06
6.876915000000000378e-06
6.854563000000000020e-06
6.828485999999999965e-06
6.802408999999999909e-06
6.776331999999999854e-06
6.750254999999999798e-06
6.727903000000000288e-06
6.705552000000000169e-06
6.679475000000000114e-06
6.653398000000000058e-06
6.631045999999999700e-06
6.608694000000000189e-06
6.586341999999999831e-06
6.560264999999999776e-06
6.537913999999999657e-06
6.515562000000000147e-06
6.489485000000000091e-06
6.470858000000000278e-06
6.448507000000000159e-06
6.426154999999999801e-06
6.403803000000000290e-06
6.381450999999999933e-06
6.362825000000000359e-06
6.336748000000000303e-06
6.318120999999999643e-06
6.295770000000000371e-06
6.273418000000000013e-06
6.254791999999999592e-06
6.236164999999999779e-06
6.213813000000000268e-06
6.191462000000000149e-06
6.172835000000000336e-06
6.154208999999999915e-06
6.135582000000000102e-06
6.113229999999999744e-06
6.094604000000000170e-06
6.075977999999999749e-06
6.053626000000000238e-06
6.034998999999999578e-06
6.016373000000000004e-06
5.997746000000000190e-06
5.979119999999999769e-06
5.956768000000000258e-06
5.941867000000000382e-06
5.923240999999999961e-06
5.904614000000000147e-06
5.889713000000000271e-06
5.871086999999999850e-06
5.856184999999999734e-06
5.837559000000000160e-06
5.818932999999999739e-06
5.800305999999999926e-06
5.785405000000000049e-06
5.770504000000000173e-06
5.751877000000000359e-06
5.736975999999999636e-06
5.722074999999999759e-06
5.703449000000000185e-06
5.692273000000000006e-06
5.677372000000000130e-06
5.662470000000000014e-06
5.647569000000000138e-06
5.632668000000000261e-06
5.617767000000000385e-06
5.602865999999999661e-06
5.587964999999999785e-06
5.573062999999999669e-06
5.561887999999999729e-06
5.546985999999999613e-06
5.535810000000000282e-06
5.520909000000000405e-06
5.509733000000000226e-06
5.498558000000000287e-06
5.483656000000000171e-06
5.472481000000000231e-06
5.461305000000000052e-06
5.446404000000000176e-06
5.435227999999999997e-06
5.424051999999999818e-06
5.412875999999999639e-06
5.401700000000000307e-06
5.390524000000000128e-06
5.383073999999999886e-06
5.371897999999999707e-06
5.360722000000000375e-06
5.349546000000000196e-06
5.338370000000000017e-06
5.327193999999999838e-06
5.319743999999999596e-06
5.312292999999999962e-06
5.301116999999999783e-06
5.289940999999999604e-06
5.282491000000000209e-06
5.275039999999999727e-06
5.263864000000000395e-06
5.256414000000000153e-06
5.248962999999999672e-06
5.241513000000000277e-06
5.230337000000000098e-06
5.222885999999999616e-06
5.215436000000000221e-06
5.207984999999999740e-06
5.200534000000000106e-06
5.193083999999999863e-06
5.185633000000000229e-06
5.178182999999999987e-06
5.170732000000000353e-06
5.163280999999999871e-06
5.155830999999999629e-06
5.148379999999999995e-06
5.140929999999999753e-06
5.133479000000000118e-06
5.129754000000000421e-06
5.122302999999999939e-06
5.114852999999999697e-06
5.107402000000000063e-06
5.099951999999999821e-06
5.096225999999999884e-06
5.088775999999999642e-06
5.081325000000000007e-06
5.073874000000000373e-06
5.066424000000000131e-06
5.062698999999999586e-06
5.055247999999999952e-06
5.047797000000000317e-06
5.040347000000000075e-06
5.032895999999999594e-06
5.029170999999999896e-06
5.021720000000000262e-06
5.014270000000000020e-06
5.006819000000000386e-06
5.003093999999999841e-06
4.995643000000000207e-06
4.988192999999999965e-06
4.980742000000000330e-06
4.973292000000000088e-06
4.969566000000000151e-06
4.962115999999999909e-06
4.954665000000000275e-06
4.947215000000000033e-06
4.939764000000000398e-06
4.936038999999999854e-06
4.928588000000000219e-06
4.921137999999999977e-06
4.913687000000000343e-06
4.909961999999999798e-06
4.906235999999999861e-06
4.898785999999999619e-06
4.891334999999999985e-06
4.883884999999999743e-06
4.876434000000000108e-06
4.876434000000000108e-06
4.868983999999999866e-06
4.861533000000000232e-06
4.854081999999999751e-06
4.846632000000000355e-06
4.842906000000000419e-06
4.839180999999999874e-06
4.831730999999999632e-06
4.824279999999999998e-06
4.816829000000000363e-06
4.813103999999999819e-06
4.805653999999999577e-06
4.801927999999999640e-06
4.794478000000000245e-06
4.787026999999999763e-06
4.779577000000000368e-06
4.775850999999999584e-06
4.768401000000000189e-06
4.760949999999999708e-06
4.753500000000000313e-06
4.749774000000000376e-06
4.742324000000000134e-06
4.734872999999999652e-06
4.727422000000000018e-06
4.719971999999999776e-06
4.716247000000000078e-06
4.708795999999999597e-06
4.697620000000000265e-06
4.690170000000000023e-06
4.686444000000000086e-06
4.678993999999999844e-06
4.671543000000000210e-06
4.660367000000000031e-06
4.652916999999999789e-06
4.649190999999999852e-06
4.641740999999999610e-06
4.634289999999999975e-06
4.623113999999999796e-06
4.615664000000000401e-06
4.608212999999999920e-06
4.600762999999999678e-06
4.589587000000000346e-06
4.585861000000000409e-06
4.574685999999999622e-06
4.567234999999999988e-06
4.559784000000000353e-06
4.548609000000000414e-06
4.541157999999999932e-06
4.529981999999999753e-06
4.526257000000000056e-06
4.515080999999999877e-06
4.503904999999999698e-06
4.496454000000000064e-06
4.489003999999999822e-06
4.477827999999999643e-06
4.470377000000000008e-06
4.462926999999999766e-06
4.451750999999999587e-06
4.440575000000000255e-06
4.433125000000000013e-06
4.425674000000000379e-06
4.414498000000000200e-06
4.403322000000000021e-06
4.395871999999999779e-06
4.384695999999999600e-06
4.373520000000000268e-06
4.366068999999999786e-06
4.354892999999999607e-06
4.343717999999999668e-06
4.336267000000000033e-06
4.325090999999999855e-06
4.317640999999999612e-06
4.306465000000000281e-06
4.295289000000000102e-06
4.284112999999999923e-06
4.272936999999999744e-06
4.265486000000000109e-06
4.254311000000000170e-06
4.243134999999999991e-06
4.235684000000000356e-06
4.224508000000000177e-06
4.213331999999999998e-06
4.205881999999999756e-06
4.198431000000000122e-06
4.187254999999999943e-06
4.179804999999999701e-06
4.168629000000000369e-06
4.157453000000000190e-06
4.150001999999999709e-06
4.142552000000000314e-06
4.131376000000000135e-06
4.120199999999999956e-06
4.116475000000000258e-06
4.105299000000000079e-06
4.094122999999999900e-06
4.086672999999999658e-06
4.079222000000000024e-06
4.071771000000000389e-06
4.060595999999999603e-06
4.053144999999999968e-06
4.045694000000000334e-06
4.038244000000000092e-06
4.027067999999999913e-06
4.019617000000000278e-06
4.012167000000000036e-06
4.000990999999999857e-06
3.993540000000000223e-06
3.986089999999999981e-06
3.978639000000000347e-06
3.971189000000000104e-06
3.960012999999999926e-06
3.952562000000000291e-06
3.945112000000000049e-06
3.937661000000000415e-06
3.930209999999999933e-06
3.926485000000000236e-06
3.915309000000000057e-06
3.907858999999999815e-06
3.900408000000000180e-06
3.892956999999999699e-06
3.889232000000000001e-06
3.881781999999999759e-06
3.874331000000000125e-06
3.866879999999999643e-06
3.863154999999999946e-06
3.855704999999999704e-06
3.851978999999999767e-06
3.844529000000000372e-06
3.840802999999999588e-06
3.833353000000000193e-06
3.829627999999999648e-06
3.825901999999999712e-06
3.822177000000000014e-06
3.814726000000000380e-06
3.810986999999999872e-06
3.807260999999999935e-06
3.803535999999999814e-06
3.799811000000000117e-06
3.799811000000000117e-06
3.796085000000000180e-06
3.792360000000000059e-06
3.788634999999999938e-06
3.788634999999999938e-06
3.784909000000000001e-06
3.784909000000000001e-06
3.781183999999999880e-06
3.777459000000000182e-06
3.777459000000000182e-06
3.773734000000000061e-06
3.773734000000000061e-06
3.773734000000000061e-06
3.770008000000000124e-06
3.770008000000000124e-06
3.770008000000000124e-06
3.766283000000000003e-06
3.766283000000000003e-06
3.766283000000000003e-06
3.766283000000000003e-06
3.766283000000000003e-06
3.766283000000000003e-06
3.766283000000000003e-06
3.766283000000000003e-06
3.766283000000000003e-06
3.766283000000000003e-06
3.766283000000000003e-06
3.766283000000000003e-06
3.770008000000000124e-06
3.770008000000000124e-06
3.773734000000000061e-06
3.773734000000000061e-06
3.773734000000000061e-06
3.777459000000000182e-06
3.777459000000000182e-06
3.781183999999999880e-06
3.784909000000000001e-06
3.784909000000000001e-06
3.788634999999999938e-06
3.792360000000000059e-06
3.796085000000000180e-06
3.799811000000000117e-06
3.799811000000000117e-06
3.803535999999999814e-06
3.807260999999999935e-06
3.810986999999999872e-06
3.818452000000000316e-06
3.822177000000000014e-06
3.829627999999999648e-06
3.829627999999999648e-06
3.837077999999999890e-06
3.840802999999999588e-06
3.848254000000000069e-06
3.851978999999999767e-06
3.859430000000000248e-06
3.863154999999999946e-06
3.866879999999999643e-06
3.874331000000000125e-06
3.881781999999999759e-06
3.889232000000000001e-06
3.892956999999999699e-06
3.900408000000000180e-06
3.907858999999999815e-06
3.915309000000000057e-06
3.922759999999999691e-06
3.926485000000000236e-06
3.933935999999999870e-06
3.945112000000000049e-06
3.952562000000000291e-06
3.956286999999999989e-06
3.963737999999999623e-06
3.971189000000000104e-06
3.982364000000000044e-06
3.989814999999999678e-06
3.997266000000000160e-06
4.004716000000000402e-06
4.012167000000000036e-06
4.019617000000000278e-06
4.027067999999999913e-06
4.038244000000000092e-06
4.045694000000000334e-06
4.053144999999999968e-06
4.064321000000000147e-06
4.071771000000000389e-06
4.082946999999999721e-06
4.086672999999999658e-06
4.097847999999999598e-06
4.105299000000000079e-06
4.116475000000000258e-06
4.123924999999999653e-06
4.131376000000000135e-06
4.142552000000000314e-06
4.146277000000000011e-06
4.157453000000000190e-06
4.168629000000000369e-06
4.179804999999999701e-06
4.183530000000000245e-06
4.194705999999999577e-06
4.205881999999999756e-06
4.213331999999999998e-06
4.220782999999999633e-06
4.231958999999999812e-06
4.243134999999999991e-06
4.246859999999999688e-06
4.258035999999999867e-06
4.269212000000000046e-06
4.272936999999999744e-06
4.284112999999999923e-06
4.295289000000000102e-06
4.306465000000000281e-06
4.310189999999999978e-06
4.321366000000000157e-06
4.332542000000000336e-06
4.336267000000000033e-06
4.347443000000000212e-06
4.358619000000000391e-06
4.369794999999999723e-06
4.373520000000000268e-06
4.384695999999999600e-06
4.395871999999999779e-06
4.403322000000000021e-06
4.410772999999999655e-06
4.421948999999999834e-06
4.433125000000000013e-06
4.440575000000000255e-06
4.451750999999999587e-06
4.459202000000000069e-06
4.466652000000000311e-06
4.477827999999999643e-06
4.489003999999999822e-06
4.496454000000000064e-06
4.507630000000000243e-06
4.515080999999999877e-06
4.526257000000000056e-06
4.533707000000000298e-06
4.544882999999999630e-06
4.552334000000000111e-06
4.559784000000000353e-06
4.570959999999999685e-06
4.578411000000000167e-06
4.589587000000000346e-06
4.597036999999999741e-06
4.608212999999999920e-06
4.615664000000000401e-06
4.623113999999999796e-06
4.634289999999999975e-06
4.641740999999999610e-06
4.652916999999999789e-06
4.660367000000000031e-06
4.667817999999999665e-06
4.678993999999999844e-06
4.686444000000000086e-06
4.693894999999999720e-06
4.701344999999999962e-06
4.712521000000000141e-06
4.719971999999999776e-06
4.727422000000000018e-06
4.738598000000000197e-06
4.746048999999999831e-06
4.753500000000000313e-06
4.764675000000000252e-06
4.772125999999999887e-06
4.779577000000000368e-06
4.787026999999999763e-06
4.798202999999999942e-06
4.805653999999999577e-06
4.813103999999999819e-06
4.820555000000000300e-06
4.831730999999999632e-06
4.839180999999999874e-06
4.846632000000000355e-06
4.854081999999999751e-06
4.865257999999999929e-06
4.872709000000000411e-06
4.880158999999999806e-06
4.887610000000000287e-06
4.895060999999999922e-06
4.906235999999999861e-06
4.913687000000000343e-06
4.921137999999999977e-06
4.928588000000000219e-06
4.936038999999999854e-06
4.939764000000000398e-06
4.950939999999999730e-06
4.958389999999999972e-06
4.965840999999999607e-06
4.969566000000000151e-06
4.977016999999999786e-06
4.988192999999999965e-06
4.995643000000000207e-06
5.003093999999999841e-06
5.006819000000000386e-06
5.014270000000000020e-06
5.021720000000000262e-06
5.029170999999999896e-06
5.032895999999999594e-06
5.040347000000000075e-06
5.047797000000000317e-06
5.055247999999999952e-06
5.062698999999999586e-06
5.066424000000000131e-06
5.070148999999999828e-06
5.077600000000000310e-06
5.085049999999999705e-06
5.092501000000000186e-06
5.096225999999999884e-06
5.099951999999999821e-06
5.103677000000000365e-06
5.111126999999999760e-06
5.118578000000000242e-06
5.122302999999999939e-06
5.129754000000000421e-06
5.129754000000000421e-06
5.137203999999999816e-06
5.140929999999999753e-06
5.144655000000000297e-06
5.148379999999999995e-06
5.155830999999999629e-06
5.159556000000000174e-06
5.159556000000000174e-06
5.163280999999999871e-06
5.167006999999999808e-06
5.170732000000000353e-06
5.174457000000000050e-06
5.178182999999999987e-06
5.181907999999999684e-06
5.185633000000000229e-06
5.189357999999999927e-06
5.193083999999999863e-06
5.193083999999999863e-06
5.193083999999999863e-06
5.196809000000000408e-06
5.200534000000000106e-06
5.200534000000000106e-06
5.204260000000000042e-06
5.204260000000000042e-06
5.207984999999999740e-06
5.211710000000000284e-06
5.211710000000000284e-06
5.211710000000000284e-06
5.215436000000000221e-06
5.215436000000000221e-06
5.219160999999999919e-06
5.219160999999999919e-06
5.222885999999999616e-06
5.222885999999999616e-06
5.222885999999999616e-06
5.222885999999999616e-06
5.222885999999999616e-06
5.222885999999999616e-06
5.226611000000000161e-06
5.226611000000000161e-06
5.226611000000000161e-06
5.230337000000000098e-06
5.230337000000000098e-06
5.230337000000000098e-06
5.230337000000000098e-06
5.230337000000000098e-06
5.234061999999999795e-06
5.234061999999999795e-06
5.234061999999999795e-06
5.234061999999999795e-06
5.237787000000000340e-06
5.237787000000000340e-06
5.237787000000000340e-06
5.241513000000000277e-06
5.241513000000000277e-06
5.241513000000000277e-06
5.241513000000000277e-06
5.241513000000000277e-06
5.241513000000000277e-06
5.245237999999999974e-06
5.245237999999999974e-06
5.245237999999999974e-06
5.248962999999999672e-06
5.248962999999999672e-06
5.248962999999999672e-06
5.248962999999999672e-06
5.248962999999999672e-06
5.252688000000000216e-06
5.252688000000000216e-06
5.252688000000000216e-06
5.256414000000000153e-06
5.256414000000000153e-06
5.256414000000000153e-06
5.256414000000000153e-06
5.256414000000000153e-06
5.256414000000000153e-06
5.260138999999999851e-06
5.263864000000000395e-06
5.263864000000000395e-06
5.267590000000000332e-06
5.267590000000000332e-06
5.271315000000000030e-06
5.271315000000000030e-06
5.275039999999999727e-06
5.278765000000000272e-06
5.278765000000000272e-06
5.282491000000000209e-06
5.286215999999999906e-06
5.286215999999999906e-06
5.286215999999999906e-06
5.289940999999999604e-06
5.293667000000000388e-06
5.297392000000000085e-06
5.301116999999999783e-06
5.304842000000000327e-06
5.308568000000000264e-06
5.312292999999999962e-06
5.316017999999999659e-06
5.319743999999999596e-06
5.323469000000000141e-06
5.323469000000000141e-06
5.330919999999999775e-06
5.334645000000000320e-06
5.342094999999999715e-06
5.345820999999999651e-06
5.349546000000000196e-06
5.349546000000000196e-06
5.356996999999999830e-06
5.360722000000000375e-06
5.368171999999999770e-06
5.375623000000000251e-06
5.383073999999999886e-06
5.383073999999999886e-06
5.390524000000000128e-06
5.397974999999999762e-06
5.401700000000000307e-06
5.409150999999999941e-06
5.412875999999999639e-06
5.420325999999999881e-06
5.424051999999999818e-06
5.435227999999999997e-06
5.442678000000000239e-06
5.446404000000000176e-06
5.453854000000000418e-06
5.461305000000000052e-06
5.468755000000000294e-06
5.476205999999999929e-06
5.479930999999999626e-06
5.491106999999999805e-06
5.498558000000000287e-06
5.506007999999999682e-06
5.509733000000000226e-06
5.517183999999999861e-06
5.528360000000000039e-06
5.535810000000000282e-06
5.543260999999999916e-06
5.550712000000000397e-06
5.561887999999999729e-06
5.569337999999999971e-06
5.573062999999999669e-06
5.584238999999999848e-06
5.595415000000000027e-06
5.602865999999999661e-06
5.610315999999999903e-06
5.621492000000000082e-06
5.632668000000000261e-06
5.636392999999999959e-06
5.647569000000000138e-06
5.658745000000000317e-06
5.666195999999999951e-06
5.677372000000000130e-06
5.688547000000000070e-06
5.699723000000000249e-06
5.707173999999999883e-06
5.718350000000000062e-06
5.729526000000000241e-06
5.740701000000000180e-06
5.751877000000000359e-06
5.763052999999999691e-06
5.774228999999999870e-06
5.785405000000000049e-06
5.796581000000000228e-06
5.807757000000000407e-06
5.822658000000000284e-06
5.833833999999999616e-06
5.845009999999999794e-06
5.859910999999999671e-06
5.874812000000000394e-06
5.885987999999999726e-06
5.900888999999999603e-06
5.912064999999999782e-06
5.926965999999999658e-06
5.941867000000000382e-06
5.953042999999999714e-06
5.971669000000000135e-06
5.982845000000000314e-06
5.997746000000000190e-06
6.016373000000000004e-06
6.031273999999999880e-06
6.046174999999999756e-06
6.061075999999999633e-06
6.075977999999999749e-06
6.090878999999999625e-06
6.109505000000000046e-06
6.124405999999999923e-06
6.139308000000000039e-06
6.154208999999999915e-06
6.172835000000000336e-06
6.187736000000000213e-06
6.206363000000000026e-06
6.221263999999999902e-06
6.236164999999999779e-06
6.258517000000000137e-06
6.273418000000000013e-06
6.292043999999999587e-06
6.306945999999999703e-06
6.325572000000000124e-06
6.340473000000000001e-06
6.359099999999999814e-06
6.377726000000000235e-06
6.396353000000000048e-06
6.414978999999999622e-06
6.429880000000000346e-06
6.448507000000000159e-06
6.467132999999999733e-06
6.485760000000000394e-06
6.504385999999999968e-06
6.523012000000000389e-06
6.541639000000000202e-06
6.556540000000000078e-06
6.578891999999999589e-06
6.593793000000000313e-06
6.616144999999999824e-06
6.631045999999999700e-06
6.649672000000000121e-06
6.672023999999999632e-06
6.690650000000000053e-06
6.709276999999999867e-06
6.727903000000000288e-06
6.746530000000000101e-06
6.768881999999999612e-06
6.787508000000000033e-06
6.806133999999999607e-06
6.828485999999999965e-06
6.847112999999999778e-06
6.869463999999999897e-06
6.888090999999999710e-06
6.906717000000000131e-06
6.929068999999999642e-06
6.951421000000000000e-06
6.970047000000000421e-06
6.992398999999999932e-06
7.011025000000000353e-06
7.033376999999999864e-06
7.059453999999999919e-06
7.078080999999999732e-06
7.096707000000000153e-06
7.122784000000000209e-06
7.141411000000000022e-06
7.163762000000000141e-06
7.186113999999999652e-06
7.208466000000000010e-06
7.230818000000000367e-06
7.253168999999999639e-06
7.275520999999999997e-06
7.297873000000000355e-06
7.320224999999999866e-06
7.346301999999999921e-06
7.368653000000000040e-06
7.391005000000000398e-06
7.413356999999999908e-06
7.439433999999999964e-06
7.461786000000000322e-06
7.484136999999999593e-06
7.506488999999999951e-06
7.536290999999999704e-06
7.558643000000000062e-06
7.580995000000000420e-06
7.603346999999999931e-06
7.629453000000000151e-06
7.655530000000000207e-06
7.681607000000000262e-06
7.703959000000000620e-06
7.730036000000000676e-06
7.756113000000000731e-06
7.782190000000000787e-06
7.804541000000000058e-06
7.830618000000000114e-06
7.856695000000000169e-06
7.882772000000000224e-06
7.912574999999999370e-06
7.934926999999999728e-06
7.964728999999999481e-06
7.990805999999999536e-06
8.016882999999999591e-06
8.042959999999999647e-06
8.072761999999999400e-06
8.098838999999999455e-06
8.128642000000000295e-06
8.154719000000000350e-06
8.184521000000000103e-06
8.210598000000000158e-06
8.240399999999999911e-06
8.266476999999999967e-06
8.296280000000000806e-06
8.326082000000000559e-06
8.355884000000000312e-06
8.385686999999999457e-06
8.415488999999999210e-06
8.445291000000000657e-06
8.475093999999999802e-06
8.504895999999999555e-06
8.534697999999999308e-06
8.564501000000000148e-06
8.594302999999999901e-06
8.624104999999999654e-06
8.653908000000000493e-06
8.687434999999999943e-06
8.717238000000000783e-06
8.747040000000000536e-06
8.776842000000000289e-06
8.810370000000000826e-06
8.840172000000000579e-06
8.873699999999999421e-06
8.903501999999999174e-06
8.937029999999999711e-06
8.970556999999999162e-06
9.000360000000000001e-06
9.033886999999999451e-06
9.063690000000000291e-06
9.097216999999999741e-06
9.130745000000000278e-06
9.164271999999999729e-06
9.194075000000000568e-06
9.227602000000000018e-06
9.261130000000000555e-06
9.294657999999999398e-06
9.328185000000000543e-06
9.361712999999999385e-06
9.395240000000000530e-06
9.428767999999999373e-06
9.462295999999999910e-06
9.495822999999999360e-06
9.529350999999999897e-06
9.562877999999999347e-06
9.596405999999999884e-06
9.629934000000000421e-06
9.667187000000000656e-06
9.700714000000000106e-06
9.734242000000000643e-06
9.771494999999999183e-06
9.805022000000000328e-06
9.838549999999999170e-06
9.875802999999999405e-06
9.909330000000000549e-06
9.942857999999999392e-06
9.980110999999999627e-06
1.001363999999999956e-05
1.005088999999999992e-05
1.008814000000000028e-05
1.012166999999999960e-05
1.015891999999999997e-05
1.019617999999999934e-05
1.022971000000000035e-05
1.026696000000000072e-05
1.030420999999999938e-05
1.034145999999999975e-05
1.037499000000000076e-05
1.041223999999999943e-05
1.044950000000000050e-05
1.048302999999999982e-05
1.052399999999999953e-05
1.056126000000000059e-05
1.059850999999999926e-05
1.063575999999999962e-05
1.067300999999999999e-05
1.071026999999999936e-05
1.074751999999999972e-05
1.078850000000000013e-05
1.082575000000000049e-05
1.086299999999999916e-05
1.090026000000000023e-05
1.094124000000000064e-05
1.098221000000000035e-05
1.101946999999999972e-05
1.106045000000000013e-05
1.109770000000000049e-05
1.113867999999999921e-05
1.117592999999999957e-05
1.121690999999999998e-05
1.125789000000000039e-05
1.130259000000000015e-05
1.133984000000000051e-05
1.138081999999999923e-05
1.142552000000000068e-05
1.146278000000000005e-05
1.150374999999999976e-05
1.154846000000000022e-05
1.158944000000000063e-05
1.163041000000000034e-05
1.167512000000000080e-05
1.171609999999999952e-05
1.175706999999999923e-05
1.179804999999999964e-05
1.184276000000000010e-05
1.188372999999999981e-05
1.192844000000000026e-05
1.196942000000000067e-05
1.201039000000000039e-05
1.205882000000000019e-05
1.209607999999999956e-05
1.214077999999999932e-05
1.218548000000000077e-05
1.222645999999999949e-05
1.227115999999999925e-05
1.231586999999999970e-05
1.235312000000000007e-05
1.240154999999999987e-05
1.244253000000000028e-05
1.248351000000000069e-05
1.252821000000000045e-05
1.256918999999999917e-05
1.261389000000000062e-05
1.265859000000000038e-05
1.269957000000000079e-05
1.274427999999999955e-05
1.278524999999999927e-05
1.282995999999999972e-05
1.287094000000000013e-05
1.291563999999999989e-05
1.295662000000000030e-05
1.300132000000000006e-05
1.304601999999999982e-05
1.308700000000000023e-05
1.313171000000000069e-05
1.317268000000000040e-05
1.321738999999999916e-05
1.326209000000000062e-05
1.330306999999999933e-05
1.334777000000000078e-05
1.339247999999999955e-05
1.343717999999999931e-05
1.347815999999999972e-05
1.351914000000000013e-05
1.356756999999999993e-05
1.361226999999999969e-05
1.365325000000000010e-05
1.369794999999999986e-05
1.374264999999999962e-05
1.378363000000000003e-05
1.382834000000000049e-05
1.386931000000000020e-05
1.391402000000000066e-05
1.396245000000000046e-05
1.400342000000000017e-05
1.404813000000000063e-05
1.408910999999999935e-05
1.413381000000000080e-05
1.417851000000000056e-05
1.422321999999999932e-05
1.426792000000000078e-05
1.431262000000000053e-05
1.435732999999999930e-05
1.440203000000000075e-05
1.444300999999999947e-05
1.449143999999999927e-05
1.453241999999999968e-05
1.458084000000000048e-05
1.462554999999999925e-05
1.467025000000000070e-05
1.471495000000000046e-05
1.475965999999999922e-05
1.480809000000000072e-05
1.484906999999999944e-05
1.489749000000000024e-05
1.494592000000000004e-05
1.498690000000000045e-05
1.503533000000000026e-05
1.508003000000000002e-05
1.512845999999999982e-05
1.516944000000000023e-05
1.521787000000000004e-05
1.526263000000000061e-05
1.530733000000000037e-05
1.535576000000000017e-05
1.539674000000000058e-05
1.544517000000000039e-05
1.548987000000000015e-05
1.553829999999999995e-05
1.558301000000000041e-05
1.562771000000000017e-05
1.567240999999999993e-05
1.572083999999999973e-05
1.576926999999999954e-05
1.581024999999999995e-05
1.585867999999999975e-05
1.590337999999999951e-05
1.594807999999999927e-05
1.599278999999999973e-05
1.604121999999999954e-05
1.608591999999999929e-05
1.613434999999999910e-05
1.617904999999999886e-05
1.622747999999999866e-05
1.627590999999999847e-05
1.632061000000000162e-05
1.636904000000000142e-05
1.641374999999999849e-05
1.646217000000000099e-05
1.650688000000000144e-05
1.655531000000000125e-05
1.660001000000000101e-05
1.664844000000000081e-05
1.669314000000000057e-05
1.674157000000000038e-05
1.678627000000000014e-05
1.683469999999999994e-05
1.687941000000000040e-05
1.692784000000000020e-05
1.697253999999999996e-05
1.702096999999999977e-05
1.706566999999999953e-05
1.711409999999999933e-05
1.716252999999999914e-05
1.720350999999999955e-05
1.725193999999999935e-05
1.729663999999999911e-05
1.734506999999999892e-05
1.738604999999999933e-05
1.743074999999999909e-05
1.747917999999999889e-05
1.752015999999999930e-05
1.756485999999999906e-05
1.760583999999999947e-05
1.764681999999999988e-05
1.769151999999999964e-05
1.773250000000000005e-05
1.776975000000000042e-05
1.781073000000000083e-05
1.784798000000000119e-05
1.788896000000000160e-05
1.792248999999999923e-05
1.795602000000000024e-05
1.799327000000000061e-05
1.802680000000000162e-05
1.806031999999999855e-05
1.809384999999999957e-05
1.812365000000000053e-05
1.815718000000000155e-05
