-1.229354999999999959e-07
-1.452872000000000068e-07
-1.788147999999999926e-07
-2.235183000000000064e-07
-2.793985999999999777e-07
-3.315526999999999749e-07
-3.837066999999999799e-07
-4.172343000000000186e-07
-4.470367000000000050e-07
-4.619377999999999795e-07
-4.582124999999999878e-07
-4.470367000000000050e-07
-4.172343000000000186e-07
-3.837066999999999799e-07
-3.464538000000000023e-07
-3.017502999999999885e-07
-2.570467999999999747e-07
-2.123424999999999971e-07
-1.676390000000000097e-07
-1.303861000000000058e-07
-9.685800000000000612e-08
-6.333038999999999724e-08
-3.352784000000000279e-08
-7.450637000000000107e-09
7.450637000000000107e-09
1.490126999999999894e-08
1.862657000000000054e-08
1.490126999999999894e-08
1.117592999999999948e-08
0.000000000000000000e+00
-1.117592999999999948e-08
-2.235185999999999895e-08
-2.980255000000000107e-08
-3.352784000000000279e-08
-3.352784000000000279e-08
-3.352784000000000279e-08
-2.235185999999999895e-08
-3.725319000000000213e-09
7.450637000000000107e-09
1.862657000000000054e-08
3.725312999999999789e-08
6.705568000000000558e-08
9.313270999999999778e-08
1.266607999999999876e-07
1.639136999999999916e-07
1.899906999999999941e-07
2.123424999999999971e-07
2.309688999999999898e-07
2.495962999999999836e-07
2.533215999999999752e-07
2.607721000000000193e-07
2.644974000000000110e-07
2.644974000000000110e-07
2.682227000000000027e-07
2.793985999999999777e-07
2.831239000000000223e-07
2.831239000000000223e-07
2.868492000000000140e-07
2.980249999999999969e-07
3.129262000000000165e-07
3.278273999999999832e-07
3.539043999999999857e-07
3.837066999999999799e-07
4.135089999999999740e-07
4.544871999999999962e-07
4.954671999999999833e-07
5.327202000000000059e-07
5.699730999999999834e-07
6.035007000000000222e-07
6.333030000000000164e-07
6.556547000000000272e-07
6.891822999999999601e-07
7.301604999999999822e-07
7.785892999999999877e-07
8.158421999999999652e-07
8.530951000000000486e-07
8.903480000000000261e-07
9.164251000000000208e-07
9.313262000000000482e-07
9.499526999999999537e-07
9.834839000000000283e-07
1.017012000000000081e-06
1.039362999999999988e-06
1.050538999999999955e-06
1.065440000000000043e-06
1.091517000000000099e-06
1.121320000000000091e-06
1.139946000000000088e-06
1.162298000000000023e-06
1.192099999999999987e-06
1.233077999999999919e-06
1.277782000000000000e-06
1.315035000000000023e-06
1.329935999999999899e-06
1.337385999999999929e-06
1.352288000000000045e-06
1.367188999999999922e-06
1.385814999999999919e-06
1.393265999999999977e-06
1.396991000000000098e-06
1.419343000000000032e-06
1.456596000000000055e-06
1.490122999999999929e-06
1.519925999999999921e-06
1.534827000000000010e-06
1.538551999999999919e-06
1.542277000000000040e-06
1.546002999999999977e-06
1.538551999999999919e-06
1.531102000000000100e-06
1.527375999999999952e-06
1.527375999999999952e-06
1.523651000000000042e-06
1.512475000000000075e-06
1.497573999999999987e-06
1.493849000000000078e-06
1.490122999999999929e-06
1.482672999999999899e-06
1.471496999999999932e-06
1.467772000000000022e-06
1.471496999999999932e-06
1.475222000000000053e-06
1.478947999999999990e-06
1.486398000000000020e-06
1.512475000000000075e-06
1.546002999999999977e-06
1.583255999999999999e-06
1.620509000000000022e-06
1.661486999999999954e-06
1.706190000000000007e-06
1.739717999999999909e-06
1.773244999999999994e-06
1.806772999999999896e-06
1.836575000000000072e-06
1.858927000000000007e-06
1.870102999999999974e-06
1.885004000000000062e-06
1.899904999999999939e-06
1.918538999999999945e-06
1.940890999999999880e-06
1.963242999999999814e-06
1.993044999999999990e-06
2.011670999999999988e-06
2.030297999999999801e-06
2.056374999999999857e-06
2.071276000000000157e-06
2.089902000000000154e-06
2.108528999999999968e-06
2.123429999999999844e-06
2.145782000000000202e-06
2.164408000000000200e-06
2.190484999999999831e-06
2.216561999999999887e-06
2.235189000000000124e-06
2.257539999999999819e-06
2.279892000000000177e-06
2.302244000000000111e-06
2.313419999999999867e-06
2.332045999999999864e-06
2.350673000000000101e-06
2.373023999999999796e-06
2.395376000000000154e-06
2.414002999999999967e-06
2.436354000000000086e-06
2.466157000000000078e-06
2.495958999999999831e-06
2.525761000000000007e-06
2.559289000000000121e-06
2.592816999999999811e-06
2.622618999999999987e-06
2.652421000000000164e-06
2.682224000000000156e-06
2.704574999999999851e-06
2.730651999999999906e-06
2.753003999999999841e-06
2.779080999999999896e-06
2.801432999999999831e-06
2.823785000000000189e-06
2.849861999999999820e-06
2.875938999999999876e-06
2.894564999999999873e-06
2.909466000000000173e-06
2.909466000000000173e-06
2.909466000000000173e-06
2.909466000000000173e-06
2.913192000000000110e-06
2.931818000000000108e-06
2.965345999999999798e-06
3.010048999999999851e-06
3.065928000000000082e-06
3.121808000000000130e-06
3.177686999999999939e-06
3.229841000000000049e-06
3.263369000000000163e-06
3.289445999999999795e-06
3.293170999999999916e-06
3.281995000000000160e-06
3.259644000000000042e-06
3.229841000000000049e-06
3.196314000000000175e-06
3.166511000000000183e-06
3.151609999999999883e-06
3.151609999999999883e-06
3.173961999999999818e-06
3.207489000000000115e-06
3.259644000000000042e-06
3.308071999999999792e-06
3.360225999999999903e-06
3.404930000000000195e-06
3.438457000000000069e-06
3.464534999999999941e-06
3.475709999999999880e-06
3.475709999999999880e-06
3.464534999999999941e-06
3.449632999999999825e-06
3.423556000000000193e-06
3.401205000000000074e-06
3.375128000000000019e-06
3.356501000000000206e-06
3.341599999999999906e-06
3.337875000000000208e-06
3.349050999999999963e-06
3.375128000000000019e-06
3.416105999999999951e-06
3.468260000000000062e-06
3.531589999999999928e-06
3.606095999999999973e-06
3.676876000000000082e-06
3.755106999999999824e-06
3.829627999999999648e-06
3.907858999999999815e-06
3.978639000000000347e-06
4.041968999999999789e-06
4.094122999999999900e-06
4.138826999999999769e-06
4.172354000000000067e-06
4.194705999999999577e-06
4.205881999999999756e-06
4.209607000000000301e-06
4.213331999999999998e-06
4.217057999999999935e-06
4.224508000000000177e-06
4.239409000000000054e-06
4.258035999999999867e-06
4.284112999999999923e-06
4.317640999999999612e-06
4.362344000000000089e-06
4.399597000000000323e-06
4.448025999999999890e-06
4.485279000000000124e-06
4.522532000000000358e-06
4.548609000000000414e-06
4.563510000000000290e-06
4.578411000000000167e-06
4.589587000000000346e-06
4.593312000000000043e-06
4.611937999999999617e-06
4.623113999999999796e-06
4.645466000000000154e-06
4.660367000000000031e-06
4.675267999999999907e-06
4.686444000000000086e-06
4.701344999999999962e-06
4.716247000000000078e-06
4.734872999999999652e-06
4.749774000000000376e-06
4.764675000000000252e-06
4.779577000000000368e-06
4.794478000000000245e-06
4.813103999999999819e-06
4.835456000000000177e-06
4.854081999999999751e-06
4.876434000000000108e-06
4.891334999999999985e-06
4.909961999999999798e-06
4.932312999999999917e-06
4.950939999999999730e-06
4.969566000000000151e-06
4.984468000000000267e-06
5.003093999999999841e-06
5.025446000000000199e-06
5.040347000000000075e-06
5.058972999999999649e-06
5.077600000000000310e-06
5.096225999999999884e-06
5.111126999999999760e-06
5.129754000000000421e-06
5.140929999999999753e-06
5.155830999999999629e-06
5.170732000000000353e-06
5.189357999999999927e-06
5.204260000000000042e-06
5.222885999999999616e-06
5.237787000000000340e-06
5.256414000000000153e-06
5.271315000000000030e-06
5.286215999999999906e-06
5.304842000000000327e-06
5.319743999999999596e-06
5.334645000000000320e-06
5.349546000000000196e-06
5.360722000000000375e-06
5.379347999999999949e-06
5.394248999999999825e-06
5.409150999999999941e-06
5.424051999999999818e-06
5.438952999999999694e-06
5.453854000000000418e-06
5.465029999999999750e-06
5.476205999999999929e-06
5.491106999999999805e-06
5.502282999999999984e-06
5.509733000000000226e-06
5.524635000000000342e-06
5.539536000000000218e-06
5.550712000000000397e-06
5.565613000000000274e-06
5.576788999999999606e-06
5.595415000000000027e-06
5.606591000000000206e-06
5.621492000000000082e-06
5.636392999999999959e-06
5.651293999999999835e-06
5.666195999999999951e-06
5.677372000000000130e-06
5.692273000000000006e-06
5.703449000000000185e-06
5.718350000000000062e-06
5.733250999999999938e-06
5.748151999999999815e-06
5.759327999999999994e-06
5.770504000000000173e-06
5.781680000000000352e-06
5.792855999999999684e-06
5.804030999999999623e-06
5.815206999999999802e-06
5.826382999999999981e-06
5.837559000000000160e-06
5.848735000000000339e-06
5.856184999999999734e-06
5.871086999999999850e-06
5.885987999999999726e-06
5.893437999999999968e-06
5.908340000000000084e-06
5.919515000000000024e-06
5.930691000000000203e-06
5.938141999999999837e-06
5.953042999999999714e-06
5.960494000000000195e-06
5.971669000000000135e-06
5.982845000000000314e-06
5.986571000000000251e-06
5.994020999999999646e-06
6.005196999999999825e-06
6.012648000000000306e-06
6.016373000000000004e-06
6.020097999999999701e-06
6.027549000000000183e-06
6.031273999999999880e-06
6.038725000000000361e-06
6.042450000000000059e-06
6.046174999999999756e-06
6.049900999999999693e-06
6.057350999999999935e-06
6.061075999999999633e-06
6.068527000000000114e-06
6.075977999999999749e-06
6.079703000000000293e-06
6.087152999999999688e-06
6.098328999999999867e-06
6.105780000000000349e-06
6.109505000000000046e-06
6.120681000000000225e-06
6.131857000000000404e-06
6.143032999999999736e-06
6.154208999999999915e-06
6.165385000000000094e-06
6.176560000000000034e-06
6.191462000000000149e-06
6.206363000000000026e-06
6.217539000000000205e-06
6.236164999999999779e-06
6.247340999999999958e-06
6.265967000000000379e-06
6.277142999999999711e-06
6.295770000000000371e-06
6.310671000000000248e-06
6.329296999999999822e-06
6.347923999999999635e-06
6.366550000000000056e-06
6.388902000000000414e-06
6.411253999999999925e-06
6.429880000000000346e-06
6.452231999999999857e-06
6.474584000000000215e-06
6.493209999999999789e-06
6.515562000000000147e-06
6.534187999999999721e-06
6.552815000000000381e-06
6.575165999999999652e-06
6.590067999999999768e-06
6.612418999999999887e-06
6.631045999999999700e-06
6.653398000000000058e-06
6.675749000000000177e-06
6.694375999999999990e-06
6.713002000000000411e-06
6.735353999999999922e-06
6.753980000000000343e-06
6.772607000000000156e-06
6.787508000000000033e-06
6.806133999999999607e-06
6.824761000000000267e-06
6.839662000000000144e-06
6.862013999999999655e-06
6.880640000000000076e-06
6.902991999999999586e-06
6.925343999999999944e-06
6.943970000000000365e-06
6.966321999999999876e-06
6.992398999999999932e-06
7.014751000000000290e-06
7.037102000000000408e-06
7.059453999999999919e-06
7.085530999999999974e-06
7.104157999999999788e-06
7.122784000000000209e-06
7.145135999999999720e-06
7.163762000000000141e-06
7.182388999999999954e-06
7.197289999999999831e-06
7.215916000000000252e-06
7.230818000000000367e-06
7.249443999999999941e-06
7.264344999999999818e-06
7.282971999999999631e-06
7.297873000000000355e-06
7.312774000000000231e-06
7.323950000000000410e-06
7.331399999999999805e-06
7.335125999999999742e-06
7.327675000000000108e-06
7.312774000000000231e-06
7.297873000000000355e-06
7.275520999999999997e-06
7.249443999999999941e-06
7.219642000000000188e-06
7.186113999999999652e-06
7.148861000000000264e-06
7.111608000000000030e-06
7.074354999999999795e-06
7.037102000000000408e-06
6.999850000000000413e-06
6.966321999999999876e-06
6.936520000000000123e-06
6.906717000000000131e-06
6.880640000000000076e-06
6.862013999999999655e-06
6.839662000000000144e-06
6.824761000000000267e-06
6.809860000000000391e-06
6.802408999999999909e-06
6.794958999999999667e-06
6.787508000000000033e-06
6.787508000000000033e-06
6.787508000000000033e-06
6.787508000000000033e-06
6.794958999999999667e-06
6.798684000000000212e-06
6.806133999999999607e-06
6.817309999999999786e-06
6.828485999999999965e-06
6.839662000000000144e-06
6.850838000000000323e-06
6.865739000000000199e-06
6.876915000000000378e-06
6.895540999999999952e-06
6.906717000000000131e-06
6.925343999999999944e-06
6.940244999999999821e-06
6.958871000000000242e-06
6.973773000000000358e-06
6.996123999999999629e-06
7.011025000000000353e-06
7.029652000000000166e-06
7.048277999999999740e-06
7.066905000000000400e-06
7.085530999999999974e-06
7.104157999999999788e-06
7.122784000000000209e-06
7.141411000000000022e-06
7.160036999999999596e-06
7.182388999999999954e-06
7.197289999999999831e-06
7.219642000000000188e-06
7.234543000000000065e-06
7.253168999999999639e-06
7.271796000000000299e-06
7.286697000000000176e-06
7.305322999999999750e-06
7.320224999999999866e-06
7.338851000000000287e-06
7.353752000000000163e-06
7.376103999999999674e-06
7.391005000000000398e-06
7.409632000000000211e-06
7.424533000000000087e-06
7.439433999999999964e-06
7.458060000000000385e-06
7.472961000000000261e-06
7.487863000000000377e-06
7.499038000000000317e-06
7.513939999999999586e-06
7.528841000000000309e-06
7.540016999999999641e-06
7.558643000000000062e-06
7.569819000000000241e-06
7.592170999999999752e-06
7.603346999999999931e-06
7.621973000000000352e-06
7.636902999999999547e-06
7.655530000000000207e-06
7.670431000000000083e-06
7.685331999999999960e-06
7.700232999999999836e-06
7.715133999999999713e-06
7.726309999999999892e-06
7.741210999999999768e-06
7.756113000000000731e-06
7.767287999999999824e-06
7.782190000000000787e-06
7.793365999999999271e-06
7.808267000000000842e-06
7.823168000000000718e-06
7.838069000000000595e-06
7.852970000000000471e-06
7.867871000000000348e-06
7.882772000000000224e-06
7.901398999999999191e-06
7.916300000000000761e-06
7.934926999999999728e-06
7.949827999999999604e-06
7.968453999999999178e-06
7.979629999999999357e-06
7.994530999999999233e-06
8.009432000000000804e-06
8.016882999999999591e-06
8.031783999999999468e-06
8.042959999999999647e-06
8.046684999999999344e-06
8.057860999999999523e-06
8.069036999999999702e-06
8.076488000000000184e-06
8.087662999999999276e-06
8.098838999999999455e-06
8.106289999999999937e-06
8.121190999999999813e-06
8.132366999999999992e-06
8.139818000000000473e-06
8.154719000000000350e-06
8.165895000000000529e-06
8.173344999999999924e-06
8.188245999999999800e-06
8.199421999999999979e-06
8.203146999999999677e-06
8.218049000000000640e-06
8.229223999999999732e-06
8.240399999999999911e-06
8.251576000000000090e-06
8.262752000000000269e-06
8.277653000000000146e-06
8.288829000000000325e-06
8.300005000000000504e-06
8.314906000000000380e-06
8.326082000000000559e-06
8.344708000000000133e-06
8.359609999999999402e-06
8.374510999999999278e-06
8.389411999999999155e-06
8.400587999999999334e-06
8.415488999999999210e-06
8.426664999999999389e-06
8.437840999999999568e-06
8.449016999999999747e-06
8.456467000000000836e-06
8.467642999999999321e-06
8.475093999999999802e-06
8.486269999999999981e-06
8.493719999999999376e-06
8.504895999999999555e-06
8.512347000000000037e-06
8.519796999999999432e-06
8.530972999999999611e-06
8.542148999999999790e-06
8.549598999999999185e-06
8.564501000000000148e-06
8.575675999999999240e-06
8.586851999999999419e-06
8.601754000000000382e-06
8.612928999999999475e-06
8.627831000000000438e-06
8.642732000000000314e-06
8.653908000000000493e-06
8.668809000000000369e-06
8.679985000000000548e-06
8.698611000000000122e-06
8.709787000000000301e-06
8.728412999999999875e-06
8.739589000000000054e-06
8.754489999999999931e-06
8.769391999999999200e-06
8.780566999999999986e-06
8.791743000000000165e-06
8.802919000000000344e-06
8.810370000000000826e-06
8.821545999999999310e-06
8.832721999999999489e-06
8.843897000000000276e-06
8.855073000000000455e-06
8.866249000000000634e-06
8.877425000000000813e-06
8.888600999999999298e-06
8.899776999999999477e-06
8.914677999999999353e-06
8.925853999999999532e-06
8.940754999999999409e-06
8.951930999999999588e-06
8.966831999999999464e-06
8.981732999999999341e-06
8.992908999999999520e-06
9.007809999999999396e-06
9.022710999999999272e-06
9.033886999999999451e-06
9.048787999999999328e-06
9.059963999999999507e-06
9.074864999999999383e-06
9.086040999999999562e-06
9.097216999999999741e-06
9.108392999999999920e-06
9.119569000000000099e-06
9.130745000000000278e-06
9.149370999999999852e-06
9.160547000000000031e-06
9.175447999999999908e-06
9.190348999999999784e-06
9.205251000000000747e-06
9.220152000000000623e-06
9.235053000000000500e-06
9.249954000000000376e-06
9.264855000000000253e-06
9.276031000000000432e-06
9.294657999999999398e-06
9.309558999999999275e-06
9.324460000000000845e-06
9.339361000000000722e-06
9.354262000000000598e-06
9.372888999999999564e-06
9.380339000000000653e-06
9.395240000000000530e-06
9.406416000000000709e-06
9.417591999999999194e-06
9.428767999999999373e-06
9.436218999999999854e-06
9.443668999999999249e-06
9.451119999999999731e-06
9.462295999999999910e-06
9.469745999999999305e-06
9.484646999999999181e-06
9.495822999999999360e-06
9.506998999999999539e-06
9.521899999999999415e-06
9.536800999999999292e-06
9.551703000000000255e-06
9.566604000000000131e-06
9.585229999999999705e-06
9.600130999999999582e-06
9.618758000000000242e-06
9.633659000000000119e-06
9.652284999999999693e-06
9.667187000000000656e-06
9.682088000000000532e-06
9.696989000000000408e-06
9.715614999999999982e-06
9.726791000000000161e-06
9.745418000000000822e-06
9.760319000000000698e-06
9.775220000000000575e-06
9.790121000000000451e-06
9.805022000000000328e-06
9.819923000000000204e-06
9.838549999999999170e-06
9.849725999999999349e-06
9.864626999999999226e-06
9.879528000000000796e-06
9.890703999999999281e-06
9.905604999999999158e-06
9.913055999999999639e-06
9.927956999999999516e-06
9.942857999999999392e-06
9.957758999999999269e-06
9.972660000000000839e-06
9.987561000000000716e-06
1.000246000000000011e-05
1.001736000000000060e-05
1.003598999999999943e-05
1.004717000000000057e-05
1.006579000000000040e-05
1.008068999999999919e-05
1.009931999999999972e-05
1.011049999999999917e-05
1.012912000000000069e-05
1.014030000000000014e-05
1.015891999999999997e-05
1.017009999999999941e-05
1.018499999999999989e-05
1.019990000000000038e-05
1.021479999999999917e-05
1.022971000000000035e-05
1.024461000000000084e-05
1.025950999999999963e-05
1.027068000000000006e-05
1.028558000000000055e-05
1.029675999999999999e-05
1.031166000000000047e-05
1.032655999999999926e-05
1.034145999999999975e-05
1.035636999999999924e-05
1.037499000000000076e-05
1.038988999999999955e-05
1.040852000000000008e-05
1.042342000000000057e-05
1.044577000000000045e-05
1.046066999999999924e-05
1.047929999999999977e-05
1.049793000000000030e-05
1.051283000000000079e-05
1.053145000000000062e-05
1.054636000000000011e-05
1.056126000000000059e-05
1.057615999999999938e-05
1.059105999999999987e-05
1.060596000000000035e-05
1.062086000000000083e-05
1.063204000000000028e-05
1.064694000000000076e-05
1.066183999999999955e-05
1.067300999999999999e-05
1.069164000000000052e-05
1.070653999999999931e-05
1.072516999999999984e-05
1.074007000000000032e-05
1.076242000000000020e-05
1.078105000000000073e-05
1.079967000000000057e-05
1.082202999999999945e-05
1.084064999999999928e-05
1.085927999999999981e-05
1.087791000000000035e-05
1.089281000000000083e-05
1.091143000000000066e-05
1.092632999999999945e-05
1.094495999999999998e-05
1.095613999999999943e-05
1.097103999999999991e-05
1.098594000000000039e-05
1.100083999999999918e-05
1.101573999999999967e-05
1.103064000000000015e-05
1.104927000000000068e-05
1.106416999999999947e-05
1.108280000000000001e-05
1.109770000000000049e-05
1.111632000000000032e-05
1.113494999999999916e-05
1.115357999999999969e-05
1.117219999999999952e-05
1.119083000000000005e-05
1.120946000000000059e-05
1.123181000000000046e-05
1.125043000000000030e-05
1.127278999999999918e-05
1.128768999999999966e-05
1.130630999999999950e-05
1.132867000000000008e-05
1.134357000000000056e-05
1.136592000000000044e-05
1.138827000000000032e-05
1.141062000000000020e-05
1.143297000000000008e-05
1.146278000000000005e-05
1.148512999999999993e-05
1.151120999999999986e-05
1.153355999999999974e-05
1.156336000000000070e-05
1.158944000000000063e-05
1.161923999999999990e-05
1.164531999999999983e-05
1.166766999999999971e-05
1.169374000000000063e-05
1.171982000000000056e-05
1.174217000000000044e-05
1.176452000000000032e-05
1.178314999999999915e-05
1.180550000000000073e-05
1.182039999999999952e-05
1.183903000000000005e-05
1.185393000000000053e-05
1.187255999999999937e-05
1.188372999999999981e-05
1.190236000000000034e-05
1.191726000000000082e-05
1.193588999999999966e-05
1.195450999999999949e-05
1.196942000000000067e-05
1.198804000000000051e-05
1.200666999999999934e-05
1.202901999999999922e-05
1.204764999999999975e-05
1.206626999999999959e-05
1.208490000000000012e-05
1.210725000000000000e-05
1.212588000000000053e-05
1.214823000000000041e-05
1.217058000000000029e-05
1.218921000000000082e-05
1.221156000000000070e-05
1.223018999999999953e-05
1.225253999999999941e-05
1.227115999999999925e-05
1.228607000000000043e-05
1.230842000000000031e-05
1.232704000000000014e-05
1.234940000000000072e-05
1.236429999999999951e-05
1.238291999999999934e-05
1.240526999999999922e-05
1.242762999999999980e-05
1.244624999999999963e-05
1.246859999999999951e-05
1.248723000000000004e-05
1.250957999999999992e-05
1.253192999999999980e-05
1.255056000000000033e-05
1.256918999999999917e-05
1.259154000000000074e-05
1.261016999999999958e-05
1.263251999999999946e-05
1.265113999999999929e-05
1.266605000000000047e-05
1.268840000000000035e-05
1.270330000000000084e-05
1.272192000000000067e-05
1.273683000000000016e-05
1.275544999999999999e-05
1.277035000000000048e-05
1.278524999999999927e-05
1.279643000000000040e-05
1.281505999999999924e-05
1.282622999999999968e-05
1.284113000000000016e-05
1.285603999999999965e-05
1.287094000000000013e-05
1.288584000000000062e-05
1.290073999999999941e-05
1.291935999999999924e-05
1.293427000000000042e-05
1.295289000000000026e-05
1.297152000000000079e-05
1.298641999999999958e-05
1.300876999999999946e-05
1.302366999999999994e-05
1.304601999999999982e-05
1.306092999999999931e-05
1.307582999999999979e-05
1.309444999999999963e-05
1.310935000000000011e-05
1.312798000000000064e-05
1.314287999999999943e-05
1.315777999999999992e-05
1.317268000000000040e-05
1.319130999999999924e-05
1.320620999999999972e-05
1.322484000000000025e-05
1.323974000000000074e-05
1.326209000000000062e-05
1.327698999999999941e-05
1.329933999999999929e-05
1.331796999999999982e-05
1.333287000000000030e-05
1.335522000000000018e-05
1.337012999999999967e-05
1.338874999999999950e-05
1.340364999999999999e-05
1.342228000000000052e-05
1.343717999999999931e-05
1.345580999999999984e-05
1.347071000000000032e-05
1.348933000000000015e-05
1.350423999999999964e-05
1.351914000000000013e-05
1.353775999999999996e-05
1.355266000000000044e-05
1.356756999999999993e-05
1.358247000000000042e-05
1.359736999999999921e-05
1.361226999999999969e-05
1.362717000000000018e-05
1.364580000000000071e-05
1.366069999999999950e-05
1.367931999999999933e-05
1.369794999999999986e-05
1.371285000000000035e-05
1.373147999999999918e-05
1.374264999999999962e-05
1.376128000000000015e-05
1.377618000000000064e-05
1.379107999999999943e-05
1.380597999999999991e-05
1.382461000000000044e-05
1.383950999999999923e-05
1.385813999999999976e-05
1.387304000000000025e-05
1.389167000000000078e-05
1.390656999999999957e-05
1.392518999999999940e-05
1.393637000000000054e-05
1.395126999999999933e-05
1.396245000000000046e-05
1.397734999999999925e-05
1.399597000000000078e-05
1.400715000000000022e-05
1.402578000000000075e-05
1.403694999999999950e-05
1.405558000000000003e-05
1.407048000000000051e-05
1.408537999999999930e-05
1.410027999999999979e-05
1.411518000000000027e-05
1.412635999999999971e-05
1.414499000000000024e-05
1.415616000000000068e-05
1.417105999999999947e-05
1.418595999999999995e-05
1.419713999999999940e-05
1.421203999999999988e-05
1.422321999999999932e-05
1.424183999999999916e-05
1.424929000000000024e-05
1.426792000000000078e-05
1.427910000000000022e-05
1.429772000000000005e-05
1.431262000000000053e-05
1.432751999999999932e-05
1.434243000000000051e-05
1.435732999999999930e-05
1.437222999999999978e-05
1.438340000000000022e-05
1.439830999999999971e-05
1.440948000000000015e-05
1.442438000000000063e-05
1.443927999999999942e-05
1.445046000000000056e-05
1.446535999999999935e-05
1.447654000000000048e-05
1.449143999999999927e-05
1.450260999999999971e-05
1.452124000000000024e-05
1.453241999999999968e-05
1.454732000000000017e-05
1.455849000000000060e-05
1.457338999999999939e-05
1.458457000000000053e-05
1.459946999999999932e-05
1.461436999999999980e-05
1.462927000000000029e-05
1.464044999999999973e-05
1.465535000000000022e-05
1.466652999999999966e-05
1.468514999999999949e-05
1.469633000000000063e-05
1.471122999999999942e-05
1.472241000000000055e-05
1.474103000000000038e-05
1.475592999999999917e-05
1.476711000000000031e-05
1.478201000000000080e-05
1.478946000000000019e-05
1.480436000000000067e-05
1.481554000000000012e-05
1.482671000000000055e-05
1.483789000000000000e-05
1.484906999999999944e-05
1.485279000000000048e-05
1.486396999999999992e-05
1.487514000000000036e-05
1.488258999999999975e-05
1.489376999999999920e-05
1.490122000000000029e-05
1.491239999999999973e-05
1.492357000000000016e-05
1.493474999999999961e-05
1.494592000000000004e-05
1.495336999999999944e-05
1.496826999999999992e-05
1.497573000000000002e-05
1.498690000000000045e-05
1.499434999999999985e-05
1.500925000000000033e-05
1.502042999999999978e-05
1.503533000000000026e-05
1.504650999999999970e-05
1.506141000000000019e-05
1.507631000000000067e-05
1.509493000000000050e-05
1.510610999999999995e-05
1.512845999999999982e-05
1.513963999999999927e-05
1.515826000000000079e-05
1.517317000000000028e-05
1.519179000000000011e-05
1.520669000000000060e-05
1.522531999999999944e-05
1.524021999999999992e-05
1.525512000000000040e-05
1.527008000000000000e-05
1.528497999999999879e-05
1.529616000000000162e-05
1.531106000000000041e-05
1.532223999999999986e-05
1.532968999999999925e-05
1.534086000000000138e-05
1.534831000000000078e-05
1.535576000000000017e-05
1.535949000000000022e-05
1.536693999999999961e-05
1.537810999999999836e-05
1.538183999999999840e-05
1.538929000000000119e-05
1.539674000000000058e-05
1.540418999999999998e-05
1.541163999999999937e-05
1.541908999999999877e-05
1.543027000000000160e-05
1.543772000000000099e-05
1.544890000000000044e-05
1.545634999999999983e-05
1.546751999999999857e-05
1.548242000000000075e-05
1.548987000000000015e-05
1.550104999999999959e-05
1.551594999999999838e-05
1.552713000000000121e-05
1.554203000000000000e-05
1.555319999999999874e-05
1.556438000000000157e-05
1.557928000000000036e-05
1.559045999999999981e-05
1.560162999999999855e-05
1.561281000000000138e-05
1.562398000000000012e-05
1.563888999999999961e-05
1.564633999999999901e-05
1.565751000000000114e-05
1.567240999999999993e-05
1.567985999999999932e-05
1.569103999999999876e-05
1.570222000000000160e-05
1.570594000000000094e-05
1.571712000000000039e-05
1.572828999999999913e-05
1.573573999999999852e-05
1.574692000000000135e-05
1.575809000000000010e-05
1.576926999999999954e-05
1.577299999999999959e-05
1.578416999999999833e-05
1.579535000000000116e-05
1.580280000000000055e-05
1.581396999999999930e-05
1.582514999999999874e-05
1.583260000000000152e-05
1.584378000000000096e-05
1.585867999999999975e-05
1.586612999999999915e-05
1.588103000000000133e-05
1.589220000000000007e-05
1.590337999999999951e-05
1.591455999999999896e-05
1.592573000000000109e-05
1.593691000000000053e-05
1.595180999999999932e-05
1.596298999999999876e-05
1.597789000000000094e-05
1.598905999999999968e-05
1.600395999999999847e-05
1.601886000000000065e-05
1.603004000000000009e-05
1.604493999999999888e-05
1.605611999999999833e-05
1.606729000000000046e-05
1.608218999999999925e-05
1.609336999999999869e-05
1.610455000000000152e-05
1.611572000000000026e-05
1.613061999999999905e-05
1.614179999999999849e-05
1.615298000000000132e-05
1.616415000000000007e-05
1.617532999999999951e-05
1.618650000000000164e-05
1.619768000000000108e-05
1.620884999999999983e-05
1.622002999999999927e-05
1.623493000000000145e-05
1.624983000000000024e-05
1.626472999999999903e-05
1.627963999999999852e-05
1.629454000000000069e-05
1.630943999999999948e-05
1.632806000000000101e-05
1.634295999999999980e-05
1.635786999999999929e-05
1.637277000000000147e-05
1.638767000000000026e-05
1.640256999999999905e-05
1.641747000000000123e-05
1.643237000000000002e-05
1.643981999999999941e-05
1.645472000000000159e-05
1.646590000000000103e-05
1.647708000000000047e-05
1.649197999999999926e-05
1.650315000000000140e-05
1.651433000000000084e-05
1.652922999999999963e-05
1.654040999999999907e-05
1.655531000000000125e-05
1.656647999999999999e-05
1.658137999999999878e-05
1.659256000000000161e-05
1.660746000000000040e-05
1.662235999999999919e-05
1.663726000000000137e-05
1.665216000000000016e-05
1.666333999999999960e-05
1.668196999999999844e-05
1.669314000000000057e-05
1.670803999999999936e-05
1.671921999999999880e-05
1.673412000000000098e-05
1.674901999999999977e-05
1.676391999999999856e-05
1.677882000000000074e-05
1.679373000000000023e-05
1.680862999999999902e-05
1.682353000000000120e-05
1.683842999999999999e-05
1.684959999999999873e-05
1.686078000000000156e-05
1.687568000000000035e-05
1.688312999999999975e-05
1.689802999999999854e-05
1.690921000000000137e-05
1.692038000000000011e-05
1.693528999999999960e-05
1.694273999999999899e-05
1.695764000000000117e-05
1.697253999999999996e-05
1.698370999999999871e-05
1.699862000000000158e-05
1.700979000000000033e-05
1.702468999999999912e-05
1.703586999999999856e-05
1.705077000000000074e-05
1.706566999999999953e-05
1.707684999999999897e-05
1.709547000000000050e-05
1.710664999999999994e-05
1.712154999999999873e-05
1.713273000000000156e-05
1.715134999999999970e-05
1.716252999999999914e-05
1.717743000000000132e-05
1.719233000000000011e-05
1.720350999999999955e-05
1.722213000000000107e-05
1.723331000000000052e-05
1.724820999999999931e-05
1.725938999999999875e-05
1.727801000000000028e-05
1.728918999999999972e-05
1.730408999999999851e-05
1.731899000000000069e-05
1.733388999999999948e-05
1.735251999999999831e-05
1.736369000000000044e-05
1.738231999999999928e-05
1.739349999999999872e-05
1.740840000000000090e-05
1.741956999999999965e-05
1.743819999999999848e-05
1.744938000000000131e-05
1.746428000000000010e-05
1.747917999999999889e-05
1.749408000000000107e-05
1.750897999999999986e-05
1.752015999999999930e-05
1.753506000000000148e-05
1.754623000000000022e-05
1.756112999999999901e-05
1.757603999999999850e-05
1.759094000000000068e-05
1.760583999999999947e-05
1.761701000000000160e-05
1.763192000000000109e-05
1.764308999999999984e-05
1.765798999999999863e-05
1.766917000000000146e-05
1.768034000000000020e-05
1.769524999999999969e-05
1.770641999999999843e-05
1.772132000000000061e-05
1.773250000000000005e-05
1.774739999999999884e-05
1.775858000000000167e-05
1.776975000000000042e-05
1.778092999999999986e-05
1.779582999999999865e-05
1.780328000000000143e-05
1.781445000000000017e-05
1.782562999999999962e-05
1.783680999999999906e-05
1.784798000000000119e-05
1.785916000000000063e-05
1.786661000000000003e-05
1.787405999999999942e-05
1.788523999999999886e-05
1.788896000000000160e-05
1.790014000000000104e-05
1.790759000000000044e-05
1.791875999999999918e-05
1.792248999999999923e-05
1.793366000000000136e-05
1.794484000000000080e-05
1.795229000000000020e-05
1.796346999999999964e-05
1.797463999999999838e-05
1.798582000000000121e-05
1.799698999999999995e-05
1.800816999999999940e-05
1.801561999999999879e-05
1.802680000000000162e-05
1.803797000000000037e-05
1.804914999999999981e-05
1.805659999999999920e-05
1.806404999999999860e-05
1.807522000000000073e-05
1.807895000000000078e-05
1.808268000000000082e-05
1.809013000000000022e-05
1.809384999999999957e-05
1.809757999999999961e-05
1.810129999999999896e-05
1.810129999999999896e-05
1.810502999999999901e-05
1.810502999999999901e-05
1.810502999999999901e-05
1.810502999999999901e-05
1.810502999999999901e-05
1.810502999999999901e-05
1.810502999999999901e-05
1.810874999999999836e-05
1.810874999999999836e-05
1.811247999999999840e-05
1.811247999999999840e-05
1.811620000000000114e-05
1.811993000000000119e-05
1.812738000000000058e-05
1.813482999999999998e-05
1.814227999999999937e-05
1.814600999999999942e-05
1.815718000000000155e-05
1.816463000000000094e-05
1.817581000000000039e-05
1.818325999999999978e-05
1.819442999999999853e-05
1.820561000000000136e-05
1.820934000000000140e-05
1.822051000000000015e-05
1.822795999999999954e-05
1.823540999999999894e-05
1.823913999999999898e-05
1.823913999999999898e-05
1.824285999999999833e-05
1.824285999999999833e-05
1.824285999999999833e-05
1.824658999999999838e-05
1.825031000000000111e-05
1.825031000000000111e-05
1.825404000000000116e-05
1.826149000000000056e-05
1.826520999999999990e-05
1.826893999999999995e-05
1.827638999999999935e-05
1.828011999999999939e-05
1.828756999999999879e-05
1.829129000000000152e-05
1.829502000000000157e-05
1.829874000000000092e-05
1.830247000000000097e-05
1.830247000000000097e-05
1.830247000000000097e-05
1.830619000000000031e-05
1.830619000000000031e-05
1.830992000000000036e-05
1.831363999999999971e-05
1.832108999999999910e-05
1.832481999999999915e-05
1.832853999999999850e-05
1.833226999999999855e-05
1.833599999999999859e-05
1.834345000000000138e-05
1.835090000000000077e-05
1.835835000000000017e-05
1.836206999999999952e-05
1.836579999999999956e-05
1.837324999999999896e-05
1.838069999999999835e-05
1.838442000000000109e-05
1.839187000000000048e-05
1.839560000000000053e-05
1.839560000000000053e-05
1.839933000000000058e-05
1.840304999999999993e-05
1.840677999999999997e-05
1.841049999999999932e-05
1.841422999999999937e-05
1.841794999999999872e-05
1.842167999999999876e-05
1.842913000000000155e-05
1.842913000000000155e-05
1.843658000000000094e-05
1.844403000000000034e-05
1.844774999999999968e-05
1.845519999999999908e-05
1.845892999999999913e-05
1.846637999999999852e-05
1.847383000000000130e-05
1.848128000000000070e-05
1.848873000000000009e-05
1.849246000000000014e-05
1.849990999999999954e-05
1.850735999999999893e-05
1.851480999999999833e-05
1.852226000000000111e-05
1.852226000000000111e-05
1.852971000000000051e-05
1.853715999999999990e-05
1.854460999999999930e-05
1.854833999999999934e-05
1.855578999999999874e-05
1.855578999999999874e-05
1.856324000000000152e-05
1.857069000000000092e-05
1.857814000000000031e-05
1.858558999999999971e-05
1.858558999999999971e-05
1.859303999999999910e-05
1.860421999999999854e-05
1.861539000000000067e-05
1.862284000000000007e-05
1.863401999999999951e-05
1.864146999999999891e-05
1.864892000000000169e-05
1.866010000000000113e-05
1.866755000000000053e-05
1.867126999999999988e-05
1.867499999999999992e-05
1.867871999999999927e-05
1.867499999999999992e-05
1.867499999999999992e-05
1.867126999999999988e-05
1.866755000000000053e-05
1.866382000000000048e-05
1.866010000000000113e-05
1.866010000000000113e-05
1.866382000000000048e-05
1.867126999999999988e-05
1.867871999999999927e-05
1.868616999999999867e-05
1.870480000000000089e-05
1.871596999999999963e-05
1.873459999999999847e-05
1.874950000000000065e-05
1.876439999999999944e-05
1.877930000000000162e-05
1.879048000000000106e-05
1.880537999999999985e-05
1.880910999999999990e-05
1.881282999999999924e-05
1.881655999999999929e-05
1.881655999999999929e-05
1.881282999999999924e-05
1.881282999999999924e-05
1.880910999999999990e-05
1.880910999999999990e-05
1.880910999999999990e-05
1.880910999999999990e-05
1.880910999999999990e-05
1.881282999999999924e-05
1.882027999999999864e-05
1.882400999999999869e-05
1.882773000000000142e-05
1.883518000000000082e-05
1.883891000000000087e-05
1.885009000000000031e-05
1.886498999999999910e-05
1.887243999999999849e-05
1.888734000000000067e-05
1.890223999999999946e-05
1.891714000000000164e-05
1.893204000000000043e-05
1.894321999999999987e-05
1.895811999999999866e-05
1.896929000000000079e-05
1.898420000000000028e-05
1.899909999999999907e-05
1.901027000000000120e-05
1.902516999999999999e-05
1.903261999999999939e-05
1.904752999999999888e-05
1.905870000000000101e-05
1.906988000000000045e-05
1.908104999999999919e-05
1.909222999999999864e-05
1.909968000000000142e-05
1.911086000000000086e-05
1.912202999999999960e-05
1.912947999999999900e-05
1.913692999999999840e-05
1.914438000000000118e-05
1.915556000000000062e-05
1.916301000000000002e-05
1.917045999999999941e-05
1.918163999999999885e-05
1.918909000000000164e-05
1.919654000000000103e-05
1.920770999999999977e-05
1.921515999999999917e-05
1.921888999999999922e-05
1.923006000000000135e-05
1.923752000000000144e-05
1.924497000000000084e-05
1.925242000000000023e-05
1.925986999999999963e-05
1.926731999999999902e-05
1.927849000000000115e-05
1.928222000000000120e-05
1.928967000000000060e-05
1.930085000000000004e-05
1.930829999999999943e-05
1.931574999999999883e-05
1.932320000000000161e-05
1.933065000000000101e-05
1.933810000000000040e-05
1.934554999999999980e-05
1.934926999999999914e-05
1.935671999999999854e-05
1.936044999999999859e-05
1.937163000000000142e-05
1.937908000000000081e-05
1.938280000000000016e-05
1.939397999999999960e-05
1.940142999999999900e-05
1.940887999999999839e-05
1.942005000000000052e-05
1.943496000000000001e-05
1.944240999999999941e-05
1.944985999999999880e-05
1.946103000000000093e-05
1.947221000000000038e-05
1.947592999999999972e-05
1.948710999999999917e-05
1.949455999999999856e-05
1.950574000000000139e-05
1.951319000000000079e-05
1.952435999999999953e-05
1.953553999999999897e-05
1.954298999999999837e-05
1.955417000000000120e-05
1.956533999999999994e-05
1.957278999999999933e-05
1.958023999999999873e-05
1.959142000000000156e-05
1.959887000000000096e-05
1.960259000000000030e-05
1.961003999999999970e-05
1.962121999999999914e-05
1.962866999999999854e-05
1.963612000000000132e-05
1.964357000000000071e-05
1.965102000000000011e-05
1.965846999999999950e-05
1.966591999999999890e-05
1.967709999999999834e-05
1.968455000000000112e-05
1.969200000000000052e-05
1.969944999999999991e-05
1.971062999999999936e-05
1.972180000000000149e-05
1.972925000000000088e-05
1.974043000000000032e-05
1.975160999999999977e-05
1.976277999999999851e-05
1.977768000000000069e-05
1.978886000000000013e-05
1.979630999999999953e-05
1.981120999999999832e-05
1.982239000000000115e-05
1.982984000000000054e-05
1.984100999999999928e-05
1.985218999999999873e-05
1.985964000000000151e-05
1.987454000000000030e-05
1.988571999999999974e-05
1.989316999999999914e-05
1.990807000000000132e-05
1.991924000000000006e-05
1.993413999999999885e-05
1.994904999999999834e-05
1.995650000000000112e-05
1.996766999999999986e-05
1.997884999999999931e-05
1.999002000000000144e-05
2.000493000000000093e-05
2.001238000000000032e-05
2.002354999999999906e-05
2.003845000000000124e-05
2.004963000000000068e-05
2.006079999999999943e-05
2.007197999999999887e-05
2.008315999999999831e-05
2.009433000000000044e-05
2.010550999999999989e-05
2.011295999999999928e-05
2.012413000000000141e-05
2.013904000000000090e-05
2.014649000000000030e-05
2.015765999999999904e-05
2.016883999999999848e-05
2.018001000000000061e-05
2.019119000000000005e-05
2.020236999999999950e-05
2.021354000000000163e-05
2.022472000000000107e-05
2.023588999999999981e-05
2.024706999999999926e-05
2.025824999999999870e-05
2.026570000000000148e-05
2.028060000000000027e-05
2.029176999999999901e-05
2.029921999999999841e-05
2.031412000000000059e-05
2.032530000000000003e-05
2.033647999999999947e-05
2.034765000000000160e-05
2.035883000000000104e-05
2.037372999999999983e-05
2.038489999999999858e-05
2.039235999999999867e-05
2.040726000000000085e-05
2.041842999999999959e-05
2.042960999999999904e-05
2.044078000000000117e-05
2.045196000000000061e-05
2.046314000000000005e-05
2.047803999999999884e-05
2.048549000000000162e-05
2.049666000000000037e-05
2.051155999999999916e-05
2.052273999999999860e-05
2.053392000000000143e-05
2.054882000000000022e-05
2.055626999999999962e-05
2.057116999999999841e-05
2.058235000000000124e-05
2.059725000000000003e-05
2.061214999999999882e-05
2.062332000000000095e-05
2.063821999999999974e-05
2.065312999999999923e-05
2.066803000000000140e-05
2.067920000000000015e-05
2.069409999999999894e-05
2.070527999999999838e-05
2.071273000000000116e-05
2.072762999999999995e-05
2.073880999999999940e-05
2.074998000000000153e-05
2.076116000000000097e-05
2.077234000000000041e-05
2.078723999999999920e-05
2.079841000000000133e-05
2.080959000000000077e-05
2.082448999999999956e-05
2.083566999999999901e-05
2.085057000000000119e-05
2.086546999999999998e-05
2.088036999999999877e-05
2.089899000000000029e-05
2.091016999999999973e-05
2.092506999999999852e-05
2.093625000000000135e-05
2.095115000000000014e-05
2.096231999999999889e-05
2.097349999999999833e-05
2.098840000000000051e-05
2.099584999999999990e-05
2.101074999999999869e-05
2.102193000000000152e-05
2.102938000000000092e-05
2.104427999999999971e-05
2.105545999999999915e-05
2.106663000000000128e-05
2.108153000000000007e-05
2.109270999999999951e-05
2.111133999999999835e-05
2.112624000000000053e-05
2.114485999999999867e-05
2.115977000000000155e-05
2.117838999999999968e-05
2.119701999999999852e-05
2.121564000000000005e-05
2.123426999999999888e-05
2.125290000000000111e-05
2.127524999999999929e-05
2.129015000000000147e-05
2.130878000000000031e-05
2.132367999999999910e-05
2.134230000000000063e-05
2.135348000000000007e-05
2.136837999999999886e-05
2.137956000000000169e-05
2.139446000000000048e-05
2.140562999999999922e-05
2.141680999999999866e-05
2.143171000000000084e-05
2.143916000000000024e-05
2.145405999999999903e-05
2.146896000000000121e-05
2.148014000000000065e-05
2.149503999999999944e-05
2.150621999999999888e-05
2.152484000000000041e-05
2.153601999999999985e-05
2.155464999999999869e-05
2.156955000000000086e-05
2.159189999999999905e-05
2.160680000000000123e-05
2.162543000000000006e-05
2.164405000000000159e-05
2.166268000000000043e-05
2.168130999999999927e-05
2.169621000000000144e-05
2.171482999999999958e-05
2.172972999999999837e-05
2.174836000000000060e-05
2.175954000000000004e-05
2.177816000000000157e-05
2.178934000000000101e-05
2.180423999999999980e-05
2.181541999999999924e-05
2.183032000000000142e-05
2.184522000000000021e-05
2.185638999999999895e-05
2.187129999999999844e-05
2.188620000000000062e-05
2.190109999999999941e-05
2.191600000000000159e-05
2.193090000000000038e-05
2.194579999999999917e-05
2.196070000000000135e-05
2.197560000000000014e-05
2.198677999999999958e-05
2.200167999999999837e-05
2.201286000000000120e-05
2.202775999999999999e-05
2.204265999999999878e-05
2.205756000000000096e-05
2.207245999999999975e-05
2.208363999999999919e-05
2.209854000000000137e-05
2.210971000000000011e-05
2.212833999999999895e-05
2.213951999999999839e-05
2.215442000000000057e-05
2.216558999999999931e-05
2.218049000000000149e-05
2.219540000000000098e-05
2.221029999999999977e-05
2.222519999999999856e-05
2.224010000000000074e-05
2.225872999999999957e-05
2.226989999999999832e-05
2.228853000000000054e-05
2.230342999999999933e-05
2.231833000000000151e-05
2.233323000000000030e-05
2.234812999999999909e-05
2.236303000000000127e-05
2.237794000000000076e-05
2.238910999999999950e-05
2.240773999999999834e-05
2.241891000000000047e-05
2.243753999999999931e-05
2.245244000000000149e-05
2.246362000000000093e-05
2.247851999999999972e-05
2.249341999999999851e-05
2.250832000000000069e-05
2.251950000000000013e-05
2.253812000000000166e-05
2.255302000000000045e-05
2.256792999999999993e-05
2.258655000000000146e-05
2.260518000000000030e-05
2.262007999999999909e-05
2.263871000000000131e-05
2.265732999999999945e-05
2.267223000000000163e-05
2.269086000000000047e-05
2.270575999999999926e-05
2.272439000000000148e-05
2.273929000000000027e-05
2.275790999999999841e-05
2.277282000000000129e-05
2.279516999999999947e-05
2.281007000000000165e-05
2.282870000000000049e-05
2.284359999999999928e-05
2.286222000000000081e-05
2.287711999999999960e-05
2.289574999999999843e-05
2.291438000000000066e-05
2.292554999999999940e-05
2.294418000000000163e-05
2.295908000000000042e-05
2.298142999999999860e-05
2.299633000000000078e-05
2.301868999999999966e-05
2.303358999999999845e-05
2.305220999999999998e-05
2.306710999999999877e-05
2.308574000000000100e-05
2.310063999999999979e-05
2.311553999999999858e-05
2.313417000000000080e-05
2.314906999999999959e-05
2.316396999999999838e-05
2.317887000000000056e-05
2.319376999999999935e-05
2.320867000000000153e-05
2.321985000000000097e-05
2.323847999999999981e-05
2.324964999999999855e-05
2.326455000000000073e-05
2.327573000000000017e-05
2.329435999999999901e-05
2.330553000000000114e-05
2.332042999999999993e-05
2.333905999999999877e-05
2.335024000000000160e-05
2.336885999999999974e-05
2.338003999999999918e-05
2.339866000000000070e-05
2.340984000000000015e-05
2.342846999999999898e-05
2.344337000000000116e-05
2.346198999999999930e-05
2.347689999999999879e-05
2.349552000000000032e-05
2.351414999999999915e-05
2.352905000000000133e-05
2.354768000000000017e-05
2.356629999999999831e-05
2.358493000000000053e-05
2.359982999999999932e-05
2.361846000000000155e-05
2.363336000000000034e-05
2.365197999999999848e-05
2.366689000000000135e-05
2.368179000000000014e-05
2.369668999999999893e-05
2.371531000000000046e-05
2.372648999999999990e-05
2.374511999999999874e-05
2.375629000000000087e-05
2.377118999999999966e-05
2.378608999999999845e-05
2.380100000000000133e-05
2.381217000000000007e-05
2.382706999999999886e-05
2.384197000000000104e-05
2.385315000000000048e-05
2.386804999999999927e-05
2.388295000000000145e-05
2.389785000000000024e-05
2.390902999999999968e-05
2.392765999999999852e-05
2.394256000000000070e-05
2.396117999999999884e-05
2.397608000000000101e-05
2.399470999999999985e-05
2.400960999999999864e-05
2.402451000000000082e-05
2.403940999999999961e-05
2.405803999999999845e-05
2.406922000000000128e-05
2.408783999999999941e-05
2.409901999999999886e-05
2.411765000000000108e-05
2.412881999999999983e-05
2.414371999999999862e-05
2.416235000000000084e-05
2.417724999999999963e-05
2.419214999999999842e-05
2.420705000000000060e-05
2.422567999999999944e-05
2.423685999999999888e-05
2.425548000000000040e-05
2.426665999999999985e-05
2.428528000000000137e-05
2.430019000000000086e-05
2.431880999999999900e-05
2.433371000000000118e-05
2.435234000000000002e-05
2.436723999999999881e-05
2.438214000000000098e-05
2.439703999999999977e-05
2.441566999999999861e-05
2.443057000000000079e-05
2.444546999999999958e-05
2.446036999999999837e-05
2.447900000000000060e-05
2.449389999999999939e-05
2.450880000000000156e-05
2.452370000000000035e-05
2.453859999999999914e-05
2.455350000000000132e-05
2.456841000000000081e-05
2.458330999999999960e-05
2.459820999999999839e-05
2.460938000000000052e-05
2.462800999999999936e-05
2.463918999999999880e-05
2.465781000000000033e-05
2.466898999999999977e-05
2.468761999999999861e-05
2.469879000000000074e-05
2.471368999999999953e-05
2.473231999999999837e-05
2.474722000000000055e-05
2.476211999999999934e-05
2.477702000000000151e-05
2.479565000000000035e-05
2.480681999999999909e-05
2.482545000000000132e-05
2.483663000000000076e-05
2.485524999999999890e-05
2.486642999999999834e-05
2.488133000000000052e-05
2.489250999999999996e-05
2.491113000000000149e-05
2.492231000000000093e-05
2.493720999999999972e-05
2.495210999999999851e-05
2.496701000000000069e-05
2.498563999999999953e-05
2.499681000000000166e-05
2.501172000000000115e-05
2.502661999999999994e-05
2.504151999999999873e-05
2.505269000000000086e-05
2.506758999999999965e-05
2.508249999999999914e-05
2.509740000000000132e-05
2.511230000000000011e-05
2.512719999999999890e-05
2.514210000000000107e-05
2.515699999999999986e-05
2.517189999999999865e-05
2.518680000000000083e-05
2.520171000000000032e-05
2.521287999999999906e-05
2.522778000000000124e-05
2.524268000000000003e-05
2.525757999999999882e-05
2.526876000000000165e-05
2.528739000000000049e-05
2.530228999999999928e-05
2.531346000000000141e-05
2.533209000000000025e-05
2.534326999999999969e-05
2.536189000000000122e-05
2.537307000000000066e-05
2.538796999999999945e-05
2.540287000000000163e-05
2.541777000000000042e-05
2.542894999999999986e-05
2.544384999999999865e-05
2.545875000000000083e-05
2.546993000000000027e-05
2.548854999999999841e-05
2.549973000000000124e-05
2.551463000000000003e-05
2.552580999999999947e-05
2.554443000000000100e-05
2.555561000000000044e-05
2.557050999999999923e-05
2.558541000000000141e-05
2.560031000000000020e-05
2.561893999999999904e-05
2.563384000000000121e-05
2.564874000000000000e-05
2.566363999999999879e-05
2.567854000000000097e-05
2.569343999999999976e-05
2.571206999999999860e-05
2.572325000000000143e-05
2.573815000000000022e-05
2.574931999999999896e-05
2.576795000000000119e-05
2.577540000000000058e-05
2.579402999999999942e-05
2.580893000000000160e-05
2.582010000000000034e-05
2.583499999999999913e-05
2.584617999999999858e-05
2.586108000000000075e-05
2.587226000000000020e-05
2.588715999999999899e-05
2.590206000000000116e-05
2.591324000000000061e-05
2.592813999999999940e-05
2.594304000000000157e-05
2.595794000000000036e-05
2.596911999999999981e-05
2.598774000000000133e-05
2.599892000000000078e-05
2.601753999999999891e-05
2.602871999999999836e-05
2.604735000000000058e-05
2.606224999999999937e-05
2.607715000000000155e-05
2.609205000000000034e-05
2.610694999999999913e-05
2.612185000000000131e-05
2.613303000000000075e-05
2.615164999999999889e-05
2.616282999999999833e-05
2.617773000000000051e-05
2.619262999999999930e-05
2.620753000000000148e-05
2.622243000000000027e-05
2.623733999999999976e-05
2.625223999999999855e-05
2.626714000000000072e-05
2.628203999999999951e-05
2.630066999999999835e-05
2.631557000000000053e-05
2.633046999999999932e-05
2.634537000000000150e-05
2.636400000000000034e-05
2.637889999999999913e-05
2.639380000000000130e-05
2.640870000000000009e-05
2.642359999999999888e-05
2.644223000000000111e-05
2.645339999999999985e-05
2.647202999999999869e-05
2.648321000000000152e-05
2.650182999999999966e-05
2.651300999999999910e-05
2.653163000000000063e-05
2.654281000000000007e-05
2.656143999999999891e-05
2.657634000000000108e-05
2.659123999999999987e-05
2.660613999999999866e-05
2.662104000000000084e-05
2.663222000000000029e-05
2.665083999999999842e-05
2.666202000000000125e-05
2.667692000000000004e-05
2.668809999999999949e-05
2.669927000000000162e-05
2.671045000000000106e-05
2.672161999999999980e-05
2.672534999999999985e-05
2.673651999999999859e-05
2.674397999999999869e-05
2.675515000000000082e-05
2.675888000000000086e-05
2.676633000000000026e-05
2.677377999999999965e-05
2.678122999999999905e-05
2.678494999999999840e-05
2.678867999999999845e-05
2.679240000000000118e-05
2.679985000000000058e-05
2.680358000000000062e-05
2.680731000000000067e-05
2.681103000000000002e-05
2.681476000000000007e-05
2.681476000000000007e-05
2.681476000000000007e-05
2.681847999999999941e-05
2.681847999999999941e-05
2.681847999999999941e-05
2.681847999999999941e-05
2.682220999999999946e-05
2.681847999999999941e-05
2.681847999999999941e-05
2.681847999999999941e-05
2.682220999999999946e-05
2.682220999999999946e-05
2.682220999999999946e-05
2.682220999999999946e-05
2.682220999999999946e-05
2.682220999999999946e-05
2.682220999999999946e-05
2.682220999999999946e-05
2.682220999999999946e-05
2.682220999999999946e-05
2.681847999999999941e-05
2.681847999999999941e-05
2.681847999999999941e-05
2.681847999999999941e-05
2.681847999999999941e-05
2.681847999999999941e-05
2.681847999999999941e-05
2.681847999999999941e-05
2.681847999999999941e-05
2.681847999999999941e-05
2.681847999999999941e-05
2.681847999999999941e-05
2.681847999999999941e-05
2.681847999999999941e-05
2.681847999999999941e-05
2.682220999999999946e-05
2.682220999999999946e-05
2.682220999999999946e-05
2.682220999999999946e-05
2.682220999999999946e-05
2.682220999999999946e-05
2.682592999999999881e-05
2.682592999999999881e-05
2.682965999999999886e-05
2.682965999999999886e-05
2.682965999999999886e-05
2.683338000000000159e-05
2.683338000000000159e-05
2.683711000000000164e-05
2.684083000000000099e-05
2.684083000000000099e-05
2.684456000000000103e-05
2.684456000000000103e-05
2.684828000000000038e-05
2.684828000000000038e-05
2.684828000000000038e-05
2.684828000000000038e-05
2.684828000000000038e-05
2.684828000000000038e-05
2.684456000000000103e-05
2.684456000000000103e-05
2.684456000000000103e-05
2.684456000000000103e-05
2.684083000000000099e-05
2.684083000000000099e-05
2.684083000000000099e-05
2.683711000000000164e-05
2.683711000000000164e-05
2.683338000000000159e-05
2.683338000000000159e-05
2.682965999999999886e-05
2.682965999999999886e-05
2.682965999999999886e-05
2.682592999999999881e-05
2.682592999999999881e-05
2.682220999999999946e-05
2.682220999999999946e-05
2.682220999999999946e-05
2.682220999999999946e-05
2.682220999999999946e-05
2.682220999999999946e-05
2.682220999999999946e-05
2.682220999999999946e-05
2.682220999999999946e-05
2.681847999999999941e-05
2.681847999999999941e-05
2.681476000000000007e-05
2.681476000000000007e-05
2.681476000000000007e-05
2.681103000000000002e-05
2.681103000000000002e-05
2.680731000000000067e-05
2.680358000000000062e-05
2.680358000000000062e-05
2.679985000000000058e-05
2.679613000000000123e-05
2.679240000000000118e-05
2.679240000000000118e-05
2.679240000000000118e-05
2.678867999999999845e-05
2.678867999999999845e-05
2.678867999999999845e-05
2.678867999999999845e-05
2.678867999999999845e-05
2.678867999999999845e-05
2.678867999999999845e-05
2.679240000000000118e-05
2.679240000000000118e-05
2.679240000000000118e-05
2.679613000000000123e-05
2.679613000000000123e-05
2.679613000000000123e-05
2.679613000000000123e-05
2.679613000000000123e-05
2.679613000000000123e-05
2.679613000000000123e-05
2.679613000000000123e-05
2.679613000000000123e-05
2.679240000000000118e-05
2.679240000000000118e-05
2.679240000000000118e-05
2.679240000000000118e-05
2.678867999999999845e-05
2.678867999999999845e-05
2.678867999999999845e-05
2.678867999999999845e-05
2.678867999999999845e-05
2.678867999999999845e-05
2.678867999999999845e-05
2.678867999999999845e-05
2.678867999999999845e-05
2.678494999999999840e-05
2.678494999999999840e-05
2.678494999999999840e-05
2.678494999999999840e-05
2.678494999999999840e-05
2.678122999999999905e-05
2.678122999999999905e-05
2.677749999999999900e-05
2.677749999999999900e-05
2.677377999999999965e-05
2.677377999999999965e-05
2.677377999999999965e-05
2.677377999999999965e-05
2.677377999999999965e-05
2.677377999999999965e-05
2.677377999999999965e-05
2.677377999999999965e-05
2.677377999999999965e-05
2.677377999999999965e-05
2.677377999999999965e-05
2.677377999999999965e-05
2.677377999999999965e-05
2.677377999999999965e-05
2.677377999999999965e-05
2.677377999999999965e-05
2.677377999999999965e-05
2.677377999999999965e-05
2.677377999999999965e-05
2.677377999999999965e-05
2.677377999999999965e-05
2.677377999999999965e-05
2.677004999999999961e-05
2.677004999999999961e-05
2.677004999999999961e-05
2.676633000000000026e-05
2.676633000000000026e-05
2.676260000000000021e-05
2.676260000000000021e-05
2.675888000000000086e-05
2.675888000000000086e-05
2.675888000000000086e-05
2.675888000000000086e-05
2.675888000000000086e-05
2.675888000000000086e-05
2.675888000000000086e-05
2.675888000000000086e-05
2.675888000000000086e-05
2.675888000000000086e-05
2.675888000000000086e-05
2.675888000000000086e-05
2.675888000000000086e-05
2.675888000000000086e-05
2.675888000000000086e-05
2.675888000000000086e-05
2.675888000000000086e-05
2.675888000000000086e-05
2.675888000000000086e-05
2.675888000000000086e-05
2.675888000000000086e-05
2.675888000000000086e-05
2.676260000000000021e-05
2.676260000000000021e-05
2.676260000000000021e-05
2.676260000000000021e-05
