4.585483000000000224e-05
4.585483000000000224e-05
4.586228000000000163e-05
4.588836000000000325e-05
4.592933999999999689e-05
4.598148999999999943e-05
4.603365000000000267e-05
4.608207000000000178e-05
4.612677999999999885e-05
4.616403000000000260e-05
4.619383000000000018e-05
4.621617999999999836e-05
4.623481000000000059e-05
4.624598999999999664e-05
4.625715999999999877e-05
4.626460999999999817e-05
4.627950999999999696e-05
4.629442000000000322e-05
4.630558999999999858e-05
4.631677000000000141e-05
4.632793999999999676e-05
4.633539000000000294e-05
4.634284000000000233e-05
4.634284000000000233e-05
4.633539000000000294e-05
4.632793999999999676e-05
4.632048999999999737e-05
4.630558999999999858e-05
4.629068999999999979e-05
4.626460999999999817e-05
4.623108999999999785e-05
4.618638000000000078e-05
4.613422999999999824e-05
4.608207000000000178e-05
4.603736999999999863e-05
4.599638999999999822e-05
4.596659000000000064e-05
4.593305999999999962e-05
4.588462999999999982e-05
4.584366000000000011e-05
4.579895000000000304e-05
4.575424999999999989e-05
4.570208999999999665e-05
4.566111999999999694e-05
4.560523999999999774e-05
4.554190999999999914e-05
4.548602999999999994e-05
4.543015000000000074e-05
4.537798999999999750e-05
4.532584000000000173e-05
4.528113999999999859e-05
4.522525999999999939e-05
4.516938000000000019e-05
4.511721999999999694e-05
4.506133999999999774e-05
4.499800999999999915e-05
4.494212999999999995e-05
4.488997999999999741e-05
4.483409999999999821e-05
4.477821999999999900e-05
4.473352000000000263e-05
4.468881999999999949e-05
4.464038999999999968e-05
4.459195999999999988e-05
4.453979999999999664e-05
4.448020000000000148e-05
4.441687000000000288e-05
4.435353999999999751e-05
4.428648000000000225e-05
4.421198000000000153e-05
4.414119999999999676e-05
4.407041999999999877e-05
4.398845999999999795e-05
4.389159999999999834e-05
4.379102000000000276e-05
4.368299000000000102e-05
4.357494999999999858e-05
4.347809999999999967e-05
4.338868999999999945e-05
4.331791000000000146e-05
4.324712999999999669e-05
4.316517000000000265e-05
4.308693999999999849e-05
4.301242999999999706e-05
4.295655999999999856e-05
4.290440000000000210e-05
4.284480000000000016e-05
4.279263999999999692e-05
4.274794000000000055e-05
4.271440999999999953e-05
4.267716000000000256e-05
4.262128000000000336e-05
4.255794999999999798e-05
4.249089000000000273e-05
4.243500999999999675e-05
4.238658999999999765e-05
4.233815999999999784e-05
4.228600000000000138e-05
4.223012000000000217e-05
4.217796999999999963e-05
4.213698999999999922e-05
4.208483999999999668e-05
4.201405999999999869e-05
4.192838000000000191e-05
4.184268999999999765e-05
4.176818999999999693e-05
4.168995999999999954e-05
4.161173000000000215e-05
4.154093999999999669e-05
4.147389000000000213e-05
4.140683000000000010e-05
4.133232999999999937e-05
4.125036999999999855e-05
4.116841999999999843e-05
4.109764000000000044e-05
4.102312999999999901e-05
4.094490000000000163e-05
4.086666999999999747e-05
4.079216000000000282e-05
4.072511000000000148e-05
4.065804999999999945e-05
4.058354999999999873e-05
4.051276000000000004e-05
4.044943000000000144e-05
4.039356000000000294e-05
4.033022999999999757e-05
4.025572000000000292e-05
4.018493999999999815e-05
4.010297999999999733e-05
4.002102999999999721e-05
3.993161999999999699e-05
3.983849000000000082e-05
3.974908000000000060e-05
3.964849999999999825e-05
3.955163999999999864e-05
3.945106000000000307e-05
3.935791999999999942e-05
3.926479000000000324e-05
3.916793999999999755e-05
3.907480000000000068e-05
3.898166999999999773e-05
3.888480999999999811e-05
3.878795999999999920e-05
3.869109999999999959e-05
3.859051999999999724e-05
3.848993000000000097e-05
3.838934999999999863e-05
3.828877000000000306e-05
3.818818000000000001e-05
3.808388000000000170e-05
3.797957000000000270e-05
3.787153000000000025e-05
3.776723000000000195e-05
3.765918999999999951e-05
3.755115999999999776e-05
3.743567999999999663e-05
3.732391999999999822e-05
3.720843000000000316e-05
3.710040000000000142e-05
3.699236999999999968e-05
3.688432999999999724e-05
3.677256999999999884e-05
3.666827000000000053e-05
3.656767999999999748e-05
3.646336999999999848e-05
3.635533999999999673e-05
3.625476000000000116e-05
3.615045000000000216e-05
3.603868999999999698e-05
3.592692999999999858e-05
3.581517000000000018e-05
3.570713999999999843e-05
3.559165999999999730e-05
3.548362000000000163e-05
3.537186000000000323e-05
3.526010999999999875e-05
3.514835000000000035e-05
3.503659000000000195e-05
3.492482999999999677e-05
3.480561999999999897e-05
3.468641000000000118e-05
3.456348000000000065e-05
3.444798999999999881e-05
3.433995999999999707e-05
3.424309999999999746e-05
3.415368999999999724e-05
3.406801000000000046e-05
3.398232999999999690e-05
3.388920000000000073e-05
3.378489000000000172e-05
3.366196000000000119e-05
3.353529999999999722e-05
3.338628000000000114e-05
3.323726999999999899e-05
3.308454000000000088e-05
3.293551999999999802e-05
3.279396000000000204e-05
3.266729999999999808e-05
3.255553999999999967e-05
3.246240999999999672e-05
3.238046000000000338e-05
3.230967999999999861e-05
3.224262000000000335e-05
3.217557000000000202e-05
3.210106000000000060e-05
3.201537999999999704e-05
3.192225000000000086e-05
3.182539000000000125e-05
3.172853000000000164e-05
3.162794999999999929e-05
3.153482000000000312e-05
3.144912999999999886e-05
3.137835000000000087e-05
3.131874999999999893e-05
3.126286999999999973e-05
3.122188999999999932e-05
3.118464000000000235e-05
3.114738999999999860e-05
3.110640999999999818e-05
3.106542999999999777e-05
3.101699999999999797e-05
3.096111999999999877e-05
3.089779000000000017e-05
3.083073999999999884e-05
3.075995000000000015e-05
3.068917000000000216e-05
3.062212000000000083e-05
3.055879000000000223e-05
3.049533999999999863e-05
3.043574000000000008e-05
3.037613000000000083e-05
3.032398000000000168e-05
3.027182999999999914e-05
3.022711999999999868e-05
3.017868999999999887e-05
3.013398999999999912e-05
3.008183999999999996e-05
3.002596000000000076e-05
2.996635000000000151e-05
2.989930000000000018e-05
2.982106999999999941e-05
2.973537999999999854e-05
2.964224999999999898e-05
2.954538999999999936e-05
2.944481000000000041e-05
2.933304999999999862e-05
2.922502000000000026e-05
2.910580999999999908e-05
2.899033000000000133e-05
2.886739000000000010e-05
2.874445999999999956e-05
2.862151999999999833e-05
2.850231000000000054e-05
2.839427999999999879e-05
2.828996999999999979e-05
2.818939000000000083e-05
2.808880999999999848e-05
2.799567000000000161e-05
2.789881999999999931e-05
2.780195999999999969e-05
2.770883000000000013e-05
2.761941999999999991e-05
2.753373999999999974e-05
2.745177999999999892e-05
2.736982000000000149e-05
2.729159000000000072e-05
2.721335999999999994e-05
2.713885999999999922e-05
2.706808000000000122e-05
2.699729999999999985e-05
2.692651000000000116e-05
2.685572999999999978e-05
2.678867999999999845e-05
2.672161999999999980e-05
2.665456999999999847e-05
2.659123999999999987e-05
2.653163000000000063e-05
2.646829999999999864e-05
2.640870000000000009e-05
2.634909000000000085e-05
2.629321999999999896e-05
2.623360999999999971e-05
2.617773000000000051e-05
2.612558000000000135e-05
2.606596999999999872e-05
2.601381999999999957e-05
2.596538999999999976e-05
2.590951000000000056e-05
2.586108000000000075e-05
2.580893000000000160e-05
2.576049999999999841e-05
2.571579999999999865e-05
2.567109000000000158e-05
2.562638999999999843e-05
2.558541000000000141e-05
2.554443000000000100e-05
2.549973000000000124e-05
2.545875000000000083e-05
2.541777000000000042e-05
2.537679000000000001e-05
2.533582000000000030e-05
2.529855999999999923e-05
2.525757999999999882e-05
2.521660999999999911e-05
2.517935000000000144e-05
2.514210000000000107e-05
2.511230000000000011e-05
2.507876999999999909e-05
2.504897000000000151e-05
2.501544000000000049e-05
2.498563999999999953e-05
2.495210999999999851e-05
2.492231000000000093e-05
2.489250999999999996e-05
2.486642999999999834e-05
2.484035000000000011e-05
2.481427999999999919e-05
2.478820000000000096e-05
2.476211999999999934e-05
2.473977000000000115e-05
2.472113999999999892e-05
2.469879000000000074e-05
2.467643999999999917e-05
2.465409000000000098e-05
2.463545999999999876e-05
2.461682999999999992e-05
2.460193000000000113e-05
2.458702999999999895e-05
2.457213000000000016e-05
2.456096000000000142e-05
2.454977999999999859e-05
2.454232999999999919e-05
2.453487999999999980e-05
2.452743000000000040e-05
2.451998000000000101e-05
2.451625000000000096e-05
2.450880000000000156e-05
2.450134999999999878e-05
2.449389999999999939e-05
2.448271999999999994e-05
2.447900000000000060e-05
2.447155000000000120e-05
2.446036999999999837e-05
2.445291999999999898e-05
2.444546999999999958e-05
2.443802000000000019e-05
2.442684000000000074e-05
2.441566999999999861e-05
2.440821999999999922e-05
2.439703999999999977e-05
2.438959000000000038e-05
2.438587000000000103e-05
2.438587000000000103e-05
2.438587000000000103e-05
2.438959000000000038e-05
2.439703999999999977e-05
2.440076999999999982e-05
2.440448999999999917e-05
2.440821999999999922e-05
2.440448999999999917e-05
2.440076999999999982e-05
2.439703999999999977e-05
2.438587000000000103e-05
2.437469000000000159e-05
2.435978999999999941e-05
2.434489000000000062e-05
2.432253999999999905e-05
2.430391000000000021e-05
2.428528000000000137e-05
2.425548000000000040e-05
2.423312999999999883e-05
2.421078000000000065e-05
2.418469999999999903e-05
2.415862000000000079e-05
2.412881999999999983e-05
2.409901999999999886e-05
2.406922000000000128e-05
2.403940999999999961e-05
2.400960999999999864e-05
2.397981000000000106e-05
2.394628000000000004e-05
2.391274999999999903e-05
2.387922999999999871e-05
2.384570000000000109e-05
2.381217000000000007e-05
2.377118999999999966e-05
2.373393999999999930e-05
2.369668999999999893e-05
2.365570999999999852e-05
2.361473000000000150e-05
2.356629999999999831e-05
2.352159999999999855e-05
2.346944999999999939e-05
2.342101999999999959e-05
2.336885999999999974e-05
2.331671000000000058e-05
2.326828000000000078e-05
2.321240000000000158e-05
2.315651999999999899e-05
2.310436999999999983e-05
2.304849000000000063e-05
2.298888000000000138e-05
2.293299999999999880e-05
2.287711999999999960e-05
2.282124000000000039e-05
2.276163999999999846e-05
2.270575999999999926e-05
2.264243000000000066e-05
2.258282999999999872e-05
2.252321999999999948e-05
2.246734000000000028e-05
2.240401000000000168e-05
2.234440999999999974e-05
2.228853000000000054e-05
2.222892000000000130e-05
2.216558999999999931e-05
2.210599000000000076e-05
2.204638000000000151e-05
2.198304999999999953e-05
2.192345000000000098e-05
2.186384999999999905e-05
2.180052000000000045e-05
2.173718999999999847e-05
2.167012999999999982e-05
2.159934999999999844e-05
2.152857000000000045e-05
2.145405999999999903e-05
2.137956000000000169e-05
2.130878000000000031e-05
2.123054999999999954e-05
2.115231000000000145e-05
2.107781000000000072e-05
2.099957999999999995e-05
2.092879999999999857e-05
2.085429000000000053e-05
2.077978999999999981e-05
2.070900999999999843e-05
2.063077000000000034e-05
2.055253999999999957e-05
2.047058999999999945e-05
2.038489999999999858e-05
2.029549999999999906e-05
2.020236999999999950e-05
2.010922999999999923e-05
2.001238000000000032e-05
1.991924000000000006e-05
1.982611000000000049e-05
1.973298000000000093e-05
1.963985000000000137e-05
1.955417000000000120e-05
1.947221000000000038e-05
1.938653000000000021e-05
1.930829999999999943e-05
1.923006000000000135e-05
1.915556000000000062e-05
1.908104999999999919e-05
1.901027000000000120e-05
1.893948999999999982e-05
1.887616000000000123e-05
1.881282999999999924e-05
1.875323000000000070e-05
1.869362000000000145e-05
1.863401999999999951e-05
1.857814000000000031e-05
1.852226000000000111e-05
1.846637999999999852e-05
1.841422999999999937e-05
1.836206999999999952e-05
1.830619000000000031e-05
1.825404000000000116e-05
1.820561000000000136e-05
1.814600999999999942e-05
1.809384999999999957e-05
1.804170000000000041e-05
1.798582000000000121e-05
1.793366000000000136e-05
1.787777999999999877e-05
1.782562999999999962e-05
1.776603000000000107e-05
1.771387000000000122e-05
1.766171999999999867e-05
1.760583999999999947e-05
1.754996000000000027e-05
1.749408000000000107e-05
1.744192999999999853e-05
1.738231999999999928e-05
1.733017000000000013e-05
1.727801000000000028e-05
1.722586000000000112e-05
1.716624999999999849e-05
1.711409999999999933e-05
1.706566999999999953e-05
1.700979000000000033e-05
1.695391000000000113e-05
1.690175999999999858e-05
1.684587999999999938e-05
1.679373000000000023e-05
1.674157000000000038e-05
1.668569000000000118e-05
1.663726000000000137e-05
1.658510999999999883e-05
1.653294999999999898e-05
1.648079999999999982e-05
1.643237000000000002e-05
1.637649000000000082e-05
1.632806000000000101e-05
1.627590999999999847e-05
1.623120999999999871e-05
1.617904999999999886e-05
1.613434999999999910e-05
1.608591999999999929e-05
1.604493999999999888e-05
1.600023999999999912e-05
1.595925999999999871e-05
1.592200999999999835e-05
1.588103000000000133e-05
1.584378000000000096e-05
1.580651999999999990e-05
1.576926999999999954e-05
1.573573999999999852e-05
1.569849000000000155e-05
1.566124000000000118e-05
1.562398000000000012e-05
1.559045999999999981e-05
1.555319999999999874e-05
1.551967999999999843e-05
1.548987000000000015e-05
1.545634999999999983e-05
1.543027000000000160e-05
1.540047000000000063e-05
1.537810999999999836e-05
1.535204000000000082e-05
1.532595999999999920e-05
1.529988000000000097e-05
1.527381000000000005e-05
1.525139999999999936e-05
1.522531999999999944e-05
1.519923999999999951e-05
1.517317000000000028e-05
1.514709000000000036e-05
1.512101000000000043e-05
1.509493000000000050e-05
1.507258000000000062e-05
1.504277999999999966e-05
1.501669999999999973e-05
1.499434999999999985e-05
1.497199999999999997e-05
1.494592000000000004e-05
1.492730000000000021e-05
1.490493999999999963e-05
1.488258999999999975e-05
1.486768999999999927e-05
1.484906999999999944e-05
1.483044000000000060e-05
1.481925999999999946e-05
1.480063999999999963e-05
1.478574000000000084e-05
1.477082999999999966e-05
1.475592999999999917e-05
1.474476000000000043e-05
1.473357999999999930e-05
1.472241000000000055e-05
1.471122999999999942e-05
1.470004999999999997e-05
1.469260000000000058e-05
1.468143000000000014e-05
1.467398000000000075e-05
1.466652999999999966e-05
1.465908000000000026e-05
1.465162000000000017e-05
1.464044999999999973e-05
1.463300000000000034e-05
1.462927000000000029e-05
1.462181999999999920e-05
1.461436999999999980e-05
1.460692000000000041e-05
1.460319999999999937e-05
1.459574999999999997e-05
1.459201999999999993e-05
1.458457000000000053e-05
1.457711999999999944e-05
1.456967000000000005e-05
1.456594000000000000e-05
1.456594000000000000e-05
1.456222000000000065e-05
1.456222000000000065e-05
1.456222000000000065e-05
1.456222000000000065e-05
1.456594000000000000e-05
1.456594000000000000e-05
1.456967000000000005e-05
1.457711999999999944e-05
1.458457000000000053e-05
1.458830000000000058e-05
1.459574999999999997e-05
1.460319999999999937e-05
1.461065000000000046e-05
1.461809999999999985e-05
1.462554999999999925e-05
1.462927000000000029e-05
1.463671999999999968e-05
1.464417000000000077e-05
1.465162000000000017e-05
1.465535000000000022e-05
1.465908000000000026e-05
1.465908000000000026e-05
1.466279999999999961e-05
1.466279999999999961e-05
1.466279999999999961e-05
1.466652999999999966e-05
1.466652999999999966e-05
1.466652999999999966e-05
1.466652999999999966e-05
1.467025000000000070e-05
1.467025000000000070e-05
1.467398000000000075e-05
1.467770000000000009e-05
1.468143000000000014e-05
1.468887999999999954e-05
1.469260000000000058e-05
1.469633000000000063e-05
1.470378000000000002e-05
1.470749999999999937e-05
1.471495000000000046e-05
1.472241000000000055e-05
1.472241000000000055e-05
1.472985999999999995e-05
1.473357999999999930e-05
1.473730999999999934e-05
1.473730999999999934e-05
1.474103000000000038e-05
1.474103000000000038e-05
1.474103000000000038e-05
1.474103000000000038e-05
1.474476000000000043e-05
1.474476000000000043e-05
1.474476000000000043e-05
1.474476000000000043e-05
1.474103000000000038e-05
1.474103000000000038e-05
1.474103000000000038e-05
1.473730999999999934e-05
1.473730999999999934e-05
1.473357999999999930e-05
1.473357999999999930e-05
1.472612999999999990e-05
1.472241000000000055e-05
1.472241000000000055e-05
1.471495000000000046e-05
1.471495000000000046e-05
1.470749999999999937e-05
1.470378000000000002e-05
1.469633000000000063e-05
1.469260000000000058e-05
1.468887999999999954e-05
1.468514999999999949e-05
1.467770000000000009e-05
1.466652999999999966e-05
1.465908000000000026e-05
1.465162000000000017e-05
1.463671999999999968e-05
1.462181999999999920e-05
1.460319999999999937e-05
1.458457000000000053e-05
1.456594000000000000e-05
1.454359000000000012e-05
1.452124000000000024e-05
1.449516000000000031e-05
1.446908999999999939e-05
1.444300999999999947e-05
1.441692999999999954e-05
1.439457999999999966e-05
1.436849999999999973e-05
1.434243000000000051e-05
1.431262000000000053e-05
1.428654999999999961e-05
1.425673999999999964e-05
1.423067000000000041e-05
1.420086000000000044e-05
1.417105999999999947e-05
1.414126000000000020e-05
1.411145999999999923e-05
1.408537999999999930e-05
1.405558000000000003e-05
1.402578000000000075e-05
1.399597000000000078e-05
1.396245000000000046e-05
1.393264000000000049e-05
1.390283999999999952e-05
1.387675999999999959e-05
1.384696000000000032e-05
1.382088999999999940e-05
1.379480999999999947e-05
1.377245999999999959e-05
1.374264999999999962e-05
1.372029999999999974e-05
1.369794999999999986e-05
1.367559999999999998e-05
1.364952000000000006e-05
1.362717000000000018e-05
1.360109000000000025e-05
1.357874000000000037e-05
1.355266000000000044e-05
1.351914000000000013e-05
1.348933000000000015e-05
1.345952999999999919e-05
1.342599999999999986e-05
1.339620000000000059e-05
1.336266999999999957e-05
1.332914999999999926e-05
1.329561999999999994e-05
1.325836999999999957e-05
1.322111000000000021e-05
1.318385999999999984e-05
1.314660999999999948e-05
1.310935000000000011e-05
1.307582999999999979e-05
1.303857000000000042e-05
1.300132000000000006e-05
1.296406999999999970e-05
1.292681999999999933e-05
1.289329000000000001e-05
1.285976000000000069e-05
1.282622999999999968e-05
1.279270999999999936e-05
1.276289999999999939e-05
1.273310000000000011e-05
1.269957000000000079e-05
1.267349999999999987e-05
1.263997000000000055e-05
1.261016999999999958e-05
1.258035999999999961e-05
1.254683999999999929e-05
1.251330999999999997e-05
1.247978000000000065e-05
1.244624999999999963e-05
1.241272999999999932e-05
1.237919999999999999e-05
1.234567000000000067e-05
1.230842000000000031e-05
1.227488999999999929e-05
1.224135999999999997e-05
1.220410999999999961e-05
1.217058000000000029e-05
1.213332999999999992e-05
1.209980000000000060e-05
1.206626999999999959e-05
1.203274999999999927e-05
1.199921999999999995e-05
1.196196999999999959e-05
1.192844000000000026e-05
1.189117999999999920e-05
1.185393000000000053e-05
1.181668000000000017e-05
1.177942999999999981e-05
1.174590000000000048e-05
1.170492000000000007e-05
1.166393999999999966e-05
1.162295999999999925e-05
1.158571000000000058e-05
1.154473000000000017e-05
1.150747999999999981e-05
1.146649999999999940e-05
1.142925000000000073e-05
1.139571999999999971e-05
1.135846999999999935e-05
1.132122000000000068e-05
1.128395999999999962e-05
1.124297999999999921e-05
1.120946000000000059e-05
1.116848000000000017e-05
1.112749999999999976e-05
1.108651999999999935e-05
1.104927000000000068e-05
1.100456999999999923e-05
1.096359000000000051e-05
1.092261000000000010e-05
1.088535999999999974e-05
1.084437999999999933e-05
1.080713000000000066e-05
1.076986999999999960e-05
1.073261999999999923e-05
1.069537000000000057e-05
1.065439000000000015e-05
1.061713999999999979e-05
1.057615999999999938e-05
1.053890000000000001e-05
1.049420000000000025e-05
1.045321999999999984e-05
1.041596999999999948e-05
1.037499000000000076e-05
1.033028999999999931e-05
1.028931000000000059e-05
1.025206000000000023e-05
1.021107999999999982e-05
1.017009999999999941e-05
1.013285000000000074e-05
1.009187000000000033e-05
1.004717000000000057e-05
1.000619000000000016e-05
9.961484000000000660e-06
9.916780999999999337e-06
9.875802999999999405e-06
9.831099000000000383e-06
9.786396000000000754e-06
9.745418000000000822e-06
9.704438999999999803e-06
9.663460999999999872e-06
9.626207999999999637e-06
9.585229999999999705e-06
9.544251999999999773e-06
9.503273999999999841e-06
9.466020999999999607e-06
9.425042999999999675e-06
9.380339000000000653e-06
9.339361000000000722e-06
9.298383000000000790e-06
9.257404999999999164e-06
9.212701000000000142e-06
9.171723000000000210e-06
9.127018999999999494e-06
9.086040999999999562e-06
9.041337999999999933e-06
8.996633999999999217e-06
8.955655999999999285e-06
8.910952999999999656e-06
8.866249000000000634e-06
8.821545999999999310e-06
8.776842000000000289e-06
8.739589000000000054e-06
8.691159999999999641e-06
8.650181999999999709e-06
8.609203999999999777e-06
8.568225999999999845e-06
8.523522000000000823e-06
8.486269999999999981e-06
8.445291000000000657e-06
8.400587999999999334e-06
8.359609999999999402e-06
8.318631000000000078e-06
8.273928000000000448e-06
8.232950000000000516e-06
8.188245999999999800e-06
8.143543000000000171e-06
8.102565000000000239e-06
8.061585999999999221e-06
8.020607999999999289e-06
7.979629999999999357e-06
7.946102000000000514e-06
7.912574999999999370e-06
7.875322000000000829e-06
7.841794000000000292e-06
7.808267000000000842e-06
7.778464000000000003e-06
7.744937000000000552e-06
7.715133999999999713e-06
7.681607000000000262e-06
7.648078999999999725e-06
7.614521999999999870e-06
7.580995000000000420e-06
7.543742000000000186e-06
7.510213999999999649e-06
7.472961000000000261e-06
7.439433999999999964e-06
7.405906000000000274e-06
7.364928000000000342e-06
7.327675000000000108e-06
7.290421999999999873e-06
7.253168999999999639e-06
7.219642000000000188e-06
7.186113999999999652e-06
7.148861000000000264e-06
7.115333999999999967e-06
7.081806000000000277e-06
7.048277999999999740e-06
7.014751000000000290e-06
6.981222999999999753e-06
6.943970000000000365e-06
6.910443000000000068e-06
6.873189999999999833e-06
6.839662000000000144e-06
6.806133999999999607e-06
6.768881999999999612e-06
6.735353999999999922e-06
6.701826000000000232e-06
6.668298999999999935e-06
6.638495999999999942e-06
6.604968999999999645e-06
6.575165999999999652e-06
6.541639000000000202e-06
6.511836999999999602e-06
6.482033999999999610e-06
6.452231999999999857e-06
6.418704000000000167e-06
6.388902000000000414e-06
6.359099999999999814e-06
6.329296999999999822e-06
6.299495000000000069e-06
6.269693000000000316e-06
6.236164999999999779e-06
6.210087999999999723e-06
6.180285999999999971e-06
6.154208999999999915e-06
6.124405999999999923e-06
6.098328999999999867e-06
6.068527000000000114e-06
6.038725000000000361e-06
6.012648000000000306e-06
5.982845000000000314e-06
5.956768000000000258e-06
5.930691000000000203e-06
5.912064999999999782e-06
5.889713000000000271e-06
5.863636000000000216e-06
5.845009999999999794e-06
5.826382999999999981e-06
5.800305999999999926e-06
5.781680000000000352e-06
5.763052999999999691e-06
5.740701000000000180e-06
5.725800000000000304e-06
5.703449000000000185e-06
5.688547000000000070e-06
5.669920999999999649e-06
5.658745000000000317e-06
5.640118999999999896e-06
5.625216999999999780e-06
5.606591000000000206e-06
5.591690000000000329e-06
5.573062999999999669e-06
5.558161999999999792e-06
5.539536000000000218e-06
5.524635000000000342e-06
5.509733000000000226e-06
5.494832000000000350e-06
5.479930999999999626e-06
5.468755000000000294e-06
5.453854000000000418e-06
5.442678000000000239e-06
5.427777000000000362e-06
5.412875999999999639e-06
5.397974999999999762e-06
5.383073999999999886e-06
5.368171999999999770e-06
5.349546000000000196e-06
5.338370000000000017e-06
5.323469000000000141e-06
5.308568000000000264e-06
5.293667000000000388e-06
5.278765000000000272e-06
5.263864000000000395e-06
5.252688000000000216e-06
5.237787000000000340e-06
5.222885999999999616e-06
5.211710000000000284e-06
5.196809000000000408e-06
5.185633000000000229e-06
5.174457000000000050e-06
5.159556000000000174e-06
5.148379999999999995e-06
5.137203999999999816e-06
5.129754000000000421e-06
5.118578000000000242e-06
5.107402000000000063e-06
5.096225999999999884e-06
5.092501000000000186e-06
5.081325000000000007e-06
5.073874000000000373e-06
5.066424000000000131e-06
5.062698999999999586e-06
5.051523000000000254e-06
5.044071999999999773e-06
5.036622000000000378e-06
5.029170999999999896e-06
5.021720000000000262e-06
5.014270000000000020e-06
5.006819000000000386e-06
5.003093999999999841e-06
4.991917999999999662e-06
4.984468000000000267e-06
4.977016999999999786e-06
4.969566000000000151e-06
4.962115999999999909e-06
4.954665000000000275e-06
4.947215000000000033e-06
4.939764000000000398e-06
4.932312999999999917e-06
4.924862999999999675e-06
4.917412000000000040e-06
4.909961999999999798e-06
4.902511000000000164e-06
4.895060999999999922e-06
4.883884999999999743e-06
4.876434000000000108e-06
4.868983999999999866e-06
4.861533000000000232e-06
4.854081999999999751e-06
4.846632000000000355e-06
4.839180999999999874e-06
4.831730999999999632e-06
4.824279999999999998e-06
4.816829000000000363e-06
4.809379000000000121e-06
4.801927999999999640e-06
4.790752000000000308e-06
4.783302000000000066e-06
4.779577000000000368e-06
4.775850999999999584e-06
4.768401000000000189e-06
4.764675000000000252e-06
4.760949999999999708e-06
4.757225000000000010e-06
4.753500000000000313e-06
4.749774000000000376e-06
4.746048999999999831e-06
4.742324000000000134e-06
4.738598000000000197e-06
4.734872999999999652e-06
4.727422000000000018e-06
4.727422000000000018e-06
4.719971999999999776e-06
4.716247000000000078e-06
4.716247000000000078e-06
4.708795999999999597e-06
4.705070999999999899e-06
4.697620000000000265e-06
4.690170000000000023e-06
4.686444000000000086e-06
4.678993999999999844e-06
4.667817999999999665e-06
4.660367000000000031e-06
4.652916999999999789e-06
4.652916999999999789e-06
4.645466000000000154e-06
4.641740999999999610e-06
4.638015999999999912e-06
4.634289999999999975e-06
4.634289999999999975e-06
4.630565000000000278e-06
4.626839999999999733e-06
4.623113999999999796e-06
4.623113999999999796e-06
4.619389000000000099e-06
4.615664000000000401e-06
4.608212999999999920e-06
4.600762999999999678e-06
4.593312000000000043e-06
4.589587000000000346e-06
4.578411000000000167e-06
4.570959999999999685e-06
4.559784000000000353e-06
4.552334000000000111e-06
4.541157999999999932e-06
4.529981999999999753e-06
4.518806000000000422e-06
4.503904999999999698e-06
4.496454000000000064e-06
4.481553000000000187e-06
4.466652000000000311e-06
4.455476000000000132e-06
4.440575000000000255e-06
4.433125000000000013e-06
4.421948999999999834e-06
4.414498000000000200e-06
4.407047999999999958e-06
4.399597000000000323e-06
4.395871999999999779e-06
4.392145999999999842e-06
4.388421000000000144e-06
4.384695999999999600e-06
4.380969999999999663e-06
4.377244999999999965e-06
4.373520000000000268e-06
4.369794999999999723e-06
4.369794999999999723e-06
4.366068999999999786e-06
4.362344000000000089e-06
4.354892999999999607e-06
4.351167999999999910e-06
4.343717999999999668e-06
4.336267000000000033e-06
4.332542000000000336e-06
4.321366000000000157e-06
4.313914999999999676e-06
4.306465000000000281e-06
4.295289000000000102e-06
4.280388000000000225e-06
4.272936999999999744e-06
4.261761000000000412e-06
4.246859999999999688e-06
4.231958999999999812e-06
4.220782999999999633e-06
4.205881999999999756e-06
4.190980999999999880e-06
4.176080000000000003e-06
4.157453000000000190e-06
4.142552000000000314e-06
4.123924999999999653e-06
4.105299000000000079e-06
4.086672999999999658e-06
4.068045999999999845e-06
4.053144999999999968e-06
4.030792999999999610e-06
4.012167000000000036e-06
3.989814999999999678e-06
3.974913999999999802e-06
3.956286999999999989e-06
3.937661000000000415e-06
3.919033999999999754e-06
3.896682999999999636e-06
3.878055999999999822e-06
3.855704999999999704e-06
3.829627999999999648e-06
3.807260999999999935e-06
3.784909000000000001e-06
3.766283000000000003e-06
3.740205999999999948e-06
3.721579999999999950e-06
3.702953000000000137e-06
3.676876000000000082e-06
3.658250000000000084e-06
3.639622999999999847e-06
3.617270999999999913e-06
3.598644999999999915e-06
3.576292999999999981e-06
3.553941000000000047e-06
3.531589999999999928e-06
3.509237999999999994e-06
3.483160999999999938e-06
3.464534999999999941e-06
3.442183000000000006e-06
3.419831000000000072e-06
3.393754000000000016e-06
3.371402000000000082e-06
3.349050999999999963e-06
3.322973000000000092e-06
3.300621999999999974e-06
3.278270000000000039e-06
3.255918000000000105e-06
3.229841000000000049e-06
3.207489000000000115e-06
3.185137999999999996e-06
3.162786000000000062e-06
3.136709000000000007e-06
3.114357000000000072e-06
3.088280000000000017e-06
3.065928000000000082e-06
3.039851000000000027e-06
3.013773999999999972e-06
2.991422999999999853e-06
2.969070999999999919e-06
2.942993999999999863e-06
2.916916999999999808e-06
2.890840000000000176e-06
2.864763000000000120e-06
2.834960000000000128e-06
2.808883000000000073e-06
2.782806000000000017e-06
2.753003999999999841e-06
2.726927000000000209e-06
2.700850000000000153e-06
2.674773000000000098e-06
2.652421000000000164e-06
2.626344000000000108e-06
2.603992000000000174e-06
2.581641000000000055e-06
2.563013999999999818e-06
2.536937000000000186e-06
2.514586000000000068e-06
2.495958999999999831e-06
2.469882000000000199e-06
2.447529999999999841e-06
2.425179000000000146e-06
2.402826999999999788e-06
2.373023999999999796e-06
2.346947000000000164e-06
2.324596000000000045e-06
2.298518999999999990e-06
2.276167000000000056e-06
2.246364999999999879e-06
2.224012999999999945e-06
2.197935999999999889e-06
2.175583999999999955e-06
2.153232000000000021e-06
2.127154999999999965e-06
2.104803999999999847e-06
2.082451999999999912e-06
2.056374999999999857e-06
2.037748000000000043e-06
2.015396999999999925e-06
1.993044999999999990e-06
1.970693000000000056e-06
1.948341000000000122e-06
1.929715000000000124e-06
1.903631000000000087e-06
1.881278999999999941e-06
1.858927000000000007e-06
1.836575000000000072e-06
1.814223999999999954e-06
1.791872000000000019e-06
1.773244999999999994e-06
1.747167999999999939e-06
1.728541999999999941e-06
1.706190000000000007e-06
1.683838000000000073e-06
1.665212000000000075e-06
1.646586000000000078e-06
1.627959000000000052e-06
1.613057999999999964e-06
1.590706000000000030e-06
1.575804999999999942e-06
1.557178999999999944e-06
1.542277000000000040e-06
1.523651000000000042e-06
1.508749999999999954e-06
1.490122999999999929e-06
1.478947999999999990e-06
1.460320999999999964e-06
1.445420000000000088e-06
1.426793000000000063e-06
1.415617999999999911e-06
1.396991000000000098e-06
1.382090000000000010e-06
1.367188999999999922e-06
1.352288000000000045e-06
1.333661000000000020e-06
1.322485000000000053e-06
1.307583999999999965e-06
1.296407999999999997e-06
1.281506999999999909e-06
1.266606000000000033e-06
1.259154999999999975e-06
1.247980000000000035e-06
1.236804000000000068e-06
1.229353000000000010e-06
1.221901999999999952e-06
1.210727000000000013e-06
1.203275999999999955e-06
1.199551000000000045e-06
1.192099999999999987e-06
1.184649999999999957e-06
1.177198999999999899e-06
1.169748000000000053e-06
1.166022999999999932e-06
1.158572999999999902e-06
1.151122000000000056e-06
1.143670999999999998e-06
1.136220999999999967e-06
1.132496000000000058e-06
1.128769999999999909e-06
1.125045000000000000e-06
1.121320000000000091e-06
1.117593999999999942e-06
1.117593999999999942e-06
1.113869000000000033e-06
1.113869000000000033e-06
1.113869000000000033e-06
1.113869000000000033e-06
1.117593999999999942e-06
1.117593999999999942e-06
1.121320000000000091e-06
1.128769999999999909e-06
1.132496000000000058e-06
1.139946000000000088e-06
1.143670999999999998e-06
1.151122000000000056e-06
1.158572999999999902e-06
1.166022999999999932e-06
1.169748000000000053e-06
1.180924000000000020e-06
1.188375000000000078e-06
1.195824999999999897e-06
1.203275999999999955e-06
1.210727000000000013e-06
1.221901999999999952e-06
1.229353000000000010e-06
1.236804000000000068e-06
1.247980000000000035e-06
1.259154999999999975e-06
1.266606000000000033e-06
1.277782000000000000e-06
1.285232000000000030e-06
1.296407999999999997e-06
1.303859000000000055e-06
1.311309000000000086e-06
1.318759999999999932e-06
1.326210999999999990e-06
1.333661000000000020e-06
1.341112000000000078e-06
1.348561999999999897e-06
1.356012999999999954e-06
1.359738000000000075e-06
1.370914000000000043e-06
1.378365000000000101e-06
1.389541000000000068e-06
1.396991000000000098e-06
1.408167000000000065e-06
1.423067999999999942e-06
1.430519000000000000e-06
1.445420000000000088e-06
1.456596000000000055e-06
1.467772000000000022e-06
1.482672999999999899e-06
1.490122999999999929e-06
1.501298999999999896e-06
1.516199999999999985e-06
1.523651000000000042e-06
1.538551999999999919e-06
1.549728000000000098e-06
1.560904000000000065e-06
1.575804999999999942e-06
1.590706000000000030e-06
1.609333000000000055e-06
1.627959000000000052e-06
1.646586000000000078e-06
1.668936999999999984e-06
1.683838000000000073e-06
1.706190000000000007e-06
1.724817000000000032e-06
1.743443000000000030e-06
1.765794999999999964e-06
1.784420999999999961e-06
1.803047999999999987e-06
1.825399999999999921e-06
1.844025999999999919e-06
1.866378000000000065e-06
1.888728999999999971e-06
1.907363000000000190e-06
1.929715000000000124e-06
1.948341000000000122e-06
1.966967999999999935e-06
1.989319999999999869e-06
2.004221000000000169e-06
2.026571999999999864e-06
2.045199000000000101e-06
2.060099999999999978e-06
2.082451999999999912e-06
2.097352999999999789e-06
2.119705000000000147e-06
2.134606000000000023e-06
2.153232000000000021e-06
2.171858999999999834e-06
2.190484999999999831e-06
2.209112000000000068e-06
2.224012999999999945e-06
2.246364999999999879e-06
2.261266000000000179e-06
2.279892000000000177e-06
2.302244000000000111e-06
2.320870000000000109e-06
2.343222000000000043e-06
2.361848999999999856e-06
2.380474999999999854e-06
2.402826999999999788e-06
2.421453000000000209e-06
2.440080000000000023e-06
2.462431000000000141e-06
2.481057999999999955e-06
2.499683999999999952e-06
2.525761000000000007e-06
2.544387999999999821e-06
2.566740000000000179e-06
2.592816999999999811e-06
2.618893999999999866e-06
2.641244999999999985e-06
2.663596999999999919e-06
2.689673999999999974e-06
2.715751000000000030e-06
2.738102999999999964e-06
2.760454999999999899e-06
2.786531999999999954e-06
2.805157999999999952e-06
2.827509999999999886e-06
2.849861999999999820e-06
2.868487999999999818e-06
2.883389000000000118e-06
2.905741000000000052e-06
2.920641999999999929e-06
2.942993999999999863e-06
2.965345999999999798e-06
2.983971999999999795e-06
3.006324000000000153e-06
3.028676000000000087e-06
3.054753000000000143e-06
3.080830000000000198e-06
3.106906999999999830e-06
3.132983999999999886e-06
3.166511000000000183e-06
3.196314000000000175e-06
3.226115999999999928e-06
3.252192999999999984e-06
3.278270000000000039e-06
3.300621999999999974e-06
3.322973000000000092e-06
3.341599999999999906e-06
3.360225999999999903e-06
3.378853000000000140e-06
3.393754000000000016e-06
3.416105999999999951e-06
3.431006999999999827e-06
3.449632999999999825e-06
3.471985000000000183e-06
3.494337000000000117e-06
3.520414000000000173e-06
3.550215999999999925e-06
3.580018999999999918e-06
3.613545999999999792e-06
3.650799000000000026e-06
3.688051999999999837e-06
3.725305000000000071e-06
3.766283000000000003e-06
3.799811000000000117e-06
3.837077999999999890e-06
3.870605999999999580e-06
3.900408000000000180e-06
3.930209999999999933e-06
3.956286999999999989e-06
3.989814999999999678e-06
4.015891999999999734e-06
4.038244000000000092e-06
4.064321000000000147e-06
4.090398000000000203e-06
4.116475000000000258e-06
4.142552000000000314e-06
4.168629000000000369e-06
4.194705999999999577e-06
4.220782999999999633e-06
4.246859999999999688e-06
4.276662000000000288e-06
4.306465000000000281e-06
4.336267000000000033e-06
4.366068999999999786e-06
4.395871999999999779e-06
4.425674000000000379e-06
4.455476000000000132e-06
4.489003999999999822e-06
4.522532000000000358e-06
4.556058999999999809e-06
4.589587000000000346e-06
4.619389000000000099e-06
4.652916999999999789e-06
4.686444000000000086e-06
4.716247000000000078e-06
4.749774000000000376e-06
4.779577000000000368e-06
4.813103999999999819e-06
4.842906000000000419e-06
4.876434000000000108e-06
4.906235999999999861e-06
4.936038999999999854e-06
4.965840999999999607e-06
4.999369000000000143e-06
5.032895999999999594e-06
5.062698999999999586e-06
5.096225999999999884e-06
5.126028999999999876e-06
5.159556000000000174e-06
5.189357999999999927e-06
5.222885999999999616e-06
5.252688000000000216e-06
5.286215999999999906e-06
5.316017999999999659e-06
5.345820999999999651e-06
5.379347999999999949e-06
5.409150999999999941e-06
5.446404000000000176e-06
5.476205999999999929e-06
5.509733000000000226e-06
5.539536000000000218e-06
5.573062999999999669e-06
5.606591000000000206e-06
5.636392999999999959e-06
5.666195999999999951e-06
5.699723000000000249e-06
5.729526000000000241e-06
5.759327999999999994e-06
5.789129999999999747e-06
5.818932999999999739e-06
5.845009999999999794e-06
5.874812000000000394e-06
5.904614000000000147e-06
5.930691000000000203e-06
5.960494000000000195e-06
5.990295999999999948e-06
6.020097999999999701e-06
6.049900999999999693e-06
6.079703000000000293e-06
6.109505000000000046e-06
6.135582000000000102e-06
6.161659000000000157e-06
6.187736000000000213e-06
6.213813000000000268e-06
6.239890000000000323e-06
6.265967000000000379e-06
6.292043999999999587e-06
6.314395999999999945e-06
6.340473000000000001e-06
6.362825000000000359e-06
6.392627000000000111e-06
6.414978999999999622e-06
6.444781000000000222e-06
6.474584000000000215e-06
6.504385999999999968e-06
6.537913999999999657e-06
6.571440999999999955e-06
6.601243999999999947e-06
6.638495999999999942e-06
6.668298999999999935e-06
6.701826000000000232e-06
6.731629000000000224e-06
6.765155999999999675e-06
6.794958999999999667e-06
6.824761000000000267e-06
6.850838000000000323e-06
6.876915000000000378e-06
6.906717000000000131e-06
6.932794000000000186e-06
6.966321999999999876e-06
6.996123999999999629e-06
7.022200999999999685e-06
7.052003999999999677e-06
7.081806000000000277e-06
7.107883000000000332e-06
7.137685000000000085e-06
7.163762000000000141e-06
7.193565000000000133e-06
7.219642000000000188e-06
7.249443999999999941e-06
7.275520999999999997e-06
7.301598000000000052e-06
7.327675000000000108e-06
7.357476999999999861e-06
7.383553999999999916e-06
7.413356999999999908e-06
7.446884000000000206e-06
7.476687000000000198e-06
7.506488999999999951e-06
7.536290999999999704e-06
7.569819000000000241e-06
7.599620999999999994e-06
7.629453000000000151e-06
7.662979999999999602e-06
7.692783000000000441e-06
7.726309999999999892e-06
7.756113000000000731e-06
7.785915000000000484e-06
7.815717000000000237e-06
7.841794000000000292e-06
7.871596999999999438e-06
7.901398999999999191e-06
7.927475999999999246e-06
7.953552999999999302e-06
7.979629999999999357e-06
8.009432000000000804e-06
8.035508999999999165e-06
8.057860999999999523e-06
8.083937999999999579e-06
8.110014999999999634e-06
8.139818000000000473e-06
8.169620000000000226e-06
8.195697000000000282e-06
8.221774000000000337e-06
8.251576000000000090e-06
8.277653000000000146e-06
8.303730000000000201e-06
8.329807000000000257e-06
8.359609999999999402e-06
8.385686999999999457e-06
8.415488999999999210e-06
8.441565999999999266e-06
8.471368000000000713e-06
8.497445000000000768e-06
8.527247999999999913e-06
8.557049999999999666e-06
8.586851999999999419e-06
8.612928999999999475e-06
8.642732000000000314e-06
8.672534000000000067e-06
8.702335999999999820e-06
8.728412999999999875e-06
8.758216000000000715e-06
8.788018000000000468e-06
8.814095000000000523e-06
8.843897000000000276e-06
8.873699999999999421e-06
8.899776999999999477e-06
8.929578999999999230e-06
8.959381000000000677e-06
8.989183999999999822e-06
9.018985999999999575e-06
9.048787999999999328e-06
9.078591000000000167e-06
9.108392999999999920e-06
9.138194999999999673e-06
9.167998000000000512e-06
9.197800000000000265e-06
9.227602000000000018e-06
9.257404999999999164e-06
9.287207000000000611e-06
9.317009000000000364e-06
9.346811999999999509e-06
9.376613999999999262e-06
9.406416000000000709e-06
9.436218999999999854e-06
9.466020999999999607e-06
9.495822999999999360e-06
9.525626000000000199e-06
9.559152999999999650e-06
9.585229999999999705e-06
9.618758000000000242e-06
9.648559999999999995e-06
9.678361999999999748e-06
9.711890000000000285e-06
9.741692000000000038e-06
9.771494999999999183e-06
9.801297000000000630e-06
9.831099000000000383e-06
9.860901999999999528e-06
9.890703999999999281e-06
9.916780999999999337e-06
9.946583000000000784e-06
9.972660000000000839e-06
1.000619000000000016e-05
1.003598999999999943e-05
1.006206999999999936e-05
1.009558999999999968e-05
1.012539999999999965e-05
1.015520000000000062e-05
1.018872999999999994e-05
1.022225000000000026e-05
1.025577999999999958e-05
1.028931000000000059e-05
1.032283999999999992e-05
1.035636999999999924e-05
1.038617000000000021e-05
1.041969999999999953e-05
1.045321999999999984e-05
1.048302999999999982e-05
1.051283000000000079e-05
1.054263000000000006e-05
1.057615999999999938e-05
1.060596000000000035e-05
1.063575999999999962e-05
1.066929000000000064e-05
1.069537000000000057e-05
1.072888999999999919e-05
1.075869999999999916e-05
1.078850000000000013e-05
1.081829999999999940e-05
1.085183000000000042e-05
1.088162999999999969e-05
1.091516000000000071e-05
1.094869000000000003e-05
1.098221000000000035e-05
1.101573999999999967e-05
1.104554000000000064e-05
1.107906999999999996e-05
1.110886999999999923e-05
1.113867999999999921e-05
1.117219999999999952e-05
1.120200999999999950e-05
1.122808000000000042e-05
1.125789000000000039e-05
1.128395999999999962e-05
1.131376000000000059e-05
1.134357000000000056e-05
1.137336999999999983e-05
1.140317000000000080e-05
1.143297000000000008e-05
1.146278000000000005e-05
1.149257999999999932e-05
1.152238000000000029e-05
1.155217999999999957e-05
1.158198999999999954e-05
1.161179000000000051e-05
1.163787000000000044e-05
1.166766999999999971e-05
1.169747000000000068e-05
1.172726999999999995e-05
1.175706999999999923e-05
1.178687999999999920e-05
1.182039999999999952e-05
1.185020999999999949e-05
1.188001000000000046e-05
1.190980999999999973e-05
1.194334000000000075e-05
1.197314000000000002e-05
1.200293999999999930e-05
1.203274999999999927e-05
1.206626999999999959e-05
1.209607999999999956e-05
1.212959999999999988e-05
1.216312999999999920e-05
1.219666000000000021e-05
1.223018999999999953e-05
1.226370999999999985e-05
1.230096999999999922e-05
1.233448999999999954e-05
1.236802000000000055e-05
1.240154999999999987e-05
1.243507999999999919e-05
1.246859999999999951e-05
1.250586000000000057e-05
1.253938999999999989e-05
1.257291000000000021e-05
1.260643999999999953e-05
1.264368999999999990e-05
1.268094999999999926e-05
1.271446999999999958e-05
1.275173000000000064e-05
1.278524999999999927e-05
1.282251000000000033e-05
1.285603999999999965e-05
1.288955999999999997e-05
1.292681999999999933e-05
1.296406999999999970e-05
1.300132000000000006e-05
1.303857000000000042e-05
1.307582999999999979e-05
1.310935000000000011e-05
1.314660999999999948e-05
1.318385999999999984e-05
1.322111000000000021e-05
1.325463999999999953e-05
1.329188999999999989e-05
1.332541999999999921e-05
1.335895000000000023e-05
1.339247999999999955e-05
1.342599999999999986e-05
1.345952999999999919e-05
1.349306000000000020e-05
1.352658999999999952e-05
1.356010999999999984e-05
1.359736999999999921e-05
1.363090000000000022e-05
1.366069999999999950e-05
1.369423000000000051e-05
1.372775000000000083e-05
1.376128000000000015e-05
1.379107999999999943e-05
1.382461000000000044e-05
1.385440999999999972e-05
1.388794000000000073e-05
1.391774000000000000e-05
1.395126999999999933e-05
1.398480000000000034e-05
1.401832999999999966e-05
1.405184999999999998e-05
1.408537999999999930e-05
1.411891000000000032e-05
1.415243999999999964e-05
1.418595999999999995e-05
1.421948999999999928e-05
1.425673999999999964e-05
1.429027000000000065e-05
1.432379999999999998e-05
1.436105000000000034e-05
1.439457999999999966e-05
1.442811000000000068e-05
1.446535999999999935e-05
1.450260999999999971e-05
1.453241999999999968e-05
1.456967000000000005e-05
1.460692000000000041e-05
1.464417000000000077e-05
1.468143000000000014e-05
1.471868000000000051e-05
1.475592999999999917e-05
1.478946000000000019e-05
1.482671000000000055e-05
1.486396999999999992e-05
1.490122000000000029e-05
1.493847000000000065e-05
1.497573000000000002e-05
1.500925000000000033e-05
1.504650999999999970e-05
1.508376000000000007e-05
1.512101000000000043e-05
1.515826000000000079e-05
1.519552000000000016e-05
1.522904000000000048e-05
1.526636000000000066e-05
1.530361000000000102e-05
1.534086000000000138e-05
1.537810999999999836e-05
1.541163999999999937e-05
1.544890000000000044e-05
1.548242000000000075e-05
1.551967999999999843e-05
1.555692999999999879e-05
1.559417999999999915e-05
1.563142999999999952e-05
1.566869000000000058e-05
1.570594000000000094e-05
1.574319000000000131e-05
1.578416999999999833e-05
1.582514999999999874e-05
1.586239999999999910e-05
1.589966000000000017e-05
1.594062999999999988e-05
1.598534000000000033e-05
1.602259000000000070e-05
1.605984000000000106e-05
1.610082000000000147e-05
1.614179999999999849e-05
1.617904999999999886e-05
1.622002999999999927e-05
1.625727999999999963e-05
1.629826000000000004e-05
1.633924000000000045e-05
1.637277000000000147e-05
1.641001999999999844e-05
1.644726999999999881e-05
1.648452999999999987e-05
1.652178000000000023e-05
1.655903000000000060e-05
1.659256000000000161e-05
1.662608999999999924e-05
1.666333999999999960e-05
1.670058999999999997e-05
1.673785000000000103e-05
1.677510000000000139e-05
1.681234999999999837e-05
1.684587999999999938e-05
1.688312999999999975e-05
1.692038000000000011e-05
1.695764000000000117e-05
1.699489000000000154e-05
1.703586999999999856e-05
1.706939999999999957e-05
1.711036999999999929e-05
1.715134999999999970e-05
1.718861000000000076e-05
1.722586000000000112e-05
1.726684000000000153e-05
1.730781999999999856e-05
1.734879000000000165e-05
1.738604999999999933e-05
1.743074999999999909e-05
1.747172999999999950e-05
1.750897999999999986e-05
1.754996000000000027e-05
1.759094000000000068e-05
1.763192000000000109e-05
1.766917000000000146e-05
1.770641999999999843e-05
1.774366999999999880e-05
1.778092999999999986e-05
1.782191000000000027e-05
1.785916000000000063e-05
1.789269000000000165e-05
1.792993999999999862e-05
1.796718999999999899e-05
1.800072000000000000e-05
1.803797000000000037e-05
1.807522000000000073e-05
1.810502999999999901e-05
1.813854999999999932e-05
1.816836000000000099e-05
1.819815999999999857e-05
1.822424000000000019e-05
1.825404000000000116e-05
1.828011999999999939e-05
1.830619000000000031e-05
1.833599999999999859e-05
1.836579999999999956e-05
1.839560000000000053e-05
1.842913000000000155e-05
1.845892999999999913e-05
1.849246000000000014e-05
1.852226000000000111e-05
1.855578999999999874e-05
1.858931999999999975e-05
1.862284000000000007e-05
1.866010000000000113e-05
1.869735000000000150e-05
1.873459999999999847e-05
1.877557999999999888e-05
1.880910999999999990e-05
1.885009000000000031e-05
1.888734000000000067e-05
1.892459000000000103e-05
1.896557000000000145e-05
1.899909999999999907e-05
1.903634999999999944e-05
1.907732999999999985e-05
1.911458000000000021e-05
1.915556000000000062e-05
1.918909000000000164e-05
1.922633999999999861e-05
1.926731999999999902e-05
1.930456999999999939e-05
1.934181999999999975e-05
1.937908000000000081e-05
1.941633000000000117e-05
1.945358000000000154e-05
1.949083999999999921e-05
1.952808999999999958e-05
1.956533999999999994e-05
1.959887000000000096e-05
1.963239999999999858e-05
1.966964999999999895e-05
1.970317999999999996e-05
1.974043000000000032e-05
1.977768000000000069e-05
1.981493999999999836e-05
1.984845999999999868e-05
1.988571999999999974e-05
1.991924000000000006e-05
1.995650000000000112e-05
1.999375000000000148e-05
2.003472999999999851e-05
2.007197999999999887e-05
2.010922999999999923e-05
2.015020999999999964e-05
2.018746000000000001e-05
2.022844000000000042e-05
2.026570000000000148e-05
2.029921999999999841e-05
2.034019999999999882e-05
2.037744999999999918e-05
2.041471000000000025e-05
2.045196000000000061e-05
2.048549000000000162e-05
2.052646999999999865e-05
2.056371999999999901e-05
2.060096999999999937e-05
2.063821999999999974e-05
2.067548000000000080e-05
2.071273000000000116e-05
2.074998000000000153e-05
2.078723999999999920e-05
2.082448999999999956e-05
2.086546999999999998e-05
2.089899000000000029e-05
2.093997000000000070e-05
2.097722999999999838e-05
2.101820000000000148e-05
2.105545999999999915e-05
2.109270999999999951e-05
2.112995999999999988e-05
2.117094000000000029e-05
2.121192000000000070e-05
2.124544999999999833e-05
2.128642999999999874e-05
2.132739999999999845e-05
2.136465999999999951e-05
2.140562999999999922e-05
2.143916000000000024e-05
2.148014000000000065e-05
2.151739000000000101e-05
2.155464999999999869e-05
2.159189999999999905e-05
2.162543000000000006e-05
2.166268000000000043e-05
2.169621000000000144e-05
2.173345999999999842e-05
2.177070999999999878e-05
2.180423999999999980e-05
2.184149000000000016e-05
2.187875000000000122e-05
2.191227000000000154e-05
2.194952999999999921e-05
2.198677999999999958e-05
2.202402999999999994e-05
2.206129000000000100e-05
2.210226000000000072e-05
2.213578999999999834e-05
2.217303999999999871e-05
2.221401999999999912e-05
2.225128000000000018e-05
2.228853000000000054e-05
2.232578000000000091e-05
2.235930999999999853e-05
2.239655999999999890e-05
2.243380999999999926e-05
2.247107000000000032e-05
2.250460000000000134e-05
2.254184999999999831e-05
2.257537999999999933e-05
2.260889999999999965e-05
2.264243000000000066e-05
2.267596000000000168e-05
2.270948999999999930e-05
2.274300999999999962e-05
2.277654000000000064e-05
2.281007000000000165e-05
2.284359999999999928e-05
2.287711999999999960e-05
2.291065000000000061e-05
2.294045000000000158e-05
2.297025999999999986e-05
2.299633000000000078e-05
2.302613999999999906e-05
2.305220999999999998e-05
2.307829000000000160e-05
2.310063999999999979e-05
2.312299000000000136e-05
2.314535000000000024e-05
2.316396999999999838e-05
2.317887000000000056e-05
2.319376999999999935e-05
2.320867000000000153e-05
2.321985000000000097e-05
2.323103000000000041e-05
2.324219999999999916e-05
2.324964999999999855e-05
2.325710000000000133e-05
2.326455000000000073e-05
2.327200000000000012e-05
2.327573000000000017e-05
2.327946000000000022e-05
2.328317999999999957e-05
2.329062999999999896e-05
2.329435999999999901e-05
2.329807999999999836e-05
2.330180999999999840e-05
2.330553000000000114e-05
2.330553000000000114e-05
2.330926000000000119e-05
2.330926000000000119e-05
2.331298000000000053e-05
2.331298000000000053e-05
2.331298000000000053e-05
2.331298000000000053e-05
2.331298000000000053e-05
2.331671000000000058e-05
2.331671000000000058e-05
2.331671000000000058e-05
2.331671000000000058e-05
2.331671000000000058e-05
2.331671000000000058e-05
2.331671000000000058e-05
2.331298000000000053e-05
2.331298000000000053e-05
2.331298000000000053e-05
2.331298000000000053e-05
2.330926000000000119e-05
2.330926000000000119e-05
2.330553000000000114e-05
2.330553000000000114e-05
2.330553000000000114e-05
2.330553000000000114e-05
2.330180999999999840e-05
2.330180999999999840e-05
2.329807999999999836e-05
2.329807999999999836e-05
2.329435999999999901e-05
2.329435999999999901e-05
2.329062999999999896e-05
2.329062999999999896e-05
2.329062999999999896e-05
2.329062999999999896e-05
2.329062999999999896e-05
2.329435999999999901e-05
2.329807999999999836e-05
2.329807999999999836e-05
2.330180999999999840e-05
2.330553000000000114e-05
2.330553000000000114e-05
2.330553000000000114e-05
2.330926000000000119e-05
2.330926000000000119e-05
2.331298000000000053e-05
2.331671000000000058e-05
2.332042999999999993e-05
2.332415999999999998e-05
2.332415999999999998e-05
2.332787999999999932e-05
2.332787999999999932e-05
2.333160999999999937e-05
2.333160999999999937e-05
2.333532999999999872e-05
2.333532999999999872e-05
2.333532999999999872e-05
2.333905999999999877e-05
2.333905999999999877e-05
2.333905999999999877e-05
2.334278999999999881e-05
2.334278999999999881e-05
2.334278999999999881e-05
2.334651000000000155e-05
2.334651000000000155e-05
2.335024000000000160e-05
2.335024000000000160e-05
2.335024000000000160e-05
2.335396000000000095e-05
2.335396000000000095e-05
2.335396000000000095e-05
2.335769000000000099e-05
2.335769000000000099e-05
2.335769000000000099e-05
2.336141000000000034e-05
2.336141000000000034e-05
2.336141000000000034e-05
2.336514000000000039e-05
2.336885999999999974e-05
2.336885999999999974e-05
2.336885999999999974e-05
2.336885999999999974e-05
2.336885999999999974e-05
2.336885999999999974e-05
2.336885999999999974e-05
2.336885999999999974e-05
2.336885999999999974e-05
2.336885999999999974e-05
2.336885999999999974e-05
2.336514000000000039e-05
2.336141000000000034e-05
2.336141000000000034e-05
2.335769000000000099e-05
2.335769000000000099e-05
2.335396000000000095e-05
2.335024000000000160e-05
2.334651000000000155e-05
2.334278999999999881e-05
2.333905999999999877e-05
2.333905999999999877e-05
2.333532999999999872e-05
2.333160999999999937e-05
2.332787999999999932e-05
2.332415999999999998e-05
2.332415999999999998e-05
2.332042999999999993e-05
2.331671000000000058e-05
2.331298000000000053e-05
2.331298000000000053e-05
2.330926000000000119e-05
2.330926000000000119e-05
2.330553000000000114e-05
2.330553000000000114e-05
2.330553000000000114e-05
2.330553000000000114e-05
2.330553000000000114e-05
2.330553000000000114e-05
2.330553000000000114e-05
2.330553000000000114e-05
2.330553000000000114e-05
2.330926000000000119e-05
2.331298000000000053e-05
2.331298000000000053e-05
2.331298000000000053e-05
2.331671000000000058e-05
2.331671000000000058e-05
2.332042999999999993e-05
2.332042999999999993e-05
2.332415999999999998e-05
2.332415999999999998e-05
2.332415999999999998e-05
2.332787999999999932e-05
2.333160999999999937e-05
2.333160999999999937e-05
2.333532999999999872e-05
2.333532999999999872e-05
2.333905999999999877e-05
2.333905999999999877e-05
2.333905999999999877e-05
2.333905999999999877e-05
2.333905999999999877e-05
2.333905999999999877e-05
2.333905999999999877e-05
2.333905999999999877e-05
2.333905999999999877e-05
2.333905999999999877e-05
2.333905999999999877e-05
2.333905999999999877e-05
2.333905999999999877e-05
2.333905999999999877e-05
2.333905999999999877e-05
2.333532999999999872e-05
2.333532999999999872e-05
2.333532999999999872e-05
2.333532999999999872e-05
2.333160999999999937e-05
2.333160999999999937e-05
2.333160999999999937e-05
2.332787999999999932e-05
2.332787999999999932e-05
2.332787999999999932e-05
2.332787999999999932e-05
2.332787999999999932e-05
2.332787999999999932e-05
2.332787999999999932e-05
2.332787999999999932e-05
2.332787999999999932e-05
2.332787999999999932e-05
2.333160999999999937e-05
2.333160999999999937e-05
2.333532999999999872e-05
2.333532999999999872e-05
2.333905999999999877e-05
2.333905999999999877e-05
2.334278999999999881e-05
2.334651000000000155e-05
2.335024000000000160e-05
2.335024000000000160e-05
2.335396000000000095e-05
2.335769000000000099e-05
2.335769000000000099e-05
2.335769000000000099e-05
2.336141000000000034e-05
2.335769000000000099e-05
2.335769000000000099e-05
2.335769000000000099e-05
2.335396000000000095e-05
2.335396000000000095e-05
2.335024000000000160e-05
2.335024000000000160e-05
2.335024000000000160e-05
