1.847751000000000040e-06
1.832849999999999951e-06
1.810498000000000017e-06
1.773244999999999994e-06
1.713641000000000065e-06
1.646586000000000078e-06
1.564628999999999974e-06
1.467772000000000022e-06
1.370914000000000043e-06
1.266606000000000033e-06
1.169748000000000053e-06
1.072891000000000101e-06
9.834839000000000283e-07
9.015238999999999482e-07
8.195675000000000098e-07
7.525123000000000381e-07
6.854570999999999606e-07
6.184018000000000497e-07
5.662478000000000447e-07
5.066431000000000112e-07
4.693884000000000158e-07
4.321354999999999853e-07
3.874320000000000245e-07
3.576296999999999774e-07
3.203767999999999999e-07
2.905745000000000057e-07
2.533215999999999752e-07
2.235183000000000064e-07
1.862654000000000024e-07
1.564631000000000083e-07
1.266607999999999876e-07
8.940742000000000267e-08
5.960510000000000213e-08
2.235185999999999895e-08
0.000000000000000000e+00
-4.470371000000000134e-08
-8.195683999999999923e-08
-1.266607999999999876e-07
-1.788147999999999926e-07
-2.309688999999999898e-07
-2.905745000000000057e-07
-3.501790999999999940e-07
-4.023331999999999912e-07
-4.619377999999999795e-07
-5.140936999999999946e-07
-5.736982999999999829e-07
-6.407535999999999997e-07
-6.929076000000000047e-07
-7.450616999999999489e-07
-7.972157999999999990e-07
-8.493698000000000040e-07
-9.015238999999999482e-07
-9.536816000000000341e-07
-9.983850999999999950e-07
-1.035638000000000078e-06
-1.080340999999999920e-06
-1.117593999999999942e-06
-1.147396999999999935e-06
-1.177198999999999899e-06
-1.207001000000000076e-06
-1.229353000000000010e-06
-1.251704999999999944e-06
-1.266606000000000033e-06
-1.274057000000000091e-06
-1.288957999999999967e-06
-1.296407999999999997e-06
-1.311309000000000086e-06
-1.326210999999999990e-06
-1.333661000000000020e-06
-1.356012999999999954e-06
-1.378365000000000101e-06
-1.393265999999999977e-06
-1.400716000000000007e-06
-1.415617999999999911e-06
-1.437969000000000030e-06
-1.452869999999999906e-06
-1.475222000000000053e-06
-1.497573999999999987e-06
-1.527375999999999952e-06
-1.542277000000000040e-06
-1.557178999999999944e-06
-1.572080000000000032e-06
-1.594431999999999967e-06
-1.616783000000000085e-06
-1.639135000000000020e-06
-1.646586000000000078e-06
-1.654035999999999896e-06
-1.668936999999999984e-06
-1.683838000000000073e-06
-1.691288999999999919e-06
-1.683838000000000073e-06
-1.683838000000000073e-06
-1.698739999999999977e-06
-1.713641000000000065e-06
-1.735992999999999999e-06
-1.750894000000000088e-06
-1.765794999999999964e-06
-1.780696000000000052e-06
-1.803047999999999987e-06
-1.825399999999999921e-06
-1.840301000000000009e-06
-1.840301000000000009e-06
-1.847751000000000040e-06
-1.870102999999999974e-06
-1.892454999999999908e-06
-1.922264000000000066e-06
-1.952067000000000059e-06
-1.974418000000000177e-06
-2.004221000000000169e-06
-2.034022999999999922e-06
-2.063825000000000099e-06
-2.093628000000000091e-06
-2.123429999999999844e-06
-2.160683000000000079e-06
-2.197935999999999889e-06
-2.227738000000000066e-06
-2.257539999999999819e-06
-2.287342999999999811e-06
-2.324596000000000045e-06
-2.354397999999999798e-06
-2.376750000000000156e-06
-2.406551999999999909e-06
-2.421453000000000209e-06
-2.443805000000000144e-06
-2.458706000000000020e-06
-2.466157000000000078e-06
-2.473606999999999897e-06
-2.473606999999999897e-06
-2.481057999999999955e-06
-2.488508000000000197e-06
-2.495958999999999831e-06
-2.510860000000000131e-06
-2.525761000000000007e-06
-2.540663000000000123e-06
-2.555564000000000000e-06
-2.585366000000000176e-06
-2.600267000000000053e-06
-2.622618999999999987e-06
-2.652421000000000164e-06
-2.667322000000000040e-06
-2.682224000000000156e-06
-2.704574999999999851e-06
-2.719476000000000151e-06
-2.734377999999999843e-06
-2.756728999999999962e-06
-2.779080999999999896e-06
-2.793982000000000196e-06
-2.816334000000000131e-06
-2.838686000000000065e-06
-2.853586999999999941e-06
-2.875938999999999876e-06
-2.898289999999999994e-06
-2.920641999999999929e-06
-2.935542999999999805e-06
-2.957895000000000163e-06
-2.980247000000000098e-06
-2.995147999999999974e-06
-3.024950000000000151e-06
-3.047302000000000085e-06
-3.062202999999999961e-06
-3.084554999999999896e-06
-3.106906999999999830e-06
-3.129257999999999949e-06
-3.144160000000000065e-06
-3.166511000000000183e-06
-3.181412000000000060e-06
-3.196314000000000175e-06
-3.211215000000000052e-06
-3.233566999999999986e-06
-3.241016999999999805e-06
-3.263369000000000163e-06
-3.285721000000000097e-06
-3.300621999999999974e-06
-3.322973000000000092e-06
-3.345325000000000027e-06
-3.360225999999999903e-06
-3.382577999999999837e-06
-3.412380000000000014e-06
-3.427282000000000130e-06
-3.449632999999999825e-06
-3.479435999999999817e-06
-3.501786999999999936e-06
-3.539040000000000170e-06
-3.561392000000000104e-06
-3.591193999999999857e-06
-3.613545999999999792e-06
-3.628447000000000092e-06
-3.650799000000000026e-06
-3.665699999999999903e-06
-3.680601000000000203e-06
-3.695502999999999895e-06
-3.717854000000000013e-06
-3.740205999999999948e-06
-3.770008000000000124e-06
-3.799811000000000117e-06
-3.829627999999999648e-06
-3.866879999999999643e-06
-3.896682999999999636e-06
-3.926485000000000236e-06
-3.948836999999999747e-06
-3.971189000000000104e-06
-3.986089999999999981e-06
-3.993540000000000223e-06
-4.008441000000000100e-06
-4.023343000000000215e-06
-4.038244000000000092e-06
-4.060595999999999603e-06
-4.075497000000000326e-06
-4.105299000000000079e-06
-4.127650999999999590e-06
-4.157453000000000190e-06
-4.187254999999999943e-06
-4.209607000000000301e-06
-4.231958999999999812e-06
-4.246859999999999688e-06
-4.261761000000000412e-06
-4.276662000000000288e-06
-4.291564000000000404e-06
-4.306465000000000281e-06
-4.321366000000000157e-06
-4.343717999999999668e-06
-4.366068999999999786e-06
-4.388421000000000144e-06
-4.418222999999999897e-06
-4.448025999999999890e-06
-4.477827999999999643e-06
-4.500180000000000000e-06
-4.522532000000000358e-06
-4.544882999999999630e-06
-4.567234999999999988e-06
-4.574685999999999622e-06
-4.589587000000000346e-06
-4.597036999999999741e-06
-4.604488000000000222e-06
-4.604488000000000222e-06
-4.597036999999999741e-06
-4.597036999999999741e-06
-4.589587000000000346e-06
-4.582135999999999864e-06
-4.589587000000000346e-06
-4.597036999999999741e-06
-4.619389000000000099e-06
-4.641740999999999610e-06
-4.686444000000000086e-06
-4.731147999999999955e-06
-4.790752000000000308e-06
-4.850357000000000053e-06
-4.917412000000000040e-06
-4.977016999999999786e-06
-5.036622000000000378e-06
-5.088775999999999642e-06
-5.133479000000000118e-06
-5.170732000000000353e-06
-5.193083999999999863e-06
-5.200534000000000106e-06
-5.215436000000000221e-06
-5.237787000000000340e-06
-5.260138999999999851e-06
-5.267590000000000332e-06
-5.289940999999999604e-06
-5.304842000000000327e-06
-5.312292999999999962e-06
-5.319743999999999596e-06
-5.327193999999999838e-06
-5.349546000000000196e-06
-5.364447000000000072e-06
-5.379347999999999949e-06
-5.386798999999999583e-06
-5.394248999999999825e-06
-5.416601000000000183e-06
-5.438952999999999694e-06
-5.461305000000000052e-06
-5.483656000000000171e-06
-5.506007999999999682e-06
-5.520909000000000405e-06
-5.543260999999999916e-06
-5.565613000000000274e-06
-5.580514000000000150e-06
-5.602865999999999661e-06
-5.632668000000000261e-06
-5.647569000000000138e-06
-5.669920999999999649e-06
-5.692273000000000006e-06
-5.707173999999999883e-06
-5.729526000000000241e-06
-5.744427000000000117e-06
-5.766778000000000236e-06
-5.774228999999999870e-06
-5.789129999999999747e-06
-5.811482000000000105e-06
-5.826382999999999981e-06
-5.841283999999999858e-06
-5.863636000000000216e-06
-5.878537000000000092e-06
-5.893437999999999968e-06
-5.915790000000000326e-06
-5.930691000000000203e-06
-5.945592000000000079e-06
-5.960494000000000195e-06
-5.975395000000000072e-06
-5.990295999999999948e-06
-6.005196999999999825e-06
-6.020097999999999701e-06
-6.034998999999999578e-06
-6.057350999999999935e-06
-6.072251999999999812e-06
-6.087152999999999688e-06
-6.102054999999999804e-06
-6.124405999999999923e-06
-6.139308000000000039e-06
-6.146758000000000281e-06
-6.161659000000000157e-06
-6.176560000000000034e-06
-6.198912000000000392e-06
-6.213813000000000268e-06
-6.221263999999999902e-06
-6.243616000000000260e-06
-6.265967000000000379e-06
-6.280868999999999648e-06
-6.295770000000000371e-06
-6.318120999999999643e-06
-6.340473000000000001e-06
-6.347923999999999635e-06
-6.370275999999999993e-06
-6.392627000000000111e-06
-6.407527999999999988e-06
-6.429880000000000346e-06
-6.452231999999999857e-06
-6.467132999999999733e-06
-6.489485000000000091e-06
-6.511836999999999602e-06
-6.526738000000000326e-06
-6.549088999999999597e-06
-6.571440999999999955e-06
-6.593793000000000313e-06
-6.608694000000000189e-06
-6.631045999999999700e-06
-6.653398000000000058e-06
-6.660848000000000300e-06
-6.683199999999999811e-06
-6.705552000000000169e-06
-6.727903000000000288e-06
-6.750254999999999798e-06
-6.772607000000000156e-06
-6.780057000000000398e-06
-6.802408999999999909e-06
-6.824761000000000267e-06
-6.847112999999999778e-06
-6.854563000000000020e-06
-6.876915000000000378e-06
-6.891816000000000255e-06
-6.906717000000000131e-06
-6.921618000000000007e-06
-6.943970000000000365e-06
-6.966321999999999876e-06
-6.973773000000000358e-06
-6.988674000000000234e-06
-7.011025000000000353e-06
-7.018475999999999987e-06
-7.033376999999999864e-06
-7.040828000000000345e-06
-7.055729000000000222e-06
-7.063179999999999856e-06
-7.070630000000000098e-06
-7.085530999999999974e-06
-7.092981999999999609e-06
-7.100431999999999851e-06
-7.107883000000000332e-06
-7.122784000000000209e-06
-7.137685000000000085e-06
-7.152585999999999962e-06
-7.167488000000000078e-06
-7.182388999999999954e-06
-7.204741000000000312e-06
-7.227091999999999584e-06
-7.249443999999999941e-06
-7.279245999999999694e-06
-7.294147999999999810e-06
-7.323950000000000410e-06
-7.353752000000000163e-06
-7.376103999999999674e-06
-7.405906000000000274e-06
-7.428257999999999785e-06
-7.458060000000000385e-06
-7.480411999999999896e-06
-7.510213999999999649e-06
-7.540016999999999641e-06
-7.562367999999999760e-06
-7.592170999999999752e-06
-7.614521999999999870e-06
-7.644354000000000028e-06
-7.666706000000000386e-06
-7.689056999999999657e-06
-7.711409000000000015e-06
-7.733761000000000373e-06
-7.756113000000000731e-06
-7.771014000000000608e-06
-7.793365999999999271e-06
-7.808267000000000842e-06
-7.830618000000000114e-06
-7.852970000000000471e-06
-7.867871000000000348e-06
-7.897673999999999493e-06
-7.920025000000000459e-06
-7.934926999999999728e-06
-7.957278000000000693e-06
-7.987080999999999838e-06
-8.001981999999999715e-06
-8.024334000000000073e-06
-8.046684999999999344e-06
-8.061585999999999221e-06
-8.083937999999999579e-06
-8.106289999999999937e-06
-8.121190999999999813e-06
-8.143543000000000171e-06
-8.165895000000000529e-06
-8.188245999999999800e-06
-8.210598000000000158e-06
-8.240399999999999911e-06
-8.255301999999999180e-06
-8.285104000000000627e-06
-8.314906000000000380e-06
-8.344708000000000133e-06
-8.367060000000000491e-06
-8.396862999999999636e-06
-8.426664999999999389e-06
-8.441565999999999266e-06
-8.471368000000000713e-06
-8.493719999999999376e-06
-8.516071999999999734e-06
-8.545873999999999487e-06
-8.568225999999999845e-06
-8.598027999999999598e-06
-8.627831000000000438e-06
-8.665082999999999586e-06
-8.702335999999999820e-06
-8.747040000000000536e-06
-8.799194000000000647e-06
-8.851348000000000757e-06
-8.918403000000000745e-06
-8.992908999999999520e-06
-9.074864999999999383e-06
-9.171723000000000210e-06
-9.268579999999999950e-06
-9.380339000000000653e-06
-9.492097999999999663e-06
-9.603857000000000366e-06
-9.708165000000000587e-06
-9.819923000000000204e-06
-9.931681999999999213e-06
-1.003598999999999943e-05
-1.013285000000000074e-05
-1.022225000000000026e-05
-1.031166000000000047e-05
-1.039361999999999960e-05
-1.046812000000000033e-05
-1.053518000000000066e-05
-1.060223000000000030e-05
-1.065439000000000015e-05
-1.070653999999999931e-05
-1.076615000000000025e-05
-1.081085000000000001e-05
-1.085554999999999977e-05
-1.090026000000000023e-05
-1.093751000000000059e-05
-1.097475999999999926e-05
-1.101202000000000032e-05
-1.104927000000000068e-05
-1.108651999999999935e-05
-1.112378000000000042e-05
-1.115357999999999969e-05
-1.119083000000000005e-05
-1.122062999999999933e-05
-1.125789000000000039e-05
-1.128024000000000027e-05
-1.131749000000000063e-05
-1.133984000000000051e-05
-1.136963999999999979e-05
-1.140689999999999916e-05
-1.142925000000000073e-05
-1.145905000000000000e-05
-1.148139999999999988e-05
-1.151120999999999986e-05
-1.153355999999999974e-05
-1.155590999999999961e-05
-1.159315999999999998e-05
-1.160806000000000046e-05
-1.163787000000000044e-05
-1.166022000000000031e-05
-1.169001999999999959e-05
-1.171982000000000056e-05
-1.174217000000000044e-05
-1.177198000000000041e-05
-1.179433000000000029e-05
-1.182412999999999956e-05
-1.184647999999999944e-05
-1.186882999999999932e-05
-1.189117999999999920e-05
-1.191353999999999978e-05
-1.193588999999999966e-05
-1.196569000000000063e-05
-1.198058999999999942e-05
-1.201039000000000039e-05
-1.203274999999999927e-05
-1.204764999999999975e-05
-1.206999999999999963e-05
-1.209234999999999951e-05
-1.210725000000000000e-05
-1.212215000000000048e-05
-1.214450000000000036e-05
-1.216685999999999925e-05
-1.218175999999999973e-05
-1.220410999999999961e-05
-1.222645999999999949e-05
-1.224135999999999997e-05
-1.227115999999999925e-05
-1.229351999999999982e-05
-1.231586999999999970e-05
-1.234567000000000067e-05
-1.236802000000000055e-05
-1.239037000000000043e-05
-1.242018000000000040e-05
-1.243507999999999919e-05
-1.245743000000000077e-05
-1.247978000000000065e-05
-1.249467999999999944e-05
-1.252448000000000041e-05
-1.254683999999999929e-05
-1.256173999999999977e-05
-1.259154000000000074e-05
-1.260643999999999953e-05
-1.263624000000000050e-05
-1.265859000000000038e-05
-1.268094999999999926e-05
-1.270330000000000084e-05
-1.273310000000000011e-05
-1.274800000000000060e-05
-1.277779999999999987e-05
-1.280016000000000045e-05
-1.282251000000000033e-05
-1.284486000000000021e-05
-1.286721000000000009e-05
-1.288955999999999997e-05
-1.291190999999999985e-05
-1.293427000000000042e-05
-1.295662000000000030e-05
-1.297897000000000018e-05
-1.300132000000000006e-05
-1.302366999999999994e-05
-1.304601999999999982e-05
-1.306838000000000040e-05
-1.309073000000000028e-05
-1.311308000000000016e-05
-1.313543000000000004e-05
-1.315777999999999992e-05
-1.318014000000000049e-05
-1.320249000000000037e-05
-1.322484000000000025e-05
-1.323974000000000074e-05
-1.326209000000000062e-05
-1.328444000000000049e-05
-1.330679999999999938e-05
-1.332914999999999926e-05
-1.335150000000000083e-05
-1.336639999999999962e-05
-1.338874999999999950e-05
-1.341109999999999938e-05
-1.343345999999999996e-05
-1.345580999999999984e-05
-1.347815999999999972e-05
-1.349306000000000020e-05
-1.352285999999999948e-05
-1.355266000000000044e-05
-1.356756999999999993e-05
-1.359736999999999921e-05
-1.361972000000000078e-05
-1.364207000000000066e-05
-1.366442000000000054e-05
-1.368677000000000042e-05
-1.370167999999999991e-05
-1.372402999999999979e-05
-1.374637999999999967e-05
-1.376128000000000015e-05
-1.377618000000000064e-05
-1.379853000000000051e-05
-1.381342999999999930e-05
-1.382834000000000049e-05
-1.385069000000000037e-05
-1.387304000000000025e-05
-1.388048999999999964e-05
-1.390283999999999952e-05
-1.391774000000000000e-05
-1.394008999999999988e-05
-1.395499999999999937e-05
-1.397734999999999925e-05
-1.399970000000000083e-05
-1.400715000000000022e-05
-1.402950000000000010e-05
-1.405184999999999998e-05
-1.406675000000000046e-05
-1.408910999999999935e-05
-1.410400999999999983e-05
-1.412635999999999971e-05
-1.414126000000000020e-05
-1.415616000000000068e-05
-1.417851000000000056e-05
-1.419340999999999935e-05
-1.420086000000000044e-05
-1.421576999999999993e-05
-1.423811999999999981e-05
-1.425302000000000029e-05
-1.426046999999999969e-05
-1.427537000000000017e-05
-1.429027000000000065e-05
-1.430516999999999944e-05
-1.432006999999999993e-05
-1.432751999999999932e-05
-1.434243000000000051e-05
-1.436478000000000039e-05
-1.437967999999999918e-05
-1.439457999999999966e-05
-1.440948000000000015e-05
-1.443183000000000002e-05
-1.444673000000000051e-05
-1.446164000000000000e-05
-1.447654000000000048e-05
-1.449143999999999927e-05
-1.450633999999999976e-05
-1.452124000000000024e-05
-1.453614000000000072e-05
-1.455103999999999952e-05
-1.456594000000000000e-05
-1.457338999999999939e-05
-1.458830000000000058e-05
-1.460319999999999937e-05
-1.461809999999999985e-05
-1.463300000000000034e-05
-1.464044999999999973e-05
-1.465535000000000022e-05
-1.467025000000000070e-05
-1.468514999999999949e-05
-1.470004999999999997e-05
-1.472241000000000055e-05
-1.473730999999999934e-05
-1.475965999999999922e-05
-1.476711000000000031e-05
-1.478946000000000019e-05
-1.480436000000000067e-05
-1.482671000000000055e-05
-1.484160999999999934e-05
-1.486396999999999992e-05
-1.487887000000000041e-05
-1.489376999999999920e-05
-1.491612000000000077e-05
-1.493847000000000065e-05
-1.495336999999999944e-05
-1.497573000000000002e-05
-1.499063000000000050e-05
-1.501298000000000038e-05
-1.502787999999999917e-05
-1.504277999999999966e-05
-1.505768000000000014e-05
-1.508003000000000002e-05
-1.508747999999999941e-05
-1.510239000000000060e-05
-1.511728999999999939e-05
-1.513218999999999987e-05
-1.513963999999999927e-05
-1.515453999999999975e-05
-1.517688999999999963e-05
-1.519923999999999951e-05
-1.521413999999999999e-05
-1.523650000000000057e-05
-1.526636000000000066e-05
-1.528125999999999945e-05
-1.531106000000000041e-05
-1.533340999999999860e-05
-1.535576000000000017e-05
-1.537810999999999836e-05
-1.540047000000000063e-05
-1.542281999999999882e-05
-1.545261999999999978e-05
-1.546751999999999857e-05
-1.548987000000000015e-05
-1.551222999999999903e-05
-1.552713000000000121e-05
-1.554203000000000000e-05
-1.556438000000000157e-05
-1.557928000000000036e-05
-1.559417999999999915e-05
-1.560908000000000133e-05
-1.563142999999999952e-05
-1.564633999999999901e-05
-1.566124000000000118e-05
-1.567613999999999997e-05
-1.569849000000000155e-05
-1.571339000000000034e-05
-1.572828999999999913e-05
-1.575809000000000010e-05
-1.577299999999999959e-05
-1.579535000000000116e-05
-1.581769999999999934e-05
-1.584005000000000092e-05
-1.586239999999999910e-05
-1.588475000000000068e-05
-1.590710999999999956e-05
-1.592946000000000113e-05
-1.595180999999999932e-05
-1.597416000000000089e-05
-1.599650999999999908e-05
-1.601886000000000065e-05
-1.603377000000000014e-05
-1.605611999999999833e-05
-1.607846999999999990e-05
-1.609336999999999869e-05
-1.610827000000000087e-05
-1.613061999999999905e-05
-1.615298000000000132e-05
-1.616788000000000011e-05
-1.619023000000000169e-05
-1.620513000000000048e-05
-1.622002999999999927e-05
-1.624238000000000084e-05
-1.626472999999999903e-05
-1.627963999999999852e-05
-1.630199000000000009e-05
-1.632434000000000166e-05
-1.634668999999999985e-05
-1.636158999999999864e-05
-1.638394000000000021e-05
-1.640628999999999840e-05
-1.641374999999999849e-05
-1.643610000000000006e-05
-1.645845000000000164e-05
-1.647335000000000043e-05
-1.649569999999999861e-05
-1.651060000000000079e-05
-1.653294999999999898e-05
-1.654040999999999907e-05
-1.656276000000000064e-05
-1.657765999999999943e-05
-1.660001000000000101e-05
-1.661490999999999980e-05
-1.662980999999999859e-05
-1.665216000000000016e-05
-1.666706999999999965e-05
-1.668196999999999844e-05
-1.670432000000000001e-05
-1.672667000000000159e-05
-1.674157000000000038e-05
-1.676391999999999856e-05
-1.678627000000000014e-05
-1.680117999999999962e-05
-1.682353000000000120e-05
-1.684587999999999938e-05
-1.686078000000000156e-05
-1.688312999999999975e-05
-1.689802999999999854e-05
-1.691293000000000071e-05
-1.693528999999999960e-05
-1.695018999999999839e-05
-1.697253999999999996e-05
-1.697998999999999936e-05
-1.699489000000000154e-05
-1.701723999999999972e-05
-1.703213999999999851e-05
-1.703959000000000129e-05
-1.706195000000000018e-05
-1.707684999999999897e-05
-1.709175000000000115e-05
-1.710664999999999994e-05
-1.712154999999999873e-05
-1.713645000000000091e-05
-1.715134999999999970e-05
-1.716624999999999849e-05
-1.717370000000000127e-05
-1.718861000000000076e-05
-1.721095999999999894e-05
-1.722586000000000112e-05
-1.723331000000000052e-05
-1.724820999999999931e-05
-1.726311000000000149e-05
-1.727801000000000028e-05
-1.728545999999999967e-05
-1.729290999999999907e-05
-1.730781999999999856e-05
-1.731527000000000134e-05
-1.732272000000000073e-05
-1.733761999999999952e-05
-1.734506999999999892e-05
-1.735251999999999831e-05
-1.735997000000000110e-05
-1.736742000000000049e-05
-1.737486999999999989e-05
-1.738976999999999868e-05
-1.739722000000000146e-05
-1.741212000000000025e-05
-1.741956999999999965e-05
-1.741956999999999965e-05
-1.742701999999999904e-05
-1.743447999999999913e-05
-1.744192999999999853e-05
-1.744938000000000131e-05
-1.745683000000000071e-05
-1.746428000000000010e-05
-1.747172999999999950e-05
-1.747917999999999889e-05
-1.748663000000000168e-05
-1.748663000000000168e-05
-1.749408000000000107e-05
-1.750153000000000047e-05
-1.750897999999999986e-05
-1.751642999999999926e-05
-1.753133000000000143e-05
-1.753878000000000083e-05
-1.754623000000000022e-05
-1.754623000000000022e-05
-1.755367999999999962e-05
-1.756112999999999901e-05
-1.756858999999999911e-05
-1.758349000000000129e-05
-1.759094000000000068e-05
-1.759839000000000008e-05
-1.760583999999999947e-05
-1.761328999999999887e-05
-1.761328999999999887e-05
-1.762074000000000165e-05
-1.762819000000000105e-05
-1.763564000000000044e-05
-1.764308999999999984e-05
-1.765053999999999923e-05
-1.765798999999999863e-05
-1.766544000000000141e-05
-1.767289000000000080e-05
-1.768034000000000020e-05
-1.768778999999999959e-05
-1.770269999999999908e-05
-1.771014999999999848e-05
-1.772505000000000066e-05
-1.773994999999999945e-05
-1.773994999999999945e-05
-1.775485000000000163e-05
-1.776975000000000042e-05
-1.777719999999999981e-05
-1.779209999999999860e-05
-1.779955000000000138e-05
-1.780700000000000078e-05
-1.781445000000000017e-05
-1.782935999999999966e-05
-1.783680999999999906e-05
-1.785171000000000124e-05
-1.785916000000000063e-05
-1.786661000000000003e-05
-1.787405999999999942e-05
-1.788896000000000160e-05
-1.789641000000000100e-05
-1.790386000000000039e-05
-1.791130999999999979e-05
-1.792620999999999858e-05
-1.792620999999999858e-05
-1.793366000000000136e-05
-1.794857000000000085e-05
-1.795602000000000024e-05
-1.797091999999999903e-05
-1.797836999999999843e-05
-1.799327000000000061e-05
-1.799327000000000061e-05
-1.800816999999999940e-05
-1.802307000000000158e-05
-1.803052000000000097e-05
-1.804541999999999976e-05
-1.805286999999999916e-05
-1.806777000000000133e-05
-1.807522000000000073e-05
-1.809013000000000022e-05
-1.809757999999999961e-05
-1.811247999999999840e-05
-1.811993000000000119e-05
-1.812738000000000058e-05
-1.814227999999999937e-05
-1.814972999999999877e-05
-1.816463000000000094e-05
-1.817208000000000034e-05
-1.817952999999999973e-05
-1.819442999999999853e-05
-1.820188000000000131e-05
-1.821679000000000080e-05
-1.823168999999999959e-05
-1.823913999999999898e-05
-1.824658999999999838e-05
-1.825404000000000116e-05
-1.826893999999999995e-05
-1.827638999999999935e-05
-1.829129000000000152e-05
-1.829874000000000092e-05
-1.830619000000000031e-05
-1.831363999999999971e-05
-1.832853999999999850e-05
-1.833599999999999859e-05
-1.835090000000000077e-05
-1.835835000000000017e-05
-1.837324999999999896e-05
-1.837324999999999896e-05
-1.838815000000000114e-05
-1.840304999999999993e-05
-1.841049999999999932e-05
-1.842540000000000150e-05
-1.843285000000000089e-05
-1.844030000000000029e-05
-1.845519999999999908e-05
-1.846265999999999917e-05
-1.847756000000000135e-05
-1.849246000000000014e-05
-1.849990999999999954e-05
-1.849990999999999954e-05
-1.851480999999999833e-05
-1.852226000000000111e-05
-1.852971000000000051e-05
-1.854460999999999930e-05
-1.855205999999999869e-05
-1.855951000000000147e-05
-1.856696000000000087e-05
-1.857441000000000026e-05
-1.858185999999999966e-05
-1.858931999999999975e-05
-1.859676999999999915e-05
-1.860421999999999854e-05
-1.861167000000000133e-05
-1.861912000000000072e-05
-1.862657000000000012e-05
-1.863401999999999951e-05
-1.864146999999999891e-05
-1.864892000000000169e-05
-1.865637000000000109e-05
-1.867126999999999988e-05
-1.867871999999999927e-05
-1.868616999999999867e-05
-1.869362000000000145e-05
-1.870107000000000084e-05
-1.871596999999999963e-05
-1.872342999999999973e-05
-1.873087999999999912e-05
-1.874578000000000130e-05
-1.875323000000000070e-05
-1.875323000000000070e-05
-1.876812999999999949e-05
-1.877557999999999888e-05
-1.878303000000000166e-05
-1.879048000000000106e-05
-1.879793000000000045e-05
-1.881282999999999924e-05
-1.881282999999999924e-05
-1.882027999999999864e-05
-1.882773000000000142e-05
-1.883518000000000082e-05
-1.884263000000000021e-05
-1.885009000000000031e-05
-1.886498999999999910e-05
-1.887243999999999849e-05
-1.887989000000000128e-05
-1.887989000000000128e-05
-1.888734000000000067e-05
-1.889479000000000007e-05
-1.890968999999999886e-05
-1.891714000000000164e-05
-1.892459000000000103e-05
-1.893948999999999982e-05
-1.893948999999999982e-05
-1.895438999999999861e-05
-1.896184000000000140e-05
-1.897675000000000089e-05
-1.898420000000000028e-05
-1.899164999999999968e-05
-1.900654999999999847e-05
-1.900654999999999847e-05
-1.902145000000000065e-05
-1.903634999999999944e-05
-1.904379999999999883e-05
-1.905870000000000101e-05
-1.906615000000000040e-05
-1.906615000000000040e-05
-1.908104999999999919e-05
-1.908849999999999859e-05
-1.909595000000000137e-05
-1.911086000000000086e-05
-1.911831000000000026e-05
-1.912575999999999965e-05
-1.913320999999999905e-05
-1.914065999999999844e-05
-1.914811000000000123e-05
-1.915556000000000062e-05
-1.916301000000000002e-05
-1.917790999999999881e-05
-1.918536000000000159e-05
-1.919281000000000098e-05
-1.920026000000000038e-05
-1.921515999999999917e-05
-1.923006000000000135e-05
-1.924497000000000084e-05
-1.925242000000000023e-05
-1.925986999999999963e-05
-1.927476999999999842e-05
-1.928967000000000060e-05
-1.929711999999999999e-05
-1.931201999999999878e-05
-1.931947000000000156e-05
-1.932692000000000096e-05
-1.934181999999999975e-05
-1.935671999999999854e-05
-1.936417999999999863e-05
-1.937908000000000081e-05
-1.938653000000000021e-05
-1.939397999999999960e-05
-1.940887999999999839e-05
-1.942378000000000057e-05
-1.943122999999999996e-05
-1.944612999999999875e-05
-1.945358000000000154e-05
-1.946848000000000033e-05
-1.947592999999999972e-05
-1.949083999999999921e-05
-1.950574000000000139e-05
-1.951319000000000079e-05
-1.952064000000000018e-05
-1.953553999999999897e-05
-1.955044000000000115e-05
-1.955789000000000054e-05
-1.956533999999999994e-05
-1.957278999999999933e-05
-1.958023999999999873e-05
-1.958769000000000151e-05
-1.959514000000000091e-05
-1.960259000000000030e-05
-1.961003999999999970e-05
-1.961749999999999979e-05
-1.963239999999999858e-05
-1.963985000000000137e-05
-1.963985000000000137e-05
-1.964730000000000076e-05
-1.966219999999999955e-05
-1.966964999999999895e-05
-1.968455000000000112e-05
-1.969200000000000052e-05
-1.969944999999999991e-05
-1.970689999999999931e-05
-1.972180000000000149e-05
-1.973670000000000028e-05
-1.974414999999999967e-05
-1.975905999999999916e-05
-1.976650999999999856e-05
-1.977396000000000134e-05
-1.978141000000000074e-05
-1.979630999999999953e-05
-1.981120999999999832e-05
-1.981866000000000110e-05
-1.982611000000000049e-05
-1.984100999999999928e-05
-1.984845999999999868e-05
-1.986336000000000086e-05
-1.987827000000000035e-05
-1.989316999999999914e-05
-1.989316999999999914e-05
-1.990807000000000132e-05
-1.992297000000000011e-05
-1.993786999999999890e-05
-1.994532000000000168e-05
-1.995277000000000107e-05
-1.996022000000000047e-05
-1.997511999999999926e-05
-1.998256999999999865e-05
-1.999747000000000083e-05
-2.000493000000000093e-05
-2.001982999999999972e-05
-2.001982999999999972e-05
-2.003472999999999851e-05
-2.004218000000000129e-05
-2.005708000000000008e-05
-2.006452999999999947e-05
-2.007943000000000165e-05
-2.007943000000000165e-05
-2.009433000000000044e-05
-2.010922999999999923e-05
-2.011667999999999863e-05
-2.013159000000000151e-05
-2.014649000000000030e-05
-2.014649000000000030e-05
-2.016138999999999909e-05
-2.016883999999999848e-05
-2.018374000000000066e-05
-2.019119000000000005e-05
-2.020608999999999884e-05
-2.020608999999999884e-05
-2.022099000000000102e-05
-2.022844000000000042e-05
-2.024333999999999921e-05
-2.025824999999999870e-05
-2.026570000000000148e-05
-2.027315000000000088e-05
-2.028804999999999967e-05
-2.029549999999999906e-05
-2.031040000000000124e-05
-2.032530000000000003e-05
-2.033274999999999942e-05
-2.034019999999999882e-05
-2.035510000000000100e-05
-2.036255000000000039e-05
-2.037744999999999918e-05
-2.039235999999999867e-05
-2.039981000000000146e-05
-2.040726000000000085e-05
-2.041471000000000025e-05
-2.042960999999999904e-05
-2.043705999999999843e-05
-2.045196000000000061e-05
-2.045941000000000000e-05
-2.046685999999999940e-05
-2.048176000000000158e-05
-2.049666000000000037e-05
-2.050410999999999976e-05
-2.051901999999999925e-05
-2.052646999999999865e-05
-2.054137000000000083e-05
-2.054882000000000022e-05
-2.056371999999999901e-05
-2.057116999999999841e-05
-2.058607000000000058e-05
-2.059351999999999998e-05
-2.060096999999999937e-05
-2.061587000000000155e-05
-2.062332000000000095e-05
-2.063821999999999974e-05
-2.064567999999999983e-05
-2.065312999999999923e-05
-2.066057999999999862e-05
-2.067548000000000080e-05
-2.069037999999999959e-05
-2.069782999999999898e-05
-2.071273000000000116e-05
-2.071273000000000116e-05
-2.072762999999999995e-05
-2.074252999999999874e-05
-2.074998000000000153e-05
-2.076488000000000032e-05
-2.077234000000000041e-05
-2.077978999999999981e-05
-2.078723999999999920e-05
-2.079468999999999860e-05
-2.080214000000000138e-05
-2.081704000000000017e-05
-2.082448999999999956e-05
-2.083938999999999835e-05
-2.083938999999999835e-05
-2.084684000000000114e-05
-2.086173999999999993e-05
-2.087663999999999872e-05
-2.088409000000000150e-05
-2.089899000000000029e-05
-2.090645000000000039e-05
-2.090645000000000039e-05
-2.092134999999999918e-05
-2.092879999999999857e-05
-2.093625000000000135e-05
-2.095115000000000014e-05
-2.095859999999999954e-05
-2.096604999999999893e-05
-2.097349999999999833e-05
-2.098840000000000051e-05
-2.099584999999999990e-05
-2.100329999999999930e-05
-2.101820000000000148e-05
-2.102565000000000087e-05
-2.103311000000000097e-05
-2.104056000000000036e-05
-2.105545999999999915e-05
-2.106290999999999855e-05
-2.107036000000000133e-05
-2.108526000000000012e-05
-2.109270999999999951e-05
-2.110015999999999891e-05
-2.110761000000000169e-05
-2.111506000000000109e-05
-2.112995999999999988e-05
-2.113740999999999927e-05
-2.115231000000000145e-05
-2.115977000000000155e-05
-2.115977000000000155e-05
-2.117467000000000034e-05
-2.118211999999999973e-05
-2.119701999999999852e-05
-2.120447000000000130e-05
-2.121937000000000009e-05
-2.122681999999999949e-05
-2.123426999999999888e-05
-2.124917000000000106e-05
-2.125662000000000046e-05
-2.127151999999999925e-05
-2.127896999999999864e-05
-2.128642999999999874e-05
-2.129388000000000152e-05
-2.130133000000000091e-05
-2.130878000000000031e-05
-2.131622999999999970e-05
-2.132367999999999910e-05
-2.133112999999999849e-05
-2.134603000000000067e-05
-2.134603000000000067e-05
-2.135348000000000007e-05
-2.136092999999999946e-05
-2.136837999999999886e-05
-2.137583000000000164e-05
-2.139073000000000043e-05
-2.139817999999999983e-05
-2.140562999999999922e-05
-2.141308999999999932e-05
-2.142053999999999871e-05
-2.143544000000000089e-05
-2.144289000000000028e-05
-2.145033999999999968e-05
-2.146523999999999847e-05
-2.147269000000000125e-05
-2.148014000000000065e-05
-2.148759000000000004e-05
-2.149503999999999944e-05
-2.150994000000000162e-05
-2.151739000000000101e-05
-2.152484000000000041e-05
-2.153973999999999920e-05
-2.153973999999999920e-05
-2.155464999999999869e-05
-2.156210000000000147e-05
-2.157700000000000026e-05
-2.158444999999999965e-05
-2.159189999999999905e-05
-2.159934999999999844e-05
-2.160680000000000123e-05
-2.162170000000000002e-05
-2.162914999999999941e-05
-2.164405000000000159e-05
-2.165150000000000099e-05
-2.166639999999999978e-05
-2.166639999999999978e-05
-2.167385999999999987e-05
-2.168875999999999866e-05
-2.169621000000000144e-05
-2.171111000000000023e-05
-2.171855999999999963e-05
-2.172600999999999902e-05
-2.173345999999999842e-05
-2.174091000000000120e-05
-2.175580999999999999e-05
-2.176325999999999939e-05
-2.177070999999999878e-05
-2.177816000000000157e-05
-2.179306000000000036e-05
-2.179306000000000036e-05
-2.180796999999999985e-05
-2.181541999999999924e-05
-2.182286999999999864e-05
-2.183777000000000081e-05
-2.184522000000000021e-05
-2.185266999999999960e-05
-2.186011999999999900e-05
-2.187502000000000118e-05
-2.188247000000000057e-05
-2.189736999999999936e-05
-2.191227000000000154e-05
-2.191972000000000094e-05
-2.193463000000000042e-05
-2.194952999999999921e-05
-2.196443000000000139e-05
-2.197933000000000018e-05
-2.199422999999999897e-05
-2.200913000000000115e-05
-2.202402999999999994e-05
-2.204638000000000151e-05
-2.205383000000000091e-05
-2.206874000000000040e-05
-2.209108999999999858e-05
-2.210599000000000076e-05
-2.212088999999999955e-05
-2.213578999999999834e-05
-2.215813999999999992e-05
-2.217303999999999871e-05
-2.218795000000000158e-05
-2.220285000000000037e-05
-2.222519999999999856e-05
-2.223265000000000134e-05
-2.224755000000000013e-05
-2.226989999999999832e-05
-2.228480000000000050e-05
-2.229969999999999929e-05
-2.231460999999999878e-05
-2.232951000000000095e-05
-2.234440999999999974e-05
-2.235930999999999853e-05
-2.237421000000000071e-05
-2.238910999999999950e-05
-2.240401000000000168e-05
-2.241891000000000047e-05
-2.243380999999999926e-05
-2.244871999999999875e-05
-2.246362000000000093e-05
-2.247851999999999972e-05
-2.249341999999999851e-05
-2.250832000000000069e-05
-2.252321999999999948e-05
-2.253812000000000166e-05
-2.255302000000000045e-05
-2.256792999999999993e-05
-2.258282999999999872e-05
-2.260518000000000030e-05
-2.261262999999999969e-05
-2.262752999999999848e-05
-2.264243000000000066e-05
-2.265732999999999945e-05
-2.267968000000000102e-05
-2.268713000000000042e-05
-2.270203999999999991e-05
-2.271693999999999870e-05
-2.273184000000000088e-05
-2.273929000000000027e-05
-2.275418999999999906e-05
-2.276909000000000124e-05
-2.279143999999999943e-05
-2.280634000000000160e-05
-2.281379000000000100e-05
-2.282870000000000049e-05
-2.284359999999999928e-05
-2.285850000000000146e-05
-2.286595000000000085e-05
-2.288084999999999964e-05
-2.289574999999999843e-05
-2.291065000000000061e-05
-2.292554999999999940e-05
-2.293299999999999880e-05
-2.294790000000000097e-05
-2.296281000000000046e-05
-2.297770999999999925e-05
-2.298515999999999865e-05
-2.299261000000000143e-05
-2.300751000000000022e-05
-2.302240999999999901e-05
-2.303731000000000119e-05
-2.305220999999999998e-05
-2.306710999999999877e-05
-2.308202000000000165e-05
-2.309692000000000044e-05
-2.311181999999999923e-05
-2.311926999999999862e-05
-2.314162000000000020e-05
-2.315651999999999899e-05
-2.317142000000000117e-05
-2.318631999999999996e-05
-2.319376999999999935e-05
-2.320867000000000153e-05
-2.321613000000000162e-05
-2.323103000000000041e-05
-2.324592999999999920e-05
-2.325337999999999860e-05
-2.326083000000000138e-05
-2.327573000000000017e-05
-2.328317999999999957e-05
-2.329807999999999836e-05
-2.330553000000000114e-05
-2.331298000000000053e-05
-2.332787999999999932e-05
-2.334278999999999881e-05
-2.335769000000000099e-05
-2.337258999999999978e-05
-2.338003999999999918e-05
-2.339494000000000136e-05
-2.341728999999999954e-05
-2.343218999999999833e-05
-2.343964000000000111e-05
-2.346198999999999930e-05
-2.347689999999999879e-05
-2.349925000000000036e-05
-2.351414999999999915e-05
-2.352905000000000133e-05
-2.355139999999999952e-05
-2.356629999999999831e-05
-2.358120000000000048e-05
-2.359610999999999997e-05
-2.361846000000000155e-05
-2.363336000000000034e-05
-2.364825999999999913e-05
-2.367061000000000070e-05
-2.369295999999999889e-05
-2.370041000000000167e-05
-2.372277000000000055e-05
-2.374511999999999874e-05
-2.376002000000000092e-05
-2.377491999999999971e-05
-2.379727000000000128e-05
-2.381961999999999947e-05
-2.383452000000000164e-05
-2.384942000000000043e-05
-2.387177999999999932e-05
-2.387922999999999871e-05
-2.389413000000000089e-05
-2.391647999999999908e-05
-2.393138000000000125e-05
-2.394628000000000004e-05
-2.396117999999999884e-05
-2.397608000000000101e-05
-2.399099000000000050e-05
-2.400588999999999929e-05
-2.402824000000000087e-05
-2.404313999999999966e-05
-2.405803999999999845e-05
-2.407294000000000062e-05
-2.408783999999999941e-05
-2.411020000000000169e-05
-2.412510000000000048e-05
-2.413254999999999987e-05
-2.415490000000000145e-05
-2.416980000000000024e-05
-2.419214999999999842e-05
-2.420705000000000060e-05
-2.422194999999999939e-05
-2.424431000000000166e-05
-2.425921000000000045e-05
-2.427410999999999924e-05
-2.429646000000000082e-05
-2.431880999999999900e-05
-2.433371000000000118e-05
-2.435605999999999936e-05
-2.437842000000000164e-05
-2.439332000000000043e-05
-2.441566999999999861e-05
-2.443802000000000019e-05
-2.445291999999999898e-05
-2.447527000000000055e-05
-2.449762999999999943e-05
-2.451253000000000161e-05
-2.453487999999999980e-05
-2.455723000000000137e-05
-2.457957999999999955e-05
-2.459447999999999835e-05
-2.461682999999999992e-05
-2.463918999999999880e-05
-2.465409000000000098e-05
-2.467643999999999917e-05
-2.469879000000000074e-05
-2.471368999999999953e-05
-2.473604000000000110e-05
-2.475839999999999999e-05
-2.477329999999999878e-05
-2.479565000000000035e-05
-2.481799999999999854e-05
-2.483290000000000071e-05
-2.484779999999999950e-05
-2.487015000000000108e-05
-2.489250999999999996e-05
-2.490740999999999875e-05
-2.492976000000000033e-05
-2.495210999999999851e-05
-2.496701000000000069e-05
-2.498935999999999887e-05
-2.501172000000000115e-05
-2.502661999999999994e-05
-2.504897000000000151e-05
-2.507876999999999909e-05
-2.508621999999999849e-05
-2.510857000000000006e-05
-2.513092000000000163e-05
-2.514583000000000112e-05
-2.517562999999999870e-05
-2.519798000000000027e-05
-2.521287999999999906e-05
-2.523523000000000064e-05
-2.525757999999999882e-05
-2.527248999999999831e-05
-2.529483999999999989e-05
-2.531719000000000146e-05
-2.533953999999999964e-05
-2.535443999999999843e-05
-2.538423999999999940e-05
-2.539914999999999889e-05
-2.542150000000000047e-05
-2.544384999999999865e-05
-2.546620000000000022e-05
-2.548109999999999901e-05
-2.550345000000000059e-05
-2.552580999999999947e-05
-2.554071000000000165e-05
-2.556305999999999984e-05
-2.558541000000000141e-05
-2.560031000000000020e-05
-2.562265999999999838e-05
-2.564500999999999996e-05
-2.565991999999999945e-05
-2.568227000000000102e-05
-2.570461999999999921e-05
-2.571952000000000138e-05
-2.574186999999999957e-05
-2.576422000000000114e-05
-2.577913000000000063e-05
-2.579402999999999942e-05
-2.581638000000000099e-05
-2.583872999999999918e-05
-2.585363000000000136e-05
-2.587597999999999954e-05
-2.589833000000000112e-05
-2.590579000000000121e-05
-2.592813999999999940e-05
-2.595049000000000097e-05
-2.597283999999999915e-05
-2.598774000000000133e-05
-2.601008999999999952e-05
-2.603244999999999840e-05
-2.605479999999999998e-05
-2.608460000000000094e-05
-2.610694999999999913e-05
-2.612930000000000070e-05
-2.615910000000000167e-05
-2.618146000000000056e-05
-2.621126000000000152e-05
-2.623360999999999971e-05
-2.626341000000000068e-05
-2.628575999999999886e-05
-2.630812000000000114e-05
-2.633791999999999872e-05
-2.635282000000000089e-05
-2.637516999999999908e-05
-2.639752000000000065e-05
-2.641241999999999944e-05
-2.643477999999999833e-05
-2.645712999999999990e-05
-2.647948000000000147e-05
-2.649438000000000026e-05
-2.651672999999999845e-05
-2.653908000000000002e-05
-2.656143999999999891e-05
-2.658379000000000048e-05
-2.660613999999999866e-05
-2.662849000000000024e-05
-2.665083999999999842e-05
-2.667319000000000000e-05
-2.670300000000000166e-05
-2.672534999999999985e-05
-2.674770000000000142e-05
-2.677749999999999900e-05
-2.679240000000000118e-05
-2.682220999999999946e-05
-2.685201000000000043e-05
-2.687435999999999861e-05
-2.689671000000000019e-05
-2.691905999999999837e-05
-2.694142000000000065e-05
-2.697122000000000161e-05
-2.698612000000000040e-05
-2.700846999999999859e-05
-2.703082000000000016e-05
-2.704571999999999895e-05
-2.706808000000000122e-05
-2.709042999999999941e-05
-2.711278000000000098e-05
-2.712767999999999977e-05
-2.715003000000000135e-05
-2.717237999999999953e-05
-2.718728999999999902e-05
-2.721708999999999999e-05
-2.723944000000000156e-05
-2.725434000000000035e-05
-2.727668999999999854e-05
-2.729904000000000011e-05
-2.732139999999999900e-05
-2.734375000000000057e-05
-2.736609999999999875e-05
-2.738845000000000033e-05
-2.741825000000000130e-05
-2.743315000000000009e-05
-2.746295999999999837e-05
-2.748530999999999994e-05
-2.750766000000000151e-05
-2.753745999999999909e-05
-2.755236000000000127e-05
-2.758216999999999955e-05
-2.761197000000000052e-05
-2.762686999999999931e-05
-2.765667000000000028e-05
-2.767901999999999846e-05
-2.770138000000000073e-05
-2.772372999999999892e-05
-2.774608000000000049e-05
-2.777588000000000146e-05
-2.779822999999999965e-05
-2.782058000000000122e-05
-2.784294000000000010e-05
-2.787274000000000107e-05
-2.789508999999999926e-05
-2.791744000000000083e-05
-2.793978999999999902e-05
-2.796215000000000129e-05
-2.799194999999999887e-05
-2.800685000000000105e-05
-2.802919999999999923e-05
-2.805900000000000020e-05
-2.807389999999999899e-05
-2.810371000000000066e-05
-2.812605999999999884e-05
-2.814096000000000102e-05
-2.817075999999999860e-05
-2.819311000000000018e-05
-2.821546999999999906e-05
-2.824527000000000003e-05
-2.826762000000000160e-05
-2.829741999999999918e-05
-2.831977000000000076e-05
-2.835702999999999843e-05
-2.837938000000000000e-05
-2.841663000000000037e-05
-2.843897999999999855e-05
-2.847623999999999961e-05
-2.850604000000000058e-05
-2.853584000000000155e-05
-2.856563999999999913e-05
-2.858799000000000070e-05
-2.861779999999999898e-05
-2.864015000000000056e-05
-2.866995000000000153e-05
-2.869229999999999971e-05
-2.870719999999999850e-05
-2.872956000000000077e-05
-2.875190999999999896e-05
-2.875935999999999835e-05
-2.878170999999999993e-05
-2.879660999999999872e-05
-2.881896000000000029e-05
-2.882640999999999969e-05
-2.884130999999999848e-05
-2.886367000000000075e-05
-2.887856999999999954e-05
-2.888601999999999893e-05
-2.890837000000000051e-05
-2.893071999999999869e-05
-2.894562000000000087e-05
-2.896051999999999966e-05
-2.898287000000000123e-05
-2.901267999999999951e-05
-2.902758000000000169e-05
-2.905737999999999927e-05
-2.907973000000000084e-05
-2.910952999999999843e-05
-2.913934000000000009e-05
-2.916914000000000106e-05
-2.919893999999999864e-05
-2.922129000000000021e-05
-2.925109999999999849e-05
-2.927345000000000007e-05
-2.929580000000000164e-05
-2.932559999999999922e-05
-2.934050000000000140e-05
-2.936284999999999958e-05
-2.938520999999999847e-05
-2.940011000000000065e-05
-2.941500999999999944e-05
-2.943736000000000101e-05
-2.945225999999999980e-05
-2.947461000000000137e-05
-2.948951000000000016e-05
-2.951186999999999905e-05
-2.952677000000000123e-05
-2.954911999999999941e-05
-2.956402000000000159e-05
-2.957892000000000038e-05
-2.960126999999999857e-05
-2.962362000000000014e-05
-2.964597999999999902e-05
-2.966088000000000120e-05
-2.968322999999999939e-05
-2.970558000000000096e-05
-2.972047999999999975e-05
-2.974283000000000132e-05
-2.976519000000000021e-05
-2.978008999999999900e-05
-2.980988999999999997e-05
-2.983224000000000154e-05
-2.985458999999999972e-05
-2.988440000000000139e-05
-2.990674999999999958e-05
-2.993655000000000055e-05
-2.995889999999999873e-05
-2.998869999999999970e-05
-3.002596000000000076e-05
-3.004830999999999895e-05
-3.007810999999999992e-05
-3.010791000000000088e-05
-3.013770999999999846e-05
-3.016007000000000074e-05
-3.018986999999999832e-05
-3.021221999999999989e-05
-3.024202000000000086e-05
-3.027182999999999914e-05
-3.029418000000000071e-05
-3.031652999999999890e-05
-3.033888000000000047e-05
-3.036122999999999866e-05
-3.039102999999999962e-05
-3.040593999999999911e-05
-3.043574000000000008e-05
-3.045809000000000165e-05
-3.048043999999999984e-05
-3.050279000000000141e-05
-3.053271000000000061e-05
-3.054760999999999940e-05
-3.057741999999999768e-05
-3.059977000000000264e-05
-3.062957000000000022e-05
-3.065191999999999841e-05
-3.067427000000000337e-05
-3.070408000000000165e-05
-3.072642999999999983e-05
-3.075622999999999741e-05
-3.078603000000000177e-05
-3.080837999999999996e-05
-3.083818999999999824e-05
-3.086054000000000320e-05
-3.089779000000000017e-05
-3.092013999999999836e-05
-3.094994000000000271e-05
-3.097975000000000099e-05
-3.100954999999999857e-05
-3.103935000000000293e-05
-3.106915000000000051e-05
-3.109895999999999879e-05
-3.112130999999999697e-05
-3.115856000000000073e-05
-3.118090999999999891e-05
-3.121071000000000327e-05
-3.123307000000000215e-05
-3.126286999999999973e-05
-3.129266999999999731e-05
-3.131502000000000227e-05
-3.134483000000000055e-05
-3.136717999999999874e-05
-3.139698000000000310e-05
-3.141933000000000128e-05
-3.144912999999999886e-05
-3.147148999999999775e-05
-3.149384000000000271e-05
-3.152364000000000029e-05
-3.154598999999999847e-05
-3.156833999999999666e-05
-3.159815000000000171e-05
-3.161305000000000050e-05
-3.164284999999999808e-05
-3.166520000000000304e-05
-3.168755000000000123e-05
-3.170989999999999942e-05
-3.173225999999999830e-05
-3.175461000000000326e-05
-3.177696000000000145e-05
-3.179930999999999963e-05
-3.182165999999999782e-05
-3.184401000000000278e-05
-3.185892000000000227e-05
-3.188127000000000045e-05
-3.190361999999999864e-05
-3.192596999999999682e-05
-3.194087000000000239e-05
-3.196322000000000057e-05
-3.198557999999999946e-05
-3.200047999999999825e-05
-3.202283000000000321e-05
-3.204518000000000140e-05
-3.206008000000000019e-05
-3.208242999999999837e-05
-3.210478000000000333e-05
-3.211969000000000282e-05
-3.214949000000000040e-05
-3.217183999999999859e-05
-3.218673999999999738e-05
-3.221654000000000173e-05
-3.223890000000000062e-05
-3.226124999999999880e-05
-3.229105000000000316e-05
-3.231340000000000135e-05
-3.234319999999999893e-05
-3.236554999999999711e-05
-3.239536000000000217e-05
-3.241771000000000035e-05
-3.244005999999999854e-05
-3.246986000000000289e-05
-3.249221000000000108e-05
-3.252201999999999936e-05
-3.255181999999999694e-05
-3.256672000000000250e-05
-3.259652000000000008e-05
-3.261886999999999827e-05
-3.264122999999999715e-05
-3.266358000000000212e-05
-3.268593000000000030e-05
-3.270082999999999909e-05
-3.272317999999999728e-05
-3.274553000000000224e-05
-3.276789000000000112e-05
-3.279023999999999931e-05
-3.281258999999999749e-05
-3.282749000000000306e-05
-3.284984000000000124e-05
-3.287218999999999943e-05
-3.289454999999999831e-05
-3.292435000000000267e-05
-3.293925000000000146e-05
-3.296904999999999904e-05
-3.299139999999999723e-05
-3.301376000000000289e-05
-3.303611000000000107e-05
-3.306590999999999865e-05
-3.308080999999999744e-05
-3.311061000000000180e-05
-3.312551000000000059e-05
-3.314786999999999947e-05
-3.317766999999999705e-05
-3.319257000000000262e-05
-3.321492000000000080e-05
-3.323726999999999899e-05
-3.325216999999999778e-05
-3.327452999999999666e-05
-3.329688000000000163e-05
-3.331922999999999981e-05
-3.333412999999999860e-05
-3.335647999999999679e-05
-3.337883000000000175e-05
-3.340119000000000063e-05
-3.342353999999999882e-05
-3.344588999999999700e-05
-3.346824000000000196e-05
-3.349803999999999954e-05
-3.351293999999999833e-05
-3.353529999999999722e-05
-3.355765000000000218e-05
-3.357255000000000097e-05
-3.358744999999999976e-05
-3.360979999999999795e-05
-3.362469999999999674e-05
-3.363960000000000230e-05
-3.365451000000000179e-05
-3.366941000000000058e-05
-3.369175999999999877e-05
-3.369920999999999816e-05
-3.372156000000000312e-05
-3.374391000000000131e-05
-3.375881000000000010e-05
-3.377370999999999889e-05
-3.380351999999999717e-05
-3.382587000000000213e-05
-3.384077000000000092e-05
-3.386311999999999910e-05
-3.388546999999999729e-05
-3.390783000000000295e-05
-3.393018000000000114e-05
-3.395252999999999932e-05
-3.397487999999999751e-05
-3.400468000000000186e-05
-3.401958000000000065e-05
-3.404938999999999893e-05
-3.407919000000000329e-05
-3.410154000000000147e-05
-3.413133999999999905e-05
-3.414623999999999784e-05
-3.417605000000000290e-05
-3.420585000000000048e-05
-3.422819999999999867e-05
-3.425800000000000302e-05
-3.428035000000000121e-05
-3.430271000000000009e-05
-3.433250999999999767e-05
-3.435486000000000263e-05
-3.438466000000000021e-05
-3.439955999999999900e-05
-3.442936999999999728e-05
-3.445917000000000164e-05
-3.447407000000000043e-05
-3.450386999999999801e-05
-3.451876999999999680e-05
-3.454858000000000186e-05
-3.457837999999999944e-05
-3.459327999999999823e-05
-3.462308000000000258e-05
-3.464543000000000077e-05
-3.466777999999999895e-05
-3.469013999999999784e-05
-3.471249000000000280e-05
-3.474229000000000038e-05
-3.476463999999999856e-05
-3.478698999999999675e-05
-3.480935000000000241e-05
-3.483914999999999999e-05
-3.485404999999999878e-05
-3.488385000000000314e-05
-3.489875000000000193e-05
-3.492854999999999951e-05
-3.495090999999999839e-05
-3.497326000000000335e-05
-3.499561000000000154e-05
-3.502540999999999912e-05
-3.504775999999999730e-05
-3.507012000000000296e-05
-3.509247000000000115e-05
-3.512226999999999873e-05
-3.515207000000000309e-05
-3.517442000000000127e-05
-3.519678000000000016e-05
-3.521912999999999834e-05
-3.524893000000000270e-05
-3.527873000000000028e-05
-3.529362999999999907e-05
-3.532343999999999735e-05
-3.534579000000000231e-05
-3.536814000000000049e-05
-3.539793999999999807e-05
-3.542029000000000304e-05
-3.545010000000000132e-05
-3.547244999999999950e-05
-3.549479999999999769e-05
-3.552460000000000204e-05
-3.553950000000000083e-05
-3.556929999999999841e-05
-3.559910999999999669e-05
-3.561401000000000226e-05
-3.564380999999999984e-05
-3.566615999999999802e-05
-3.568851000000000298e-05
-3.571832000000000126e-05
-3.574066999999999945e-05
-3.577046999999999703e-05
-3.579282000000000199e-05
-3.581517000000000018e-05
-3.584497999999999846e-05
-3.586732999999999664e-05
-3.589713000000000100e-05
-3.591947999999999918e-05
-3.594182999999999737e-05
-3.597164000000000242e-05
-3.599399000000000061e-05
-3.602378999999999819e-05
-3.603868999999999698e-05
-3.606849000000000134e-05
-3.609829999999999962e-05
-3.612064999999999780e-05
-3.614300000000000276e-05
-3.616535000000000095e-05
-3.619514999999999853e-05
-3.622495999999999681e-05
-3.624731000000000177e-05
-3.626965999999999995e-05
-3.629200999999999814e-05
-3.632181000000000249e-05
-3.635162000000000077e-05
-3.636651999999999956e-05
-3.639631999999999714e-05
-3.641867000000000211e-05
-3.644102000000000029e-05
-3.647081999999999787e-05
-3.649317999999999676e-05
-3.651553000000000172e-05
-3.654532999999999930e-05
-3.656022999999999809e-05
-3.659003000000000244e-05
-3.661239000000000133e-05
-3.663473999999999951e-05
-3.666453999999999709e-05
-3.668689000000000206e-05
-3.671668999999999964e-05
-3.673904999999999852e-05
-3.676139999999999671e-05
-3.678375000000000167e-05
-3.680609999999999985e-05
-3.683589999999999743e-05
-3.685826000000000309e-05
-3.688061000000000128e-05
-3.691040999999999886e-05
-3.692530999999999765e-05
-3.695511000000000200e-05
-3.698490999999999958e-05
-3.700726999999999847e-05
-3.703707000000000283e-05
-3.705942000000000101e-05
-3.708921999999999859e-05
-3.711902999999999687e-05
-3.714138000000000183e-05
-3.717117999999999941e-05
-3.719352999999999760e-05
-3.722333000000000195e-05
-3.724569000000000084e-05
-3.727548999999999842e-05
-3.730529000000000278e-05
-3.732764000000000096e-05
-3.734998999999999915e-05
-3.737234999999999803e-05
-3.739470000000000299e-05
-3.741705000000000118e-05
-3.743194999999999997e-05
-3.744684999999999876e-05
-3.746174999999999755e-05
-3.747665000000000311e-05
-3.749155000000000190e-05
-3.749900000000000130e-05
-3.750646000000000139e-05
-3.750646000000000139e-05
-3.751391000000000079e-05
-3.751391000000000079e-05
-3.750646000000000139e-05
-3.749900000000000130e-05
-3.749900000000000130e-05
-3.749155000000000190e-05
-3.748410000000000251e-05
-3.747665000000000311e-05
-3.746919999999999694e-05
-3.746174999999999755e-05
-3.745429999999999815e-05
-3.744684999999999876e-05
-3.743939999999999936e-05
-3.743939999999999936e-05
-3.743194999999999997e-05
-3.743194999999999997e-05
-3.743194999999999997e-05
-3.742450000000000057e-05
-3.742450000000000057e-05
-3.742450000000000057e-05
-3.741705000000000118e-05
-3.741705000000000118e-05
-3.741705000000000118e-05
-3.741705000000000118e-05
-3.741705000000000118e-05
-3.741705000000000118e-05
-3.740960000000000178e-05
-3.740960000000000178e-05
-3.740960000000000178e-05
-3.740960000000000178e-05
-3.740215000000000239e-05
-3.740215000000000239e-05
-3.740215000000000239e-05
-3.740215000000000239e-05
-3.740215000000000239e-05
-3.739470000000000299e-05
-3.739470000000000299e-05
-3.739470000000000299e-05
-3.739470000000000299e-05
-3.739470000000000299e-05
-3.739470000000000299e-05
-3.739470000000000299e-05
-3.738724999999999682e-05
-3.738724999999999682e-05
-3.738724999999999682e-05
-3.738724999999999682e-05
-3.738724999999999682e-05
-3.738724999999999682e-05
-3.738724999999999682e-05
-3.738724999999999682e-05
-3.738724999999999682e-05
-3.738724999999999682e-05
-3.738724999999999682e-05
-3.738724999999999682e-05
-3.738724999999999682e-05
-3.738724999999999682e-05
-3.738724999999999682e-05
-3.737979999999999743e-05
-3.737979999999999743e-05
-3.737979999999999743e-05
-3.737979999999999743e-05
-3.737979999999999743e-05
-3.737234999999999803e-05
-3.737234999999999803e-05
-3.737234999999999803e-05
-3.737234999999999803e-05
-3.737234999999999803e-05
-3.736488999999999794e-05
-3.735743999999999854e-05
-3.735743999999999854e-05
-3.734998999999999915e-05
-3.734253999999999975e-05
-3.733509000000000036e-05
-3.732764000000000096e-05
-3.732764000000000096e-05
-3.732019000000000157e-05
-3.731274000000000217e-05
-3.731274000000000217e-05
-3.730529000000000278e-05
-3.730529000000000278e-05
-3.730529000000000278e-05
-3.730529000000000278e-05
-3.729784000000000338e-05
-3.729784000000000338e-05
-3.729038999999999721e-05
-3.729038999999999721e-05
-3.729038999999999721e-05
-3.728293999999999781e-05
-3.728293999999999781e-05
-3.728293999999999781e-05
-3.727548999999999842e-05
-3.727548999999999842e-05
-3.727548999999999842e-05
-3.726803999999999902e-05
-3.726058999999999963e-05
-3.726058999999999963e-05
-3.725314000000000023e-05
-3.725314000000000023e-05
-3.725314000000000023e-05
-3.724569000000000084e-05
-3.724569000000000084e-05
-3.724569000000000084e-05
-3.724569000000000084e-05
-3.724569000000000084e-05
-3.724569000000000084e-05
-3.724569000000000084e-05
-3.725314000000000023e-05
-3.725314000000000023e-05
-3.725314000000000023e-05
-3.726058999999999963e-05
-3.726058999999999963e-05
-3.726058999999999963e-05
-3.726058999999999963e-05
-3.726058999999999963e-05
-3.726058999999999963e-05
-3.726058999999999963e-05
-3.726058999999999963e-05
-3.726058999999999963e-05
-3.726058999999999963e-05
-3.726058999999999963e-05
-3.725314000000000023e-05
-3.725314000000000023e-05
-3.724569000000000084e-05
-3.724569000000000084e-05
-3.724569000000000084e-05
-3.724569000000000084e-05
-3.723823000000000074e-05
-3.723823000000000074e-05
-3.723823000000000074e-05
-3.723823000000000074e-05
-3.723823000000000074e-05
-3.723823000000000074e-05
-3.723078000000000135e-05
-3.723078000000000135e-05
-3.723078000000000135e-05
-3.723078000000000135e-05
-3.722333000000000195e-05
-3.722333000000000195e-05
-3.722333000000000195e-05
-3.721588000000000256e-05
-3.721588000000000256e-05
-3.721588000000000256e-05
-3.721588000000000256e-05
-3.721588000000000256e-05
-3.721588000000000256e-05
-3.721588000000000256e-05
-3.720843000000000316e-05
-3.720843000000000316e-05
-3.720843000000000316e-05
-3.720843000000000316e-05
-3.721588000000000256e-05
-3.721588000000000256e-05
-3.721588000000000256e-05
-3.721588000000000256e-05
-3.722333000000000195e-05
-3.722333000000000195e-05
-3.723078000000000135e-05
-3.723078000000000135e-05
-3.723823000000000074e-05
-3.723823000000000074e-05
-3.723823000000000074e-05
-3.724569000000000084e-05
-3.724569000000000084e-05
-3.724569000000000084e-05
-3.724569000000000084e-05
-3.724569000000000084e-05
-3.724569000000000084e-05
-3.724569000000000084e-05
-3.724569000000000084e-05
-3.724569000000000084e-05
-3.723823000000000074e-05
-3.723823000000000074e-05
-3.723823000000000074e-05
-3.723823000000000074e-05
-3.723078000000000135e-05
-3.723078000000000135e-05
-3.723078000000000135e-05
-3.723078000000000135e-05
-3.723078000000000135e-05
-3.723078000000000135e-05
-3.723078000000000135e-05
-3.723078000000000135e-05
-3.723078000000000135e-05
-3.722333000000000195e-05
-3.722333000000000195e-05
-3.722333000000000195e-05
-3.721588000000000256e-05
-3.721588000000000256e-05
-3.721588000000000256e-05
-3.720843000000000316e-05
-3.720843000000000316e-05
-3.720843000000000316e-05
-3.720097999999999699e-05
-3.720097999999999699e-05
-3.720097999999999699e-05
-3.719352999999999760e-05
-3.719352999999999760e-05
-3.719352999999999760e-05
-3.719352999999999760e-05
-3.719352999999999760e-05
-3.719352999999999760e-05
-3.718607999999999820e-05
-3.718607999999999820e-05
-3.718607999999999820e-05
-3.718607999999999820e-05
-3.718607999999999820e-05
