4.534446999999999718e-05
4.534446999999999718e-05
4.536682000000000214e-05
4.540406999999999912e-05
4.543386999999999670e-05
4.547858000000000055e-05
4.553073000000000309e-05
4.556798000000000006e-05
4.559778999999999834e-05
4.562759000000000270e-05
4.564249000000000149e-05
4.564994000000000088e-05
4.565739000000000028e-05
4.564994000000000088e-05
4.564994000000000088e-05
4.564249000000000149e-05
4.563504000000000209e-05
4.562014000000000330e-05
4.561268999999999713e-05
4.561268999999999713e-05
4.560523999999999774e-05
4.559778999999999834e-05
4.559778999999999834e-05
4.558287999999999885e-05
4.557542999999999946e-05
4.556053000000000067e-05
4.554563000000000188e-05
4.553073000000000309e-05
4.550837999999999813e-05
4.547858000000000055e-05
4.544132000000000287e-05
4.539661999999999972e-05
4.533701999999999779e-05
4.526996000000000253e-05
4.518800000000000171e-05
4.509860000000000220e-05
4.500174000000000258e-05
4.488252999999999801e-05
4.475587000000000082e-05
4.461430999999999806e-05
4.446530000000000268e-05
4.430884000000000114e-05
4.414491999999999949e-05
4.398100999999999855e-05
4.380964999999999821e-05
4.363082999999999778e-05
4.345946999999999744e-05
4.328810999999999710e-05
4.312419000000000224e-05
4.296028000000000130e-05
4.280381999999999975e-05
4.263245999999999941e-05
4.248344000000000333e-05
4.231953000000000239e-05
4.216307000000000084e-05
4.199915999999999990e-05
4.185013999999999705e-05
4.169368000000000228e-05
4.154467000000000012e-05
4.138820999999999857e-05
4.123920000000000320e-05
4.109764000000000044e-05
4.094861999999999759e-05
4.079216000000000282e-05
4.065060000000000006e-05
4.049413999999999851e-05
4.033767999999999696e-05
4.018866000000000089e-05
4.003219999999999934e-05
3.988318999999999719e-05
3.972673000000000241e-05
3.957772000000000026e-05
3.942124999999999801e-05
3.925733999999999707e-05
3.907852999999999734e-05
3.891462000000000317e-05
3.875070000000000153e-05
3.859423999999999998e-05
3.843777999999999843e-05
3.830367000000000185e-05
3.815465999999999969e-05
3.800563999999999684e-05
3.786408000000000086e-05
3.772996999999999750e-05
3.759586000000000091e-05
3.746174999999999755e-05
3.732764000000000096e-05
3.720097999999999699e-05
3.708176999999999920e-05
3.696256000000000140e-05
3.684334999999999683e-05
3.670924000000000024e-05
3.657512999999999688e-05
3.644102000000000029e-05
3.632926000000000189e-05
3.621004999999999732e-05
3.609829999999999962e-05
3.597909000000000182e-05
3.585987999999999725e-05
3.575556999999999824e-05
3.564380999999999984e-05
3.552460000000000204e-05
3.539793999999999807e-05
3.527128000000000088e-05
3.514461999999999691e-05
3.501795999999999972e-05
3.490620000000000132e-05
3.478698999999999675e-05
3.468268999999999844e-05
3.457093000000000004e-05
3.445917000000000164e-05
3.435486000000000263e-05
3.424309999999999746e-05
3.413133999999999905e-05
3.401958000000000065e-05
3.391528000000000235e-05
3.380351999999999717e-05
3.369175999999999877e-05
3.358744999999999976e-05
3.349059000000000015e-05
3.337883000000000175e-05
3.327452999999999666e-05
3.317766999999999705e-05
3.307335999999999805e-05
3.298394999999999783e-05
3.287218999999999943e-05
3.276789000000000112e-05
3.266358000000000212e-05
3.255181999999999694e-05
3.243260999999999914e-05
3.232085000000000074e-05
3.220164000000000294e-05
3.208987999999999777e-05
3.197066999999999997e-05
3.185146000000000217e-05
3.173970999999999769e-05
3.162794999999999929e-05
3.152364000000000029e-05
3.141188000000000189e-05
3.130011999999999671e-05
3.118835999999999831e-05
3.108406000000000000e-05
3.096485000000000220e-05
3.086054000000000320e-05
3.074877999999999802e-05
3.064446999999999901e-05
3.052526000000000122e-05
3.042084000000000129e-05
3.030907999999999950e-05
3.020477000000000050e-05
3.008555999999999931e-05
2.997380000000000091e-05
2.986203999999999912e-05
2.975028000000000072e-05
2.963852999999999963e-05
2.951931999999999844e-05
2.940756000000000004e-05
2.929580000000000164e-05
2.919148999999999925e-05
2.907228000000000145e-05
2.896051999999999966e-05
2.884876000000000126e-05
2.874445999999999956e-05
2.862524999999999838e-05
2.851348999999999998e-05
2.840173000000000158e-05
2.829741999999999918e-05
2.817821000000000139e-05
2.805900000000000020e-05
2.794723999999999841e-05
2.783549000000000071e-05
2.772372999999999892e-05
2.761197000000000052e-05
2.750020999999999873e-05
2.738845000000000033e-05
2.727668999999999854e-05
2.716493000000000014e-05
2.704571999999999895e-05
2.693397000000000125e-05
2.681476000000000007e-05
2.670300000000000166e-05
2.659123999999999987e-05
2.647202999999999869e-05
2.636771999999999968e-05
2.626341000000000068e-05
2.615910000000000167e-05
2.605479999999999998e-05
2.594304000000000157e-05
2.583127999999999978e-05
2.571206999999999860e-05
2.558541000000000141e-05
2.545875000000000083e-05
2.533209000000000025e-05
2.521287999999999906e-05
2.510112000000000066e-05
2.498935999999999887e-05
2.488506000000000057e-05
2.478820000000000096e-05
2.469879000000000074e-05
2.461682999999999992e-05
2.451998000000000101e-05
2.443802000000000019e-05
2.433371000000000118e-05
2.422194999999999939e-05
2.411020000000000169e-05
2.399099000000000050e-05
2.387177999999999932e-05
2.376002000000000092e-05
2.365570999999999852e-05
2.355884999999999891e-05
2.349180000000000097e-05
2.342473999999999894e-05
2.337258999999999978e-05
2.333532999999999872e-05
2.330553000000000114e-05
2.329062999999999896e-05
2.327573000000000017e-05
2.325337999999999860e-05
2.323847999999999981e-05
2.322358000000000102e-05
2.317887000000000056e-05
2.313417000000000080e-05
2.307456000000000155e-05
2.299261000000000143e-05
2.290320000000000122e-05
2.279888999999999882e-05
2.267223000000000163e-05
2.254557000000000105e-05
2.241891000000000047e-05
2.226989999999999832e-05
2.212833999999999895e-05
2.197933000000000018e-05
2.183777000000000081e-05
2.170366000000000084e-05
2.156955000000000086e-05
2.145033999999999968e-05
2.133858000000000128e-05
2.124172000000000167e-05
2.115977000000000155e-05
2.108526000000000012e-05
2.102565000000000087e-05
2.095859999999999954e-05
2.089899000000000029e-05
2.083193999999999896e-05
2.074998000000000153e-05
2.066803000000000140e-05
2.057862000000000119e-05
2.048921000000000097e-05
2.039235999999999867e-05
2.030294999999999846e-05
2.020608999999999884e-05
2.011667999999999863e-05
2.001238000000000032e-05
1.990807000000000132e-05
1.978886000000000013e-05
1.966219999999999955e-05
1.952808999999999958e-05
1.939397999999999960e-05
1.926731999999999902e-05
1.914065999999999844e-05
1.902145000000000065e-05
1.890223999999999946e-05
1.878303000000000166e-05
1.865637000000000109e-05
1.854460999999999930e-05
1.843285000000000089e-05
1.832853999999999850e-05
1.822424000000000019e-05
1.811247999999999840e-05
1.801561999999999879e-05
1.791875999999999918e-05
1.782935999999999966e-05
1.773994999999999945e-05
1.765798999999999863e-05
1.756858999999999911e-05
1.747917999999999889e-05
1.740467000000000086e-05
1.731527000000000134e-05
1.723331000000000052e-05
1.715879999999999909e-05
1.707684999999999897e-05
1.699489000000000154e-05
1.692038000000000011e-05
1.684587999999999938e-05
1.677882000000000074e-05
1.670432000000000001e-05
1.663726000000000137e-05
1.656276000000000064e-05
1.649569999999999861e-05
1.642865000000000067e-05
1.635413999999999924e-05
1.628709000000000130e-05
1.622002999999999927e-05
1.615298000000000132e-05
1.608591999999999929e-05
1.601886000000000065e-05
1.595925999999999871e-05
1.589220000000000007e-05
1.583260000000000152e-05
1.576553999999999949e-05
1.570594000000000094e-05
1.564633999999999901e-05
1.559417999999999915e-05
1.553458000000000060e-05
1.548242000000000075e-05
1.543027000000000160e-05
1.537065999999999896e-05
1.531850999999999981e-05
1.525891000000000126e-05
1.520669000000000060e-05
1.515453999999999975e-05
1.510239000000000060e-05
1.505768000000000014e-05
1.500552999999999929e-05
1.496082000000000053e-05
1.491612000000000077e-05
1.487141999999999932e-05
1.481925999999999946e-05
1.477455999999999971e-05
1.473730999999999934e-05
1.469260000000000058e-05
1.464790000000000082e-05
1.461065000000000046e-05
1.456594000000000000e-05
1.452868999999999964e-05
1.449143999999999927e-05
1.444673000000000051e-05
1.440203000000000075e-05
1.436478000000000039e-05
1.432006999999999993e-05
1.427537000000000017e-05
1.423811999999999981e-05
1.418595999999999995e-05
1.414126000000000020e-05
1.410400999999999983e-05
1.405929999999999937e-05
1.401459999999999962e-05
1.397734999999999925e-05
1.393264000000000049e-05
1.389539000000000013e-05
1.385813999999999976e-05
1.381342999999999930e-05
1.376872999999999955e-05
1.373147999999999918e-05
1.368677000000000042e-05
1.364952000000000006e-05
1.360482000000000030e-05
1.356756999999999993e-05
1.353031000000000057e-05
1.348561000000000081e-05
1.345580999999999984e-05
1.341855000000000047e-05
1.338130000000000011e-05
1.334404999999999974e-05
1.330679999999999938e-05
1.327698999999999941e-05
1.323974000000000074e-05
1.320993999999999977e-05
1.317268000000000040e-05
1.313543000000000004e-05
1.310563000000000076e-05
1.306838000000000040e-05
1.303857000000000042e-05
1.299387000000000067e-05
1.296406999999999970e-05
1.291935999999999924e-05
1.288211000000000057e-05
1.283741000000000081e-05
1.279270999999999936e-05
1.274054999999999951e-05
1.269584999999999975e-05
1.264368999999999990e-05
1.259154000000000074e-05
1.253192999999999980e-05
1.247232999999999956e-05
1.241272999999999932e-05
1.234567000000000067e-05
1.228607000000000043e-05
1.221901000000000009e-05
1.214450000000000036e-05
1.207745000000000072e-05
1.201039000000000039e-05
1.193588999999999966e-05
1.186137999999999993e-05
1.179433000000000029e-05
1.171982000000000056e-05
1.165276999999999923e-05
1.158571000000000058e-05
1.151865999999999925e-05
1.145160000000000061e-05
1.138454999999999928e-05
1.131749000000000063e-05
1.125789000000000039e-05
1.119083000000000005e-05
1.113122999999999981e-05
1.106416999999999947e-05
1.099711999999999984e-05
1.093005999999999950e-05
1.086299999999999916e-05
1.079594999999999952e-05
1.072143999999999979e-05
1.064694000000000076e-05
1.057988000000000042e-05
1.051283000000000079e-05
1.043831999999999936e-05
1.036382000000000033e-05
1.028185999999999951e-05
1.020734999999999977e-05
1.013285000000000074e-05
1.005088999999999992e-05
9.968934999999999448e-06
9.886978999999999584e-06
9.812473000000000809e-06
9.737967000000000340e-06
9.656011000000000477e-06
9.574053999999999526e-06
9.499548000000000752e-06
9.417591999999999194e-06
9.335635999999999330e-06
9.253679000000000074e-06
9.179174000000000691e-06
9.089767000000000346e-06
9.000360000000000001e-06
8.918403000000000745e-06
8.821545999999999310e-06
8.732139000000000659e-06
8.627831000000000438e-06
8.530972999999999611e-06
8.419214000000000602e-06
8.322356999999999167e-06
8.218049000000000640e-06
8.106289999999999937e-06
8.009432000000000804e-06
7.912574999999999370e-06
7.808267000000000842e-06
7.711409000000000015e-06
7.614521999999999870e-06
7.525115999999999765e-06
7.435709000000000266e-06
7.346301999999999921e-06
7.256895000000000423e-06
7.160036999999999596e-06
7.078080999999999732e-06
6.988674000000000234e-06
6.899266999999999889e-06
6.817309999999999786e-06
6.727903000000000288e-06
6.638495999999999942e-06
6.549088999999999597e-06
6.459682000000000099e-06
6.377726000000000235e-06
6.288318999999999890e-06
6.198912000000000392e-06
6.109505000000000046e-06
6.020097999999999701e-06
5.938141999999999837e-06
5.848735000000000339e-06
5.766778000000000236e-06
5.684822000000000372e-06
5.610315999999999903e-06
5.528360000000000039e-06
5.446404000000000176e-06
5.379347999999999949e-06
5.304842000000000327e-06
5.230337000000000098e-06
5.155830999999999629e-06
5.073874000000000373e-06
4.999369000000000143e-06
4.924862999999999675e-06
4.850357000000000053e-06
4.768401000000000189e-06
4.693894999999999720e-06
4.619389000000000099e-06
4.537433000000000235e-06
4.462926999999999766e-06
4.380969999999999663e-06
4.306465000000000281e-06
4.224508000000000177e-06
4.150001999999999709e-06
4.068045999999999845e-06
3.986089999999999981e-06
3.911584000000000359e-06
3.829627999999999648e-06
3.747657000000000006e-06
3.673150999999999961e-06
3.591193999999999857e-06
3.509237999999999994e-06
3.427282000000000130e-06
3.352776000000000084e-06
3.270818999999999981e-06
3.188863000000000118e-06
3.106906999999999830e-06
3.032401000000000208e-06
2.950444000000000105e-06
2.875938999999999876e-06
2.793982000000000196e-06
2.719476000000000151e-06
2.637519999999999864e-06
2.555564000000000000e-06
2.473606999999999897e-06
2.406551999999999909e-06
2.324596000000000045e-06
2.242638999999999942e-06
2.168134000000000136e-06
2.093628000000000091e-06
2.026571999999999864e-06
1.959516999999999877e-06
1.885004000000000062e-06
1.817949000000000075e-06
1.743443000000000030e-06
1.676388000000000042e-06
1.601881999999999997e-06
1.534827000000000010e-06
1.460320999999999964e-06
1.393265999999999977e-06
1.326210999999999990e-06
1.266606000000000033e-06
1.199551000000000045e-06
1.139946000000000088e-06
1.072891000000000101e-06
1.013285999999999932e-06
9.462274000000000149e-07
8.866226999999999815e-07
8.270180999999999932e-07
7.674133999999999597e-07
7.078087999999999714e-07
6.482041000000000438e-07
5.885994999999999496e-07
5.289948999999999613e-07
4.693884000000000158e-07
4.172343000000000186e-07
3.576296999999999774e-07
3.054755999999999802e-07
2.458709999999999919e-07
1.862654000000000024e-07
1.341113999999999974e-07
8.195683999999999923e-08
2.980255000000000107e-08
-2.235185999999999895e-08
-7.450625999999999579e-08
-1.341113999999999974e-07
-1.788147999999999926e-07
-2.309688999999999898e-07
-2.831239000000000223e-07
-3.352778999999999744e-07
-3.874320000000000245e-07
-4.470367000000000050e-07
-5.066431000000000112e-07
-5.587971999999999554e-07
-6.184018000000000497e-07
-6.705558999999999939e-07
-7.227100000000000440e-07
-7.748640000000000489e-07
-8.270180999999999932e-07
-8.791720999999999981e-07
-9.313262000000000482e-07
-9.760332999999999391e-07
-1.020736999999999990e-06
-1.065440000000000043e-06
-1.110143999999999912e-06
-1.154846999999999965e-06
-1.199551000000000045e-06
-1.236804000000000068e-06
-1.281506999999999909e-06
-1.326210999999999990e-06
-1.363464000000000012e-06
-1.400716000000000007e-06
-1.437969000000000030e-06
-1.475222000000000053e-06
-1.519925999999999921e-06
-1.557178999999999944e-06
-1.594431999999999967e-06
-1.631683999999999962e-06
-1.668936999999999984e-06
-1.706190000000000007e-06
-1.735992999999999999e-06
-1.773244999999999994e-06
-1.803047999999999987e-06
-1.840301000000000009e-06
-1.870102999999999974e-06
-1.907363000000000190e-06
-1.937166000000000182e-06
-1.966967999999999935e-06
-2.004221000000000169e-06
-2.034022999999999922e-06
-2.063825000000000099e-06
-2.093628000000000091e-06
-2.123429999999999844e-06
-2.153232000000000021e-06
-2.175583999999999955e-06
-2.205386000000000131e-06
-2.227738000000000066e-06
-2.250090000000000000e-06
-2.279892000000000177e-06
-2.294793000000000053e-06
-2.324596000000000045e-06
-2.346947000000000164e-06
-2.361848999999999856e-06
-2.384199999999999975e-06
-2.406551999999999909e-06
-2.421453000000000209e-06
-2.443805000000000144e-06
-2.466157000000000078e-06
-2.473606999999999897e-06
-2.495958999999999831e-06
-2.510860000000000131e-06
-2.525761000000000007e-06
-2.540663000000000123e-06
-2.548112999999999942e-06
-2.563013999999999818e-06
-2.577915000000000118e-06
-2.592816999999999811e-06
-2.600267000000000053e-06
-2.615167999999999929e-06
-2.637519999999999864e-06
-2.652421000000000164e-06
-2.667322000000000040e-06
-2.682224000000000156e-06
-2.697125000000000032e-06
-2.712025999999999909e-06
-2.726927000000000209e-06
-2.741828000000000085e-06
-2.764180000000000020e-06
-2.779080999999999896e-06
-2.793982000000000196e-06
-2.816334000000000131e-06
-2.831235000000000007e-06
-2.853586999999999941e-06
-2.868487999999999818e-06
-2.890840000000000176e-06
-2.905741000000000052e-06
-2.920641999999999929e-06
-2.942993999999999863e-06
-2.965345999999999798e-06
-2.987696999999999916e-06
-3.010048999999999851e-06
-3.039851000000000027e-06
-3.054753000000000143e-06
-3.084554999999999896e-06
-3.106906999999999830e-06
-3.129257999999999949e-06
-3.159060999999999941e-06
-3.173961999999999818e-06
-3.203763999999999994e-06
-3.226115999999999928e-06
-3.248467999999999863e-06
-3.270818999999999981e-06
-3.300621999999999974e-06
-3.315522999999999850e-06
-3.345325000000000027e-06
-3.367676999999999961e-06
-3.404930000000000195e-06
-3.427282000000000130e-06
-3.457083999999999883e-06
-3.486886000000000059e-06
-3.516689000000000051e-06
-3.553941000000000047e-06
-3.583744000000000039e-06
-3.613545999999999792e-06
-3.658250000000000084e-06
-3.688051999999999837e-06
-3.732754999999999890e-06
-3.770008000000000124e-06
-3.807260999999999935e-06
-3.844529000000000372e-06
-3.881781999999999759e-06
-3.926485000000000236e-06
-3.963737999999999623e-06
-4.000990999999999857e-06
-4.053144999999999968e-06
-4.090398000000000203e-06
-4.135100999999999832e-06
-4.187254999999999943e-06
-4.224508000000000177e-06
-4.269212000000000046e-06
-4.313914999999999676e-06
-4.358619000000000391e-06
-4.403322000000000021e-06
-4.440575000000000255e-06
-4.492729000000000366e-06
-4.537433000000000235e-06
-4.574685999999999622e-06
-4.626839999999999733e-06
-4.671543000000000210e-06
-4.716247000000000078e-06
-4.768401000000000189e-06
-4.820555000000000300e-06
-4.872709000000000411e-06
-4.917412000000000040e-06
-4.969566000000000151e-06
-5.021720000000000262e-06
-5.073874000000000373e-06
-5.133479000000000118e-06
-5.193083999999999863e-06
-5.252688000000000216e-06
-5.304842000000000327e-06
-5.364447000000000072e-06
-5.424051999999999818e-06
-5.476205999999999929e-06
-5.535810000000000282e-06
-5.595415000000000027e-06
-5.655019999999999772e-06
-5.714624000000000125e-06
-5.774228999999999870e-06
-5.833833999999999616e-06
-5.893437999999999968e-06
-5.953042999999999714e-06
-6.012648000000000306e-06
-6.064802000000000417e-06
-6.124405999999999923e-06
-6.176560000000000034e-06
-6.236164999999999779e-06
-6.288318999999999890e-06
-6.347923999999999635e-06
-6.407527999999999988e-06
-6.467132999999999733e-06
-6.526738000000000326e-06
-6.578891999999999589e-06
-6.638495999999999942e-06
-6.690650000000000053e-06
-6.750254999999999798e-06
-6.802408999999999909e-06
-6.862013999999999655e-06
-6.914167999999999765e-06
-6.973773000000000358e-06
-7.033376999999999864e-06
-7.092981999999999609e-06
-7.152585999999999962e-06
-7.204741000000000312e-06
-7.256895000000000423e-06
-7.316498999999999929e-06
-7.368653000000000040e-06
-7.420807000000000150e-06
-7.480411999999999896e-06
-7.540016999999999641e-06
-7.592170999999999752e-06
-7.644354000000000028e-06
-7.696508000000000139e-06
-7.756113000000000731e-06
-7.808267000000000842e-06
-7.860420999999999259e-06
-7.920025000000000459e-06
-7.979629999999999357e-06
-8.039234999999999949e-06
-8.098838999999999455e-06
-8.150992999999999566e-06
-8.210598000000000158e-06
-8.270203000000000751e-06
-8.322356999999999167e-06
-8.381961000000000367e-06
-8.441565999999999266e-06
-8.493719999999999376e-06
-8.553324999999999969e-06
-8.612928999999999475e-06
-8.672534000000000067e-06
-8.724688000000000178e-06
-8.784293000000000770e-06
-8.836446999999999187e-06
-8.896051000000000387e-06
-8.955655999999999285e-06
-9.007809999999999396e-06
-9.067414999999999988e-06
-9.127018999999999494e-06
-9.186624000000000086e-06
-9.238778000000000197e-06
-9.298383000000000790e-06
-9.350536999999999206e-06
-9.410141999999999799e-06
-9.462295999999999910e-06
-9.514450000000000020e-06
-9.574053999999999526e-06
-9.633659000000000119e-06
-9.685813000000000230e-06
-9.737967000000000340e-06
-9.790121000000000451e-06
-9.842275000000000562e-06
-9.894429000000000673e-06
-9.946583000000000784e-06
-1.000619000000000016e-05
-1.005833999999999931e-05
-1.011049999999999917e-05
-1.015520000000000062e-05
-1.020734999999999977e-05
-1.026696000000000072e-05
-1.031910999999999987e-05
-1.036382000000000033e-05
-1.041596999999999948e-05
-1.046812000000000033e-05
-1.052028000000000018e-05
-1.057242999999999933e-05
-1.063204000000000028e-05
-1.067674000000000003e-05
-1.072888999999999919e-05
-1.078105000000000073e-05
-1.083319999999999989e-05
-1.089281000000000083e-05
-1.094495999999999998e-05
-1.098965999999999974e-05
-1.104181999999999959e-05
-1.109397000000000044e-05
-1.114613000000000030e-05
-1.119827999999999945e-05
-1.125043000000000030e-05
-1.129514000000000075e-05
-1.134728999999999991e-05
-1.140689999999999916e-05
-1.145905000000000000e-05
-1.151120999999999986e-05
-1.156336000000000070e-05
-1.161550999999999986e-05
-1.166766999999999971e-05
-1.171982000000000056e-05
-1.177942999999999981e-05
-1.182412999999999956e-05
-1.187628000000000041e-05
-1.192844000000000026e-05
-1.198804000000000051e-05
-1.204020000000000036e-05
-1.209980000000000060e-05
-1.215196000000000046e-05
-1.220410999999999961e-05
-1.225626000000000046e-05
-1.230842000000000031e-05
-1.236802000000000055e-05
-1.242018000000000040e-05
-1.247978000000000065e-05
-1.253938999999999989e-05
-1.259154000000000074e-05
-1.265113999999999929e-05
-1.270330000000000084e-05
-1.276289999999999939e-05
-1.281505999999999924e-05
-1.287465999999999948e-05
-1.292681999999999933e-05
-1.298641999999999958e-05
-1.305347999999999991e-05
-1.310563000000000076e-05
-1.316522999999999931e-05
-1.322484000000000025e-05
-1.328444000000000049e-05
-1.334404999999999974e-05
-1.340364999999999999e-05
-1.346325999999999923e-05
-1.352285999999999948e-05
-1.358247000000000042e-05
-1.363461999999999957e-05
-1.369423000000000051e-05
-1.374637999999999967e-05
-1.380597999999999991e-05
-1.385069000000000037e-05
-1.389539000000000013e-05
-1.394754999999999998e-05
-1.399970000000000083e-05
-1.404440000000000058e-05
-1.408910999999999935e-05
-1.413381000000000080e-05
-1.418595999999999995e-05
-1.423811999999999981e-05
-1.428281999999999957e-05
-1.432751999999999932e-05
-1.437967999999999918e-05
-1.443183000000000002e-05
-1.448398999999999988e-05
-1.453614000000000072e-05
-1.458084000000000048e-05
-1.463300000000000034e-05
-1.469260000000000058e-05
-1.474476000000000043e-05
-1.479690999999999959e-05
-1.484906999999999944e-05
-1.490122000000000029e-05
-1.495336999999999944e-05
-1.501298000000000038e-05
-1.506512999999999953e-05
-1.511728999999999939e-05
-1.516944000000000023e-05
-1.522158999999999939e-05
-1.528125999999999945e-05
-1.533340999999999860e-05
-1.539302000000000124e-05
-1.544517000000000039e-05
-1.549731999999999954e-05
-1.554947999999999939e-05
-1.560162999999999855e-05
-1.565378999999999840e-05
-1.571339000000000034e-05
-1.576553999999999949e-05
-1.582514999999999874e-05
-1.587730000000000128e-05
-1.592200999999999835e-05
-1.597416000000000089e-05
-1.602632000000000075e-05
-1.608591999999999929e-05
-1.613061999999999905e-05
-1.618277999999999890e-05
-1.622747999999999866e-05
-1.627963999999999852e-05
-1.632434000000000166e-05
-1.637649000000000082e-05
-1.642120000000000127e-05
-1.647335000000000043e-05
-1.652549999999999958e-05
-1.657021000000000004e-05
-1.661490999999999980e-05
-1.665960999999999956e-05
-1.671176999999999941e-05
-1.675646999999999917e-05
-1.679373000000000023e-05
-1.684587999999999938e-05
-1.689057999999999914e-05
-1.693528999999999960e-05
-1.697998999999999936e-05
-1.702468999999999912e-05
-1.706195000000000018e-05
-1.710664999999999994e-05
-1.715134999999999970e-05
-1.718861000000000076e-05
-1.723331000000000052e-05
-1.726311000000000149e-05
-1.730035999999999846e-05
-1.733761999999999952e-05
-1.737486999999999989e-05
-1.741212000000000025e-05
-1.744192999999999853e-05
-1.748663000000000168e-05
-1.751642999999999926e-05
-1.754623000000000022e-05
-1.758349000000000129e-05
-1.762074000000000165e-05
-1.765798999999999863e-05
-1.768778999999999959e-05
-1.772505000000000066e-05
-1.776230000000000102e-05
-1.779955000000000138e-05
-1.782935999999999966e-05
-1.786661000000000003e-05
-1.790386000000000039e-05
-1.793366000000000136e-05
-1.797836999999999843e-05
-1.800816999999999940e-05
-1.805286999999999916e-05
-1.808268000000000082e-05
-1.811993000000000119e-05
-1.815718000000000155e-05
-1.818697999999999913e-05
-1.823168999999999959e-05
-1.826149000000000056e-05
-1.830619000000000031e-05
-1.833599999999999859e-05
-1.837324999999999896e-05
-1.841049999999999932e-05
-1.844030000000000029e-05
-1.848501000000000075e-05
-1.851480999999999833e-05
-1.855205999999999869e-05
-1.858185999999999966e-05
-1.861912000000000072e-05
-1.864892000000000169e-05
-1.868616999999999867e-05
-1.870852000000000024e-05
-1.874578000000000130e-05
-1.877557999999999888e-05
-1.881282999999999924e-05
-1.884263000000000021e-05
-1.887989000000000128e-05
-1.890968999999999886e-05
-1.893948999999999982e-05
-1.897675000000000089e-05
-1.900654999999999847e-05
-1.904379999999999883e-05
-1.907359999999999980e-05
-1.911086000000000086e-05
-1.914065999999999844e-05
-1.917790999999999881e-05
-1.921515999999999917e-05
-1.925242000000000023e-05
-1.928222000000000120e-05
-1.931947000000000156e-05
-1.934926999999999914e-05
-1.938653000000000021e-05
-1.941633000000000117e-05
-1.944612999999999875e-05
-1.947592999999999972e-05
-1.951319000000000079e-05
-1.954298999999999837e-05
-1.957278999999999933e-05
-1.960259000000000030e-05
-1.963985000000000137e-05
-1.966219999999999955e-05
-1.969944999999999991e-05
-1.972925000000000088e-05
-1.976650999999999856e-05
-1.979630999999999953e-05
-1.982611000000000049e-05
-1.986336000000000086e-05
-1.989316999999999914e-05
-1.993041999999999950e-05
-1.996022000000000047e-05
-1.999747000000000083e-05
-2.002727999999999911e-05
-2.006452999999999947e-05
-2.009433000000000044e-05
-2.013159000000000151e-05
-2.016883999999999848e-05
-2.020608999999999884e-05
-2.023588999999999981e-05
-2.027315000000000088e-05
-2.030294999999999846e-05
-2.033274999999999942e-05
-2.036999999999999979e-05
-2.039981000000000146e-05
-2.043705999999999843e-05
-2.046685999999999940e-05
-2.050410999999999976e-05
-2.052646999999999865e-05
-2.056371999999999901e-05
-2.059351999999999998e-05
-2.063077000000000034e-05
-2.066057999999999862e-05
-2.069782999999999898e-05
-2.072762999999999995e-05
-2.076488000000000032e-05
-2.078723999999999920e-05
-2.082448999999999956e-05
-2.085429000000000053e-05
-2.089154000000000090e-05
-2.092134999999999918e-05
-2.095859999999999954e-05
-2.098840000000000051e-05
-2.101820000000000148e-05
-2.104800999999999976e-05
-2.108526000000000012e-05
-2.110761000000000169e-05
-2.114485999999999867e-05
-2.117467000000000034e-05
-2.121192000000000070e-05
-2.124172000000000167e-05
-2.127151999999999925e-05
-2.130133000000000091e-05
-2.133858000000000128e-05
-2.136837999999999886e-05
-2.140562999999999922e-05
-2.143544000000000089e-05
-2.146523999999999847e-05
-2.149503999999999944e-05
-2.153228999999999980e-05
-2.156210000000000147e-05
-2.159934999999999844e-05
-2.162914999999999941e-05
-2.166639999999999978e-05
-2.170366000000000084e-05
-2.173345999999999842e-05
-2.177816000000000157e-05
-2.180796999999999985e-05
-2.185266999999999960e-05
-2.188991999999999997e-05
-2.191972000000000094e-05
-2.196443000000000139e-05
-2.200167999999999837e-05
-2.204638000000000151e-05
-2.208363999999999919e-05
-2.212088999999999955e-05
-2.216558999999999931e-05
-2.220285000000000037e-05
-2.224010000000000074e-05
-2.228480000000000050e-05
-2.232206000000000156e-05
-2.235930999999999853e-05
-2.240401000000000168e-05
-2.244126999999999936e-05
-2.248596999999999911e-05
-2.252321999999999948e-05
-2.255302000000000045e-05
-2.259773000000000090e-05
-2.263498000000000127e-05
-2.267968000000000102e-05
-2.271693999999999870e-05
-2.275418999999999906e-05
-2.279888999999999882e-05
-2.283614999999999988e-05
-2.287340000000000025e-05
-2.291810000000000001e-05
-2.295536000000000107e-05
-2.299261000000000143e-05
-2.303731000000000119e-05
-2.307456000000000155e-05
-2.311926999999999862e-05
-2.316396999999999838e-05
-2.320121999999999875e-05
-2.324592999999999920e-05
-2.329062999999999896e-05
-2.333532999999999872e-05
-2.337258999999999978e-05
-2.342473999999999894e-05
-2.346944999999999939e-05
-2.351414999999999915e-05
-2.356629999999999831e-05
-2.360355999999999937e-05
-2.364825999999999913e-05
-2.369295999999999889e-05
-2.374511999999999874e-05
-2.378981999999999850e-05
-2.383452000000000164e-05
-2.387922999999999871e-05
-2.392392999999999847e-05
-2.396863000000000162e-05
-2.401333999999999869e-05
-2.406549000000000123e-05
-2.411020000000000169e-05
-2.414744999999999866e-05
-2.419960000000000120e-05
-2.424431000000000166e-05
-2.428901000000000142e-05
-2.432625999999999840e-05
-2.437842000000000164e-05
-2.441566999999999861e-05
-2.446036999999999837e-05
-2.451253000000000161e-05
-2.454977999999999859e-05
-2.459447999999999835e-05
-2.463918999999999880e-05
-2.469134000000000134e-05
-2.472858999999999832e-05
-2.477329999999999878e-05
-2.482545000000000132e-05
-2.486270000000000168e-05
-2.489995999999999936e-05
-2.495210999999999851e-05
-2.498935999999999887e-05
-2.503406999999999933e-05
-2.507876999999999909e-05
-2.511601999999999945e-05
-2.516072999999999991e-05
-2.520542999999999967e-05
-2.525012999999999943e-05
-2.528739000000000049e-05
-2.533953999999999964e-05
-2.537679000000000001e-05
-2.541405000000000107e-05
-2.546620000000000022e-05
-2.551089999999999998e-05
-2.554816000000000105e-05
-2.559286000000000080e-05
-2.563756000000000056e-05
-2.568227000000000102e-05
-2.571952000000000138e-05
-2.576422000000000114e-05
-2.580893000000000160e-05
-2.585363000000000136e-05
-2.589833000000000112e-05
-2.594304000000000157e-05
-2.598028999999999855e-05
-2.602498999999999831e-05
-2.606969999999999877e-05
-2.610694999999999913e-05
-2.615910000000000167e-05
-2.619635999999999935e-05
-2.624105999999999910e-05
-2.628575999999999886e-05
-2.632301999999999993e-05
-2.636771999999999968e-05
-2.641241999999999944e-05
-2.645712999999999990e-05
-2.649438000000000026e-05
-2.653908000000000002e-05
-2.657634000000000108e-05
-2.661359000000000145e-05
-2.665829000000000121e-05
-2.670300000000000166e-05
-2.674024999999999864e-05
-2.678494999999999840e-05
-2.682220999999999946e-05
-2.685945999999999982e-05
-2.691160999999999898e-05
-2.694887000000000004e-05
-2.698612000000000040e-05
-2.703082000000000016e-05
-2.706808000000000122e-05
-2.710533000000000159e-05
-2.714257999999999856e-05
-2.717982999999999893e-05
-2.721708999999999999e-05
-2.725434000000000035e-05
-2.729904000000000011e-05
-2.732884999999999839e-05
-2.736609999999999875e-05
-2.740334999999999912e-05
-2.744059999999999948e-05
-2.747786000000000054e-05
-2.751511000000000091e-05
-2.755236000000000127e-05
-2.758961999999999895e-05
-2.761941999999999991e-05
-2.766411999999999967e-05
-2.769392000000000064e-05
-2.773863000000000110e-05
-2.776842999999999868e-05
-2.780567999999999904e-05
-2.784294000000000010e-05
-2.787274000000000107e-05
-2.790999000000000144e-05
-2.794723999999999841e-05
-2.797705000000000008e-05
-2.800685000000000105e-05
-2.804410000000000141e-05
-2.807389999999999899e-05
-2.811116000000000005e-05
-2.814096000000000102e-05
-2.817075999999999860e-05
-2.820055999999999957e-05
-2.823782000000000063e-05
-2.826016999999999882e-05
-2.829741999999999918e-05
-2.832722000000000015e-05
-2.835702999999999843e-05
-2.838682999999999940e-05
-2.841663000000000037e-05
-2.844643000000000133e-05
-2.847623999999999961e-05
-2.850604000000000058e-05
-2.854329000000000095e-05
-2.856563999999999913e-05
-2.860290000000000019e-05
-2.863270000000000116e-05
-2.866249999999999874e-05
-2.869229999999999971e-05
-2.872956000000000077e-05
-2.875935999999999835e-05
-2.878915999999999932e-05
-2.881896000000000029e-05
-2.884876000000000126e-05
-2.888601999999999893e-05
-2.890837000000000051e-05
-2.894562000000000087e-05
-2.896796999999999906e-05
-2.899778000000000072e-05
-2.902758000000000169e-05
-2.905737999999999927e-05
-2.907973000000000084e-05
-2.910952999999999843e-05
-2.913934000000000009e-05
-2.916169000000000167e-05
-2.919148999999999925e-05
-2.921384000000000082e-05
-2.924364999999999910e-05
-2.926600000000000067e-05
-2.928834999999999886e-05
-2.931814999999999983e-05
-2.933304999999999862e-05
-2.936284999999999958e-05
-2.939266000000000125e-05
-2.940756000000000004e-05
-2.943736000000000101e-05
-2.945225999999999980e-05
-2.948206000000000077e-05
-2.950441999999999965e-05
-2.951931999999999844e-05
-2.954167000000000002e-05
-2.957147000000000099e-05
-2.957892000000000038e-05
-2.960126999999999857e-05
-2.962362000000000014e-05
-2.963852999999999963e-05
-2.965342999999999842e-05
-2.966833000000000060e-05
-2.969067999999999878e-05
-2.970558000000000096e-05
-2.972047999999999975e-05
-2.974283000000000132e-05
-2.975774000000000081e-05
-2.977263999999999960e-05
-2.979499000000000118e-05
-2.980988999999999997e-05
-2.983224000000000154e-05
-2.983969000000000093e-05
-2.986203999999999912e-05
-2.988440000000000139e-05
-2.989930000000000018e-05
-2.991419999999999897e-05
-2.993655000000000055e-05
-2.995144999999999934e-05
-2.996635000000000151e-05
-2.998869999999999970e-05
-3.001105999999999858e-05
-3.002596000000000076e-05
-3.004085999999999955e-05
-3.005575999999999834e-05
-3.007810999999999992e-05
-3.008555999999999931e-05
-3.010046000000000149e-05
-3.012280999999999967e-05
-3.013770999999999846e-05
-3.015262000000000134e-05
-3.015262000000000134e-05
-3.016752000000000013e-05
-3.018241999999999892e-05
-3.019732000000000110e-05
-3.021221999999999989e-05
-3.021966999999999929e-05
-3.023457000000000146e-05
-3.024947000000000025e-05
-3.026436999999999904e-05
-3.027927999999999853e-05
-3.028673000000000132e-05
-3.030907999999999950e-05
-3.032398000000000168e-05
-3.033888000000000047e-05
-3.034632999999999986e-05
-3.036122999999999866e-05
-3.037613000000000083e-05
-3.039102999999999962e-05
-3.039848999999999972e-05
-3.040593999999999911e-05
-3.041338999999999851e-05
-3.042829000000000069e-05
-3.043574000000000008e-05
-3.045063999999999887e-05
-3.046554000000000105e-05
-3.046554000000000105e-05
-3.048043999999999984e-05
-3.048788999999999923e-05
-3.049533999999999863e-05
-3.051024000000000081e-05
-3.051781000000000182e-05
-3.052526000000000122e-05
-3.053271000000000061e-05
-3.054016000000000001e-05
-3.054760999999999940e-05
-3.055505999999999880e-05
-3.056996999999999829e-05
-3.057741999999999768e-05
-3.058486999999999708e-05
-3.058486999999999708e-05
-3.059232000000000325e-05
-3.059232000000000325e-05
-3.059977000000000264e-05
-3.060722000000000204e-05
-3.061467000000000143e-05
-3.062212000000000083e-05
-3.062957000000000022e-05
-3.063701999999999962e-05
-3.064446999999999901e-05
-3.065191999999999841e-05
-3.065936999999999780e-05
-3.065936999999999780e-05
-3.066681999999999720e-05
-3.067427000000000337e-05
-3.068172000000000276e-05
-3.068917000000000216e-05
-3.069662000000000155e-05
-3.070408000000000165e-05
-3.071153000000000104e-05
-3.071898000000000044e-05
-3.071898000000000044e-05
-3.071898000000000044e-05
-3.072642999999999983e-05
-3.073387999999999923e-05
-3.073387999999999923e-05
-3.074132999999999862e-05
-3.074132999999999862e-05
-3.074132999999999862e-05
-3.074877999999999802e-05
-3.074877999999999802e-05
-3.075622999999999741e-05
-3.075622999999999741e-05
-3.076367999999999681e-05
-3.077113000000000298e-05
-3.077858000000000238e-05
-3.078603000000000177e-05
-3.078603000000000177e-05
-3.079348000000000117e-05
-3.080093000000000056e-05
-3.080837999999999996e-05
-3.081582999999999935e-05
-3.082327999999999875e-05
-3.083073999999999884e-05
-3.083818999999999824e-05
-3.084563999999999763e-05
-3.084563999999999763e-05
-3.085308999999999703e-05
-3.086054000000000320e-05
-3.086799000000000259e-05
-3.087544000000000199e-05
-3.087544000000000199e-05
-3.088289000000000138e-05
-3.089034000000000078e-05
-3.089779000000000017e-05
-3.090523999999999957e-05
-3.091268999999999896e-05
-3.091268999999999896e-05
-3.092013999999999836e-05
-3.092758999999999775e-05
-3.093503999999999715e-05
-3.094249000000000332e-05
-3.094994000000000271e-05
-3.095740000000000281e-05
-3.096485000000000220e-05
-3.097230000000000160e-05
-3.097230000000000160e-05
-3.097975000000000099e-05
-3.098720000000000039e-05
-3.099464999999999978e-05
-3.100209999999999918e-05
-3.100954999999999857e-05
-3.101699999999999797e-05
-3.102444999999999736e-05
-3.102444999999999736e-05
-3.103189999999999676e-05
-3.103935000000000293e-05
-3.103935000000000293e-05
-3.103935000000000293e-05
-3.103935000000000293e-05
-3.103935000000000293e-05
-3.104680000000000232e-05
-3.104680000000000232e-05
-3.104680000000000232e-05
-3.104680000000000232e-05
-3.105425000000000172e-05
-3.105425000000000172e-05
-3.105425000000000172e-05
-3.105425000000000172e-05
-3.105425000000000172e-05
-3.105425000000000172e-05
-3.106170000000000112e-05
-3.106170000000000112e-05
-3.106170000000000112e-05
-3.106170000000000112e-05
-3.106915000000000051e-05
-3.106915000000000051e-05
-3.106915000000000051e-05
-3.107659999999999991e-05
-3.107659999999999991e-05
-3.107659999999999991e-05
-3.108406000000000000e-05
-3.108406000000000000e-05
-3.108406000000000000e-05
-3.108406000000000000e-05
-3.108406000000000000e-05
-3.108406000000000000e-05
-3.108406000000000000e-05
-3.107659999999999991e-05
-3.107659999999999991e-05
-3.107659999999999991e-05
-3.106915000000000051e-05
-3.106915000000000051e-05
-3.106915000000000051e-05
-3.106915000000000051e-05
-3.106170000000000112e-05
-3.106170000000000112e-05
-3.106170000000000112e-05
-3.106170000000000112e-05
-3.106170000000000112e-05
-3.106170000000000112e-05
-3.106170000000000112e-05
-3.105425000000000172e-05
-3.105425000000000172e-05
-3.105425000000000172e-05
-3.105425000000000172e-05
-3.105425000000000172e-05
-3.105425000000000172e-05
-3.104680000000000232e-05
-3.105425000000000172e-05
-3.105425000000000172e-05
-3.105425000000000172e-05
-3.105425000000000172e-05
-3.105425000000000172e-05
-3.106170000000000112e-05
-3.106170000000000112e-05
-3.106915000000000051e-05
-3.106915000000000051e-05
-3.107659999999999991e-05
-3.107659999999999991e-05
-3.108406000000000000e-05
-3.108406000000000000e-05
-3.109150999999999939e-05
-3.109150999999999939e-05
-3.109150999999999939e-05
-3.109895999999999879e-05
-3.109895999999999879e-05
-3.109895999999999879e-05
-3.109895999999999879e-05
-3.109895999999999879e-05
-3.110640999999999818e-05
-3.110640999999999818e-05
-3.110640999999999818e-05
-3.110640999999999818e-05
-3.111385999999999758e-05
-3.111385999999999758e-05
-3.111385999999999758e-05
-3.112130999999999697e-05
-3.112130999999999697e-05
-3.112876000000000315e-05
-3.112876000000000315e-05
-3.112876000000000315e-05
-3.113621000000000254e-05
-3.113621000000000254e-05
-3.113621000000000254e-05
-3.113621000000000254e-05
-3.114366000000000194e-05
-3.114366000000000194e-05
-3.114366000000000194e-05
-3.114366000000000194e-05
-3.114366000000000194e-05
-3.114366000000000194e-05
-3.115111000000000133e-05
-3.115111000000000133e-05
-3.115111000000000133e-05
-3.115856000000000073e-05
-3.115856000000000073e-05
-3.116601000000000012e-05
-3.116601000000000012e-05
-3.116601000000000012e-05
-3.117345999999999952e-05
-3.118090999999999891e-05
-3.118835999999999831e-05
-3.120325999999999710e-05
-3.121071000000000327e-05
-3.122562000000000276e-05
-3.122562000000000276e-05
-3.124052000000000155e-05
-3.124797000000000094e-05
-3.125542000000000034e-05
-3.127031999999999913e-05
-3.127031999999999913e-05
-3.127776999999999852e-05
-3.127776999999999852e-05
-3.127776999999999852e-05
-3.128521999999999792e-05
-3.128521999999999792e-05
-3.128521999999999792e-05
-3.128521999999999792e-05
-3.128521999999999792e-05
-3.129266999999999731e-05
-3.129266999999999731e-05
-3.129266999999999731e-05
-3.129266999999999731e-05
-3.130011999999999671e-05
-3.130757000000000288e-05
-3.131502000000000227e-05
-3.132247000000000167e-05
-3.132992000000000106e-05
-3.134483000000000055e-05
-3.135227999999999995e-05
-3.135227999999999995e-05
-3.135972999999999934e-05
-3.135972999999999934e-05
-3.136717999999999874e-05
-3.137462999999999813e-05
-3.138207999999999753e-05
-3.138952999999999692e-05
-3.139698000000000310e-05
-3.140443000000000249e-05
-3.141188000000000189e-05
-3.141933000000000128e-05
-3.141933000000000128e-05
-3.141933000000000128e-05
-3.143423000000000007e-05
-3.144167999999999947e-05
-3.144912999999999886e-05
-3.145657999999999826e-05
-3.146402999999999765e-05
-3.147148999999999775e-05
-3.147893999999999714e-05
-3.148639000000000331e-05
-3.149384000000000271e-05
-3.150129000000000210e-05
-3.150874000000000150e-05
-3.151619000000000089e-05
-3.152364000000000029e-05
-3.153108999999999968e-05
-3.153853999999999908e-05
-3.154598999999999847e-05
-3.154598999999999847e-05
-3.155343999999999787e-05
-3.156088999999999726e-05
-3.156088999999999726e-05
-3.156833999999999666e-05
-3.157579000000000283e-05
-3.158324000000000222e-05
-3.158324000000000222e-05
-3.159069000000000162e-05
-3.159815000000000171e-05
-3.159815000000000171e-05
-3.160560000000000111e-05
-3.160560000000000111e-05
-3.160560000000000111e-05
-3.161305000000000050e-05
-3.162049999999999990e-05
-3.162049999999999990e-05
-3.162794999999999929e-05
-3.162794999999999929e-05
-3.163539999999999869e-05
-3.164284999999999808e-05
-3.164284999999999808e-05
-3.164284999999999808e-05
-3.165029999999999748e-05
-3.165029999999999748e-05
-3.165029999999999748e-05
-3.165029999999999748e-05
-3.165029999999999748e-05
-3.165774999999999687e-05
-3.165774999999999687e-05
-3.165774999999999687e-05
-3.166520000000000304e-05
-3.166520000000000304e-05
-3.167265000000000244e-05
-3.167265000000000244e-05
-3.167265000000000244e-05
-3.168010000000000184e-05
-3.168010000000000184e-05
-3.168755000000000123e-05
-3.168755000000000123e-05
-3.169500000000000063e-05
-3.169500000000000063e-05
-3.170245000000000002e-05
-3.170245000000000002e-05
-3.170245000000000002e-05
-3.170989999999999942e-05
-3.170989999999999942e-05
-3.171734999999999881e-05
-3.171734999999999881e-05
-3.171734999999999881e-05
-3.172480999999999890e-05
-3.172480999999999890e-05
-3.173225999999999830e-05
-3.173225999999999830e-05
-3.173225999999999830e-05
-3.173970999999999769e-05
-3.173970999999999769e-05
-3.174715999999999709e-05
-3.174715999999999709e-05
-3.175461000000000326e-05
-3.175461000000000326e-05
-3.176206000000000266e-05
-3.176206000000000266e-05
-3.176206000000000266e-05
-3.176206000000000266e-05
-3.176206000000000266e-05
-3.176951000000000205e-05
-3.176951000000000205e-05
-3.176951000000000205e-05
-3.176951000000000205e-05
-3.177696000000000145e-05
-3.177696000000000145e-05
-3.178441000000000084e-05
-3.178441000000000084e-05
-3.179186000000000024e-05
-3.179186000000000024e-05
-3.179930999999999963e-05
-3.179930999999999963e-05
-3.179930999999999963e-05
-3.179930999999999963e-05
-3.179930999999999963e-05
-3.179930999999999963e-05
-3.179930999999999963e-05
-3.179930999999999963e-05
-3.179930999999999963e-05
-3.179930999999999963e-05
-3.179930999999999963e-05
-3.179930999999999963e-05
-3.179930999999999963e-05
-3.179930999999999963e-05
-3.179930999999999963e-05
-3.179930999999999963e-05
-3.179930999999999963e-05
-3.179930999999999963e-05
-3.180675999999999903e-05
-3.180675999999999903e-05
-3.180675999999999903e-05
-3.180675999999999903e-05
-3.180675999999999903e-05
-3.179930999999999963e-05
-3.179930999999999963e-05
-3.179930999999999963e-05
-3.179930999999999963e-05
-3.179930999999999963e-05
-3.179930999999999963e-05
-3.179930999999999963e-05
-3.179930999999999963e-05
-3.179930999999999963e-05
-3.179930999999999963e-05
-3.179930999999999963e-05
-3.179930999999999963e-05
-3.179930999999999963e-05
-3.179930999999999963e-05
-3.179930999999999963e-05
-3.180675999999999903e-05
-3.180675999999999903e-05
-3.180675999999999903e-05
-3.180675999999999903e-05
-3.180675999999999903e-05
-3.180675999999999903e-05
-3.180675999999999903e-05
-3.180675999999999903e-05
-3.180675999999999903e-05
-3.180675999999999903e-05
-3.180675999999999903e-05
-3.180675999999999903e-05
-3.180675999999999903e-05
-3.179930999999999963e-05
-3.179930999999999963e-05
-3.179930999999999963e-05
-3.179930999999999963e-05
-3.179930999999999963e-05
-3.179930999999999963e-05
-3.179186000000000024e-05
-3.179186000000000024e-05
-3.179186000000000024e-05
-3.179186000000000024e-05
-3.179186000000000024e-05
-3.179930999999999963e-05
-3.179930999999999963e-05
-3.179930999999999963e-05
-3.179930999999999963e-05
-3.179930999999999963e-05
-3.180675999999999903e-05
-3.180675999999999903e-05
-3.181420999999999842e-05
-3.182165999999999782e-05
-3.182165999999999782e-05
-3.182910999999999721e-05
-3.183656000000000338e-05
-3.184401000000000278e-05
-3.185146000000000217e-05
-3.185146000000000217e-05
-3.185892000000000227e-05
-3.185892000000000227e-05
-3.185892000000000227e-05
-3.185892000000000227e-05
-3.186637000000000166e-05
-3.186637000000000166e-05
-3.186637000000000166e-05
-3.186637000000000166e-05
-3.186637000000000166e-05
-3.186637000000000166e-05
-3.186637000000000166e-05
-3.186637000000000166e-05
-3.186637000000000166e-05
-3.186637000000000166e-05
-3.186637000000000166e-05
-3.186637000000000166e-05
-3.186637000000000166e-05
-3.186637000000000166e-05
-3.186637000000000166e-05
-3.186637000000000166e-05
-3.186637000000000166e-05
-3.186637000000000166e-05
-3.186637000000000166e-05
-3.185892000000000227e-05
-3.185892000000000227e-05
-3.185892000000000227e-05
-3.185146000000000217e-05
-3.184401000000000278e-05
-3.184401000000000278e-05
-3.183656000000000338e-05
-3.182910999999999721e-05
-3.182165999999999782e-05
-3.181420999999999842e-05
-3.179930999999999963e-05
-3.179930999999999963e-05
-3.179186000000000024e-05
-3.178441000000000084e-05
-3.177696000000000145e-05
-3.176951000000000205e-05
-3.176206000000000266e-05
-3.175461000000000326e-05
-3.174715999999999709e-05
-3.173970999999999769e-05
-3.173225999999999830e-05
-3.173225999999999830e-05
-3.172480999999999890e-05
-3.172480999999999890e-05
-3.171734999999999881e-05
-3.171734999999999881e-05
-3.170989999999999942e-05
-3.170989999999999942e-05
-3.170989999999999942e-05
-3.170245000000000002e-05
-3.170245000000000002e-05
-3.170245000000000002e-05
-3.170245000000000002e-05
-3.170245000000000002e-05
-3.170245000000000002e-05
-3.170245000000000002e-05
-3.170245000000000002e-05
-3.170245000000000002e-05
-3.170245000000000002e-05
-3.169500000000000063e-05
-3.169500000000000063e-05
-3.169500000000000063e-05
-3.169500000000000063e-05
-3.169500000000000063e-05
-3.169500000000000063e-05
-3.169500000000000063e-05
-3.169500000000000063e-05
-3.169500000000000063e-05
-3.169500000000000063e-05
-3.169500000000000063e-05
-3.169500000000000063e-05
-3.169500000000000063e-05
-3.169500000000000063e-05
-3.169500000000000063e-05
-3.169500000000000063e-05
-3.169500000000000063e-05
-3.169500000000000063e-05
-3.168755000000000123e-05
-3.168755000000000123e-05
-3.168755000000000123e-05
-3.168755000000000123e-05
-3.168755000000000123e-05
-3.168010000000000184e-05
-3.168010000000000184e-05
-3.168010000000000184e-05
-3.167265000000000244e-05
-3.167265000000000244e-05
-3.167265000000000244e-05
-3.166520000000000304e-05
-3.165774999999999687e-05
-3.165029999999999748e-05
-3.165029999999999748e-05
-3.164284999999999808e-05
-3.162794999999999929e-05
-3.162049999999999990e-05
-3.161305000000000050e-05
-3.160560000000000111e-05
-3.160560000000000111e-05
-3.159815000000000171e-05
-3.159069000000000162e-05
-3.159069000000000162e-05
-3.158324000000000222e-05
-3.157579000000000283e-05
-3.157579000000000283e-05
-3.156833999999999666e-05
-3.156833999999999666e-05
-3.156088999999999726e-05
-3.156088999999999726e-05
-3.155343999999999787e-05
-3.155343999999999787e-05
-3.155343999999999787e-05
-3.154598999999999847e-05
-3.154598999999999847e-05
-3.154598999999999847e-05
-3.154598999999999847e-05
-3.153853999999999908e-05
-3.153853999999999908e-05
-3.153108999999999968e-05
-3.153108999999999968e-05
-3.152364000000000029e-05
-3.152364000000000029e-05
-3.151619000000000089e-05
-3.150874000000000150e-05
-3.150874000000000150e-05
-3.150129000000000210e-05
-3.150129000000000210e-05
-3.149384000000000271e-05
-3.149384000000000271e-05
-3.149384000000000271e-05
-3.149384000000000271e-05
-3.149384000000000271e-05
-3.150129000000000210e-05
-3.150129000000000210e-05
-3.150874000000000150e-05
-3.151619000000000089e-05
-3.153108999999999968e-05
-3.153853999999999908e-05
-3.154598999999999847e-05
-3.154598999999999847e-05
-3.155343999999999787e-05
-3.155343999999999787e-05
-3.156088999999999726e-05
-3.156088999999999726e-05
-3.156833999999999666e-05
-3.156833999999999666e-05
-3.156088999999999726e-05
-3.156088999999999726e-05
-3.156088999999999726e-05
-3.155343999999999787e-05
-3.154598999999999847e-05
-3.154598999999999847e-05
-3.153853999999999908e-05
-3.153108999999999968e-05
-3.151619000000000089e-05
-3.150874000000000150e-05
-3.150129000000000210e-05
-3.149384000000000271e-05
-3.148639000000000331e-05
-3.148639000000000331e-05
-3.147893999999999714e-05
-3.147893999999999714e-05
-3.147148999999999775e-05
-3.146402999999999765e-05
-3.146402999999999765e-05
-3.145657999999999826e-05
-3.144912999999999886e-05
-3.144167999999999947e-05
-3.143423000000000007e-05
-3.143423000000000007e-05
-3.142678000000000068e-05
-3.142678000000000068e-05
-3.141933000000000128e-05
-3.141933000000000128e-05
-3.141933000000000128e-05
-3.141933000000000128e-05
-3.141933000000000128e-05
-3.141933000000000128e-05
-3.141933000000000128e-05
-3.141933000000000128e-05
-3.141933000000000128e-05
-3.141188000000000189e-05
-3.141188000000000189e-05
-3.140443000000000249e-05
-3.140443000000000249e-05
-3.139698000000000310e-05
-3.139698000000000310e-05
-3.138952999999999692e-05
-3.138207999999999753e-05
-3.138207999999999753e-05
-3.137462999999999813e-05
-3.137462999999999813e-05
-3.137462999999999813e-05
-3.137462999999999813e-05
-3.136717999999999874e-05
-3.136717999999999874e-05
-3.136717999999999874e-05
-3.136717999999999874e-05
-3.136717999999999874e-05
-3.135972999999999934e-05
-3.135972999999999934e-05
-3.135972999999999934e-05
-3.135972999999999934e-05
-3.135972999999999934e-05
-3.135227999999999995e-05
-3.135227999999999995e-05
-3.135227999999999995e-05
-3.135227999999999995e-05
-3.135227999999999995e-05
-3.135227999999999995e-05
-3.134483000000000055e-05
-3.134483000000000055e-05
-3.133737000000000046e-05
-3.132992000000000106e-05
-3.132992000000000106e-05
-3.132247000000000167e-05
-3.132247000000000167e-05
-3.132247000000000167e-05
-3.131502000000000227e-05
-3.131502000000000227e-05
-3.131502000000000227e-05
-3.131502000000000227e-05
-3.131502000000000227e-05
-3.131502000000000227e-05
-3.131502000000000227e-05
-3.131502000000000227e-05
-3.131502000000000227e-05
-3.131502000000000227e-05
-3.131502000000000227e-05
-3.131502000000000227e-05
-3.131502000000000227e-05
-3.131502000000000227e-05
-3.131502000000000227e-05
-3.130757000000000288e-05
-3.130757000000000288e-05
-3.130011999999999671e-05
-3.130011999999999671e-05
-3.130011999999999671e-05
-3.129266999999999731e-05
-3.129266999999999731e-05
-3.129266999999999731e-05
-3.129266999999999731e-05
-3.129266999999999731e-05
-3.129266999999999731e-05
-3.129266999999999731e-05
-3.129266999999999731e-05
-3.129266999999999731e-05
-3.129266999999999731e-05
-3.129266999999999731e-05
-3.129266999999999731e-05
-3.129266999999999731e-05
-3.129266999999999731e-05
-3.129266999999999731e-05
-3.129266999999999731e-05
-3.129266999999999731e-05
-3.129266999999999731e-05
-3.130011999999999671e-05
-3.130011999999999671e-05
-3.130757000000000288e-05
-3.130757000000000288e-05
-3.131502000000000227e-05
-3.131502000000000227e-05
-3.131502000000000227e-05
-3.132247000000000167e-05
-3.132247000000000167e-05
-3.132247000000000167e-05
-3.132992000000000106e-05
-3.132992000000000106e-05
-3.132992000000000106e-05
-3.133737000000000046e-05
-3.133737000000000046e-05
-3.133737000000000046e-05
-3.134483000000000055e-05
-3.134483000000000055e-05
-3.134483000000000055e-05
-3.134483000000000055e-05
-3.135227999999999995e-05
-3.135227999999999995e-05
-3.135227999999999995e-05
-3.135227999999999995e-05
-3.135972999999999934e-05
-3.135972999999999934e-05
-3.136717999999999874e-05
-3.136717999999999874e-05
-3.137462999999999813e-05
-3.138207999999999753e-05
-3.138207999999999753e-05
-3.138952999999999692e-05
-3.139698000000000310e-05
-3.139698000000000310e-05
-3.140443000000000249e-05
-3.141188000000000189e-05
-3.141188000000000189e-05
-3.141933000000000128e-05
-3.141933000000000128e-05
-3.141933000000000128e-05
-3.141933000000000128e-05
-3.141933000000000128e-05
-3.141933000000000128e-05
-3.141933000000000128e-05
-3.141933000000000128e-05
-3.141933000000000128e-05
-3.141933000000000128e-05
-3.141933000000000128e-05
-3.141933000000000128e-05
-3.141933000000000128e-05
-3.141933000000000128e-05
-3.141933000000000128e-05
-3.141933000000000128e-05
-3.141933000000000128e-05
-3.141933000000000128e-05
-3.141933000000000128e-05
-3.141933000000000128e-05
-3.142678000000000068e-05
-3.142678000000000068e-05
-3.142678000000000068e-05
-3.142678000000000068e-05
-3.141933000000000128e-05
-3.141933000000000128e-05
-3.141933000000000128e-05
-3.141933000000000128e-05
-3.141933000000000128e-05
-3.141933000000000128e-05
-3.141933000000000128e-05
-3.141933000000000128e-05
-3.141933000000000128e-05
-3.141933000000000128e-05
-3.141933000000000128e-05
-3.141933000000000128e-05
-3.141933000000000128e-05
-3.141933000000000128e-05
-3.141933000000000128e-05
-3.141933000000000128e-05
-3.141933000000000128e-05
-3.141933000000000128e-05
-3.141933000000000128e-05
-3.141933000000000128e-05
-3.141933000000000128e-05
-3.141933000000000128e-05
-3.141933000000000128e-05
-3.141933000000000128e-05
-3.141933000000000128e-05
-3.141933000000000128e-05
-3.141188000000000189e-05
-3.141188000000000189e-05
-3.140443000000000249e-05
-3.140443000000000249e-05
-3.139698000000000310e-05
-3.138952999999999692e-05
-3.138952999999999692e-05
-3.138207999999999753e-05
-3.137462999999999813e-05
-3.137462999999999813e-05
-3.136717999999999874e-05
-3.135972999999999934e-05
-3.135972999999999934e-05
-3.135227999999999995e-05
-3.135227999999999995e-05
-3.134483000000000055e-05
-3.133737000000000046e-05
-3.132992000000000106e-05
-3.132247000000000167e-05
-3.131502000000000227e-05
-3.130757000000000288e-05
-3.130011999999999671e-05
-3.130011999999999671e-05
-3.129266999999999731e-05
-3.129266999999999731e-05
-3.128521999999999792e-05
-3.127776999999999852e-05
-3.127031999999999913e-05
-3.126286999999999973e-05
-3.125542000000000034e-05
-3.124797000000000094e-05
-3.124797000000000094e-05
-3.124052000000000155e-05
-3.123307000000000215e-05
-3.123307000000000215e-05
-3.123307000000000215e-05
-3.123307000000000215e-05
-3.123307000000000215e-05
-3.123307000000000215e-05
-3.123307000000000215e-05
-3.123307000000000215e-05
-3.124052000000000155e-05
-3.124797000000000094e-05
-3.124797000000000094e-05
-3.125542000000000034e-05
-3.125542000000000034e-05
-3.126286999999999973e-05
-3.127031999999999913e-05
-3.127031999999999913e-05
-3.127776999999999852e-05
-3.127776999999999852e-05
-3.127776999999999852e-05
-3.128521999999999792e-05
-3.128521999999999792e-05
-3.128521999999999792e-05
-3.128521999999999792e-05
-3.128521999999999792e-05
-3.127776999999999852e-05
-3.127776999999999852e-05
-3.127031999999999913e-05
-3.127031999999999913e-05
-3.126286999999999973e-05
-3.126286999999999973e-05
-3.125542000000000034e-05
-3.125542000000000034e-05
-3.124797000000000094e-05
-3.124052000000000155e-05
-3.123307000000000215e-05
-3.123307000000000215e-05
-3.122562000000000276e-05
-3.122562000000000276e-05
-3.121817000000000336e-05
-3.121817000000000336e-05
-3.121071000000000327e-05
-3.121071000000000327e-05
-3.120325999999999710e-05
-3.120325999999999710e-05
-3.120325999999999710e-05
-3.120325999999999710e-05
-3.119580999999999770e-05
-3.119580999999999770e-05
-3.119580999999999770e-05
-3.119580999999999770e-05
-3.118835999999999831e-05
-3.118835999999999831e-05
-3.118835999999999831e-05
-3.118835999999999831e-05
-3.119580999999999770e-05
-3.119580999999999770e-05
-3.120325999999999710e-05
-3.120325999999999710e-05
-3.121071000000000327e-05
-3.121071000000000327e-05
-3.121817000000000336e-05
-3.122562000000000276e-05
-3.122562000000000276e-05
-3.122562000000000276e-05
-3.122562000000000276e-05
-3.123307000000000215e-05
-3.123307000000000215e-05
-3.123307000000000215e-05
-3.123307000000000215e-05
-3.123307000000000215e-05
-3.123307000000000215e-05
-3.123307000000000215e-05
-3.123307000000000215e-05
-3.123307000000000215e-05
-3.123307000000000215e-05
-3.123307000000000215e-05
-3.123307000000000215e-05
-3.122562000000000276e-05
-3.122562000000000276e-05
-3.122562000000000276e-05
-3.122562000000000276e-05
-3.122562000000000276e-05
-3.121817000000000336e-05
-3.121071000000000327e-05
-3.121071000000000327e-05
-3.121071000000000327e-05
-3.120325999999999710e-05
-3.120325999999999710e-05
-3.119580999999999770e-05
-3.118835999999999831e-05
-3.118835999999999831e-05
-3.118090999999999891e-05
-3.118090999999999891e-05
-3.118090999999999891e-05
-3.117345999999999952e-05
-3.117345999999999952e-05
-3.116601000000000012e-05
-3.116601000000000012e-05
-3.116601000000000012e-05
-3.116601000000000012e-05
-3.116601000000000012e-05
-3.116601000000000012e-05
-3.116601000000000012e-05
-3.116601000000000012e-05
-3.116601000000000012e-05
-3.116601000000000012e-05
