-3.486149999999999818e-05
-3.486894999999999757e-05
-3.487639999999999697e-05
-3.488385000000000314e-05
-3.489875000000000193e-05
-3.489875000000000193e-05
-3.491365000000000072e-05
-3.492854999999999951e-05
-3.494345999999999900e-05
-3.496580999999999718e-05
-3.497326000000000335e-05
-3.499561000000000154e-05
-3.501795999999999972e-05
-3.503285999999999851e-05
-3.504775999999999730e-05
-3.507012000000000296e-05
-3.508502000000000175e-05
-3.509247000000000115e-05
-3.510736999999999994e-05
-3.511481999999999933e-05
-3.512971999999999812e-05
-3.513716999999999752e-05
-3.514461999999999691e-05
-3.514461999999999691e-05
-3.515207000000000309e-05
-3.515207000000000309e-05
-3.515207000000000309e-05
-3.515952000000000248e-05
-3.516697000000000188e-05
-3.517442000000000127e-05
-3.518187000000000067e-05
-3.518932000000000006e-05
-3.519678000000000016e-05
-3.520422999999999955e-05
-3.521167999999999895e-05
-3.521912999999999834e-05
-3.521912999999999834e-05
-3.522657999999999774e-05
-3.523402999999999713e-05
-3.523402999999999713e-05
-3.524148000000000330e-05
-3.524148000000000330e-05
-3.524893000000000270e-05
-3.524893000000000270e-05
-3.524893000000000270e-05
-3.525638000000000209e-05
-3.526383000000000149e-05
-3.527128000000000088e-05
-3.527873000000000028e-05
-3.527873000000000028e-05
-3.528617999999999967e-05
-3.529362999999999907e-05
-3.530852999999999786e-05
-3.531597999999999725e-05
-3.532343999999999735e-05
-3.533834000000000291e-05
-3.534579000000000231e-05
-3.534579000000000231e-05
-3.535324000000000170e-05
-3.536069000000000110e-05
-3.537558999999999989e-05
-3.538303999999999928e-05
-3.539048999999999868e-05
-3.540538999999999747e-05
-3.540538999999999747e-05
-3.542029000000000304e-05
-3.542774000000000243e-05
-3.544264000000000122e-05
-3.545010000000000132e-05
-3.546500000000000011e-05
-3.547244999999999950e-05
-3.547989999999999890e-05
-3.548734999999999829e-05
-3.549479999999999769e-05
-3.550224999999999708e-05
-3.550970000000000325e-05
-3.550970000000000325e-05
-3.551715000000000265e-05
-3.552460000000000204e-05
-3.553205000000000144e-05
-3.553205000000000144e-05
-3.553205000000000144e-05
-3.553950000000000083e-05
-3.553950000000000083e-05
-3.554695000000000023e-05
-3.555439999999999962e-05
-3.555439999999999962e-05
-3.556929999999999841e-05
-3.557675999999999851e-05
-3.558420999999999790e-05
-3.559910999999999669e-05
-3.559910999999999669e-05
-3.561401000000000226e-05
-3.562146000000000165e-05
-3.563636000000000044e-05
-3.565125999999999923e-05
-3.565870999999999863e-05
-3.566615999999999802e-05
-3.567360999999999742e-05
-3.568851000000000298e-05
-3.569596000000000238e-05
-3.570342000000000247e-05
-3.571087000000000187e-05
-3.572577000000000066e-05
-3.572577000000000066e-05
-3.574066999999999945e-05
-3.575556999999999824e-05
-3.576301999999999763e-05
-3.577792000000000320e-05
-3.578537000000000260e-05
-3.578537000000000260e-05
-3.580027000000000139e-05
-3.580772000000000078e-05
-3.580772000000000078e-05
-3.581517000000000018e-05
-3.581517000000000018e-05
-3.582261999999999957e-05
-3.582261999999999957e-05
-3.582261999999999957e-05
-3.583006999999999897e-05
-3.583006999999999897e-05
-3.583752999999999906e-05
-3.584497999999999846e-05
-3.585242999999999785e-05
-3.585987999999999725e-05
-3.587478000000000281e-05
-3.588223000000000221e-05
-3.588968000000000160e-05
-3.590458000000000039e-05
-3.591202999999999979e-05
-3.591947999999999918e-05
-3.593437999999999797e-05
-3.594927999999999676e-05
-3.596419000000000303e-05
-3.597909000000000182e-05
-3.598654000000000121e-05
-3.600144000000000000e-05
-3.601633999999999879e-05
-3.602378999999999819e-05
-3.603868999999999698e-05
-3.604614000000000315e-05
-3.605359000000000255e-05
-3.606849000000000134e-05
-3.607594000000000073e-05
-3.608339000000000013e-05
-3.609829999999999962e-05
-3.610574999999999901e-05
-3.610574999999999901e-05
-3.611319999999999841e-05
-3.611319999999999841e-05
-3.612064999999999780e-05
-3.612064999999999780e-05
-3.612064999999999780e-05
-3.612064999999999780e-05
-3.612064999999999780e-05
-3.612064999999999780e-05
-3.612064999999999780e-05
-3.612064999999999780e-05
-3.612064999999999780e-05
-3.612809999999999720e-05
-3.612809999999999720e-05
-3.613555000000000337e-05
-3.614300000000000276e-05
-3.614300000000000276e-05
-3.614300000000000276e-05
-3.614300000000000276e-05
-3.614300000000000276e-05
-3.613555000000000337e-05
-3.612064999999999780e-05
-3.610574999999999901e-05
-3.610574999999999901e-05
-3.609085000000000022e-05
-3.608339000000000013e-05
-3.607594000000000073e-05
-3.606849000000000134e-05
-3.606849000000000134e-05
-3.607594000000000073e-05
-3.608339000000000013e-05
-3.609085000000000022e-05
-3.610574999999999901e-05
-3.610574999999999901e-05
-3.612064999999999780e-05
-3.613555000000000337e-05
-3.614300000000000276e-05
-3.615790000000000155e-05
-3.616535000000000095e-05
-3.616535000000000095e-05
-3.618024999999999974e-05
-3.618769999999999913e-05
-3.620259999999999792e-05
-3.621750999999999741e-05
-3.623241000000000298e-05
-3.623986000000000237e-05
-3.624731000000000177e-05
-3.626221000000000056e-05
-3.626965999999999995e-05
-3.627710999999999935e-05
-3.629200999999999814e-05
-3.629200999999999814e-05
-3.629945999999999753e-05
-3.630690999999999693e-05
-3.631436000000000310e-05
-3.632181000000000249e-05
-3.632926000000000189e-05
-3.634416000000000068e-05
-3.634416000000000068e-05
-3.635162000000000077e-05
-3.635907000000000017e-05
-3.635907000000000017e-05
-3.635907000000000017e-05
-3.636651999999999956e-05
-3.636651999999999956e-05
-3.637396999999999896e-05
-3.637396999999999896e-05
-3.637396999999999896e-05
-3.638141999999999835e-05
-3.638141999999999835e-05
-3.638141999999999835e-05
-3.638886999999999775e-05
-3.638886999999999775e-05
-3.638886999999999775e-05
-3.639631999999999714e-05
-3.639631999999999714e-05
-3.639631999999999714e-05
-3.640377000000000332e-05
-3.640377000000000332e-05
-3.640377000000000332e-05
-3.640377000000000332e-05
-3.640377000000000332e-05
-3.640377000000000332e-05
-3.641122000000000271e-05
-3.641122000000000271e-05
-3.641122000000000271e-05
-3.641122000000000271e-05
-3.641867000000000211e-05
-3.641867000000000211e-05
-3.641867000000000211e-05
-3.641867000000000211e-05
-3.641867000000000211e-05
-3.641867000000000211e-05
-3.641867000000000211e-05
-3.641867000000000211e-05
-3.641867000000000211e-05
-3.641867000000000211e-05
-3.641867000000000211e-05
-3.641867000000000211e-05
-3.641867000000000211e-05
-3.641867000000000211e-05
-3.641867000000000211e-05
-3.641867000000000211e-05
-3.641867000000000211e-05
-3.641867000000000211e-05
-3.641867000000000211e-05
-3.642612000000000150e-05
-3.642612000000000150e-05
-3.643357000000000090e-05
-3.643357000000000090e-05
-3.644102000000000029e-05
-3.644102000000000029e-05
-3.644846999999999969e-05
-3.644846999999999969e-05
-3.645591999999999908e-05
-3.646336999999999848e-05
-3.646336999999999848e-05
-3.647081999999999787e-05
-3.647081999999999787e-05
-3.647081999999999787e-05
-3.647081999999999787e-05
-3.647081999999999787e-05
-3.647081999999999787e-05
-3.647081999999999787e-05
-3.646336999999999848e-05
-3.645591999999999908e-05
-3.644846999999999969e-05
-3.644102000000000029e-05
-3.643357000000000090e-05
-3.642612000000000150e-05
-3.641867000000000211e-05
-3.641122000000000271e-05
-3.639631999999999714e-05
-3.638141999999999835e-05
-3.636651999999999956e-05
-3.635907000000000017e-05
-3.635162000000000077e-05
-3.634416000000000068e-05
-3.632926000000000189e-05
-3.632181000000000249e-05
-3.631436000000000310e-05
-3.630690999999999693e-05
-3.629945999999999753e-05
-3.629945999999999753e-05
-3.629200999999999814e-05
-3.629200999999999814e-05
-3.629200999999999814e-05
-3.628455999999999874e-05
-3.627710999999999935e-05
-3.626221000000000056e-05
-3.625476000000000116e-05
-3.624731000000000177e-05
-3.623241000000000298e-05
-3.623241000000000298e-05
-3.622495999999999681e-05
-3.621004999999999732e-05
-3.620259999999999792e-05
-3.619514999999999853e-05
-3.618769999999999913e-05
-3.618024999999999974e-05
-3.618024999999999974e-05
-3.617280000000000034e-05
-3.617280000000000034e-05
-3.616535000000000095e-05
-3.616535000000000095e-05
-3.616535000000000095e-05
-3.616535000000000095e-05
-3.616535000000000095e-05
-3.616535000000000095e-05
-3.616535000000000095e-05
-3.616535000000000095e-05
-3.616535000000000095e-05
-3.616535000000000095e-05
-3.616535000000000095e-05
-3.616535000000000095e-05
-3.616535000000000095e-05
-3.616535000000000095e-05
-3.615790000000000155e-05
-3.615790000000000155e-05
-3.615045000000000216e-05
-3.614300000000000276e-05
-3.613555000000000337e-05
-3.612809999999999720e-05
-3.612064999999999780e-05
-3.611319999999999841e-05
-3.610574999999999901e-05
-3.610574999999999901e-05
-3.609829999999999962e-05
-3.609085000000000022e-05
-3.608339000000000013e-05
-3.608339000000000013e-05
-3.607594000000000073e-05
-3.606849000000000134e-05
-3.606849000000000134e-05
-3.606104000000000194e-05
-3.606104000000000194e-05
-3.605359000000000255e-05
-3.605359000000000255e-05
-3.604614000000000315e-05
-3.604614000000000315e-05
-3.603868999999999698e-05
-3.603868999999999698e-05
-3.603868999999999698e-05
-3.603868999999999698e-05
-3.603123999999999758e-05
-3.602378999999999819e-05
-3.601633999999999879e-05
-3.600888999999999940e-05
-3.600144000000000000e-05
-3.599399000000000061e-05
-3.598654000000000121e-05
-3.597909000000000182e-05
-3.597164000000000242e-05
-3.595673000000000293e-05
-3.594927999999999676e-05
-3.594182999999999737e-05
-3.593437999999999797e-05
-3.591947999999999918e-05
-3.591202999999999979e-05
-3.591202999999999979e-05
-3.589713000000000100e-05
-3.588968000000000160e-05
-3.588223000000000221e-05
-3.587478000000000281e-05
-3.586732999999999664e-05
-3.585987999999999725e-05
-3.585242999999999785e-05
-3.585242999999999785e-05
-3.585242999999999785e-05
-3.585242999999999785e-05
-3.584497999999999846e-05
-3.584497999999999846e-05
-3.583752999999999906e-05
-3.583006999999999897e-05
-3.582261999999999957e-05
-3.582261999999999957e-05
-3.581517000000000018e-05
-3.580772000000000078e-05
-3.580772000000000078e-05
-3.580027000000000139e-05
-3.579282000000000199e-05
-3.579282000000000199e-05
-3.578537000000000260e-05
-3.578537000000000260e-05
-3.578537000000000260e-05
-3.578537000000000260e-05
-3.578537000000000260e-05
-3.578537000000000260e-05
-3.578537000000000260e-05
-3.578537000000000260e-05
-3.578537000000000260e-05
-3.578537000000000260e-05
-3.578537000000000260e-05
-3.578537000000000260e-05
-3.577792000000000320e-05
-3.577792000000000320e-05
-3.577792000000000320e-05
-3.577046999999999703e-05
-3.576301999999999763e-05
-3.576301999999999763e-05
-3.575556999999999824e-05
-3.574811999999999884e-05
-3.574066999999999945e-05
-3.573322000000000005e-05
-3.573322000000000005e-05
-3.572577000000000066e-05
-3.572577000000000066e-05
-3.572577000000000066e-05
-3.572577000000000066e-05
-3.571832000000000126e-05
-3.572577000000000066e-05
-3.572577000000000066e-05
-3.572577000000000066e-05
-3.572577000000000066e-05
-3.572577000000000066e-05
-3.572577000000000066e-05
-3.572577000000000066e-05
-3.573322000000000005e-05
-3.573322000000000005e-05
-3.573322000000000005e-05
-3.574066999999999945e-05
-3.574066999999999945e-05
-3.574066999999999945e-05
-3.574066999999999945e-05
-3.574066999999999945e-05
-3.574066999999999945e-05
-3.573322000000000005e-05
-3.573322000000000005e-05
-3.573322000000000005e-05
-3.573322000000000005e-05
-3.573322000000000005e-05
-3.574066999999999945e-05
-3.574066999999999945e-05
-3.574811999999999884e-05
-3.574811999999999884e-05
-3.575556999999999824e-05
-3.575556999999999824e-05
-3.575556999999999824e-05
-3.575556999999999824e-05
-3.575556999999999824e-05
-3.574811999999999884e-05
-3.574811999999999884e-05
-3.574066999999999945e-05
-3.574066999999999945e-05
-3.574066999999999945e-05
-3.574811999999999884e-05
-3.574811999999999884e-05
-3.575556999999999824e-05
-3.575556999999999824e-05
-3.576301999999999763e-05
-3.577046999999999703e-05
-3.577046999999999703e-05
-3.577792000000000320e-05
-3.578537000000000260e-05
-3.578537000000000260e-05
-3.578537000000000260e-05
-3.578537000000000260e-05
-3.577792000000000320e-05
-3.577046999999999703e-05
-3.576301999999999763e-05
-3.575556999999999824e-05
-3.574811999999999884e-05
-3.573322000000000005e-05
-3.572577000000000066e-05
-3.572577000000000066e-05
-3.571087000000000187e-05
-3.570342000000000247e-05
-3.569596000000000238e-05
-3.569596000000000238e-05
-3.569596000000000238e-05
-3.569596000000000238e-05
-3.569596000000000238e-05
-3.570342000000000247e-05
-3.571087000000000187e-05
-3.571832000000000126e-05
-3.572577000000000066e-05
-3.572577000000000066e-05
-3.574066999999999945e-05
-3.574811999999999884e-05
-3.575556999999999824e-05
-3.577046999999999703e-05
-3.577792000000000320e-05
-3.578537000000000260e-05
-3.578537000000000260e-05
-3.578537000000000260e-05
-3.579282000000000199e-05
-3.579282000000000199e-05
-3.580027000000000139e-05
-3.580027000000000139e-05
-3.580027000000000139e-05
-3.580027000000000139e-05
-3.580027000000000139e-05
-3.580027000000000139e-05
-3.580027000000000139e-05
-3.579282000000000199e-05
-3.578537000000000260e-05
-3.578537000000000260e-05
-3.577792000000000320e-05
-3.577046999999999703e-05
-3.576301999999999763e-05
-3.574811999999999884e-05
-3.574066999999999945e-05
-3.573322000000000005e-05
-3.572577000000000066e-05
-3.571832000000000126e-05
-3.571832000000000126e-05
-3.571087000000000187e-05
-3.571087000000000187e-05
-3.571087000000000187e-05
-3.571087000000000187e-05
-3.571087000000000187e-05
-3.571832000000000126e-05
-3.571832000000000126e-05
-3.571832000000000126e-05
-3.571832000000000126e-05
-3.572577000000000066e-05
-3.572577000000000066e-05
-3.572577000000000066e-05
-3.573322000000000005e-05
-3.574066999999999945e-05
-3.574811999999999884e-05
-3.574811999999999884e-05
-3.574811999999999884e-05
-3.574811999999999884e-05
-3.574811999999999884e-05
-3.574811999999999884e-05
-3.574811999999999884e-05
-3.574066999999999945e-05
-3.574066999999999945e-05
-3.573322000000000005e-05
-3.573322000000000005e-05
-3.572577000000000066e-05
-3.572577000000000066e-05
-3.571832000000000126e-05
-3.571087000000000187e-05
-3.570342000000000247e-05
-3.569596000000000238e-05
-3.568851000000000298e-05
-3.568105999999999681e-05
-3.567360999999999742e-05
-3.566615999999999802e-05
-3.565870999999999863e-05
-3.565870999999999863e-05
-3.565870999999999863e-05
-3.565125999999999923e-05
-3.564380999999999984e-05
-3.564380999999999984e-05
-3.563636000000000044e-05
-3.562891000000000105e-05
-3.562146000000000165e-05
-3.561401000000000226e-05
-3.560656000000000286e-05
-3.559910999999999669e-05
-3.559910999999999669e-05
-3.558420999999999790e-05
-3.557675999999999851e-05
-3.556184999999999902e-05
-3.554695000000000023e-05
-3.553205000000000144e-05
-3.552460000000000204e-05
-3.550970000000000325e-05
-3.549479999999999769e-05
-3.547989999999999890e-05
-3.547244999999999950e-05
-3.545755000000000071e-05
-3.544264000000000122e-05
-3.542774000000000243e-05
-3.540538999999999747e-05
-3.539793999999999807e-05
-3.538303999999999928e-05
-3.536814000000000049e-05
-3.535324000000000170e-05
-3.534579000000000231e-05
-3.533088999999999674e-05
-3.531597999999999725e-05
-3.530107999999999846e-05
-3.528617999999999967e-05
-3.527873000000000028e-05
-3.526383000000000149e-05
-3.524893000000000270e-05
-3.523402999999999713e-05
-3.521912999999999834e-05
-3.520422999999999955e-05
-3.518932000000000006e-05
-3.517442000000000127e-05
-3.515207000000000309e-05
-3.513716999999999752e-05
-3.512226999999999873e-05
-3.510736999999999994e-05
-3.509247000000000115e-05
-3.507012000000000296e-05
-3.505520999999999670e-05
-3.503285999999999851e-05
-3.502540999999999912e-05
-3.500306000000000093e-05
-3.498071000000000275e-05
-3.496580999999999718e-05
-3.495090999999999839e-05
-3.492854999999999951e-05
-3.490620000000000132e-05
-3.489130000000000253e-05
-3.486894999999999757e-05
-3.485404999999999878e-05
-3.483914999999999999e-05
-3.481680000000000180e-05
-3.479444000000000292e-05
-3.477208999999999796e-05
-3.475718999999999917e-05
-3.472739000000000159e-05
-3.471249000000000280e-05
-3.469013999999999784e-05
-3.466777999999999895e-05
-3.464543000000000077e-05
-3.462308000000000258e-05
-3.459327999999999823e-05
-3.457837999999999944e-05
-3.454858000000000186e-05
-3.451876999999999680e-05
-3.449641999999999861e-05
-3.446662000000000103e-05
-3.444427000000000285e-05
-3.441445999999999779e-05
-3.439210999999999961e-05
-3.436231000000000203e-05
-3.433250999999999767e-05
-3.431015999999999949e-05
-3.428035000000000121e-05
-3.425800000000000302e-05
-3.423564999999999806e-05
-3.420585000000000048e-05
-3.417605000000000290e-05
-3.414623999999999784e-05
-3.412388999999999966e-05
-3.409409000000000208e-05
-3.407173999999999712e-05
-3.404193999999999954e-05
-3.401213000000000126e-05
-3.398978000000000307e-05
-3.395997999999999872e-05
-3.393018000000000114e-05
-3.390037000000000286e-05
-3.387056999999999850e-05
-3.384077000000000092e-05
-3.381097000000000334e-05
-3.377370999999999889e-05
-3.374391000000000131e-05
-3.370665999999999756e-05
-3.367685999999999998e-05
-3.363960000000000230e-05
-3.360979999999999795e-05
-3.357255000000000097e-05
-3.353529999999999722e-05
-3.350548999999999894e-05
-3.346824000000000196e-05
-3.343843999999999761e-05
-3.340119000000000063e-05
-3.337138000000000235e-05
-3.333412999999999860e-05
-3.330433000000000102e-05
-3.326707999999999727e-05
-3.324471999999999838e-05
-3.320747000000000141e-05
-3.317766999999999705e-05
-3.314786999999999947e-05
-3.311806000000000119e-05
-3.308080999999999744e-05
-3.305845999999999926e-05
-3.302121000000000228e-05
-3.299884999999999662e-05
-3.296159999999999965e-05
-3.293180000000000206e-05
-3.289454999999999831e-05
-3.287218999999999943e-05
-3.283494000000000245e-05
-3.280513999999999810e-05
-3.276789000000000112e-05
-3.273062999999999667e-05
-3.269337999999999970e-05
-3.266358000000000212e-05
-3.262632999999999836e-05
-3.258907000000000069e-05
-3.255927000000000311e-05
-3.251456999999999996e-05
-3.248476000000000168e-05
-3.244005999999999854e-05
-3.240281000000000156e-05
-3.236554999999999711e-05
-3.232830000000000014e-05
-3.229850000000000255e-05
-3.225379999999999941e-05
-3.222399000000000113e-05
-3.218673999999999738e-05
-3.214949000000000040e-05
-3.211223999999999665e-05
-3.208242999999999837e-05
-3.205263000000000079e-05
-3.201537999999999704e-05
-3.197811999999999936e-05
-3.194087000000000239e-05
-3.191106999999999803e-05
-3.187382000000000106e-05
-3.184401000000000278e-05
-3.180675999999999903e-05
-3.176951000000000205e-05
-3.173225999999999830e-05
-3.170245000000000002e-05
-3.167265000000000244e-05
-3.162794999999999929e-05
-3.159815000000000171e-05
-3.155343999999999787e-05
-3.152364000000000029e-05
-3.147893999999999714e-05
-3.144912999999999886e-05
-3.141933000000000128e-05
-3.137462999999999813e-05
-3.133737000000000046e-05
-3.130011999999999671e-05
-3.126286999999999973e-05
-3.122562000000000276e-05
-3.118090999999999891e-05
-3.114366000000000194e-05
-3.109895999999999879e-05
-3.106170000000000112e-05
-3.102444999999999736e-05
-3.097975000000000099e-05
-3.094249000000000332e-05
-3.089779000000000017e-05
-3.085308999999999703e-05
-3.081582999999999935e-05
-3.077113000000000298e-05
-3.072642999999999983e-05
-3.068917000000000216e-05
-3.065191999999999841e-05
-3.060722000000000204e-05
-3.056996999999999829e-05
-3.052526000000000122e-05
-3.048043999999999984e-05
-3.044318999999999948e-05
-3.040593999999999911e-05
-3.036122999999999866e-05
-3.032398000000000168e-05
-3.027927999999999853e-05
-3.023457000000000146e-05
-3.019732000000000110e-05
-3.015262000000000134e-05
-3.011536000000000028e-05
-3.007810999999999992e-05
-3.003341000000000016e-05
-2.999614999999999909e-05
-2.995889999999999873e-05
-2.992164999999999837e-05
-2.988440000000000139e-05
-2.983969000000000093e-05
-2.980244000000000057e-05
-2.976519000000000021e-05
-2.972792999999999915e-05
-2.969067999999999878e-05
-2.964597999999999902e-05
-2.960126999999999857e-05
-2.956402000000000159e-05
-2.951931999999999844e-05
-2.947461000000000137e-05
-2.943736000000000101e-05
-2.939266000000000125e-05
-2.934795000000000079e-05
-2.931070000000000043e-05
-2.926600000000000067e-05
-2.922129000000000021e-05
-2.918403999999999985e-05
-2.913934000000000009e-05
-2.910207999999999903e-05
-2.906482999999999867e-05
-2.901267999999999951e-05
-2.897541999999999845e-05
-2.893817000000000148e-05
-2.888601999999999893e-05
-2.884876000000000126e-05
-2.880406000000000150e-05
-2.875935999999999835e-05
-2.871465000000000128e-05
-2.866995000000000153e-05
-2.862524999999999838e-05
-2.857308999999999853e-05
-2.852838999999999877e-05
-2.848368999999999901e-05
-2.843897999999999855e-05
-2.839427999999999879e-05
-2.834957999999999903e-05
-2.831232000000000136e-05
-2.826016999999999882e-05
-2.822291999999999846e-05
-2.817821000000000139e-05
-2.813351000000000163e-05
-2.808880999999999848e-05
-2.805155000000000081e-05
-2.800685000000000105e-05
-2.796960000000000068e-05
-2.793233999999999962e-05
-2.788763999999999986e-05
-2.785038999999999950e-05
-2.780567999999999904e-05
-2.776842999999999868e-05
-2.773117999999999832e-05
-2.768647000000000125e-05
-2.764922000000000088e-05
-2.761197000000000052e-05
-2.757472000000000016e-05
-2.753000999999999970e-05
-2.749275999999999933e-05
-2.744805999999999958e-05
-2.741825000000000130e-05
-2.737355000000000154e-05
-2.733630000000000117e-05
-2.729904000000000011e-05
-2.725434000000000035e-05
-2.721708999999999999e-05
-2.717982999999999893e-05
-2.714257999999999856e-05
-2.710533000000000159e-05
-2.706062999999999844e-05
-2.703082000000000016e-05
-2.698612000000000040e-05
-2.694887000000000004e-05
-2.691160999999999898e-05
-2.686690999999999922e-05
-2.683711000000000164e-05
-2.679240000000000118e-05
-2.675515000000000082e-05
-2.672534999999999985e-05
-2.668065000000000009e-05
-2.664338999999999903e-05
-2.660613999999999866e-05
-2.656143999999999891e-05
-2.653163000000000063e-05
-2.648693000000000087e-05
-2.644968000000000050e-05
-2.641241999999999944e-05
-2.636771999999999968e-05
-2.633046999999999932e-05
-2.628575999999999886e-05
-2.624105999999999910e-05
-2.620380999999999874e-05
-2.615910000000000167e-05
-2.611439999999999852e-05
-2.607715000000000155e-05
-2.603244999999999840e-05
-2.598774000000000133e-05
-2.594304000000000157e-05
-2.590579000000000121e-05
-2.585363000000000136e-05
-2.581638000000000099e-05
-2.577913000000000063e-05
-2.573442000000000017e-05
-2.568972000000000042e-05
-2.565247000000000005e-05
-2.560775999999999959e-05
-2.557050999999999923e-05
-2.552580999999999947e-05
-2.548854999999999841e-05
-2.545130000000000143e-05
-2.539914999999999889e-05
-2.536189000000000122e-05
-2.532464000000000085e-05
-2.527994000000000110e-05
-2.524268000000000003e-05
-2.519798000000000027e-05
-2.515328000000000052e-05
-2.511601999999999945e-05
-2.507876999999999909e-05
-2.502661999999999994e-05
-2.498935999999999887e-05
-2.494465999999999912e-05
-2.489995999999999936e-05
-2.485524999999999890e-05
-2.481799999999999854e-05
-2.476584999999999938e-05
-2.472113999999999892e-05
-2.468388999999999856e-05
-2.463918999999999880e-05
-2.459447999999999835e-05
-2.454977999999999859e-05
-2.451253000000000161e-05
-2.446782000000000115e-05
-2.443057000000000079e-05
-2.438587000000000103e-05
-2.434860999999999997e-05
-2.431135999999999961e-05
-2.426665999999999985e-05
-2.422939999999999878e-05
-2.419960000000000120e-05
-2.415490000000000145e-05
-2.411765000000000108e-05
-2.408039000000000002e-05
-2.404313999999999966e-05
-2.400588999999999929e-05
-2.397608000000000101e-05
-2.393883000000000065e-05
-2.390158000000000029e-05
-2.387177999999999932e-05
-2.383452000000000164e-05
-2.379727000000000128e-05
-2.376002000000000092e-05
-2.372277000000000055e-05
-2.369295999999999889e-05
-2.365570999999999852e-05
-2.361846000000000155e-05
-2.358120000000000048e-05
-2.354395000000000012e-05
-2.350669999999999976e-05
-2.346944999999999939e-05
-2.343964000000000111e-05
-2.339494000000000136e-05
-2.336514000000000039e-05
-2.332787999999999932e-05
-2.329807999999999836e-05
-2.325337999999999860e-05
-2.322358000000000102e-05
-2.318631999999999996e-05
-2.315651999999999899e-05
-2.311926999999999862e-05
-2.308202000000000165e-05
-2.305220999999999998e-05
-2.301495999999999962e-05
-2.298515999999999865e-05
-2.294790000000000097e-05
-2.291810000000000001e-05
-2.288084999999999964e-05
-2.285104999999999867e-05
-2.281379000000000100e-05
-2.279143999999999943e-05
-2.275418999999999906e-05
-2.273184000000000088e-05
-2.269457999999999981e-05
-2.267223000000000163e-05
-2.263498000000000127e-05
-2.261262999999999969e-05
-2.258282999999999872e-05
-2.255302000000000045e-05
-2.252321999999999948e-05
-2.249341999999999851e-05
-2.246362000000000093e-05
-2.243380999999999926e-05
-2.241146000000000108e-05
-2.237421000000000071e-05
-2.235185999999999914e-05
-2.231460999999999878e-05
-2.228480000000000050e-05
-2.225499999999999953e-05
-2.222519999999999856e-05
-2.218795000000000158e-05
-2.216558999999999931e-05
-2.213578999999999834e-05
-2.210599000000000076e-05
-2.206874000000000040e-05
-2.204638000000000151e-05
-2.200913000000000115e-05
-2.197933000000000018e-05
-2.194952999999999921e-05
-2.191972000000000094e-05
-2.188991999999999997e-05
-2.185266999999999960e-05
-2.183032000000000142e-05
-2.179306000000000036e-05
-2.176325999999999939e-05
-2.173345999999999842e-05
-2.171111000000000023e-05
-2.167385999999999987e-05
-2.165150000000000099e-05
-2.162170000000000002e-05
-2.159934999999999844e-05
-2.156210000000000147e-05
-2.153973999999999920e-05
-2.150994000000000162e-05
-2.148014000000000065e-05
-2.145033999999999968e-05
-2.142053999999999871e-05
-2.139817999999999983e-05
-2.136092999999999946e-05
-2.133858000000000128e-05
-2.130133000000000091e-05
-2.127896999999999864e-05
-2.124917000000000106e-05
-2.121937000000000009e-05
-2.118956999999999913e-05
-2.115977000000000155e-05
-2.112995999999999988e-05
-2.109270999999999951e-05
-2.107036000000000133e-05
-2.103311000000000097e-05
-2.101074999999999869e-05
-2.097349999999999833e-05
-2.094370000000000075e-05
-2.090645000000000039e-05
-2.087663999999999872e-05
-2.083938999999999835e-05
-2.080959000000000077e-05
-2.077978999999999981e-05
-2.073507999999999935e-05
-2.070527999999999838e-05
-2.066057999999999862e-05
-2.063077000000000034e-05
-2.059351999999999998e-05
-2.055626999999999962e-05
-2.052646999999999865e-05
-2.049666000000000037e-05
-2.045941000000000000e-05
-2.042960999999999904e-05
-2.039981000000000146e-05
-2.036255000000000039e-05
-2.033274999999999942e-05
-2.029549999999999906e-05
-2.027315000000000088e-05
-2.023588999999999981e-05
-2.020608999999999884e-05
-2.016883999999999848e-05
-2.013904000000000090e-05
-2.010177999999999984e-05
-2.007197999999999887e-05
-2.002727999999999911e-05
-1.999747000000000083e-05
-1.995277000000000107e-05
-1.992297000000000011e-05
-1.988571999999999974e-05
-1.984100999999999928e-05
-1.980375999999999892e-05
-1.976650999999999856e-05
-1.972925000000000088e-05
-1.968455000000000112e-05
-1.963985000000000137e-05
-1.960259000000000030e-05
-1.956533999999999994e-05
-1.952064000000000018e-05
-1.948337999999999912e-05
-1.944612999999999875e-05
-1.940142999999999900e-05
-1.936417999999999863e-05
-1.931947000000000156e-05
-1.928967000000000060e-05
-1.925242000000000023e-05
-1.921515999999999917e-05
-1.917790999999999881e-05
-1.914065999999999844e-05
-1.910341000000000147e-05
-1.906615000000000040e-05
-1.902890000000000004e-05
-1.899164999999999968e-05
-1.895438999999999861e-05
-1.891714000000000164e-05
-1.887989000000000128e-05
-1.884263000000000021e-05
-1.880537999999999985e-05
-1.876812999999999949e-05
-1.873087999999999912e-05
-1.868616999999999867e-05
-1.864892000000000169e-05
-1.861912000000000072e-05
-1.857441000000000026e-05
-1.853715999999999990e-05
-1.849990999999999954e-05
-1.846265999999999917e-05
-1.842540000000000150e-05
-1.838815000000000114e-05
-1.835090000000000077e-05
-1.831363999999999971e-05
-1.828383999999999874e-05
-1.824658999999999838e-05
-1.821679000000000080e-05
-1.817952999999999973e-05
-1.814972999999999877e-05
-1.811993000000000119e-05
-1.807522000000000073e-05
-1.804541999999999976e-05
-1.800816999999999940e-05
-1.797836999999999843e-05
-1.793366000000000136e-05
-1.790386000000000039e-05
-1.786661000000000003e-05
-1.782935999999999966e-05
-1.779209999999999860e-05
-1.774739999999999884e-05
-1.771760000000000126e-05
-1.768034000000000020e-05
-1.764308999999999984e-05
-1.760583999999999947e-05
-1.756112999999999901e-05
-1.753133000000000143e-05
-1.748663000000000168e-05
-1.744938000000000131e-05
-1.741212000000000025e-05
-1.735997000000000110e-05
-1.732272000000000073e-05
-1.727801000000000028e-05
-1.723331000000000052e-05
-1.718861000000000076e-05
-1.715134999999999970e-05
-1.710664999999999994e-05
-1.706195000000000018e-05
-1.701723999999999972e-05
-1.697253999999999996e-05
-1.692784000000000020e-05
-1.688312999999999975e-05
-1.684587999999999938e-05
-1.679373000000000023e-05
-1.675646999999999917e-05
-1.671921999999999880e-05
-1.666706999999999965e-05
-1.662980999999999859e-05
-1.659256000000000161e-05
-1.654040999999999907e-05
-1.650315000000000140e-05
-1.645845000000000164e-05
-1.640628999999999840e-05
-1.636904000000000142e-05
-1.632434000000000166e-05
-1.627217999999999842e-05
-1.622002999999999927e-05
-1.617532999999999951e-05
-1.613061999999999905e-05
-1.608591999999999929e-05
-1.602632000000000075e-05
-1.598161000000000029e-05
-1.593691000000000053e-05
-1.589220000000000007e-05
-1.584005000000000092e-05
-1.578789999999999838e-05
-1.573573999999999852e-05
-1.569103999999999876e-05
-1.564633999999999901e-05
-1.558672999999999976e-05
-1.554203000000000000e-05
-1.548987000000000015e-05
-1.544517000000000039e-05
-1.539302000000000124e-05
-1.534086000000000138e-05
-1.529616000000000162e-05
-1.524394999999999997e-05
-1.519923999999999951e-05
-1.514709000000000036e-05
-1.509493000000000050e-05
-1.505023000000000074e-05
-1.499807999999999990e-05
-1.493847000000000065e-05
-1.487887000000000041e-05
-1.481925999999999946e-05
-1.474476000000000043e-05
-1.467025000000000070e-05
-1.458830000000000058e-05
-1.450633999999999976e-05
-1.441692999999999954e-05
-1.432006999999999993e-05
-1.421576999999999993e-05
-1.411145999999999923e-05
-1.399970000000000083e-05
-1.388048999999999964e-05
-1.376872999999999955e-05
-1.364952000000000006e-05
-1.351541000000000008e-05
-1.338874999999999950e-05
-1.325463999999999953e-05
-1.312052999999999955e-05
-1.298641999999999958e-05
-1.285976000000000069e-05
-1.271819999999999963e-05
-1.257664000000000026e-05
-1.243507999999999919e-05
-1.229351999999999982e-05
-1.215940999999999985e-05
-1.201039000000000039e-05
-1.186882999999999932e-05
-1.172726999999999995e-05
-1.158571000000000058e-05
-1.144414999999999952e-05
-1.129514000000000075e-05
-1.115357999999999969e-05
-1.101202000000000032e-05
-1.087045999999999926e-05
-1.072143999999999979e-05
-1.057988000000000042e-05
-1.043831999999999936e-05
-1.028931000000000059e-05
-1.014030000000000014e-05
-1.000619000000000016e-05
-9.857176000000000439e-06
-9.708165000000000587e-06
-9.566604000000000131e-06
-9.425042999999999675e-06
-9.283481999999999219e-06
-9.141921000000000457e-06
-9.000360000000000001e-06
-8.866249000000000634e-06
-8.732139000000000659e-06
-8.598027999999999598e-06
-8.463917999999999624e-06
-8.337258000000000738e-06
-8.210598000000000158e-06
-8.091389000000000060e-06
-7.972179000000000570e-06
-7.845519999999999382e-06
-7.726309999999999892e-06
-7.607071999999999628e-06
-7.480411999999999896e-06
-7.368653000000000040e-06
-7.256895000000000423e-06
-7.152585999999999962e-06
-7.040828000000000345e-06
-6.936520000000000123e-06
-6.839662000000000144e-06
-6.735353999999999922e-06
-6.638495999999999942e-06
-6.534187999999999721e-06
-6.437330999999999980e-06
-6.340473000000000001e-06
-6.243616000000000260e-06
-6.146758000000000281e-06
-6.049900999999999693e-06
-5.960494000000000195e-06
-5.856184999999999734e-06
-5.759327999999999994e-06
-5.655019999999999772e-06
-5.550712000000000397e-06
-5.453854000000000418e-06
-5.342094999999999715e-06
-5.237787000000000340e-06
-5.133479000000000118e-06
-5.014270000000000020e-06
-4.895060999999999922e-06
-4.783302000000000066e-06
-4.656642000000000333e-06
-4.537433000000000235e-06
-4.403322000000000021e-06
-4.276662000000000288e-06
-4.135100999999999832e-06
-3.993540000000000223e-06
-3.859430000000000248e-06
-3.710404000000000195e-06
-3.553941000000000047e-06
-3.412380000000000014e-06
-3.248467999999999863e-06
-3.092005000000000138e-06
-2.928092999999999987e-06
-2.764180000000000020e-06
-2.600267000000000053e-06
-2.421453000000000209e-06
-2.242638999999999942e-06
-2.063825000000000099e-06
-1.877554000000000032e-06
-1.691288999999999919e-06
-1.497573999999999987e-06
-1.296407999999999997e-06
-1.087791999999999977e-06
-8.866226999999999815e-07
-6.705558999999999939e-07
-4.470367000000000050e-07
-2.309688999999999898e-07
0.000000000000000000e+00
2.235183000000000064e-07
4.619377999999999795e-07
7.003581999999999880e-07
9.462274000000000149e-07
1.199551000000000045e-06
1.445420000000000088e-06
1.706190000000000007e-06
1.959516999999999877e-06
2.220287999999999824e-06
2.488508000000000197e-06
2.756728999999999962e-06
3.032401000000000208e-06
3.300621999999999974e-06
3.576292999999999981e-06
3.859430000000000248e-06
4.135100999999999832e-06
4.418222999999999897e-06
4.693894999999999720e-06
4.984468000000000267e-06
5.267590000000000332e-06
5.550712000000000397e-06
5.833833999999999616e-06
6.124405999999999923e-06
6.407527999999999988e-06
6.698100999999999688e-06
6.981222999999999753e-06
7.271796000000000299e-06
7.554918000000000365e-06
7.838069000000000595e-06
8.113739999999999332e-06
8.396862999999999636e-06
8.672534000000000067e-06
8.940754999999999409e-06
9.201524999999999963e-06
9.469745999999999305e-06
9.730515999999999859e-06
9.983835999999999324e-06
1.023715999999999975e-05
1.047556999999999972e-05
1.071399000000000040e-05
1.095240999999999938e-05
1.118338000000000066e-05
1.140689999999999916e-05
1.163041000000000034e-05
1.184647999999999944e-05
1.206255000000000024e-05
1.227861999999999934e-05
1.247978000000000065e-05
1.268840000000000035e-05
1.289700999999999936e-05
1.309817999999999967e-05
1.329933999999999929e-05
1.350050999999999960e-05
1.370167999999999991e-05
1.390283999999999952e-05
1.411145999999999923e-05
1.431262000000000053e-05
1.450633999999999976e-05
1.471495000000000046e-05
1.493101999999999956e-05
1.513218999999999987e-05
1.534831000000000078e-05
1.557183000000000097e-05
1.579535000000000116e-05
1.601886000000000065e-05
1.625727999999999963e-05
1.649569999999999861e-05
1.673412000000000098e-05
1.698743999999999875e-05
1.724075999999999991e-05
1.750153000000000047e-05
1.776975000000000042e-05
1.804541999999999976e-05
1.832853999999999850e-05
1.861912000000000072e-05
1.890223999999999946e-05
1.920026000000000038e-05
1.950574000000000139e-05
1.981866000000000110e-05
2.013159000000000151e-05
2.045196000000000061e-05
2.077234000000000041e-05
2.110015999999999891e-05
2.143544000000000089e-05
2.177816000000000157e-05
2.212088999999999955e-05
2.247107000000000032e-05
2.282124000000000039e-05
2.317887000000000056e-05
2.353650000000000073e-05
2.389413000000000089e-05
2.425921000000000045e-05
2.463173999999999941e-05
2.500426000000000105e-05
2.537679000000000001e-05
2.575676999999999836e-05
2.613675000000000010e-05
2.652418000000000123e-05
2.691160999999999898e-05
2.729159000000000072e-05
2.768647000000000125e-05
2.808880999999999848e-05
2.848368999999999901e-05
2.887856999999999954e-05
2.928089999999999946e-05
2.969067999999999878e-05
3.008555999999999931e-05
3.049533999999999863e-05
3.090523999999999957e-05
3.131502000000000227e-05
3.172480999999999890e-05
3.212714000000000222e-05
3.253691999999999815e-05
3.293925000000000146e-05
3.334902999999999739e-05
3.375136000000000070e-05
3.416113999999999663e-05
3.456348000000000065e-05
3.495835999999999779e-05
3.536069000000000110e-05
3.577046999999999703e-05
3.616535000000000095e-05
3.657512999999999688e-05
3.697746000000000019e-05
3.737979999999999743e-05
3.778958000000000013e-05
3.819190999999999667e-05
3.859423999999999998e-05
3.900402000000000269e-05
3.939889999999999983e-05
3.980868000000000254e-05
4.021101999999999977e-05
4.062080000000000248e-05
4.103057999999999841e-05
4.143291000000000172e-05
4.183523999999999826e-05
4.223757000000000157e-05
4.263990999999999880e-05
4.304224000000000212e-05
4.344456999999999865e-05
4.386180000000000076e-05
4.427157999999999669e-05
4.468135999999999939e-05
4.509115000000000280e-05
4.550837999999999813e-05
4.591816000000000083e-05
4.632793999999999676e-05
4.673771999999999947e-05
4.711769999999999782e-05
4.749768000000000295e-05
4.785531000000000311e-05
4.819803999999999771e-05
4.851096000000000081e-05
4.880153999999999964e-05
4.906975999999999959e-05
4.931563000000000136e-05
4.952423999999999867e-05
4.972540999999999729e-05
4.990421999999999702e-05
5.006067999999999857e-05
5.020224000000000133e-05
5.032889999999999852e-05
5.044065999999999692e-05
5.053752000000000331e-05
5.061947999999999735e-05
5.069397999999999808e-05
5.075359000000000072e-05
5.080574000000000326e-05
5.085045000000000033e-05
5.088024999999999791e-05
5.091005000000000226e-05
5.092495000000000105e-05
5.094729999999999924e-05
5.096964999999999742e-05
5.098455999999999691e-05
5.099201000000000308e-05
5.099946000000000248e-05
5.101436000000000127e-05
5.102181000000000066e-05
5.102926000000000006e-05
5.103670999999999945e-05
5.104415999999999885e-05
5.104415999999999885e-05
5.104415999999999885e-05
5.105160999999999824e-05
5.105160999999999824e-05
5.105905999999999764e-05
5.105905999999999764e-05
5.105905999999999764e-05
5.105905999999999764e-05
5.106650999999999704e-05
5.106650999999999704e-05
5.107396000000000321e-05
5.108141000000000260e-05
5.108886000000000200e-05
5.108886000000000200e-05
5.109631000000000139e-05
5.109631000000000139e-05
5.109631000000000139e-05
5.110377000000000149e-05
5.110377000000000149e-05
5.110377000000000149e-05
5.111122000000000088e-05
5.111122000000000088e-05
5.111122000000000088e-05
5.111122000000000088e-05
5.110377000000000149e-05
5.110377000000000149e-05
5.109631000000000139e-05
5.109631000000000139e-05
5.109631000000000139e-05
5.109631000000000139e-05
5.109631000000000139e-05
5.109631000000000139e-05
5.109631000000000139e-05
5.109631000000000139e-05
5.109631000000000139e-05
5.109631000000000139e-05
5.109631000000000139e-05
5.110377000000000149e-05
5.110377000000000149e-05
5.111122000000000088e-05
5.111122000000000088e-05
5.111122000000000088e-05
5.111122000000000088e-05
5.111122000000000088e-05
5.111122000000000088e-05
5.110377000000000149e-05
5.109631000000000139e-05
5.108886000000000200e-05
5.108886000000000200e-05
5.108886000000000200e-05
5.108886000000000200e-05
5.109631000000000139e-05
5.109631000000000139e-05
5.110377000000000149e-05
5.111122000000000088e-05
5.111867000000000028e-05
5.112611999999999967e-05
5.113356999999999907e-05
5.114101999999999846e-05
5.114101999999999846e-05
5.114101999999999846e-05
5.114101999999999846e-05
5.114101999999999846e-05
5.114846999999999786e-05
5.114846999999999786e-05
5.116336999999999665e-05
5.117082000000000282e-05
5.117827000000000221e-05
5.119317000000000100e-05
5.120806999999999979e-05
5.122296999999999858e-05
5.123042999999999868e-05
5.123042999999999868e-05
5.123042999999999868e-05
5.123042999999999868e-05
5.122296999999999858e-05
5.121551999999999919e-05
5.120806999999999979e-05
5.120062000000000040e-05
5.120806999999999979e-05
5.120806999999999979e-05
5.121551999999999919e-05
5.123042999999999868e-05
5.123787999999999807e-05
5.123787999999999807e-05
5.124532999999999747e-05
5.125277999999999686e-05
5.125277999999999686e-05
5.125277999999999686e-05
5.124532999999999747e-05
5.124532999999999747e-05
5.123787999999999807e-05
5.123787999999999807e-05
5.124532999999999747e-05
5.124532999999999747e-05
5.125277999999999686e-05
5.125277999999999686e-05
5.125277999999999686e-05
5.125277999999999686e-05
5.124532999999999747e-05
5.124532999999999747e-05
5.124532999999999747e-05
5.124532999999999747e-05
5.124532999999999747e-05
5.124532999999999747e-05
5.124532999999999747e-05
5.125277999999999686e-05
5.124532999999999747e-05
5.123787999999999807e-05
5.123787999999999807e-05
5.123042999999999868e-05
5.121551999999999919e-05
5.120806999999999979e-05
5.120062000000000040e-05
5.119317000000000100e-05
5.118572000000000161e-05
5.117827000000000221e-05
5.117082000000000282e-05
5.117082000000000282e-05
5.116336999999999665e-05
5.115591999999999725e-05
5.114101999999999846e-05
5.113356999999999907e-05
5.113356999999999907e-05
5.112611999999999967e-05
5.112611999999999967e-05
5.112611999999999967e-05
5.111867000000000028e-05
5.111122000000000088e-05
5.111122000000000088e-05
5.111122000000000088e-05
5.110377000000000149e-05
5.109631000000000139e-05
5.109631000000000139e-05
5.109631000000000139e-05
5.110377000000000149e-05
5.111122000000000088e-05
5.111122000000000088e-05
5.111867000000000028e-05
5.111867000000000028e-05
5.112611999999999967e-05
5.112611999999999967e-05
5.113356999999999907e-05
5.114101999999999846e-05
5.114846999999999786e-05
5.115591999999999725e-05
5.116336999999999665e-05
5.117082000000000282e-05
5.117082000000000282e-05
5.117082000000000282e-05
5.117082000000000282e-05
5.117082000000000282e-05
5.117082000000000282e-05
5.117082000000000282e-05
5.117082000000000282e-05
5.117082000000000282e-05
5.116336999999999665e-05
5.116336999999999665e-05
5.115591999999999725e-05
5.114846999999999786e-05
5.114101999999999846e-05
5.114101999999999846e-05
5.113356999999999907e-05
5.113356999999999907e-05
5.114101999999999846e-05
5.114846999999999786e-05
5.115591999999999725e-05
5.115591999999999725e-05
5.116336999999999665e-05
5.116336999999999665e-05
5.115591999999999725e-05
5.115591999999999725e-05
5.114846999999999786e-05
5.114101999999999846e-05
5.112611999999999967e-05
5.111122000000000088e-05
5.109631000000000139e-05
5.108886000000000200e-05
5.107396000000000321e-05
5.105905999999999764e-05
5.105160999999999824e-05
5.104415999999999885e-05
5.102926000000000006e-05
5.101436000000000127e-05
5.100691000000000187e-05
5.099201000000000308e-05
5.098455999999999691e-05
5.098455999999999691e-05
5.098455999999999691e-05
5.098455999999999691e-05
5.098455999999999691e-05
5.098455999999999691e-05
5.098455999999999691e-05
5.098455999999999691e-05
5.098455999999999691e-05
5.099201000000000308e-05
5.099946000000000248e-05
5.100691000000000187e-05
5.101436000000000127e-05
5.102181000000000066e-05
5.102181000000000066e-05
5.102181000000000066e-05
5.102181000000000066e-05
5.102181000000000066e-05
5.102926000000000006e-05
5.103670999999999945e-05
5.103670999999999945e-05
5.104415999999999885e-05
5.104415999999999885e-05
5.104415999999999885e-05
5.104415999999999885e-05
5.104415999999999885e-05
5.105160999999999824e-05
5.105160999999999824e-05
5.105905999999999764e-05
5.105905999999999764e-05
5.106650999999999704e-05
5.106650999999999704e-05
5.107396000000000321e-05
5.108141000000000260e-05
5.108141000000000260e-05
5.108141000000000260e-05
5.108886000000000200e-05
5.108886000000000200e-05
5.109631000000000139e-05
5.111122000000000088e-05
5.111122000000000088e-05
5.112611999999999967e-05
5.113356999999999907e-05
5.114101999999999846e-05
5.114846999999999786e-05
5.114846999999999786e-05
5.115591999999999725e-05
5.116336999999999665e-05
5.117082000000000282e-05
5.117082000000000282e-05
5.118572000000000161e-05
5.120062000000000040e-05
5.120806999999999979e-05
5.121551999999999919e-05
5.122296999999999858e-05
5.123042999999999868e-05
5.123787999999999807e-05
5.123787999999999807e-05
5.123787999999999807e-05
5.123787999999999807e-05
5.123787999999999807e-05
5.123787999999999807e-05
5.123787999999999807e-05
5.123042999999999868e-05
5.122296999999999858e-05
5.120806999999999979e-05
5.119317000000000100e-05
5.118572000000000161e-05
5.117082000000000282e-05
5.117082000000000282e-05
5.117082000000000282e-05
5.117082000000000282e-05
5.117827000000000221e-05
5.118572000000000161e-05
5.119317000000000100e-05
5.119317000000000100e-05
5.120062000000000040e-05
5.120062000000000040e-05
5.120062000000000040e-05
5.120062000000000040e-05
5.120062000000000040e-05
5.120062000000000040e-05
5.120806999999999979e-05
5.120806999999999979e-05
5.120806999999999979e-05
5.120062000000000040e-05
5.120062000000000040e-05
5.118572000000000161e-05
5.117082000000000282e-05
5.117082000000000282e-05
5.115591999999999725e-05
5.114846999999999786e-05
5.114101999999999846e-05
5.114101999999999846e-05
5.114101999999999846e-05
5.114101999999999846e-05
5.113356999999999907e-05
5.112611999999999967e-05
5.112611999999999967e-05
5.111867000000000028e-05
5.111122000000000088e-05
5.111122000000000088e-05
5.111122000000000088e-05
5.111122000000000088e-05
5.111122000000000088e-05
5.111122000000000088e-05
5.111122000000000088e-05
5.111122000000000088e-05
5.111122000000000088e-05
5.111122000000000088e-05
5.111122000000000088e-05
5.110377000000000149e-05
5.109631000000000139e-05
5.109631000000000139e-05
5.108886000000000200e-05
5.107396000000000321e-05
5.106650999999999704e-05
5.105160999999999824e-05
5.104415999999999885e-05
5.104415999999999885e-05
5.104415999999999885e-05
5.104415999999999885e-05
5.104415999999999885e-05
5.104415999999999885e-05
5.105160999999999824e-05
5.105160999999999824e-05
5.105160999999999824e-05
5.105905999999999764e-05
5.105905999999999764e-05
5.106650999999999704e-05
5.107396000000000321e-05
5.107396000000000321e-05
5.108141000000000260e-05
5.108886000000000200e-05
5.108886000000000200e-05
5.109631000000000139e-05
5.111122000000000088e-05
5.111122000000000088e-05
5.111867000000000028e-05
5.112611999999999967e-05
5.113356999999999907e-05
5.114101999999999846e-05
5.115591999999999725e-05
5.116336999999999665e-05
5.117082000000000282e-05
5.117827000000000221e-05
5.118572000000000161e-05
5.119317000000000100e-05
5.120806999999999979e-05
5.121551999999999919e-05
5.123042999999999868e-05
5.123787999999999807e-05
5.123787999999999807e-05
5.125277999999999686e-05
5.126023000000000303e-05
5.126768000000000243e-05
5.126768000000000243e-05
5.126768000000000243e-05
5.126768000000000243e-05
5.126023000000000303e-05
5.125277999999999686e-05
5.124532999999999747e-05
5.123787999999999807e-05
5.123042999999999868e-05
5.122296999999999858e-05
5.120806999999999979e-05
5.120062000000000040e-05
5.119317000000000100e-05
5.118572000000000161e-05
5.117827000000000221e-05
5.117082000000000282e-05
5.117082000000000282e-05
5.117082000000000282e-05
5.117082000000000282e-05
5.117827000000000221e-05
5.118572000000000161e-05
5.119317000000000100e-05
5.120062000000000040e-05
5.120806999999999979e-05
5.120806999999999979e-05
5.121551999999999919e-05
5.122296999999999858e-05
5.122296999999999858e-05
5.123042999999999868e-05
5.123042999999999868e-05
5.123042999999999868e-05
5.123787999999999807e-05
5.123787999999999807e-05
5.123787999999999807e-05
5.123787999999999807e-05
5.123787999999999807e-05
5.123787999999999807e-05
5.123787999999999807e-05
5.123787999999999807e-05
5.123787999999999807e-05
5.123787999999999807e-05
5.123787999999999807e-05
5.123787999999999807e-05
5.123042999999999868e-05
5.123042999999999868e-05
5.123042999999999868e-05
5.123042999999999868e-05
5.123042999999999868e-05
5.123042999999999868e-05
5.123042999999999868e-05
5.123042999999999868e-05
5.123787999999999807e-05
5.123787999999999807e-05
5.123787999999999807e-05
5.124532999999999747e-05
5.124532999999999747e-05
5.125277999999999686e-05
5.125277999999999686e-05
5.124532999999999747e-05
5.124532999999999747e-05
5.123787999999999807e-05
5.123787999999999807e-05
5.123787999999999807e-05
5.123787999999999807e-05
5.123787999999999807e-05
5.123787999999999807e-05
5.124532999999999747e-05
5.125277999999999686e-05
5.126768000000000243e-05
5.127513000000000182e-05
5.128258000000000122e-05
5.129003000000000061e-05
5.129748000000000001e-05
5.129748000000000001e-05
5.129748000000000001e-05
5.129748000000000001e-05
5.130492999999999940e-05
5.131237999999999880e-05
5.131982999999999819e-05
5.132727999999999759e-05
5.134218000000000316e-05
5.134963000000000255e-05
5.135708000000000195e-05
5.136454000000000204e-05
5.136454000000000204e-05
5.137199000000000144e-05
5.138689000000000023e-05
5.139433999999999962e-05
5.139433999999999962e-05
5.139433999999999962e-05
5.140178999999999902e-05
5.140178999999999902e-05
5.140923999999999841e-05
5.140923999999999841e-05
5.140923999999999841e-05
5.140178999999999902e-05
5.139433999999999962e-05
5.138689000000000023e-05
5.137199000000000144e-05
5.136454000000000204e-05
5.135708000000000195e-05
5.134963000000000255e-05
5.134218000000000316e-05
5.132727999999999759e-05
5.132727999999999759e-05
5.131982999999999819e-05
5.131982999999999819e-05
5.131982999999999819e-05
5.131982999999999819e-05
5.131982999999999819e-05
5.131982999999999819e-05
5.132727999999999759e-05
5.133472999999999698e-05
5.134218000000000316e-05
5.134963000000000255e-05
5.136454000000000204e-05
5.136454000000000204e-05
5.137199000000000144e-05
5.138689000000000023e-05
5.139433999999999962e-05
5.140178999999999902e-05
5.140178999999999902e-05
5.140178999999999902e-05
5.140923999999999841e-05
5.140923999999999841e-05
5.140923999999999841e-05
5.140923999999999841e-05
5.141668999999999781e-05
5.141668999999999781e-05
5.142413999999999720e-05
5.142413999999999720e-05
5.142413999999999720e-05
5.143159000000000337e-05
5.143904000000000277e-05
5.143904000000000277e-05
5.144649000000000216e-05
5.145394000000000156e-05
5.146139000000000095e-05
5.146884000000000035e-05
5.146884000000000035e-05
5.147628999999999974e-05
5.148373999999999914e-05
5.148373999999999914e-05
5.148373999999999914e-05
5.149119999999999923e-05
5.149119999999999923e-05
5.149864999999999863e-05
5.150609999999999802e-05
5.151354999999999742e-05
5.152099999999999681e-05
5.152845000000000298e-05
5.153590000000000238e-05
5.153590000000000238e-05
5.154335000000000177e-05
5.155080000000000117e-05
5.155080000000000117e-05
5.155080000000000117e-05
5.155080000000000117e-05
5.155080000000000117e-05
5.154335000000000177e-05
5.153590000000000238e-05
5.152099999999999681e-05
5.150609999999999802e-05
5.148373999999999914e-05
5.144649000000000216e-05
5.140923999999999841e-05
5.136454000000000204e-05
5.132727999999999759e-05
5.129003000000000061e-05
5.125277999999999686e-05
5.122296999999999858e-05
5.120062000000000040e-05
5.117827000000000221e-05
5.117082000000000282e-05
5.116336999999999665e-05
5.115591999999999725e-05
5.115591999999999725e-05
5.116336999999999665e-05
5.117827000000000221e-05
5.120062000000000040e-05
5.123042999999999868e-05
5.126023000000000303e-05
5.129748000000000001e-05
5.134218000000000316e-05
5.137199000000000144e-05
5.140923999999999841e-05
5.143159000000000337e-05
5.146139000000000095e-05
5.149119999999999923e-05
5.150609999999999802e-05
5.153590000000000238e-05
5.155080000000000117e-05
5.158059999999999875e-05
5.159549999999999754e-05
5.161786000000000320e-05
5.161786000000000320e-05
5.162531000000000259e-05
5.162531000000000259e-05
5.162531000000000259e-05
5.162531000000000259e-05
5.162531000000000259e-05
5.162531000000000259e-05
5.162531000000000259e-05
5.161786000000000320e-05
5.161786000000000320e-05
5.161040000000000311e-05
5.160294999999999693e-05
5.158804999999999814e-05
5.158059999999999875e-05
5.156569999999999996e-05
5.155080000000000117e-05
5.155080000000000117e-05
5.153590000000000238e-05
5.152099999999999681e-05
5.151354999999999742e-05
5.150609999999999802e-05
