2.112437999999999916e-05
2.199237000000000099e-05
2.293672999999999884e-05
2.392578999999999984e-05
2.492976000000000033e-05
2.591882000000000132e-05
2.688181000000000140e-05
2.780567999999999904e-05
2.869416000000000108e-05
2.956029000000000154e-05
3.041524999999999988e-05
3.125728000000000171e-05
3.209361000000000120e-05
3.290199999999999771e-05
3.367313000000000332e-05
3.438838999999999687e-05
3.503285999999999851e-05
3.559351999999999866e-05
3.606849000000000134e-05
3.644846999999999969e-05
3.673718000000000323e-05
3.693649000000000048e-05
3.704078999999999879e-05
3.705942000000000101e-05
3.699609000000000242e-05
3.686756999999999708e-05
3.671482999999999827e-05
3.658258000000000305e-05
3.650808000000000232e-05
3.650808000000000232e-05
3.659189999999999774e-05
3.675394999999999731e-05
3.699423000000000105e-05
3.730714999999999737e-05
3.768340999999999976e-05
3.811181999999999791e-05
3.857375000000000316e-05
3.905804000000000052e-05
3.955163999999999864e-05
4.005641999999999959e-05
4.057237000000000267e-05
4.110321999999999777e-05
4.165084000000000050e-05
4.222267000000000278e-05
4.282244000000000127e-05
4.346319000000000018e-05
4.414491999999999949e-05
4.487321999999999725e-05
4.564249000000000149e-05
4.645087999999999800e-05
4.729093000000000023e-05
4.814215999999999851e-05
4.898966000000000014e-05
4.981480999999999681e-05
5.060643999999999993e-05
5.135522000000000058e-05
5.203694999999999989e-05
5.264045000000000182e-05
5.315825999999999950e-05
5.360342999999999781e-05
5.398713999999999960e-05
5.432428000000000295e-05
5.460926000000000305e-05
5.460926000000000305e-05
5.460926000000000305e-05
5.460926000000000305e-05
5.460926000000000305e-05
5.460926000000000305e-05
5.460926000000000305e-05
5.460926000000000305e-05
5.460926000000000305e-05
5.460926000000000305e-05
5.460926000000000305e-05
5.460926000000000305e-05
5.460926000000000305e-05
5.460926000000000305e-05
5.460926000000000305e-05
5.460926000000000305e-05
5.460926000000000305e-05
5.460926000000000305e-05
5.460926000000000305e-05
5.460926000000000305e-05
5.460926000000000305e-05
5.460926000000000305e-05
5.460926000000000305e-05
5.460926000000000305e-05
5.460926000000000305e-05
5.460926000000000305e-05
5.460926000000000305e-05
5.460926000000000305e-05
5.460926000000000305e-05
5.460926000000000305e-05
5.460926000000000305e-05
5.460926000000000305e-05
5.460926000000000305e-05
5.460926000000000305e-05
5.460926000000000305e-05
5.460926000000000305e-05
5.460926000000000305e-05
5.460926000000000305e-05
5.460926000000000305e-05
5.460926000000000305e-05
5.460926000000000305e-05
5.460926000000000305e-05
5.460926000000000305e-05
5.460926000000000305e-05
5.460926000000000305e-05
5.460926000000000305e-05
5.460926000000000305e-05
5.460926000000000305e-05
5.460926000000000305e-05
5.460926000000000305e-05
5.460926000000000305e-05
5.460926000000000305e-05
5.460926000000000305e-05
5.460926000000000305e-05
5.460926000000000305e-05
5.460926000000000305e-05
5.460926000000000305e-05
5.460926000000000305e-05
5.460926000000000305e-05
5.460926000000000305e-05
5.460926000000000305e-05
5.460926000000000305e-05
3.392085999999999967e-05
6.787525000000000036e-05
6.787898000000000380e-05
6.786779999999999419e-05
6.787525000000000036e-05
6.791995999999999743e-05
2.720219000000000120e-05
6.815838000000000658e-05
6.833719000000000631e-05
6.860540999999999948e-05
6.893324000000000207e-05
6.938026999999999497e-05
6.988690999999999729e-05
7.054256000000000176e-05
7.125782000000000210e-05
7.206247999999999517e-05
7.286714000000000179e-05
7.367180999999999556e-05
7.450626999999999977e-05
7.528112999999999526e-05
7.584737999999999344e-05
7.602619000000000672e-05
7.560895999999999785e-05
7.450626999999999977e-05
7.268833000000000206e-05
7.021473999999999988e-05
6.714510000000000194e-05
6.362841999999999684e-05
5.981348999999999846e-05
5.579017999999999852e-05
5.167745999999999836e-05
4.759454000000000256e-05
4.363082999999999778e-05
3.984594000000000021e-05
3.629945999999999753e-05
3.299139999999999723e-05
2.995144999999999934e-05
2.720964000000000059e-05
2.470624000000000013e-05
2.253066999999999887e-05
2.056371999999999901e-05
1.883518000000000082e-05
1.734506999999999892e-05
1.603377000000000014e-05
1.493101999999999956e-05
1.400715000000000022e-05
1.323228999999999965e-05
1.266605000000000047e-05
1.221901000000000009e-05
1.192098999999999917e-05
1.174217000000000044e-05
1.168257000000000019e-05
1.168257000000000019e-05
1.174217000000000044e-05
1.183158000000000065e-05
1.198058999999999942e-05
1.215940999999999985e-05
1.236802000000000055e-05
1.263624000000000050e-05
1.290446000000000045e-05
1.320249000000000037e-05
1.353031000000000057e-05
1.385813999999999976e-05
1.421576999999999993e-05
1.457338999999999939e-05
1.496082000000000053e-05
1.531850999999999981e-05
1.567613999999999997e-05
1.597416000000000089e-05
1.627217999999999842e-05
1.657021000000000004e-05
1.683842999999999999e-05
1.710664999999999994e-05
1.737486999999999989e-05
1.761328999999999887e-05
1.788150999999999882e-05
1.811993000000000119e-05
1.835835000000000017e-05
1.859676999999999915e-05
1.883518000000000082e-05
1.907359999999999980e-05
1.931201999999999878e-05
1.955044000000000115e-05
1.978886000000000013e-05
2.005708000000000008e-05
2.029549999999999906e-05
2.053392000000000143e-05
2.077234000000000041e-05
2.104056000000000036e-05
2.127896999999999864e-05
2.154719999999999929e-05
2.175580999999999999e-05
2.199422999999999897e-05
2.220285000000000037e-05
2.241146000000000108e-05
2.259028000000000151e-05
2.279888999999999882e-05
2.294790000000000097e-05
2.312672000000000141e-05
2.330553000000000114e-05
2.351414999999999915e-05
2.372277000000000055e-05
2.396117999999999884e-05
2.416980000000000024e-05
2.440821999999999922e-05
2.464664000000000159e-05
2.485524999999999890e-05
2.512346999999999885e-05
2.536189000000000122e-05
2.565991999999999945e-05
2.595794000000000036e-05
2.625596000000000128e-05
2.661359000000000145e-05
2.697122000000000161e-05
2.732884999999999839e-05
2.768647000000000125e-05
2.804410000000000141e-05
2.840173000000000158e-05
2.875935999999999835e-05
2.908718000000000024e-05
2.941500999999999944e-05
2.974283000000000132e-05
3.007066000000000052e-05
3.045809000000000165e-05
3.084563999999999763e-05
3.129266999999999731e-05
3.173970999999999769e-05
3.224635000000000001e-05
3.275299000000000233e-05
3.325961999999999717e-05
3.379606999999999777e-05
3.433250999999999767e-05
3.492854999999999951e-05
3.552460000000000204e-05
3.615045000000000216e-05
3.683589999999999743e-05
3.755115999999999776e-05
3.829622000000000245e-05
3.904128000000000036e-05
3.975652999999999999e-05
4.047179000000000033e-05
4.118703999999999996e-05
4.187250000000000271e-05
4.255794999999999798e-05
4.321360000000000246e-05
4.380964999999999821e-05
4.440569000000000005e-05
4.494212999999999995e-05
4.544877000000000227e-05
4.586600999999999829e-05
4.625344000000000281e-05
4.658125999999999792e-05
4.687929000000000293e-05
4.714751000000000288e-05
4.741573000000000283e-05
4.765414999999999842e-05
4.789256000000000009e-05
4.813098000000000246e-05
4.833960000000000047e-05
4.857802000000000284e-05
4.881643999999999843e-05
4.908465999999999838e-05
4.938268000000000269e-05
4.971050999999999850e-05
5.006812999999999796e-05
5.042575999999999813e-05
5.081319000000000265e-05
5.114101999999999846e-05
5.149864999999999863e-05
5.179667000000000293e-05
5.209469000000000046e-05
5.239271999999999869e-05
5.266093999999999864e-05
5.292915999999999859e-05
5.322718000000000290e-05
5.346559999999999849e-05
5.370402000000000086e-05
5.391262999999999817e-05
5.409144999999999860e-05
5.424046000000000076e-05
5.435966999999999855e-05
5.450868000000000071e-05
5.468749000000000044e-05
5.495572000000000109e-05
5.528354000000000297e-05
5.567097000000000072e-05
5.608820000000000282e-05
5.659483999999999836e-05
5.713127999999999826e-05
5.769753000000000322e-05
5.829357999999999898e-05
5.894922999999999667e-05
5.960488000000000114e-05
6.032013000000000077e-05
6.100558999999999675e-05
6.172108000000000639e-05
6.246613000000000361e-05
6.321119000000000152e-05
6.395624999999999943e-05
6.473110999999999492e-05
6.547617000000000638e-05
6.622123000000000430e-05
6.690668000000000635e-05
6.756232999999999727e-05
6.815838000000000658e-05
6.869482000000000648e-05
6.923126000000000637e-05
6.970809999999999756e-05
7.018493000000000160e-05
7.066177000000000634e-05
7.107900000000000166e-05
7.152603999999999527e-05
7.197307000000000173e-05
7.244991000000000647e-05
7.292674999999999765e-05
7.346318999999999755e-05
7.399962999999999745e-05
7.456587999999999563e-05
7.513212000000000666e-05
7.575797000000000000e-05
7.638381999999999334e-05
7.703946999999999781e-05
7.769512000000000228e-05
7.835077000000000675e-05
7.900641999999999767e-05
7.966207000000000214e-05
8.031772000000000661e-05
8.094356999999999995e-05
8.153961999999999571e-05
8.210586000000000674e-05
8.264230999999999379e-05
8.311913999999999783e-05
8.356618000000000498e-05
8.398341000000000031e-05
8.437083999999999806e-05
8.472846999999999822e-05
8.505629000000000011e-05
8.535432000000000511e-05
8.568213999999999345e-05
8.600996999999999603e-05
8.633778999999999792e-05
8.669541999999999808e-05
8.705304999999999825e-05
8.744047999999999599e-05
8.779810999999999616e-05
8.812592999999999805e-05
8.845376000000000063e-05
8.878158000000000252e-05
8.904979999999999569e-05
8.931803000000000312e-05
8.955643999999999801e-05
8.979485999999999360e-05
9.003328000000000275e-05
9.033129999999999350e-05
9.065912999999999609e-05
9.107636000000000496e-05
9.155319999999999615e-05
9.214925000000000546e-05
9.280489999999999638e-05
9.352014999999999601e-05
9.429501000000000506e-05
9.506987000000000055e-05
9.590434000000000545e-05
9.676860999999999438e-05
9.766267999999999445e-05
9.861635000000000323e-05
9.962962999999999431e-05
1.006428999999999982e-04
1.017157999999999994e-04
1.027291000000000055e-04
1.037721999999999955e-04
1.047555999999999970e-04
1.057391000000000055e-04
1.066630000000000052e-04
1.075867999999999980e-04
1.084809000000000001e-04
1.094047999999999999e-04
1.103286999999999996e-04
1.112525000000000059e-04
1.121764000000000056e-04
1.130406999999999967e-04
1.138452999999999991e-04
1.145903999999999998e-04
1.153057000000000029e-04
1.159911000000000015e-04
1.166169999999999983e-04
1.172130000000000041e-04
1.176898000000000061e-04
1.181071000000000063e-04
1.184050999999999957e-04
1.186137000000000058e-04
1.187626999999999937e-04
1.188223000000000024e-04
1.189116999999999952e-04
1.190308999999999991e-04
1.191203000000000053e-04
1.192991999999999978e-04
1.195077999999999944e-04
1.197759999999999998e-04
1.200740000000000027e-04
1.204316999999999942e-04
1.208191000000000034e-04
1.212064999999999990e-04
1.216237000000000058e-04
1.220111999999999949e-04
1.223991000000000120e-04
1.227567000000000100e-04
1.231441000000000057e-04
1.235018000000000107e-04
1.239190000000000040e-04
1.243957999999999924e-04
1.249025000000000124e-04
1.254984999999999911e-04
1.261541999999999991e-04
1.269289999999999904e-04
1.277635000000000110e-04
1.287171999999999947e-04
1.297601999999999913e-04
1.308628999999999901e-04
1.319953999999999865e-04
1.331577000000000075e-04
1.343200000000000015e-04
1.354227000000000002e-04
1.364658000000000039e-04
1.375088000000000005e-04
1.384923000000000089e-04
1.394757999999999903e-04
1.404592999999999987e-04
1.414130000000000096e-04
1.422771999999999936e-04
1.430818999999999895e-04
1.438269000000000103e-04
1.445123999999999888e-04
1.451381999999999922e-04
1.457343000000000050e-04
1.462706999999999885e-04
1.467774000000000086e-04
1.472541999999999970e-04
1.477310000000000125e-04
1.482079000000000079e-04
1.487442999999999914e-04
1.493106000000000066e-04
1.499960000000000052e-04
1.507411000000000059e-04
1.516350999999999875e-04
1.526185999999999960e-04
1.536319000000000020e-04
1.546452000000000080e-04
1.556286999999999894e-04
1.565524999999999957e-04
1.573869999999999891e-04
1.581618999999999874e-04
1.589069000000000083e-04
1.595923999999999867e-04
1.602479999999999877e-04
1.609334999999999932e-04
1.616486999999999894e-04
1.623937999999999901e-04
1.632283000000000106e-04
1.640626999999999971e-04
1.649866000000000104e-04
1.659402999999999941e-04
1.669236999999999956e-04
1.679370000000000016e-04
1.689801000000000053e-04
1.699934000000000113e-04
1.709768999999999926e-04
1.719602999999999941e-04
1.729140000000000050e-04
1.738378999999999912e-04
1.747318999999999999e-04
1.755067999999999982e-04
1.762221000000000013e-04
1.767883000000000095e-04
1.772948999999999955e-04
1.776823999999999982e-04
1.779804000000000011e-04
1.782486000000000064e-04
1.784273999999999919e-04
1.785764000000000069e-04
1.787850999999999969e-04
1.790533000000000023e-04
1.794109000000000003e-04
1.797982999999999960e-04
1.802751999999999914e-04
1.807818000000000044e-04
1.812586999999999998e-04
1.817951000000000105e-04
1.822718999999999989e-04
1.826891999999999991e-04
1.830765999999999947e-04
1.834043999999999952e-04
1.837321999999999957e-04
1.840303000000000056e-04
1.843879000000000037e-04
1.848348999999999945e-04
1.853415999999999874e-04
1.859077999999999957e-04
1.864741000000000109e-04
1.870700999999999896e-04
1.876364000000000048e-04
1.881727999999999884e-04
1.886198000000000063e-04
1.890073000000000089e-04
1.892754999999999872e-04
1.894542999999999997e-04
1.896032999999999876e-04
1.896629000000000099e-04
1.896032999999999876e-04
1.895138999999999949e-04
1.893649000000000070e-04
1.891562999999999968e-04
1.889775000000000114e-04
1.887389999999999966e-04
1.885005999999999889e-04
1.882026000000000131e-04
1.878449999999999879e-04
1.874873000000000099e-04
1.871595000000000095e-04
1.868913000000000041e-04
1.867124999999999915e-04
1.866230999999999988e-04
1.866528999999999964e-04
1.868615000000000065e-04
1.872191000000000046e-04
1.877257999999999976e-04
1.883813999999999985e-04
1.891860999999999944e-04
1.900801000000000031e-04
1.910636000000000116e-04
1.920768999999999905e-04
1.930901999999999966e-04
1.941035000000000026e-04
1.951762999999999968e-04
1.963087999999999932e-04
1.975307000000000094e-04
1.988121999999999936e-04
2.001830999999999977e-04
2.016731999999999921e-04
2.033422000000000061e-04
2.051303000000000035e-04
2.070079000000000005e-04
2.089151999999999882e-04
2.108226000000000099e-04
2.126405000000000049e-04
2.143094000000000119e-04
2.158294000000000109e-04
2.171704999999999903e-04
2.183922999999999995e-04
2.194652000000000007e-04
2.203890999999999869e-04
2.212236000000000074e-04
2.219983999999999987e-04
2.226541000000000067e-04
2.232799000000000101e-04
2.237866000000000031e-04
2.242037999999999963e-04
2.245613999999999943e-04
2.248595000000000043e-04
2.250979000000000120e-04
2.253064999999999951e-04
2.255449000000000028e-04
2.257535000000000130e-04
2.260216999999999912e-04
2.262602000000000059e-04
2.264687999999999890e-04
2.266773999999999992e-04
2.267965999999999895e-04
2.269158000000000069e-04
2.269754000000000021e-04
2.270051999999999996e-04
2.270349999999999972e-04
2.270349999999999972e-04
2.270647999999999948e-04
2.271243999999999900e-04
2.272138000000000098e-04
2.272734000000000050e-04
2.273032000000000026e-04
2.273330000000000001e-04
2.273032000000000026e-04
2.272734000000000050e-04
2.272436000000000074e-04
2.272138000000000098e-04
2.272436000000000074e-04
2.273032000000000026e-04
2.274820999999999950e-04
2.277800999999999979e-04
2.281674999999999936e-04
2.287040000000000112e-04
2.293297999999999875e-04
2.300450999999999907e-04
2.307901000000000115e-04
2.315650000000000098e-04
2.323398000000000011e-04
2.331742999999999945e-04
2.340087999999999880e-04
2.348729999999999991e-04
2.358267000000000100e-04
2.368399999999999889e-04
2.379725000000000124e-04
2.392539999999999966e-04
2.406249000000000007e-04
2.420554000000000000e-04
2.435752999999999920e-04
2.451260000000000244e-04
2.466160999999999917e-04
2.480466000000000181e-04
2.493579000000000000e-04
2.505798000000000162e-04
2.517420999999999830e-04
2.528745999999999793e-04
2.539773000000000052e-04
2.549607000000000067e-04
2.558548000000000224e-04
2.566296999999999936e-04
2.572852999999999946e-04
2.577920000000000146e-04
2.581495999999999856e-04
2.584177999999999909e-04
2.586264000000000011e-04
2.588647999999999817e-04
2.591032999999999965e-04
2.594013000000000265e-04
2.597291000000000270e-04
2.600568999999999732e-04
2.604145999999999783e-04
2.607722000000000035e-04
2.611595999999999991e-04
2.616364999999999945e-04
2.622325000000000003e-04
2.629776000000000010e-04
2.639014000000000073e-04
2.650636999999999742e-04
2.663750000000000102e-04
2.678949000000000022e-04
2.695638999999999891e-04
2.713222000000000160e-04
2.732295999999999835e-04
2.752262999999999910e-04
2.774019000000000181e-04
2.796669000000000108e-04
2.819914000000000188e-04
2.842861999999999820e-04
2.865511999999999747e-04
2.887566000000000264e-04
2.908725000000000243e-04
2.929289000000000068e-04
2.948361999999999945e-04
2.966840000000000211e-04
2.983826999999999985e-04
2.999621999999999857e-04
3.013927000000000121e-04
3.026742000000000234e-04
3.039556999999999806e-04
3.052670999999999965e-04
3.066379999999999735e-04
3.080983000000000246e-04
3.094990000000000263e-04
3.107804999999999834e-04
3.118533999999999846e-04
3.127474000000000204e-04
3.134329000000000260e-04
3.139991000000000071e-04
3.145057999999999730e-04
3.149528000000000180e-04
3.154295999999999793e-04
3.158767000000000042e-04
3.163236999999999950e-04
3.167409000000000153e-04
3.170687999999999957e-04
3.172774000000000059e-04
3.172774000000000059e-04
3.170687999999999957e-04
3.165919000000000003e-04
3.159064999999999747e-04
3.150124000000000131e-04
3.140288999999999776e-04
3.129561000000000105e-04
3.119428000000000045e-04
3.109890999999999936e-04
3.101843999999999977e-04
3.095586000000000214e-04
3.091712000000000258e-04
3.090220999999999767e-04
3.091712000000000258e-04
3.095586000000000214e-04
3.101545999999999730e-04
3.109593000000000231e-04
3.118832000000000093e-04
3.128666000000000108e-04
3.138203000000000216e-04
3.147143999999999831e-04
3.154891999999999744e-04
3.161746999999999800e-04
3.167409000000000153e-04
3.172475999999999812e-04
3.176946000000000262e-04
3.181119000000000264e-04
3.185589000000000172e-04
3.190059000000000080e-04
3.195125999999999739e-04
3.200192000000000141e-04
3.205853999999999952e-04
3.212113000000000056e-04
3.218966999999999770e-04
3.226716000000000024e-04
3.235358999999999935e-04
3.245491999999999995e-04
3.256816000000000160e-04
3.269928999999999978e-04
3.284532999999999745e-04
3.300924000000000111e-04
3.318805000000000084e-04
3.337581000000000055e-04
3.356057999999999980e-04
3.374536000000000245e-04
3.393013000000000170e-04
3.411191999999999848e-04
3.429670000000000114e-04
3.448147000000000039e-04
3.466923000000000010e-04
3.486294000000000133e-04
3.506857999999999959e-04
3.528017999999999736e-04
3.549773000000000208e-04
3.571827000000000183e-04
3.593285000000000207e-04
3.614444000000000185e-04
3.634709999999999764e-04
3.654080999999999887e-04
3.671963000000000202e-04
3.687758000000000073e-04
3.701169000000000139e-04
3.711898000000000150e-04
3.719945000000000109e-04
3.725309000000000216e-04
3.728288999999999974e-04
3.728884999999999925e-04
3.727991000000000269e-04
3.726202999999999872e-04
3.722924999999999867e-04
3.718155999999999913e-04
3.711898000000000150e-04
3.703552999999999945e-04
3.693419999999999885e-04
3.681201000000000265e-04
3.667790000000000199e-04
3.653484999999999936e-04
3.639180000000000214e-04
3.624874999999999950e-04
3.611166000000000180e-04
3.597755000000000115e-04
3.585238000000000248e-04
3.573615000000000038e-04
3.562587999999999779e-04
3.551262999999999816e-04
3.539640000000000147e-04
3.527421999999999784e-04
3.515799000000000116e-04
3.505070000000000104e-04
3.496128999999999947e-04
3.488976999999999985e-04
3.484208000000000032e-04
3.482121999999999930e-04
3.483016000000000128e-04
3.486294000000000133e-04
3.491956999999999743e-04
3.499406999999999952e-04
3.508049999999999862e-04
3.517586999999999971e-04
3.526229000000000082e-04
3.534276000000000041e-04
3.540535000000000145e-04
3.545601000000000004e-04
3.549474999999999961e-04
3.552157000000000014e-04
3.553946000000000210e-04
3.555138000000000113e-04
3.555734000000000065e-04
3.556628000000000263e-04
3.557521999999999920e-04
3.559012000000000070e-04
3.560502000000000220e-04
3.561991999999999828e-04
3.564077999999999929e-04
3.566760999999999781e-04
3.570038999999999786e-04
3.574210999999999990e-04
3.578383000000000193e-04
3.582556000000000195e-04
3.585834000000000200e-04
3.588218000000000006e-04
3.590304000000000108e-04
3.591795000000000057e-04
3.593582999999999912e-04
3.595370999999999767e-04
3.596860999999999917e-04
3.598947000000000018e-04
3.600734999999999873e-04
3.602523000000000270e-04
3.605206000000000122e-04
3.608484000000000127e-04
3.613251999999999740e-04
3.619510999999999844e-04
3.627557000000000004e-04
3.637094000000000112e-04
3.648120999999999829e-04
3.660041999999999744e-04
3.672559000000000153e-04
3.685970000000000218e-04
3.698784999999999790e-04
3.711599999999999904e-04
3.723223000000000114e-04
3.733356000000000174e-04
3.742594000000000237e-04
3.750045000000000244e-04
3.756303000000000007e-04
3.760476000000000010e-04
3.762562000000000111e-04
3.763455999999999768e-04
3.763455999999999768e-04
3.763455999999999768e-04
3.763455999999999768e-04
3.764052000000000261e-04
3.765541999999999869e-04
3.767926000000000218e-04
3.770607999999999729e-04
3.773588999999999828e-04
3.776569000000000128e-04
3.779847000000000133e-04
3.784020000000000135e-04
3.788787999999999748e-04
3.794747999999999806e-04
3.802198999999999813e-04
3.810842000000000266e-04
3.820973999999999985e-04
3.832894999999999900e-04
3.846901999999999917e-04
3.862399999999999883e-04
3.879387000000000200e-04
3.897565999999999878e-04
3.916341999999999848e-04
3.936011000000000219e-04
3.956276999999999797e-04
3.977138999999999870e-04
3.998297999999999848e-04
4.018862000000000215e-04
4.039425000000000242e-04
4.059094999999999869e-04
4.077870000000000041e-04
4.095751999999999813e-04
4.113036999999999835e-04
4.129725999999999905e-04
4.146118000000000069e-04
4.163104999999999844e-04
4.181284000000000064e-04
4.200655999999999986e-04
4.222114000000000010e-04
4.245359000000000090e-04
4.270392999999999824e-04
4.297214999999999954e-04
4.324633999999999835e-04
4.352350000000000164e-04
4.380065999999999951e-04
4.407781999999999738e-04
4.433710000000000212e-04
4.457849999999999747e-04
4.479307999999999771e-04
4.497486999999999991e-04
4.512685999999999911e-04
4.524905000000000073e-04
4.534143999999999935e-04
4.541297000000000237e-04
4.546363000000000097e-04
4.549641000000000102e-04
4.551727000000000203e-04
4.553515000000000058e-04
4.555304000000000254e-04
4.557985999999999765e-04
4.561860000000000264e-04
4.567522999999999874e-04
4.574973000000000082e-04
4.583615999999999992e-04
4.592258000000000104e-04
4.600901000000000014e-04
4.608650000000000268e-04
4.614908000000000031e-04
4.619676999999999985e-04
4.622359000000000038e-04
4.622954999999999990e-04
4.621763000000000086e-04
4.619676999999999985e-04
4.617590000000000084e-04
4.616398000000000181e-04
4.616099999999999934e-04
4.617291999999999837e-04
4.620571000000000183e-04
4.625637000000000043e-04
4.632789999999999803e-04
4.641730000000000161e-04
4.651267000000000270e-04
4.661399999999999788e-04
4.671235000000000144e-04
4.680473000000000207e-04
4.688221999999999919e-04
4.694777999999999929e-04
4.699546999999999882e-04
4.702527000000000183e-04
4.704910999999999989e-04
4.705805000000000187e-04
4.706102999999999892e-04
4.705506999999999941e-04
4.704612999999999742e-04
4.703123000000000134e-04
4.701037000000000033e-04
4.699546999999999882e-04
4.698653000000000226e-04
4.698950999999999931e-04
4.699546999999999882e-04
4.700738999999999786e-04
4.702228999999999936e-04
4.703123000000000134e-04
4.704016999999999791e-04
4.704612999999999742e-04
4.704612999999999742e-04
4.704612999999999742e-04
4.703719000000000086e-04
4.702824999999999887e-04
4.701931000000000231e-04
4.700738999999999786e-04
4.700441000000000081e-04
4.700441000000000081e-04
4.701037000000000033e-04
4.702527000000000183e-04
4.704910999999999989e-04
4.707890999999999747e-04
4.710871999999999846e-04
4.713852000000000146e-04
4.716831999999999904e-04
4.719216000000000253e-04
4.721600999999999858e-04
4.723686999999999960e-04
4.725773000000000061e-04
4.728455000000000115e-04
4.730838999999999921e-04
4.732925000000000023e-04
4.733520999999999974e-04
4.733223000000000270e-04
4.731434999999999873e-04
4.728455000000000115e-04
4.724282999999999911e-04
4.719513999999999957e-04
4.714149999999999851e-04
4.709083999999999991e-04
4.704016999999999791e-04
4.699546999999999882e-04
4.695672999999999926e-04
4.692691999999999827e-04
4.690308000000000021e-04
4.688817999999999870e-04
4.687924000000000214e-04
4.687625999999999967e-04
4.687924000000000214e-04
4.688817999999999870e-04
4.690308000000000021e-04
4.692691999999999827e-04
4.695672999999999926e-04
4.698354999999999979e-04
4.701037000000000033e-04
4.703420999999999839e-04
4.705506999999999941e-04
4.707294999999999795e-04
4.708785999999999744e-04
4.709679999999999943e-04
4.709978000000000190e-04
4.709679999999999943e-04
4.708785999999999744e-04
4.706698999999999844e-04
4.704315000000000037e-04
4.701037000000000033e-04
4.697460999999999781e-04
4.692394000000000122e-04
4.686731999999999769e-04
4.679877000000000255e-04
4.672128999999999800e-04
4.663784000000000137e-04
4.654842999999999980e-04
4.646499000000000115e-04
4.638452000000000157e-04
4.631300000000000195e-04
4.624445000000000140e-04
4.618186999999999835e-04
4.612524000000000225e-04
4.607756000000000070e-04
4.603880999999999772e-04
4.600901000000000014e-04
4.599113000000000159e-04
4.599113000000000159e-04
4.601199000000000261e-04
4.605372000000000263e-04
4.612821999999999929e-04
4.623253000000000237e-04
4.636067999999999808e-04
4.650969000000000023e-04
4.667062000000000142e-04
4.683752000000000011e-04
4.700441000000000081e-04
4.716235999999999953e-04
4.731434999999999873e-04
4.745740000000000136e-04
4.758852999999999955e-04
4.771072000000000117e-04
4.782098999999999833e-04
4.792231999999999894e-04
4.802067000000000249e-04
4.811007999999999864e-04
4.819948000000000223e-04
4.828292999999999886e-04
4.836638000000000092e-04
4.845577999999999908e-04
4.854519000000000065e-04
4.864353999999999878e-04
4.875381000000000137e-04
4.887618000000000474e-04
4.901624999999999949e-04
4.917419999999999821e-04
4.935302000000000135e-04
4.954971000000000505e-04
4.975833000000000035e-04
4.997291000000000059e-04
5.017555999999999839e-04
5.036033999999999563e-04
5.051530999999999730e-04
5.063749999999999892e-04
5.072393000000000344e-04
5.076863000000000252e-04
5.077757000000000451e-04
5.075372999999999560e-04
5.070603999999999606e-04
5.064644000000000090e-04
5.058086999999999740e-04
5.052127000000000224e-04
5.047657000000000315e-04
5.044675999999999674e-04
5.043781999999999476e-04
5.044675999999999674e-04
5.047358999999999526e-04
5.050935000000000320e-04
5.055107000000000524e-04
5.058980999999999938e-04
5.062557999999999989e-04
5.065538000000000289e-04
5.068517999999999505e-04
5.071200000000000100e-04
5.074479000000000446e-04
5.077757000000000451e-04
5.082227000000000359e-04
5.087294000000000017e-04
5.093253999999999533e-04
5.099810999999999884e-04
5.106664999999999599e-04
5.113519999999999654e-04
5.120374000000000453e-04
5.126633000000000015e-04
5.132294999999999826e-04
5.137063999999999780e-04
5.141235999999999983e-04
5.144216000000000283e-04
5.146600000000000090e-04
5.148089999999999698e-04
5.148983999999999896e-04
5.149580999999999647e-04
5.149879000000000435e-04
5.150177000000000140e-04
5.150772999999999550e-04
5.152560999999999947e-04
5.155243000000000542e-04
5.159116999999999956e-04
5.163290000000000501e-04
5.167760000000000409e-04
5.171336000000000118e-04
5.174614000000000123e-04
5.176700999999999482e-04
5.178786999999999583e-04
5.180872999999999685e-04
5.183555000000000280e-04
5.187130999999999990e-04
5.191899999999999944e-04
5.197264000000000050e-04
5.203224999999999907e-04
5.209483000000000212e-04
5.216338000000000268e-04
5.224086000000000181e-04
5.232133000000000140e-04
5.241372000000000001e-04
5.251206000000000016e-04
5.261934999999999486e-04
5.272664000000000040e-04
5.283989000000000004e-04
5.295313999999999967e-04
5.306043000000000521e-04
5.316474000000000286e-04
5.326308000000000301e-04
5.334950999999999669e-04
5.342699999999999923e-04
5.348958000000000228e-04
5.354023999999999546e-04
5.357600999999999596e-04
5.359985000000000487e-04
5.361772999999999800e-04
5.363858999999999901e-04
5.367435999999999952e-04
5.372800000000000058e-04
5.380549000000000312e-04
5.390978999999999736e-04
5.403495999999999603e-04
5.418098999999999572e-04
5.434192999999999489e-04
5.452967999999999661e-04
5.461014999999999620e-04
5.461014999999999620e-04
5.461014999999999620e-04
5.461014999999999620e-04
5.461014999999999620e-04
5.461014999999999620e-04
5.461014999999999620e-04
5.461014999999999620e-04
5.461014999999999620e-04
5.461014999999999620e-04
5.461014999999999620e-04
5.461014999999999620e-04
5.461014999999999620e-04
5.461014999999999620e-04
5.461014999999999620e-04
5.461014999999999620e-04
5.461014999999999620e-04
5.461014999999999620e-04
5.461014999999999620e-04
5.461014999999999620e-04
5.461014999999999620e-04
5.461014999999999620e-04
5.461014999999999620e-04
5.461014999999999620e-04
5.461014999999999620e-04
5.461014999999999620e-04
5.461014999999999620e-04
5.461014999999999620e-04
5.461014999999999620e-04
5.461014999999999620e-04
5.461014999999999620e-04
5.461014999999999620e-04
5.461014999999999620e-04
5.461014999999999620e-04
5.461014999999999620e-04
5.461014999999999620e-04
5.461014999999999620e-04
5.461014999999999620e-04
5.461014999999999620e-04
5.461014999999999620e-04
5.461014999999999620e-04
5.461014999999999620e-04
5.461014999999999620e-04
5.461014999999999620e-04
5.461014999999999620e-04
5.461014999999999620e-04
5.461014999999999620e-04
5.461014999999999620e-04
5.461014999999999620e-04
5.461014999999999620e-04
5.461014999999999620e-04
5.461014999999999620e-04
5.461014999999999620e-04
5.461014999999999620e-04
5.461014999999999620e-04
5.461014999999999620e-04
5.461014999999999620e-04
5.461014999999999620e-04
5.461014999999999620e-04
5.461014999999999620e-04
5.461014999999999620e-04
5.461014999999999620e-04
5.461014999999999620e-04
5.461014999999999620e-04
5.461014999999999620e-04
5.461014999999999620e-04
5.461014999999999620e-04
5.461014999999999620e-04
5.461014999999999620e-04
5.461014999999999620e-04
5.461014999999999620e-04
5.461014999999999620e-04
5.461014999999999620e-04
5.461014999999999620e-04
5.461014999999999620e-04
5.461014999999999620e-04
5.461014999999999620e-04
5.461014999999999620e-04
5.461014999999999620e-04
5.461014999999999620e-04
5.461014999999999620e-04
5.461014999999999620e-04
5.461014999999999620e-04
5.461014999999999620e-04
5.461014999999999620e-04
5.461014999999999620e-04
5.461014999999999620e-04
5.461014999999999620e-04
5.461014999999999620e-04
5.461014999999999620e-04
5.461014999999999620e-04
5.461014999999999620e-04
5.461014999999999620e-04
5.461014999999999620e-04
5.461014999999999620e-04
5.461014999999999620e-04
5.461014999999999620e-04
5.461014999999999620e-04
5.461014999999999620e-04
5.461014999999999620e-04
5.461014999999999620e-04
5.461014999999999620e-04
5.461014999999999620e-04
5.461014999999999620e-04
5.461014999999999620e-04
5.461014999999999620e-04
5.461014999999999620e-04
5.461014999999999620e-04
5.461014999999999620e-04
5.461014999999999620e-04
5.461014999999999620e-04
5.461014999999999620e-04
5.461014999999999620e-04
5.461014999999999620e-04
5.461014999999999620e-04
5.461014999999999620e-04
5.461014999999999620e-04
5.461014999999999620e-04
5.461014999999999620e-04
5.461014999999999620e-04
5.461014999999999620e-04
5.461014999999999620e-04
5.461014999999999620e-04
5.461014999999999620e-04
5.461014999999999620e-04
5.461014999999999620e-04
5.461014999999999620e-04
5.461014999999999620e-04
5.461014999999999620e-04
5.461014999999999620e-04
5.461014999999999620e-04
5.461014999999999620e-04
5.461014999999999620e-04
5.461014999999999620e-04
5.461014999999999620e-04
5.461014999999999620e-04
5.461014999999999620e-04
5.461014999999999620e-04
5.461014999999999620e-04
5.461014999999999620e-04
5.461014999999999620e-04
5.461014999999999620e-04
5.461014999999999620e-04
5.461014999999999620e-04
5.461014999999999620e-04
5.461014999999999620e-04
5.461014999999999620e-04
5.461014999999999620e-04
5.461014999999999620e-04
5.461014999999999620e-04
5.461014999999999620e-04
5.461014999999999620e-04
5.461014999999999620e-04
5.461014999999999620e-04
5.461014999999999620e-04
5.461014999999999620e-04
5.461014999999999620e-04
6.083287000000000156e-04
6.087459999999999616e-04
6.092228000000000313e-04
6.096400000000000517e-04
6.101764999999999880e-04
6.106532999999999493e-04
6.111301000000000190e-04
6.115473999999999650e-04
6.119645999999999853e-04
6.123221999999999563e-04
6.125606999999999710e-04
6.126798999999999613e-04
6.127395000000000107e-04
6.126203000000000204e-04
6.125011000000000301e-04
6.123221999999999563e-04
6.120837999999999756e-04
6.118453999999999950e-04
6.115473999999999650e-04
6.112494000000000434e-04
6.108917000000000383e-04
6.104745000000000180e-04
6.101764999999999880e-04
6.099381000000000073e-04
6.096995999999999926e-04
6.095207999999999529e-04
6.093420000000000216e-04
6.092228000000000313e-04
6.091036000000000410e-04
6.089844000000000507e-04
6.088651999999999519e-04
6.087459999999999616e-04
6.086864000000000207e-04
6.086267999999999713e-04
6.086267999999999713e-04
6.086267999999999713e-04
6.086864000000000207e-04
6.088056000000000110e-04
6.091036000000000410e-04
6.094015999999999626e-04
6.097592000000000420e-04
6.101764999999999880e-04
6.105937000000000083e-04
6.108917000000000383e-04
6.111897999999999940e-04
6.114281999999999747e-04
6.116070000000000144e-04
6.117858000000000540e-04
6.119050000000000444e-04
6.120837999999999756e-04
6.122626000000000153e-04
6.123818000000000056e-04
6.125606999999999710e-04
6.126798999999999613e-04
6.128587000000000010e-04
6.130970999999999817e-04
6.133354999999999623e-04
6.136931000000000417e-04
6.141103999999999877e-04
6.145276000000000080e-04
6.149448000000000284e-04
6.152428999999999841e-04
6.154812999999999647e-04
6.156601000000000044e-04
6.156004999999999550e-04
6.154812999999999647e-04
6.152428999999999841e-04
6.149448000000000284e-04
6.145871999999999490e-04
6.142295999999999780e-04
6.139315999999999480e-04
6.136931000000000417e-04
6.136931000000000417e-04
6.137528000000000167e-04
6.139911999999999974e-04
6.144084000000000177e-04
6.148256000000000381e-04
6.153620999999999744e-04
6.158389000000000441e-04
6.163158000000000395e-04
6.167926000000000008e-04
6.172693999999999620e-04
6.176867000000000165e-04
6.180442999999999874e-04
6.183423000000000174e-04
6.186403000000000475e-04
6.188787999999999538e-04
6.191172000000000428e-04
6.192959999999999741e-04
6.194748000000000138e-04
6.196536000000000535e-04
6.197131999999999944e-04
6.197131999999999944e-04
6.197131999999999944e-04
6.196536000000000535e-04
6.195940000000000041e-04
6.194748000000000138e-04
6.194151999999999644e-04
6.193556000000000235e-04
6.192959999999999741e-04
6.192959999999999741e-04
6.193556000000000235e-04
6.194151999999999644e-04
6.195940000000000041e-04
6.198920000000000341e-04
6.202497000000000392e-04
6.206073000000000102e-04
6.210840999999999714e-04
6.215014000000000259e-04
6.219186000000000462e-04
6.223357999999999581e-04
6.226934000000000375e-04
6.229914999999999932e-04
6.232895000000000232e-04
6.235279000000000038e-04
6.236470999999999942e-04
6.238259000000000339e-04
6.239451000000000242e-04
6.240644000000000486e-04
6.241836000000000389e-04
6.243623999999999702e-04
6.245412000000000099e-04
6.247200000000000496e-04
6.248392000000000399e-04
6.249584000000000302e-04
6.250179999999999712e-04
6.250776000000000205e-04
6.250179999999999712e-04
6.249584000000000302e-04
6.247795999999999905e-04
6.246007999999999508e-04
6.244220000000000196e-04
6.241836000000000389e-04
6.239451000000000242e-04
6.237067000000000435e-04
6.235875000000000532e-04
6.235279000000000038e-04
6.234682999999999545e-04
6.234682999999999545e-04
6.235279000000000038e-04
6.235279000000000038e-04
6.235875000000000532e-04
6.236470999999999942e-04
6.237662999999999845e-04
6.238259000000000339e-04
6.238854999999999748e-04
6.238854999999999748e-04
6.238259000000000339e-04
6.237067000000000435e-04
6.235875000000000532e-04
6.233490999999999642e-04
6.231106999999999835e-04
6.228126999999999535e-04
6.225145999999999978e-04
6.222762000000000172e-04
6.219781999999999872e-04
6.215609999999999668e-04
6.210840999999999714e-04
6.204881000000000198e-04
6.197728000000000438e-04
6.190575999999999935e-04
6.181634999999999778e-04
6.172098000000000211e-04
6.162560999999999560e-04
6.152428999999999841e-04
6.142892000000000274e-04
6.133951000000000117e-04
6.126203000000000204e-04
6.118453999999999950e-04
6.111897999999999940e-04
6.106532999999999493e-04
6.101169000000000470e-04
6.096400000000000517e-04
6.092228000000000313e-04
6.087459999999999616e-04
6.083287000000000156e-04
6.078518999999999459e-04
6.074347000000000340e-04
6.070173999999999796e-04
6.066598000000000086e-04
6.063022000000000376e-04
6.060637999999999486e-04
6.057656999999999929e-04
6.055868999999999532e-04
6.053484999999999725e-04
6.051697000000000413e-04
6.050505000000000510e-04
6.049909000000000016e-04
6.049312999999999522e-04
6.049909000000000016e-04
6.050505000000000510e-04
6.052292999999999822e-04
6.054081000000000219e-04
6.057061000000000519e-04
6.060637999999999486e-04
6.064214000000000280e-04
6.067789999999999989e-04
6.070770000000000289e-04
6.073750999999999846e-04
6.076134999999999653e-04
6.077923000000000050e-04
6.078518999999999459e-04
6.079114999999999953e-04
6.078518999999999459e-04
6.076134999999999653e-04
6.072557999999999602e-04
6.067193999999999495e-04
6.061233999999999979e-04
6.054081000000000219e-04
6.046928000000000459e-04
6.039775999999999955e-04
6.033815000000000098e-04
6.028450999999999992e-04
6.024278999999999789e-04
6.020106000000000328e-04
6.017126000000000028e-04
6.014145999999999728e-04
6.011761999999999922e-04
6.010570000000000019e-04
6.011166000000000512e-04
6.012953999999999825e-04
6.015934000000000125e-04
6.021298000000000232e-04
6.027259000000000089e-04
6.034410999999999508e-04
6.041564000000000352e-04
6.048120999999999619e-04
6.055273000000000122e-04
6.061233999999999979e-04
6.067193999999999495e-04
6.072557999999999602e-04
6.076134999999999653e-04
6.079711000000000446e-04
6.081498999999999759e-04
6.082095000000000253e-04
6.082095000000000253e-04
6.081498999999999759e-04
6.079711000000000446e-04
6.077326999999999556e-04
6.075539000000000243e-04
6.074347000000000340e-04
6.074347000000000340e-04
6.075539000000000243e-04
6.078518999999999459e-04
6.083882999999999566e-04
6.090439999999999916e-04
6.098784999999999580e-04
6.108917000000000383e-04
6.120242000000000347e-04
6.132162999999999720e-04
6.145871999999999490e-04
6.160176999999999754e-04
6.175078000000000511e-04
6.189384000000000031e-04
6.204284999999999705e-04
6.217398000000000065e-04
6.230511000000000426e-04
6.242431999999999799e-04
6.253161000000000353e-04
6.263888999999999482e-04
6.272829999999999639e-04
6.281770999999999796e-04
6.290710999999999612e-04
6.299056000000000360e-04
6.307401000000000023e-04
6.315745000000000430e-04
6.324090000000000093e-04
6.333031000000000250e-04
6.341374999999999573e-04
6.348528000000000417e-04
6.355084000000000427e-04
6.361045000000000284e-04
6.365217000000000487e-04
6.368198000000000044e-04
6.369986000000000441e-04
6.371178000000000344e-04
6.371178000000000344e-04
6.371178000000000344e-04
6.370581999999999851e-04
6.369389999999999948e-04
6.368794000000000538e-04
6.368198000000000044e-04
6.368198000000000044e-04
6.368198000000000044e-04
6.369389999999999948e-04
6.370581999999999851e-04
6.372370000000000248e-04
6.374754000000000054e-04
6.377137999999999860e-04
6.380713999999999570e-04
6.384887000000000114e-04
6.388462999999999824e-04
6.392038999999999534e-04
6.395615999999999584e-04
6.398595999999999884e-04
6.401576000000000185e-04
6.403959999999999991e-04
6.406343999999999797e-04
6.408133000000000535e-04
6.409920999999999848e-04
6.411709000000000245e-04
6.413496999999999558e-04
6.414688999999999461e-04
6.415881000000000448e-04
6.416476999999999858e-04
6.418265000000000255e-04
6.420053999999999908e-04
6.421842000000000305e-04
6.424226000000000112e-04
6.427801999999999821e-04
6.430782000000000121e-04
6.434954999999999582e-04
6.439126999999999785e-04
6.443895000000000482e-04
6.448067999999999942e-04
6.451643999999999652e-04
6.455220000000000445e-04
6.458201000000000002e-04
6.461181000000000303e-04
6.463565000000000109e-04
6.465948999999999915e-04
6.468332999999999722e-04
6.470121000000000119e-04
6.472506000000000266e-04
6.473698000000000169e-04
6.474890000000000072e-04
6.475485999999999482e-04
6.477273999999999879e-04
6.478465999999999782e-04
6.480254000000000179e-04
6.481446000000000082e-04
6.482637999999999985e-04
6.482637999999999985e-04
6.481446000000000082e-04
6.479062000000000276e-04
6.475485999999999482e-04
6.471314000000000363e-04
6.465948999999999915e-04
6.458797000000000496e-04
6.452240000000000145e-04
6.444490999999999891e-04
6.436146999999999485e-04
6.427801999999999821e-04
6.420053999999999908e-04
6.413496999999999558e-04
6.406940999999999548e-04
6.401576000000000185e-04
6.396807999999999488e-04
6.392038999999999534e-04
6.387270999999999921e-04
6.381906999999999814e-04
6.375945999999999957e-04
6.369389999999999948e-04
6.363429000000000091e-04
6.356873000000000081e-04
6.350912000000000224e-04
6.344951999999999624e-04
6.339587000000000260e-04
6.335415000000000057e-04
6.333626999999999660e-04
6.333626999999999660e-04
6.334818999999999563e-04
6.338395000000000357e-04
6.343164000000000311e-04
6.349720000000000321e-04
6.356873000000000081e-04
6.365217000000000487e-04
6.373562000000000151e-04
6.382503000000000308e-04
6.390846999999999630e-04
6.399787999999999788e-04
6.408133000000000535e-04
6.415881000000000448e-04
6.424226000000000112e-04
6.432570999999999775e-04
6.440915000000000182e-04
6.449259999999999845e-04
6.457604000000000252e-04
6.464757000000000012e-04
6.472506000000000266e-04
6.478465999999999782e-04
6.483234000000000479e-04
6.486215000000000036e-04
6.486811000000000530e-04
6.485618999999999542e-04
6.482041999999999492e-04
6.477870000000000373e-04
6.471314000000000363e-04
6.464160999999999518e-04
6.457007999999999758e-04
6.449259999999999845e-04
6.441510999999999591e-04
6.433762999999999678e-04
6.426609999999999918e-04
6.419457000000000158e-04
6.411709000000000245e-04
6.405151999999999894e-04
6.398595999999999884e-04
6.392635000000000027e-04
6.386079000000000018e-04
6.380713999999999570e-04
6.374754000000000054e-04
6.369389999999999948e-04
6.363429000000000091e-04
6.358064999999999984e-04
6.353296000000000030e-04
6.349123999999999827e-04
6.344951999999999624e-04
6.341374999999999573e-04
6.338395000000000357e-04
6.335415000000000057e-04
6.332434999999999757e-04
6.329454000000000200e-04
6.327070000000000393e-04
6.325281999999999996e-04
6.322898000000000190e-04
6.320514000000000384e-04
6.318725999999999987e-04
6.316937999999999590e-04
6.315745000000000430e-04
6.315745000000000430e-04
6.317534000000000084e-04
6.319917999999999890e-04
6.322898000000000190e-04
6.327070000000000393e-04
6.332434999999999757e-04
6.337798999999999863e-04
6.343164000000000311e-04
6.347931999999999924e-04
6.350912000000000224e-04
6.352104000000000127e-04
6.351507999999999633e-04
6.349123999999999827e-04
6.344951999999999624e-04
6.338395000000000357e-04
6.331839000000000347e-04
6.323493999999999600e-04
6.315148999999999936e-04
6.306804999999999529e-04
6.298459999999999866e-04
6.290115000000000203e-04
6.281770999999999796e-04
6.274021999999999542e-04
6.266870000000000123e-04
6.259717000000000363e-04
6.253161000000000353e-04
6.247795999999999905e-04
6.242431999999999799e-04
6.238259000000000339e-04
6.235279000000000038e-04
6.232298999999999738e-04
6.229914999999999932e-04
6.226934000000000375e-04
6.224549999999999484e-04
6.222165999999999678e-04
6.220378000000000365e-04
6.218589999999999968e-04
6.217398000000000065e-04
6.216801999999999571e-04
6.216206000000000162e-04
6.215609999999999668e-04
6.215609999999999668e-04
6.215609999999999668e-04
6.215609999999999668e-04
6.216801999999999571e-04
6.217993999999999475e-04
6.219781999999999872e-04
6.221570000000000268e-04
6.223954000000000075e-04
6.225742000000000472e-04
6.227531000000000126e-04
6.228126999999999535e-04
6.229319000000000522e-04
6.229914999999999932e-04
6.229914999999999932e-04
6.229914999999999932e-04
6.229319000000000522e-04
6.228723000000000029e-04
6.228723000000000029e-04
6.228723000000000029e-04
6.228723000000000029e-04
6.228126999999999535e-04
6.227531000000000126e-04
6.226934000000000375e-04
6.225742000000000472e-04
6.224549999999999484e-04
6.222762000000000172e-04
6.220973999999999775e-04
6.217993999999999475e-04
6.213821000000000015e-04
6.209053000000000402e-04
6.203092999999999801e-04
6.195940000000000041e-04
6.187595000000000378e-04
6.178059000000000068e-04
6.168522000000000501e-04
6.157792999999999947e-04
6.146467999999999984e-04
6.135739000000000514e-04
6.124414999999999807e-04
6.114878000000000240e-04
6.105340999999999589e-04
6.097592000000000420e-04
6.090439999999999916e-04
6.085670999999999962e-04
6.081498999999999759e-04
6.078518999999999459e-04
6.076731000000000146e-04
6.075539000000000243e-04
6.074942999999999749e-04
6.075539000000000243e-04
6.076731000000000146e-04
6.078518999999999459e-04
6.080903000000000350e-04
6.083287000000000156e-04
6.085670999999999962e-04
6.087459999999999616e-04
6.089248000000000013e-04
6.089844000000000507e-04
6.090439999999999916e-04
6.091631999999999819e-04
6.091631999999999819e-04
6.092228000000000313e-04
6.092228000000000313e-04
6.092228000000000313e-04
6.091631999999999819e-04
6.091631999999999819e-04
6.091631999999999819e-04
6.091631999999999819e-04
6.091631999999999819e-04
6.091036000000000410e-04
6.091036000000000410e-04
6.091036000000000410e-04
6.091036000000000410e-04
6.090439999999999916e-04
6.090439999999999916e-04
6.089844000000000507e-04
6.089248000000000013e-04
6.088056000000000110e-04
6.087459999999999616e-04
6.087459999999999616e-04
6.087459999999999616e-04
6.088056000000000110e-04
6.089248000000000013e-04
6.089844000000000507e-04
6.090439999999999916e-04
6.090439999999999916e-04
6.089844000000000507e-04
6.088056000000000110e-04
6.085074999999999469e-04
6.080903000000000350e-04
6.075539000000000243e-04
6.070173999999999796e-04
6.063617999999999786e-04
6.057061000000000519e-04
6.051100999999999919e-04
6.045140000000000062e-04
6.039775999999999955e-04
6.035603999999999752e-04
6.030834999999999798e-04
6.026067000000000186e-04
6.021298000000000232e-04
6.015934000000000125e-04
6.011166000000000512e-04
6.006396999999999474e-04
6.002225000000000355e-04
5.998053000000000152e-04
5.994476000000000101e-04
5.991495999999999801e-04
5.989111999999999995e-04
5.986728000000000188e-04
5.984939999999999791e-04
5.983747999999999888e-04
5.981959000000000234e-04
5.980170999999999838e-04
5.978383000000000525e-04
5.975403000000000225e-04
5.971827000000000515e-04
5.967057999999999477e-04
5.962886000000000358e-04
5.958117999999999661e-04
5.952753000000000298e-04
5.947389000000000191e-04
5.943215999999999647e-04
5.939044000000000528e-04
5.936064000000000227e-04
5.934275999999999831e-04
5.933083999999999927e-04
5.932488000000000518e-04
5.932488000000000518e-04
5.933083999999999927e-04
5.934872000000000324e-04
5.936064000000000227e-04
5.939044000000000528e-04
5.942023999999999744e-04
5.945600999999999794e-04
5.949176999999999504e-04
5.953348999999999707e-04
5.957520999999999910e-04
5.961097999999999961e-04
5.965865999999999574e-04
5.970037999999999777e-04
5.974806999999999731e-04
5.979575000000000428e-04
5.985536000000000285e-04
5.991495999999999801e-04
5.998053000000000152e-04
6.005204999999999571e-04
6.013550000000000319e-04
6.021894999999999982e-04
6.031431000000000292e-04
6.042159999999999762e-04
6.053484999999999725e-04
6.064809999999999689e-04
6.076731000000000146e-04
6.088056000000000110e-04
6.099381000000000073e-04
6.110109000000000287e-04
6.119050000000000444e-04
6.127990999999999517e-04
6.135143000000000020e-04
6.141700000000000371e-04
6.147064000000000477e-04
6.152428999999999841e-04
6.157792999999999947e-04
6.162560999999999560e-04
6.166734000000000104e-04
6.170906000000000308e-04
6.174482000000000017e-04
6.177462999999999574e-04
6.180442999999999874e-04
6.182231000000000271e-04
6.182826999999999681e-04
6.182826999999999681e-04
6.182826999999999681e-04
6.182231000000000271e-04
6.181039000000000368e-04
6.180442999999999874e-04
6.179847000000000465e-04
6.179250999999999971e-04
6.178654999999999477e-04
6.178059000000000068e-04
6.178059000000000068e-04
6.177462999999999574e-04
6.176867000000000165e-04
6.175078000000000511e-04
6.173290000000000114e-04
6.170309999999999814e-04
6.167926000000000008e-04
6.164350000000000298e-04
6.160773000000000247e-04
6.156601000000000044e-04
6.152428999999999841e-04
6.148256000000000381e-04
6.144084000000000177e-04
6.139911999999999974e-04
6.135739000000000514e-04
6.131567000000000310e-04
6.127990999999999517e-04
6.124414999999999807e-04
6.121434000000000250e-04
6.119050000000000444e-04
6.117262000000000047e-04
6.116665999999999553e-04
6.116070000000000144e-04
6.116070000000000144e-04
6.117262000000000047e-04
6.117858000000000540e-04
6.119645999999999853e-04
6.122029999999999660e-04
6.124414999999999807e-04
6.127990999999999517e-04
6.131567000000000310e-04
6.135143000000000020e-04
6.138720000000000071e-04
6.142295999999999780e-04
6.146467999999999984e-04
6.150641000000000528e-04
6.155409000000000141e-04
6.160176999999999754e-04
6.165542000000000201e-04
6.170309999999999814e-04
6.174482000000000017e-04
6.177462999999999574e-04
6.180442999999999874e-04
6.182231000000000271e-04
6.182231000000000271e-04
6.181634999999999778e-04
6.179847000000000465e-04
6.176867000000000165e-04
6.173885999999999524e-04
6.169714000000000404e-04
6.166137999999999611e-04
6.162560999999999560e-04
6.159581000000000344e-04
6.157197000000000538e-04
6.154812999999999647e-04
6.153620999999999744e-04
6.152428999999999841e-04
6.151833000000000431e-04
