-7.480429000000000407e-05
-7.468509000000000020e-05
-7.462548000000000434e-05
-7.459568000000000676e-05
-7.459568000000000676e-05
-7.465528000000000192e-05
-7.474468999999999536e-05
-7.483410000000000235e-05
-7.495330999999999337e-05
-7.507251999999999795e-05
-7.522153000000000010e-05
-7.534074000000000467e-05
-7.548974999999999327e-05
-7.563875999999999543e-05
-7.578776999999999758e-05
-7.593677999999999973e-05
-7.608579000000000188e-05
-7.623481000000000474e-05
-7.632420999999999748e-05
-7.635401999999999576e-05
-7.629440999999999990e-05
-7.617519999999999532e-05
-7.593677999999999973e-05
-7.560895999999999785e-05
-7.519173000000000252e-05
-7.474468999999999536e-05
-7.420824999999999546e-05
-7.370161000000000670e-05
-7.319497000000000438e-05
-7.271812999999999964e-05
-7.230090000000000431e-05
-7.194327000000000415e-05
-7.161545000000000226e-05
-7.134722999999999554e-05
-7.110880999999999994e-05
-7.090019000000000193e-05
-7.075117999999999978e-05
-7.060216999999999762e-05
-7.045315999999999547e-05
-7.033395000000000445e-05
-7.027433999999999504e-05
-7.021473999999999988e-05
-7.018493000000000160e-05
-7.018493000000000160e-05
-7.021473999999999988e-05
-7.027433999999999504e-05
-7.030414000000000617e-05
-7.033395000000000445e-05
-7.036375000000000203e-05
-7.039354999999999961e-05
-7.039354999999999961e-05
-7.036375000000000203e-05
-7.036375000000000203e-05
-7.033395000000000445e-05
-7.033395000000000445e-05
-7.033395000000000445e-05
-7.030414000000000617e-05
-7.024453999999999746e-05
-7.009552999999999531e-05
-6.988690999999999729e-05
-6.958889000000000654e-05
-6.926106000000000395e-05
-6.887363000000000621e-05
-6.842659999999999975e-05
-6.791995999999999743e-05
-6.738351999999999753e-05
-6.678747000000000177e-05
-6.619142000000000602e-05
-6.553577000000000154e-05
-6.488011999999999707e-05
-6.422447000000000615e-05
-6.356882000000000168e-05
-6.294296999999999479e-05
-6.231712000000000145e-05
-6.172108000000000639e-05
-6.118463000000000580e-05
-6.067776000000000094e-05
-6.020092000000000298e-05
-5.978369000000000088e-05
-5.942606000000000071e-05
-5.912804000000000318e-05
-5.883001999999999887e-05
-5.859160000000000328e-05
-5.838297999999999849e-05
-5.820416999999999876e-05
-5.805516000000000338e-05
-5.790615000000000123e-05
-5.778693999999999666e-05
-5.766772999999999886e-05
-5.754852000000000106e-05
-5.745911000000000085e-05
-5.736970000000000063e-05
-5.731009999999999870e-05
-5.725049000000000284e-05
-5.719089000000000090e-05
-5.716109000000000332e-05
-5.710148000000000068e-05
-5.701208000000000117e-05
-5.692267000000000095e-05
-5.680346000000000315e-05
-5.665445000000000100e-05
-5.647563000000000057e-05
-5.626702000000000325e-05
-5.605839999999999847e-05
-5.581998000000000287e-05
-5.555176000000000292e-05
-5.525373999999999862e-05
-5.492591000000000281e-05
-5.456829000000000334e-05
-5.415105000000000054e-05
-5.373381999999999844e-05
-5.325698000000000048e-05
-5.280995000000000079e-05
-5.230330999999999847e-05
-5.182647000000000051e-05
-5.137944000000000083e-05
-5.096219999999999803e-05
-5.054497000000000270e-05
-5.015753999999999818e-05
-4.977011000000000043e-05
-4.941248000000000027e-05
-4.902505000000000252e-05
-4.866743000000000306e-05
-4.833960000000000047e-05
-4.801176999999999789e-05
-4.774354999999999794e-05
-4.747532999999999799e-05
-4.726672000000000067e-05
-4.711769999999999782e-05
-4.702829999999999831e-05
-4.696869000000000245e-05
-4.696869000000000245e-05
-4.702829999999999831e-05
-4.711769999999999782e-05
-4.726672000000000067e-05
-4.744553000000000041e-05
-4.762434000000000014e-05
-4.786276000000000251e-05
-4.804158000000000294e-05
-4.825019000000000026e-05
-4.842901000000000069e-05
-4.860782000000000042e-05
-4.872702999999999822e-05
-4.884624000000000279e-05
-4.893565000000000301e-05
-4.902505000000000252e-05
-4.908465999999999838e-05
-4.914426000000000032e-05
-4.920387000000000296e-05
-4.926346999999999812e-05
-4.932308000000000075e-05
-4.941248000000000027e-05
-4.947209000000000291e-05
-4.953168999999999807e-05
-4.956149000000000242e-05
-4.959130000000000070e-05
-4.959130000000000070e-05
-4.956149000000000242e-05
-4.947209000000000291e-05
-4.941248000000000027e-05
-4.929327000000000247e-05
-4.920387000000000296e-05
-4.908465999999999838e-05
-4.899524999999999817e-05
-4.887604000000000037e-05
-4.872702999999999822e-05
-4.857802000000000284e-05
-4.836939999999999805e-05
-4.813098000000000246e-05
-4.786276000000000251e-05
-4.753494000000000062e-05
-4.717731000000000046e-05
-4.678988000000000271e-05
-4.643225000000000255e-05
-4.607462000000000238e-05
-4.571700000000000291e-05
-4.538917000000000033e-05
-4.509115000000000280e-05
-4.479311999999999779e-05
-4.449510000000000027e-05
-4.419708000000000274e-05
-4.392886000000000279e-05
-4.366064000000000284e-05
-4.345201999999999805e-05
-4.324340000000000004e-05
-4.306459000000000030e-05
-4.288576999999999987e-05
-4.276657000000000277e-05
-4.261754999999999992e-05
-4.246853999999999777e-05
-4.228972999999999803e-05
-4.211090999999999760e-05
-4.190230000000000029e-05
-4.166387999999999792e-05
-4.142546000000000233e-05
-4.115724000000000238e-05
-4.088902000000000243e-05
-4.062080000000000248e-05
-4.035258000000000253e-05
-4.005454999999999752e-05
-3.975652999999999999e-05
-3.945851000000000246e-05
-3.910088000000000230e-05
-3.880285999999999799e-05
-3.850482999999999976e-05
-3.823660999999999981e-05
-3.796838999999999987e-05
-3.778958000000000013e-05
-3.764056999999999798e-05
-3.749155000000000190e-05
-3.737234999999999803e-05
-3.734253999999999975e-05
-3.731274000000000217e-05
-3.734253999999999975e-05
-3.740215000000000239e-05
-3.749155000000000190e-05
-3.755115999999999776e-05
-3.761075999999999970e-05
-3.761075999999999970e-05
-3.761075999999999970e-05
-3.758096000000000212e-05
-3.752136000000000018e-05
-3.743194999999999997e-05
-3.734253999999999975e-05
-3.722333000000000195e-05
-3.707431999999999980e-05
-3.692530999999999765e-05
-3.677630000000000227e-05
-3.662729000000000012e-05
-3.641867000000000211e-05
-3.623986000000000237e-05
-3.603123999999999758e-05
-3.582261999999999957e-05
-3.555439999999999962e-05
-3.534579000000000231e-05
-3.507757000000000236e-05
-3.477953999999999735e-05
-3.448151999999999982e-05
-3.415368999999999724e-05
-3.379606999999999777e-05
-3.343843999999999761e-05
-3.305100999999999986e-05
-3.269337999999999970e-05
-3.236554999999999711e-05
-3.206752999999999958e-05
-3.179930999999999963e-05
-3.159069000000000162e-05
-3.144167999999999947e-05
-3.132247000000000167e-05
-3.129266999999999731e-05
-3.126286999999999973e-05
-3.126286999999999973e-05
-3.126286999999999973e-05
-3.126286999999999973e-05
-3.126286999999999973e-05
-3.120325999999999710e-05
-3.117345999999999952e-05
-3.108406000000000000e-05
-3.099464999999999978e-05
-3.087544000000000199e-05
-3.075622999999999741e-05
-3.063701999999999962e-05
-3.045809000000000165e-05
-3.030907999999999950e-05
-3.010046000000000149e-05
-2.992164999999999837e-05
-2.968322999999999939e-05
-2.944481000000000041e-05
-2.917659000000000046e-05
-2.887856999999999954e-05
-2.861034999999999959e-05
-2.828252000000000039e-05
-2.798449999999999947e-05
-2.765667000000000028e-05
-2.732884999999999839e-05
-2.697122000000000161e-05
-2.667319000000000000e-05
-2.634537000000000150e-05
-2.604735000000000058e-05
-2.574931999999999896e-05
-2.545130000000000143e-05
-2.521287999999999906e-05
-2.494465999999999912e-05
-2.467643999999999917e-05
-2.437842000000000164e-05
-2.411020000000000169e-05
-2.381217000000000007e-05
-2.348435000000000157e-05
-2.315651999999999899e-05
-2.282870000000000049e-05
-2.244126999999999936e-05
-2.205383000000000091e-05
-2.169621000000000144e-05
-2.130878000000000031e-05
-2.095115000000000014e-05
-2.062332000000000095e-05
-2.035510000000000100e-05
-2.011667999999999863e-05
-1.993786999999999890e-05
-1.978886000000000013e-05
-1.966964999999999895e-05
-1.961003999999999970e-05
-1.955044000000000115e-05
-1.955044000000000115e-05
-1.952064000000000018e-05
-1.952064000000000018e-05
-1.952064000000000018e-05
-1.952064000000000018e-05
-1.949083999999999921e-05
-1.946103000000000093e-05
-1.943122999999999996e-05
-1.940142999999999900e-05
-1.937163000000000142e-05
-1.934181999999999975e-05
-1.934181999999999975e-05
-1.931201999999999878e-05
-1.925242000000000023e-05
-1.922260999999999856e-05
-1.919281000000000098e-05
-1.916301000000000002e-05
-1.910341000000000147e-05
-1.907359999999999980e-05
-1.901400000000000125e-05
-1.895438999999999861e-05
-1.889479000000000007e-05
-1.880537999999999985e-05
-1.868616999999999867e-05
-1.859676999999999915e-05
-1.850735999999999893e-05
-1.844774999999999968e-05
-1.838815000000000114e-05
-1.832853999999999850e-05
-1.829874000000000092e-05
-1.826893999999999995e-05
-1.826893999999999995e-05
-1.826893999999999995e-05
-1.829874000000000092e-05
-1.832853999999999850e-05
-1.832853999999999850e-05
-1.829874000000000092e-05
-1.826893999999999995e-05
-1.820934000000000140e-05
-1.811993000000000119e-05
-1.800072000000000000e-05
-1.791130999999999979e-05
-1.776230000000000102e-05
-1.764308999999999984e-05
-1.749408000000000107e-05
-1.737486999999999989e-05
-1.725565999999999870e-05
-1.719606000000000015e-05
-1.710664999999999994e-05
-1.701723999999999972e-05
-1.692784000000000020e-05
-1.683842999999999999e-05
-1.671921999999999880e-05
-1.657021000000000004e-05
-1.642120000000000127e-05
-1.624238000000000084e-05
-1.603377000000000014e-05
-1.582514999999999874e-05
-1.561653000000000073e-05
-1.537810999999999836e-05
-1.513963999999999927e-05
-1.490122000000000029e-05
-1.472241000000000055e-05
-1.454359000000000012e-05
-1.439457999999999966e-05
-1.424556999999999920e-05
-1.415616000000000068e-05
-1.406675000000000046e-05
-1.400715000000000022e-05
-1.394754999999999998e-05
-1.391774000000000000e-05
-1.391774000000000000e-05
-1.391774000000000000e-05
-1.388794000000000073e-05
-1.385813999999999976e-05
-1.382834000000000049e-05
-1.373893000000000027e-05
-1.361972000000000078e-05
-1.347071000000000032e-05
-1.332169999999999986e-05
-1.314287999999999943e-05
-1.293427000000000042e-05
-1.272565000000000072e-05
-1.251702999999999932e-05
-1.230842000000000031e-05
-1.206999999999999963e-05
-1.186137999999999993e-05
-1.168257000000000019e-05
-1.150374999999999976e-05
-1.132494000000000003e-05
-1.117592999999999957e-05
-1.105672000000000008e-05
-1.093751000000000059e-05
-1.078850000000000013e-05
-1.066929000000000064e-05
-1.055007999999999945e-05
-1.043086999999999996e-05
-1.031166000000000047e-05
-1.022225000000000026e-05
-1.010304999999999977e-05
-1.001363999999999956e-05
-9.924231999999999818e-06
-9.805022000000000328e-06
-9.715614999999999982e-06
-9.626207999999999637e-06
-9.506998999999999539e-06
-9.387789999999999441e-06
-9.268579999999999950e-06
-9.119569000000000099e-06
-8.970556999999999162e-06
-8.821545999999999310e-06
-8.642732000000000314e-06
-8.463917999999999624e-06
-8.285104000000000627e-06
-8.076488000000000184e-06
-7.897673999999999493e-06
-7.718860000000000497e-06
-7.540016999999999641e-06
-7.391005000000000398e-06
-7.241993000000000307e-06
-7.092981999999999609e-06
-6.973773000000000358e-06
-6.854563000000000020e-06
-6.735353999999999922e-06
-6.616144999999999824e-06
-6.496935000000000333e-06
-6.347923999999999635e-06
-6.228714000000000145e-06
-6.049900999999999693e-06
-5.871086999999999850e-06
-5.722074999999999759e-06
-5.573062999999999669e-06
-5.424051999999999818e-06
-5.304842000000000327e-06
-5.185633000000000229e-06
-5.126028999999999876e-06
-5.036622000000000378e-06
-4.947215000000000033e-06
-4.857807999999999687e-06
-4.768401000000000189e-06
-4.708795999999999597e-06
-4.619389000000000099e-06
-4.559784000000000353e-06
-4.500180000000000000e-06
-4.440575000000000255e-06
-4.380969999999999663e-06
-4.351167999999999910e-06
-4.321366000000000157e-06
-4.291564000000000404e-06
-4.261761000000000412e-06
-4.202157000000000059e-06
-4.142552000000000314e-06
-4.082946999999999721e-06
-3.993540000000000223e-06
-3.904132999999999878e-06
-3.844529000000000372e-06
-3.755106999999999824e-06
-3.695502999999999895e-06
-3.635898000000000150e-06
-3.576292999999999981e-06
-3.516689000000000051e-06
-3.486886000000000059e-06
-3.427282000000000130e-06
-3.337875000000000208e-06
-3.248467999999999863e-06
-3.129257999999999949e-06
-2.950444000000000105e-06
-2.771631000000000078e-06
-2.563013999999999818e-06
-2.354397999999999798e-06
-2.145782000000000202e-06
-1.937166000000000182e-06
-1.758343999999999906e-06
-1.579530000000000063e-06
-1.400716000000000007e-06
-1.251704999999999944e-06
-1.162298000000000023e-06
-1.043088999999999925e-06
-9.536816000000000341e-07
-8.344686999999999765e-07
-7.152593999999999547e-07
-5.960501000000000388e-07
-4.470367000000000050e-07
-3.278273999999999832e-07
-1.788147999999999926e-07
-2.980255000000000107e-08
8.940742000000000267e-08
2.384204000000000085e-07
3.576296999999999774e-07
4.768408000000000171e-07
5.960501000000000388e-07
6.854570999999999606e-07
7.748640000000000489e-07
9.238755999999999590e-07
1.072891000000000101e-06
1.221901999999999952e-06
1.430519000000000000e-06
1.639135000000000020e-06
1.877554000000000032e-06
2.115979000000000210e-06
2.354397999999999798e-06
2.622618999999999987e-06
2.890840000000000176e-06
3.129257999999999949e-06
3.397479000000000137e-06
3.606095999999999973e-06
3.874331000000000125e-06
4.112749999999999714e-06
4.321366000000000157e-06
4.559784000000000353e-06
4.738598000000000197e-06
4.947215000000000033e-06
5.126028999999999876e-06
5.304842000000000327e-06
5.483656000000000171e-06
5.662470000000000014e-06
5.781680000000000352e-06
5.930691000000000203e-06
6.049900999999999693e-06
6.169109999999999792e-06
6.258517000000000137e-06
6.377726000000000235e-06
6.496935000000000333e-06
6.616144999999999824e-06
6.705552000000000169e-06
6.824761000000000267e-06
6.914167999999999765e-06
6.973773000000000358e-06
7.063179999999999856e-06
7.092981999999999609e-06
7.122784000000000209e-06
7.182388999999999954e-06
7.212190999999999707e-06
7.241993000000000307e-06
7.271796000000000299e-06
7.331399999999999805e-06
7.361202999999999798e-06
7.450610000000000143e-06
7.540016999999999641e-06
7.689056999999999657e-06
7.808267000000000842e-06
7.987080999999999838e-06
8.165895000000000529e-06
8.374510999999999278e-06
8.612928999999999475e-06
8.821545999999999310e-06
9.030161999999999754e-06
9.238778000000000197e-06
9.447394000000000641e-06
9.596405999999999884e-06
9.775220000000000575e-06
9.894429000000000673e-06
1.004344000000000052e-05
1.019244999999999929e-05
1.031166000000000047e-05
1.046066999999999924e-05
1.063948999999999967e-05
1.078850000000000013e-05
1.099711999999999984e-05
1.120573000000000054e-05
1.144414999999999952e-05
1.168257000000000019e-05
1.189117999999999920e-05
1.209980000000000060e-05
1.227861999999999934e-05
1.245743000000000077e-05
1.257664000000000026e-05
1.269584999999999975e-05
1.278524999999999927e-05
1.284486000000000021e-05
1.290446000000000045e-05
1.293427000000000042e-05
1.296406999999999970e-05
1.296406999999999970e-05
1.293427000000000042e-05
1.290446000000000045e-05
1.287465999999999948e-05
1.281505999999999924e-05
1.272565000000000072e-05
1.266605000000000047e-05
1.260643999999999953e-05
1.254683999999999929e-05
1.254683999999999929e-05
1.254683999999999929e-05
1.257664000000000026e-05
1.260643999999999953e-05
1.269584999999999975e-05
1.272565000000000072e-05
1.275544999999999999e-05
1.281505999999999924e-05
1.284486000000000021e-05
1.284486000000000021e-05
1.287465999999999948e-05
1.287465999999999948e-05
1.287465999999999948e-05
1.287465999999999948e-05
1.290446000000000045e-05
1.293427000000000042e-05
1.299387000000000067e-05
1.308327999999999919e-05
1.320249000000000037e-05
1.335150000000000083e-05
1.353031000000000057e-05
1.370912999999999930e-05
1.394754999999999998e-05
1.418595999999999995e-05
1.442438000000000063e-05
1.466279999999999961e-05
1.487141999999999932e-05
1.508003000000000002e-05
1.525891000000000126e-05
1.543772000000000099e-05
1.558672999999999976e-05
1.570594000000000094e-05
1.582514999999999874e-05
1.594435999999999992e-05
1.606357000000000111e-05
1.615298000000000132e-05
1.627217999999999842e-05
1.639138999999999961e-05
1.654040999999999907e-05
1.668942000000000122e-05
1.680862999999999902e-05
1.695764000000000117e-05
1.707684999999999897e-05
1.716624999999999849e-05
1.725565999999999870e-05
1.731527000000000134e-05
1.737486999999999989e-05
1.743447999999999913e-05
1.746428000000000010e-05
1.752387999999999865e-05
1.755367999999999962e-05
1.764308999999999984e-05
1.767289000000000080e-05
1.776230000000000102e-05
1.782191000000000027e-05
1.791130999999999979e-05
1.797091999999999903e-05
1.803052000000000097e-05
1.809013000000000022e-05
1.814972999999999877e-05
1.817952999999999973e-05
1.820934000000000140e-05
1.823913999999999898e-05
1.823913999999999898e-05
1.829874000000000092e-05
1.829874000000000092e-05
1.832853999999999850e-05
1.835835000000000017e-05
1.838815000000000114e-05
1.844774999999999968e-05
1.847756000000000135e-05
1.853715999999999990e-05
1.862657000000000012e-05
1.874578000000000130e-05
1.883518000000000082e-05
1.892459000000000103e-05
1.904379999999999883e-05
1.916301000000000002e-05
1.928222000000000120e-05
1.937163000000000142e-05
1.949083999999999921e-05
1.961003999999999970e-05
1.969944999999999991e-05
1.978886000000000013e-05
1.987827000000000035e-05
1.996766999999999986e-05
2.005708000000000008e-05
2.017629000000000126e-05
2.029549999999999906e-05
2.044451000000000121e-05
2.056371999999999901e-05
2.071273000000000116e-05
2.083193999999999896e-05
2.092134999999999918e-05
2.101074999999999869e-05
2.104056000000000036e-05
2.107036000000000133e-05
2.110015999999999891e-05
2.107036000000000133e-05
2.107036000000000133e-05
2.104056000000000036e-05
2.101074999999999869e-05
2.101074999999999869e-05
2.098095000000000111e-05
2.098095000000000111e-05
2.098095000000000111e-05
2.098095000000000111e-05
2.098095000000000111e-05
2.098095000000000111e-05
2.098095000000000111e-05
2.098095000000000111e-05
2.098095000000000111e-05
2.101074999999999869e-05
2.101074999999999869e-05
2.101074999999999869e-05
2.104056000000000036e-05
2.107036000000000133e-05
2.112995999999999988e-05
2.115977000000000155e-05
2.124917000000000106e-05
2.130878000000000031e-05
2.142799000000000149e-05
2.154719999999999929e-05
2.169621000000000144e-05
2.184522000000000021e-05
2.202402999999999994e-05
2.223265000000000134e-05
2.241146000000000108e-05
2.262007999999999909e-05
2.282870000000000049e-05
2.303731000000000119e-05
2.321613000000000162e-05
2.339494000000000136e-05
2.357375000000000109e-05
2.372277000000000055e-05
2.384197000000000104e-05
2.399099000000000050e-05
2.411020000000000169e-05
2.422939999999999878e-05
2.437842000000000164e-05
2.449762999999999943e-05
2.464664000000000159e-05
2.476584999999999938e-05
2.488506000000000057e-05
2.500426000000000105e-05
2.509367000000000127e-05
2.521287999999999906e-05
2.527248999999999831e-05
2.536189000000000122e-05
2.539169999999999950e-05
2.539169999999999950e-05
2.536189000000000122e-05
2.533209000000000025e-05
2.524268000000000003e-05
2.518308000000000148e-05
2.512346999999999885e-05
2.506387000000000030e-05
2.497446000000000008e-05
2.494465999999999912e-05
2.491486000000000154e-05
2.488506000000000057e-05
2.491486000000000154e-05
2.491486000000000154e-05
2.494465999999999912e-05
2.500426000000000105e-05
2.506387000000000030e-05
2.509367000000000127e-05
2.518308000000000148e-05
2.521287999999999906e-05
2.527248999999999831e-05
2.533209000000000025e-05
2.536189000000000122e-05
2.539169999999999950e-05
2.539169999999999950e-05
2.539169999999999950e-05
2.539169999999999950e-05
2.536189000000000122e-05
2.533209000000000025e-05
2.527248999999999831e-05
2.527248999999999831e-05
2.524268000000000003e-05
2.524268000000000003e-05
2.527248999999999831e-05
2.527248999999999831e-05
2.533209000000000025e-05
2.539169999999999950e-05
2.545130000000000143e-05
2.554071000000000165e-05
2.560031000000000020e-05
2.565991999999999945e-05
2.574931999999999896e-05
2.577913000000000063e-05
2.580893000000000160e-05
2.580893000000000160e-05
2.580893000000000160e-05
2.577913000000000063e-05
2.574931999999999896e-05
2.568972000000000042e-05
2.565991999999999945e-05
2.560031000000000020e-05
2.557050999999999923e-05
2.554071000000000165e-05
2.551089999999999998e-05
2.548109999999999901e-05
2.548109999999999901e-05
2.548109999999999901e-05
2.545130000000000143e-05
2.545130000000000143e-05
2.542150000000000047e-05
2.542150000000000047e-05
2.542150000000000047e-05
2.542150000000000047e-05
2.542150000000000047e-05
2.542150000000000047e-05
2.545130000000000143e-05
2.548109999999999901e-05
2.548109999999999901e-05
2.551089999999999998e-05
2.554071000000000165e-05
2.554071000000000165e-05
2.557050999999999923e-05
2.560031000000000020e-05
2.563011000000000117e-05
2.563011000000000117e-05
2.563011000000000117e-05
2.563011000000000117e-05
2.563011000000000117e-05
2.563011000000000117e-05
2.557050999999999923e-05
2.557050999999999923e-05
2.554071000000000165e-05
2.548109999999999901e-05
2.545130000000000143e-05
2.542150000000000047e-05
2.539169999999999950e-05
2.536189000000000122e-05
2.533209000000000025e-05
2.533209000000000025e-05
2.530228999999999928e-05
2.527248999999999831e-05
2.524268000000000003e-05
2.521287999999999906e-05
2.518308000000000148e-05
2.515328000000000052e-05
2.512346999999999885e-05
2.506387000000000030e-05
2.500426000000000105e-05
2.491486000000000154e-05
2.482545000000000132e-05
2.470624000000000013e-05
2.458702999999999895e-05
2.446782000000000115e-05
2.434860999999999997e-05
2.422939999999999878e-05
2.413999999999999927e-05
2.405058999999999905e-05
2.399099000000000050e-05
2.396117999999999884e-05
2.387177999999999932e-05
2.384197000000000104e-05
2.378236999999999910e-05
2.369295999999999889e-05
2.360355999999999937e-05
2.351414999999999915e-05
2.339494000000000136e-05
2.327573000000000017e-05
2.315651999999999899e-05
2.303731000000000119e-05
2.294790000000000097e-05
2.282870000000000049e-05
2.270948999999999930e-05
2.259028000000000151e-05
2.244126999999999936e-05
2.235185999999999914e-05
2.223265000000000134e-05
2.214324000000000113e-05
2.205383000000000091e-05
2.196443000000000139e-05
2.187502000000000118e-05
2.178561000000000096e-05
2.169621000000000144e-05
2.157700000000000026e-05
2.145778999999999907e-05
2.133858000000000128e-05
2.121937000000000009e-05
2.107036000000000133e-05
2.092134999999999918e-05
2.074252999999999874e-05
2.056371999999999901e-05
2.038489999999999858e-05
2.017629000000000126e-05
1.999747000000000083e-05
1.978886000000000013e-05
1.961003999999999970e-05
1.946103000000000093e-05
1.928222000000000120e-05
1.913320999999999905e-05
1.898420000000000028e-05
1.886498999999999910e-05
1.877557999999999888e-05
1.865637000000000109e-05
1.859676999999999915e-05
1.853715999999999990e-05
1.850735999999999893e-05
1.847756000000000135e-05
1.844774999999999968e-05
1.844774999999999968e-05
1.841794999999999872e-05
1.838815000000000114e-05
1.838815000000000114e-05
1.835835000000000017e-05
1.829874000000000092e-05
1.826893999999999995e-05
1.820934000000000140e-05
1.817952999999999973e-05
1.817952999999999973e-05
1.814972999999999877e-05
1.814972999999999877e-05
1.814972999999999877e-05
1.817952999999999973e-05
1.817952999999999973e-05
1.820934000000000140e-05
1.820934000000000140e-05
1.823913999999999898e-05
1.823913999999999898e-05
1.823913999999999898e-05
1.826893999999999995e-05
1.829874000000000092e-05
1.832853999999999850e-05
1.835835000000000017e-05
1.838815000000000114e-05
1.838815000000000114e-05
1.841794999999999872e-05
1.841794999999999872e-05
1.841794999999999872e-05
1.841794999999999872e-05
1.838815000000000114e-05
1.835835000000000017e-05
1.832853999999999850e-05
1.832853999999999850e-05
1.829874000000000092e-05
1.823913999999999898e-05
1.817952999999999973e-05
1.811993000000000119e-05
1.806031999999999855e-05
1.797091999999999903e-05
1.788150999999999882e-05
1.779209999999999860e-05
1.767289000000000080e-05
1.752387999999999865e-05
1.740467000000000086e-05
1.725565999999999870e-05
1.710664999999999994e-05
1.695764000000000117e-05
1.680862999999999902e-05
1.665960999999999956e-05
1.654040999999999907e-05
1.639138999999999961e-05
1.627217999999999842e-05
1.615298000000000132e-05
1.600395999999999847e-05
1.588475000000000068e-05
1.576553999999999949e-05
1.564633999999999901e-05
1.552713000000000121e-05
1.540792000000000003e-05
1.528870999999999884e-05
1.513963999999999927e-05
1.502042999999999978e-05
1.490122000000000029e-05
1.478201000000000080e-05
1.466279999999999961e-05
1.454359000000000012e-05
1.442438000000000063e-05
1.433497999999999942e-05
1.424556999999999920e-05
1.418595999999999995e-05
1.412635999999999971e-05
1.406675000000000046e-05
1.400715000000000022e-05
1.394754999999999998e-05
1.385813999999999976e-05
1.376872999999999955e-05
1.370912999999999930e-05
1.361972000000000078e-05
1.353031000000000057e-05
1.347071000000000032e-05
1.341109999999999938e-05
1.335150000000000083e-05
1.332169999999999986e-05
1.329188999999999989e-05
1.326209000000000062e-05
1.326209000000000062e-05
1.326209000000000062e-05
1.326209000000000062e-05
1.326209000000000062e-05
1.326209000000000062e-05
1.329188999999999989e-05
1.329188999999999989e-05
1.329188999999999989e-05
1.329188999999999989e-05
1.326209000000000062e-05
1.323228999999999965e-05
1.317268000000000040e-05
1.311308000000000016e-05
1.302366999999999994e-05
1.293427000000000042e-05
1.281505999999999924e-05
1.269584999999999975e-05
1.254683999999999929e-05
1.236802000000000055e-05
1.218921000000000082e-05
1.204020000000000036e-05
1.189117999999999920e-05
1.174217000000000044e-05
1.159315999999999998e-05
1.147395000000000049e-05
1.135473999999999930e-05
1.126533999999999979e-05
1.114613000000000030e-05
1.102692000000000080e-05
1.090770999999999962e-05
1.078850000000000013e-05
1.063948999999999967e-05
1.052028000000000018e-05
1.037126999999999972e-05
1.022225000000000026e-05
1.007323999999999980e-05
9.924231999999999818e-06
9.745418000000000822e-06
9.596405999999999884e-06
9.477196999999999786e-06
9.328185000000000543e-06
9.208976000000000444e-06
9.089767000000000346e-06
9.000360000000000001e-06
8.910952999999999656e-06
8.851348000000000757e-06
8.821545999999999310e-06
8.791743000000000165e-06
8.791743000000000165e-06
8.791743000000000165e-06
8.851348000000000757e-06
8.940754999999999409e-06
9.030161999999999754e-06
9.119569000000000099e-06
9.238778000000000197e-06
9.328185000000000543e-06
9.447394000000000641e-06
9.506998999999999539e-06
9.596405999999999884e-06
9.656011000000000477e-06
9.745418000000000822e-06
9.805022000000000328e-06
9.894429000000000673e-06
9.954033999999999571e-06
1.007323999999999980e-05
1.016265000000000001e-05
1.025206000000000023e-05
1.034145999999999975e-05
1.043086999999999996e-05
1.046066999999999924e-05
1.052028000000000018e-05
1.052028000000000018e-05
1.055007999999999945e-05
1.055007999999999945e-05
1.052028000000000018e-05
1.049047999999999921e-05
1.043086999999999996e-05
1.034145999999999975e-05
1.022225000000000026e-05
1.010304999999999977e-05
9.954033999999999571e-06
9.834824999999999473e-06
9.685813000000000230e-06
9.566604000000000131e-06
9.387789999999999441e-06
9.268579999999999950e-06
9.149370999999999852e-06
9.030161999999999754e-06
8.910952999999999656e-06
8.791743000000000165e-06
8.672534000000000067e-06
8.583126999999999722e-06
8.463917999999999624e-06
8.374510999999999278e-06
8.255301999999999180e-06
8.136091999999999690e-06
8.016882999999999591e-06
7.927475999999999246e-06
7.808267000000000842e-06
7.689056999999999657e-06
7.599620999999999994e-06
7.510213999999999649e-06
7.391005000000000398e-06
7.331399999999999805e-06
7.241993000000000307e-06
7.182388999999999954e-06
7.092981999999999609e-06
7.033376999999999864e-06
6.973773000000000358e-06
6.914167999999999765e-06
6.824761000000000267e-06
6.765155999999999675e-06
6.675749000000000177e-06
6.556540000000000078e-06
6.496935000000000333e-06
6.407527999999999988e-06
6.288318999999999890e-06
6.228714000000000145e-06
6.139308000000000039e-06
6.049900999999999693e-06
5.960494000000000195e-06
5.841283999999999858e-06
5.722074999999999759e-06
5.602865999999999661e-06
5.453854000000000418e-06
5.275039999999999727e-06
5.126028999999999876e-06
4.947215000000000033e-06
4.738598000000000197e-06
4.559784000000000353e-06
4.410772999999999655e-06
4.231958999999999812e-06
4.082946999999999721e-06
3.963737999999999623e-06
3.844529000000000372e-06
3.725305000000000071e-06
3.635898000000000150e-06
3.576292999999999981e-06
3.486886000000000059e-06
3.457083999999999883e-06
3.427282000000000130e-06
3.397479000000000137e-06
3.337875000000000208e-06
3.337875000000000208e-06
3.337875000000000208e-06
3.337875000000000208e-06
3.337875000000000208e-06
3.337875000000000208e-06
3.337875000000000208e-06
3.337875000000000208e-06
3.367676999999999961e-06
3.367676999999999961e-06
3.367676999999999961e-06
3.367676999999999961e-06
3.367676999999999961e-06
3.337875000000000208e-06
3.308071999999999792e-06
3.278270000000000039e-06
3.248467999999999863e-06
3.159060999999999941e-06
3.099456000000000196e-06
3.039851000000000027e-06
2.950444000000000105e-06
2.861037999999999999e-06
2.771631000000000078e-06
2.682224000000000156e-06
2.592816999999999811e-06
2.533212000000000065e-06
2.443805000000000144e-06
2.384199999999999975e-06
2.294793000000000053e-06
2.205386000000000131e-06
2.145782000000000202e-06
2.026571999999999864e-06
1.907363000000000190e-06
1.788146999999999898e-06
1.639135000000000020e-06
1.490122999999999929e-06
1.311309000000000086e-06
1.132496000000000058e-06
9.238755999999999590e-07
7.450616999999999489e-07
5.066431000000000112e-07
3.278273999999999832e-07
1.490124999999999984e-07
-5.960510000000000213e-08
-2.682227000000000027e-07
-4.470367000000000050e-07
-6.258524000000000330e-07
-8.046663000000000431e-07
-9.834839000000000283e-07
-1.162298000000000023e-06
-1.341112000000000078e-06
-1.490122999999999929e-06
-1.609333000000000055e-06
-1.728541999999999941e-06
-1.847751000000000040e-06
-1.937166000000000182e-06
-2.056374999999999857e-06
-2.145782000000000202e-06
-2.235189000000000124e-06
-2.354397999999999798e-06
-2.443805000000000144e-06
-2.533212000000000065e-06
-2.622618999999999987e-06
-2.712025999999999909e-06
-2.801432999999999831e-06
-2.890840000000000176e-06
-2.980247000000000098e-06
-3.069654000000000019e-06
-3.188863000000000118e-06
-3.308071999999999792e-06
-3.397479000000000137e-06
-3.516689000000000051e-06
-3.635898000000000150e-06
-3.755106999999999824e-06
-3.874331000000000125e-06
-3.993540000000000223e-06
-4.142552000000000314e-06
-4.261761000000000412e-06
-4.410772999999999655e-06
-4.529981999999999753e-06
-4.678993999999999844e-06
-4.828004999999999695e-06
-4.977016999999999786e-06
-5.126028999999999876e-06
-5.275039999999999727e-06
-5.424051999999999818e-06
-5.543260999999999916e-06
-5.692273000000000006e-06
-5.781680000000000352e-06
-5.871086999999999850e-06
-5.960494000000000195e-06
-5.990295999999999948e-06
-6.020097999999999701e-06
-6.049900999999999693e-06
-6.020097999999999701e-06
-6.020097999999999701e-06
-5.990295999999999948e-06
-5.960494000000000195e-06
-5.900888999999999603e-06
-5.871086999999999850e-06
-5.841283999999999858e-06
-5.811482000000000105e-06
-5.781680000000000352e-06
-5.781680000000000352e-06
-5.781680000000000352e-06
-5.811482000000000105e-06
-5.841283999999999858e-06
-5.900888999999999603e-06
-5.960494000000000195e-06
-6.020097999999999701e-06
-6.109505000000000046e-06
-6.169109999999999792e-06
-6.228714000000000145e-06
-6.288318999999999890e-06
-6.377726000000000235e-06
-6.437330999999999980e-06
-6.526738000000000326e-06
-6.586341999999999831e-06
-6.675749000000000177e-06
-6.735353999999999922e-06
-6.824761000000000267e-06
-6.914167999999999765e-06
-7.003575000000000111e-06
-7.092981999999999609e-06
-7.152585999999999962e-06
-7.241993000000000307e-06
-7.361202999999999798e-06
-7.450610000000000143e-06
-7.540016999999999641e-06
-7.659254999999999904e-06
-7.748662000000000250e-06
-7.838069000000000595e-06
-7.957278000000000693e-06
-8.016882999999999591e-06
-8.136091999999999690e-06
-8.225499000000000035e-06
-8.344708000000000133e-06
-8.434115000000000478e-06
-8.553324999999999969e-06
-8.672534000000000067e-06
-8.791743000000000165e-06
-8.910952999999999656e-06
-9.059963999999999507e-06
-9.208976000000000444e-06
-9.357987000000000296e-06
-9.506998999999999539e-06
-9.685813000000000230e-06
-9.834824999999999473e-06
-1.004344000000000052e-05
-1.022225000000000026e-05
-1.040107000000000069e-05
-1.060967999999999970e-05
-1.078850000000000013e-05
-1.099711999999999984e-05
-1.120573000000000054e-05
-1.138454999999999928e-05
-1.159315999999999998e-05
-1.180177999999999968e-05
-1.201039000000000039e-05
-1.218921000000000082e-05
-1.236802000000000055e-05
-1.254683999999999929e-05
-1.272565000000000072e-05
-1.290446000000000045e-05
-1.308327999999999919e-05
-1.326209000000000062e-05
-1.344090999999999935e-05
-1.361972000000000078e-05
-1.379853000000000051e-05
-1.397734999999999925e-05
-1.415616000000000068e-05
-1.433497999999999942e-05
-1.451379000000000085e-05
-1.469260000000000058e-05
-1.487141999999999932e-05
-1.505023000000000074e-05
-1.522904000000000048e-05
-1.540792000000000003e-05
-1.555692999999999879e-05
-1.573573999999999852e-05
-1.588475000000000068e-05
-1.600395999999999847e-05
-1.615298000000000132e-05
-1.627217999999999842e-05
-1.639138999999999961e-05
-1.648079999999999982e-05
-1.657021000000000004e-05
-1.668942000000000122e-05
-1.677882000000000074e-05
-1.686823000000000096e-05
-1.695764000000000117e-05
-1.701723999999999972e-05
-1.710664999999999994e-05
-1.716624999999999849e-05
-1.722586000000000112e-05
-1.728545999999999967e-05
-1.734506999999999892e-05
-1.740467000000000086e-05
-1.746428000000000010e-05
-1.752387999999999865e-05
-1.758349000000000129e-05
-1.764308999999999984e-05
-1.770269999999999908e-05
-1.776230000000000102e-05
-1.782191000000000027e-05
-1.791130999999999979e-05
-1.797091999999999903e-05
-1.806031999999999855e-05
-1.811993000000000119e-05
-1.820934000000000140e-05
-1.832853999999999850e-05
-1.841794999999999872e-05
-1.856696000000000087e-05
-1.868616999999999867e-05
-1.883518000000000082e-05
-1.895438999999999861e-05
-1.910341000000000147e-05
-1.928222000000000120e-05
-1.943122999999999996e-05
-1.961003999999999970e-05
-1.978886000000000013e-05
-1.996766999999999986e-05
-2.014649000000000030e-05
-2.035510000000000100e-05
-2.053392000000000143e-05
-2.074252999999999874e-05
-2.095115000000000014e-05
-2.115977000000000155e-05
-2.136837999999999886e-05
-2.157700000000000026e-05
-2.178561000000000096e-05
-2.202402999999999994e-05
-2.223265000000000134e-05
-2.247107000000000032e-05
-2.270948999999999930e-05
-2.297770999999999925e-05
-2.321613000000000162e-05
-2.348435000000000157e-05
-2.375257000000000152e-05
-2.405058999999999905e-05
-2.431880999999999900e-05
-2.461682999999999992e-05
-2.491486000000000154e-05
-2.521287999999999906e-05
-2.551089999999999998e-05
-2.580893000000000160e-05
-2.610694999999999913e-05
-2.637516999999999908e-05
-2.667319000000000000e-05
-2.697122000000000161e-05
-2.726923999999999914e-05
-2.753745999999999909e-05
-2.783549000000000071e-05
-2.810371000000000066e-05
-2.837193000000000061e-05
-2.864015000000000056e-05
-2.890837000000000051e-05
-2.917659000000000046e-05
-2.941500999999999944e-05
-2.965342999999999842e-05
-2.989185000000000079e-05
-3.010046000000000149e-05
-3.033888000000000047e-05
-3.054760999999999940e-05
-3.075622999999999741e-05
-3.096485000000000220e-05
-3.114366000000000194e-05
-3.132247000000000167e-05
-3.150129000000000210e-05
-3.168010000000000184e-05
-3.182910999999999721e-05
-3.197811999999999936e-05
-3.212714000000000222e-05
-3.227614999999999759e-05
-3.242515999999999975e-05
-3.254436999999999754e-05
-3.269337999999999970e-05
-3.284239000000000185e-05
-3.299139999999999723e-05
-3.314042000000000008e-05
-3.331922999999999981e-05
-3.346824000000000196e-05
-3.367685999999999998e-05
-3.385566999999999971e-05
-3.403447999999999944e-05
-3.427290000000000181e-05
-3.445172000000000224e-05
-3.469013999999999784e-05
-3.489875000000000193e-05
-3.510736999999999994e-05
-3.534579000000000231e-05
-3.552460000000000204e-05
-3.573322000000000005e-05
-3.594182999999999737e-05
-3.612064999999999780e-05
-3.626965999999999995e-05
-3.644846999999999969e-05
-3.659748000000000184e-05
-3.671668999999999964e-05
-3.686571000000000249e-05
-3.698490999999999958e-05
-3.707431999999999980e-05
-3.719352999999999760e-05
-3.728293999999999781e-05
-3.737234999999999803e-05
-3.746174999999999755e-05
-3.752136000000000018e-05
-3.761075999999999970e-05
-3.767037000000000234e-05
-3.772996999999999750e-05
-3.778958000000000013e-05
-3.787897999999999965e-05
-3.793859000000000229e-05
-3.796838999999999987e-05
-3.802800000000000250e-05
-3.808759999999999766e-05
-3.814721000000000030e-05
-3.817700999999999788e-05
-3.823660999999999981e-05
-3.826640999999999739e-05
-3.829622000000000245e-05
-3.832602000000000003e-05
-3.835581999999999761e-05
-3.838562000000000197e-05
-3.838562000000000197e-05
-3.841543000000000025e-05
-3.844522999999999783e-05
-3.844522999999999783e-05
-3.844522999999999783e-05
-3.844522999999999783e-05
-3.841543000000000025e-05
-3.838562000000000197e-05
-3.838562000000000197e-05
-3.835581999999999761e-05
-3.835581999999999761e-05
-3.832602000000000003e-05
-3.832602000000000003e-05
-3.829622000000000245e-05
-3.829622000000000245e-05
-3.823660999999999981e-05
-3.823660999999999981e-05
-3.820681000000000223e-05
-3.820681000000000223e-05
-3.817700999999999788e-05
-3.817700999999999788e-05
-3.814721000000000030e-05
-3.811740000000000202e-05
-3.811740000000000202e-05
-3.808759999999999766e-05
-3.808759999999999766e-05
-3.805780000000000008e-05
-3.805780000000000008e-05
-3.805780000000000008e-05
-3.805780000000000008e-05
-3.805780000000000008e-05
-3.805780000000000008e-05
-3.805780000000000008e-05
-3.805780000000000008e-05
-3.805780000000000008e-05
-3.805780000000000008e-05
-3.805780000000000008e-05
-3.805780000000000008e-05
-3.805780000000000008e-05
-3.808759999999999766e-05
-3.808759999999999766e-05
-3.808759999999999766e-05
-3.808759999999999766e-05
-3.811740000000000202e-05
-3.811740000000000202e-05
-3.811740000000000202e-05
-3.811740000000000202e-05
-3.814721000000000030e-05
-3.817700999999999788e-05
-3.817700999999999788e-05
-3.817700999999999788e-05
-3.820681000000000223e-05
-3.820681000000000223e-05
-3.820681000000000223e-05
-3.820681000000000223e-05
-3.820681000000000223e-05
-3.817700999999999788e-05
-3.817700999999999788e-05
-3.814721000000000030e-05
-3.811740000000000202e-05
-3.811740000000000202e-05
-3.808759999999999766e-05
-3.808759999999999766e-05
-3.805780000000000008e-05
-3.805780000000000008e-05
-3.805780000000000008e-05
-3.805780000000000008e-05
-3.802800000000000250e-05
-3.802800000000000250e-05
-3.802800000000000250e-05
-3.802800000000000250e-05
-3.802800000000000250e-05
-3.802800000000000250e-05
-3.802800000000000250e-05
-3.805780000000000008e-05
-3.805780000000000008e-05
-3.805780000000000008e-05
-3.805780000000000008e-05
-3.805780000000000008e-05
-3.808759999999999766e-05
-3.808759999999999766e-05
-3.808759999999999766e-05
-3.808759999999999766e-05
-3.808759999999999766e-05
-3.811740000000000202e-05
-3.811740000000000202e-05
-3.811740000000000202e-05
-3.811740000000000202e-05
-3.811740000000000202e-05
-3.811740000000000202e-05
-3.814721000000000030e-05
-3.814721000000000030e-05
-3.817700999999999788e-05
-3.817700999999999788e-05
-3.817700999999999788e-05
-3.820681000000000223e-05
-3.820681000000000223e-05
-3.820681000000000223e-05
-3.820681000000000223e-05
-3.823660999999999981e-05
-3.823660999999999981e-05
-3.823660999999999981e-05
-3.823660999999999981e-05
-3.823660999999999981e-05
-3.823660999999999981e-05
-3.823660999999999981e-05
-3.823660999999999981e-05
-3.823660999999999981e-05
-3.823660999999999981e-05
-3.823660999999999981e-05
-3.823660999999999981e-05
-3.823660999999999981e-05
-3.823660999999999981e-05
-3.823660999999999981e-05
-3.823660999999999981e-05
-3.823660999999999981e-05
-3.823660999999999981e-05
-3.823660999999999981e-05
-3.823660999999999981e-05
-3.823660999999999981e-05
-3.823660999999999981e-05
-3.823660999999999981e-05
-3.823660999999999981e-05
-3.826640999999999739e-05
-3.826640999999999739e-05
-3.826640999999999739e-05
-3.826640999999999739e-05
-3.829622000000000245e-05
-3.829622000000000245e-05
-3.829622000000000245e-05
-3.832602000000000003e-05
-3.832602000000000003e-05
-3.832602000000000003e-05
-3.832602000000000003e-05
-3.832602000000000003e-05
-3.832602000000000003e-05
-3.832602000000000003e-05
-3.832602000000000003e-05
-3.832602000000000003e-05
-3.832602000000000003e-05
-3.832602000000000003e-05
-3.832602000000000003e-05
-3.832602000000000003e-05
-3.829622000000000245e-05
-3.829622000000000245e-05
-3.829622000000000245e-05
-3.829622000000000245e-05
-3.826640999999999739e-05
-3.823660999999999981e-05
-3.823660999999999981e-05
-3.823660999999999981e-05
-3.823660999999999981e-05
-3.823660999999999981e-05
-3.823660999999999981e-05
-3.823660999999999981e-05
-3.823660999999999981e-05
-3.823660999999999981e-05
-3.823660999999999981e-05
-3.823660999999999981e-05
-3.823660999999999981e-05
-3.823660999999999981e-05
-3.823660999999999981e-05
-3.823660999999999981e-05
-3.823660999999999981e-05
-3.823660999999999981e-05
-3.823660999999999981e-05
-3.823660999999999981e-05
-3.823660999999999981e-05
-3.823660999999999981e-05
-3.823660999999999981e-05
-3.823660999999999981e-05
-3.823660999999999981e-05
-3.823660999999999981e-05
-3.823660999999999981e-05
-3.826640999999999739e-05
-3.826640999999999739e-05
-3.826640999999999739e-05
-3.829622000000000245e-05
-3.829622000000000245e-05
-3.829622000000000245e-05
-3.829622000000000245e-05
-3.829622000000000245e-05
-3.829622000000000245e-05
-3.829622000000000245e-05
-3.829622000000000245e-05
-3.829622000000000245e-05
-3.829622000000000245e-05
-3.829622000000000245e-05
-3.826640999999999739e-05
-3.826640999999999739e-05
-3.823660999999999981e-05
-3.823660999999999981e-05
-3.823660999999999981e-05
-3.823660999999999981e-05
-3.820681000000000223e-05
-3.820681000000000223e-05
-3.820681000000000223e-05
-3.820681000000000223e-05
-3.820681000000000223e-05
-3.820681000000000223e-05
-3.820681000000000223e-05
-3.820681000000000223e-05
-3.820681000000000223e-05
-3.820681000000000223e-05
-3.820681000000000223e-05
-3.820681000000000223e-05
-3.820681000000000223e-05
-3.820681000000000223e-05
-3.820681000000000223e-05
-3.820681000000000223e-05
-3.820681000000000223e-05
-3.820681000000000223e-05
-3.820681000000000223e-05
-3.820681000000000223e-05
-3.820681000000000223e-05
-3.820681000000000223e-05
-3.820681000000000223e-05
-3.820681000000000223e-05
-3.820681000000000223e-05
-3.820681000000000223e-05
-3.820681000000000223e-05
-3.820681000000000223e-05
-3.820681000000000223e-05
-3.820681000000000223e-05
-3.820681000000000223e-05
-3.820681000000000223e-05
-3.820681000000000223e-05
-3.820681000000000223e-05
-3.817700999999999788e-05
-3.817700999999999788e-05
-3.817700999999999788e-05
-3.814721000000000030e-05
-3.814721000000000030e-05
-3.811740000000000202e-05
-3.811740000000000202e-05
-3.808759999999999766e-05
-3.808759999999999766e-05
-3.805780000000000008e-05
-3.805780000000000008e-05
-3.802800000000000250e-05
-3.802800000000000250e-05
-3.802800000000000250e-05
-3.799818999999999745e-05
-3.796838999999999987e-05
-3.796838999999999987e-05
-3.796838999999999987e-05
-3.793859000000000229e-05
-3.793859000000000229e-05
-3.793859000000000229e-05
-3.790878999999999793e-05
-3.790878999999999793e-05
-3.790878999999999793e-05
-3.790878999999999793e-05
-3.787897999999999965e-05
-3.787897999999999965e-05
-3.784918000000000207e-05
-3.784918000000000207e-05
-3.781937999999999771e-05
-3.781937999999999771e-05
-3.781937999999999771e-05
-3.781937999999999771e-05
-3.781937999999999771e-05
-3.784918000000000207e-05
-3.787897999999999965e-05
-3.787897999999999965e-05
-3.790878999999999793e-05
-3.790878999999999793e-05
-3.793859000000000229e-05
-3.793859000000000229e-05
-3.796838999999999987e-05
-3.796838999999999987e-05
-3.799818999999999745e-05
-3.802800000000000250e-05
-3.802800000000000250e-05
-3.805780000000000008e-05
-3.805780000000000008e-05
-3.805780000000000008e-05
-3.805780000000000008e-05
-3.808759999999999766e-05
-3.808759999999999766e-05
-3.808759999999999766e-05
-3.808759999999999766e-05
-3.811740000000000202e-05
-3.811740000000000202e-05
-3.808759999999999766e-05
-3.808759999999999766e-05
-3.808759999999999766e-05
-3.808759999999999766e-05
-3.805780000000000008e-05
-3.805780000000000008e-05
-3.805780000000000008e-05
-3.802800000000000250e-05
-3.802800000000000250e-05
-3.802800000000000250e-05
-3.802800000000000250e-05
-3.802800000000000250e-05
-3.802800000000000250e-05
-3.802800000000000250e-05
-3.802800000000000250e-05
-3.802800000000000250e-05
-3.802800000000000250e-05
-3.805780000000000008e-05
-3.805780000000000008e-05
-3.805780000000000008e-05
-3.805780000000000008e-05
-3.805780000000000008e-05
-3.805780000000000008e-05
-3.805780000000000008e-05
-3.808759999999999766e-05
-3.808759999999999766e-05
-3.808759999999999766e-05
-3.811740000000000202e-05
-3.811740000000000202e-05
-3.814721000000000030e-05
-3.817700999999999788e-05
-3.817700999999999788e-05
-3.817700999999999788e-05
-3.817700999999999788e-05
-3.817700999999999788e-05
-3.814721000000000030e-05
-3.811740000000000202e-05
-3.811740000000000202e-05
-3.808759999999999766e-05
-3.808759999999999766e-05
-3.805780000000000008e-05
-3.805780000000000008e-05
-3.805780000000000008e-05
-3.802800000000000250e-05
-3.802800000000000250e-05
-3.802800000000000250e-05
-3.802800000000000250e-05
-3.802800000000000250e-05
-3.805780000000000008e-05
-3.805780000000000008e-05
-3.805780000000000008e-05
-3.805780000000000008e-05
-3.805780000000000008e-05
-3.805780000000000008e-05
-3.805780000000000008e-05
-3.805780000000000008e-05
-3.808759999999999766e-05
-3.808759999999999766e-05
-3.808759999999999766e-05
-3.808759999999999766e-05
-3.808759999999999766e-05
-3.811740000000000202e-05
-3.811740000000000202e-05
-3.811740000000000202e-05
-3.811740000000000202e-05
-3.811740000000000202e-05
-3.811740000000000202e-05
-3.808759999999999766e-05
-3.808759999999999766e-05
-3.808759999999999766e-05
-3.805780000000000008e-05
-3.805780000000000008e-05
-3.805780000000000008e-05
-3.802800000000000250e-05
-3.802800000000000250e-05
-3.802800000000000250e-05
-3.799818999999999745e-05
-3.799818999999999745e-05
-3.796838999999999987e-05
-3.796838999999999987e-05
-3.796838999999999987e-05
-3.796838999999999987e-05
-3.796838999999999987e-05
-3.796838999999999987e-05
-3.796838999999999987e-05
-3.796838999999999987e-05
-3.796838999999999987e-05
-3.799818999999999745e-05
-3.799818999999999745e-05
-3.799818999999999745e-05
-3.802800000000000250e-05
-3.802800000000000250e-05
-3.802800000000000250e-05
-3.802800000000000250e-05
-3.802800000000000250e-05
-3.802800000000000250e-05
-3.802800000000000250e-05
-3.805780000000000008e-05
-3.805780000000000008e-05
-3.805780000000000008e-05
-3.805780000000000008e-05
-3.808759999999999766e-05
-3.808759999999999766e-05
-3.808759999999999766e-05
-3.811740000000000202e-05
-3.814721000000000030e-05
-3.817700999999999788e-05
-3.817700999999999788e-05
-3.820681000000000223e-05
-3.820681000000000223e-05
-3.823660999999999981e-05
-3.823660999999999981e-05
-3.826640999999999739e-05
-3.829622000000000245e-05
-3.829622000000000245e-05
-3.832602000000000003e-05
-3.832602000000000003e-05
-3.835581999999999761e-05
-3.835581999999999761e-05
-3.835581999999999761e-05
-3.835581999999999761e-05
-3.835581999999999761e-05
-3.835581999999999761e-05
-3.835581999999999761e-05
-3.835581999999999761e-05
-3.832602000000000003e-05
-3.832602000000000003e-05
-3.832602000000000003e-05
-3.829622000000000245e-05
-3.829622000000000245e-05
-3.826640999999999739e-05
-3.823660999999999981e-05
-3.823660999999999981e-05
-3.823660999999999981e-05
-3.820681000000000223e-05
-3.820681000000000223e-05
-3.820681000000000223e-05
-3.820681000000000223e-05
-3.820681000000000223e-05
-3.820681000000000223e-05
-3.820681000000000223e-05
-3.820681000000000223e-05
-3.820681000000000223e-05
-3.823660999999999981e-05
-3.823660999999999981e-05
-3.823660999999999981e-05
-3.826640999999999739e-05
-3.829622000000000245e-05
-3.829622000000000245e-05
-3.829622000000000245e-05
-3.832602000000000003e-05
-3.832602000000000003e-05
-3.832602000000000003e-05
-3.832602000000000003e-05
-3.835581999999999761e-05
-3.835581999999999761e-05
-3.835581999999999761e-05
-3.835581999999999761e-05
-3.835581999999999761e-05
-3.835581999999999761e-05
-3.832602000000000003e-05
-3.832602000000000003e-05
-3.829622000000000245e-05
-3.829622000000000245e-05
-3.823660999999999981e-05
-3.823660999999999981e-05
-3.820681000000000223e-05
-3.817700999999999788e-05
-3.814721000000000030e-05
-3.811740000000000202e-05
-3.811740000000000202e-05
-3.808759999999999766e-05
-3.808759999999999766e-05
-3.808759999999999766e-05
-3.805780000000000008e-05
-3.805780000000000008e-05
-3.805780000000000008e-05
-3.805780000000000008e-05
-3.805780000000000008e-05
-3.805780000000000008e-05
-3.802800000000000250e-05
-3.802800000000000250e-05
-3.802800000000000250e-05
-3.802800000000000250e-05
-3.802800000000000250e-05
-3.802800000000000250e-05
-3.802800000000000250e-05
-3.805780000000000008e-05
-3.805780000000000008e-05
-3.805780000000000008e-05
-3.808759999999999766e-05
-3.808759999999999766e-05
-3.808759999999999766e-05
-3.811740000000000202e-05
-3.811740000000000202e-05
-3.814721000000000030e-05
-3.817700999999999788e-05
-3.820681000000000223e-05
-3.820681000000000223e-05
-3.823660999999999981e-05
-3.823660999999999981e-05
-3.823660999999999981e-05
-3.826640999999999739e-05
-3.829622000000000245e-05
-3.829622000000000245e-05
-3.832602000000000003e-05
-3.832602000000000003e-05
-3.835581999999999761e-05
-3.835581999999999761e-05
-3.838562000000000197e-05
-3.838562000000000197e-05
-3.841543000000000025e-05
-3.844522999999999783e-05
-3.844522999999999783e-05
-3.847503000000000218e-05
-3.847503000000000218e-05
-3.850482999999999976e-05
-3.850482999999999976e-05
-3.853463999999999804e-05
-3.853463999999999804e-05
-3.856444000000000240e-05
-3.859423999999999998e-05
-3.859423999999999998e-05
-3.862403999999999756e-05
-3.862403999999999756e-05
-3.865384000000000192e-05
-3.865384000000000192e-05
-3.868365000000000020e-05
-3.871344999999999778e-05
-3.874325000000000213e-05
-3.877304999999999971e-05
-3.877304999999999971e-05
-3.880285999999999799e-05
-3.883266000000000235e-05
-3.883266000000000235e-05
-3.886245999999999993e-05
-3.886245999999999993e-05
-3.886245999999999993e-05
-3.886245999999999993e-05
-3.886245999999999993e-05
-3.886245999999999993e-05
-3.883266000000000235e-05
-3.880285999999999799e-05
-3.877304999999999971e-05
-3.877304999999999971e-05
-3.874325000000000213e-05
-3.871344999999999778e-05
-3.871344999999999778e-05
-3.868365000000000020e-05
-3.868365000000000020e-05
-3.868365000000000020e-05
-3.868365000000000020e-05
-3.868365000000000020e-05
-3.868365000000000020e-05
-3.868365000000000020e-05
-3.865384000000000192e-05
-3.865384000000000192e-05
-3.862403999999999756e-05
-3.862403999999999756e-05
-3.859423999999999998e-05
-3.859423999999999998e-05
-3.859423999999999998e-05
-3.856444000000000240e-05
-3.856444000000000240e-05
-3.853463999999999804e-05
-3.853463999999999804e-05
-3.853463999999999804e-05
-3.853463999999999804e-05
-3.853463999999999804e-05
-3.853463999999999804e-05
-3.856444000000000240e-05
-3.859423999999999998e-05
-3.859423999999999998e-05
-3.862403999999999756e-05
