3.120619999999999948e-04
3.119129999999999798e-04
3.118236000000000141e-04
3.117640000000000190e-04
3.117044000000000238e-04
3.116745999999999991e-04
3.116745999999999991e-04
3.116745999999999991e-04
3.117044000000000238e-04
3.117044000000000238e-04
3.117044000000000238e-04
3.116745999999999991e-04
3.116745999999999991e-04
3.116446999999999946e-04
3.116149000000000241e-04
3.115552999999999747e-04
3.114956999999999795e-04
3.114360999999999844e-04
3.113467000000000188e-04
3.112274999999999742e-04
3.110785000000000134e-04
3.108699000000000033e-04
3.106612999999999931e-04
3.104229000000000124e-04
3.101545999999999730e-04
3.098864000000000219e-04
3.095883999999999919e-04
3.092904000000000161e-04
3.090220999999999767e-04
3.087539000000000255e-04
3.084857000000000202e-04
3.082472999999999854e-04
3.080089000000000047e-04
3.077703999999999900e-04
3.075617999999999798e-04
3.073829999999999943e-04
3.072339999999999793e-04
3.070850000000000185e-04
3.069657999999999740e-04
3.068465999999999837e-04
3.067572000000000181e-04
3.066976000000000229e-04
3.066082000000000030e-04
3.065486000000000079e-04
3.064591000000000082e-04
3.064292999999999835e-04
3.063696999999999883e-04
3.063100999999999931e-04
3.062803000000000227e-04
3.062206999999999733e-04
3.061610999999999781e-04
3.060717000000000125e-04
3.060121000000000173e-04
3.058929000000000270e-04
3.057736999999999825e-04
3.056247000000000217e-04
3.054458999999999820e-04
3.052371999999999919e-04
3.049689999999999866e-04
3.047007999999999813e-04
3.044028000000000055e-04
3.040750000000000050e-04
3.036874999999999753e-04
3.033299000000000043e-04
3.029126999999999840e-04
3.025252000000000084e-04
3.021079999999999881e-04
3.016908000000000220e-04
3.012735000000000218e-04
3.008563000000000014e-04
3.004986999999999762e-04
3.001411000000000053e-04
2.998429999999999954e-04
2.995747999999999901e-04
2.993065999999999847e-04
2.990979999999999746e-04
2.989191999999999891e-04
2.987403000000000237e-04
2.985913000000000087e-04
2.984422999999999937e-04
2.982932999999999787e-04
2.981740999999999884e-04
2.980548999999999981e-04
2.979357000000000077e-04
2.978165000000000174e-04
2.976376999999999777e-04
2.974588000000000123e-04
2.972203999999999775e-04
2.969522000000000264e-04
2.966541999999999964e-04
2.963562000000000206e-04
2.960581000000000107e-04
2.957600999999999807e-04
2.954621000000000049e-04
2.951343000000000044e-04
2.948361999999999945e-04
2.945382000000000187e-04
2.942401999999999886e-04
2.939422000000000128e-04
2.936441000000000029e-04
2.933460999999999729e-04
2.930480999999999971e-04
2.927202999999999966e-04
2.923924000000000163e-04
2.920646000000000158e-04
2.917368000000000153e-04
2.913791999999999901e-04
2.909917000000000146e-04
2.906340999999999894e-04
2.902765000000000184e-04
2.899487000000000180e-04
2.895910000000000129e-04
2.892929999999999829e-04
2.890247999999999776e-04
2.887566000000000264e-04
2.885181000000000117e-04
2.882796999999999769e-04
2.880711000000000209e-04
2.878922999999999812e-04
2.877134999999999957e-04
2.874751000000000151e-04
2.872664000000000250e-04
2.870279999999999902e-04
2.867597999999999848e-04
2.865214000000000042e-04
2.862531999999999989e-04
2.860148000000000182e-04
2.857763000000000035e-04
2.855676999999999933e-04
2.853293000000000127e-04
2.851207000000000025e-04
2.849120999999999924e-04
2.847333000000000069e-04
2.845543999999999873e-04
2.844054000000000265e-04
2.842564000000000115e-04
2.841073999999999965e-04
2.839583999999999815e-04
2.837795999999999960e-04
2.836305999999999810e-04
2.834218999999999909e-04
2.832431000000000055e-04
2.830643000000000200e-04
2.828258999999999851e-04
2.826470999999999996e-04
2.824087000000000190e-04
2.822298999999999793e-04
2.820211999999999893e-04
2.818424000000000038e-04
2.816933999999999888e-04
2.815741999999999984e-04
2.814251999999999834e-04
2.813059999999999931e-04
2.812165999999999733e-04
2.810973999999999830e-04
2.809781999999999926e-04
2.808290999999999977e-04
2.806800999999999827e-04
2.805012999999999973e-04
2.803225000000000118e-04
2.801437000000000263e-04
2.799052999999999914e-04
2.796966999999999813e-04
2.794879999999999912e-04
2.792793999999999810e-04
2.790708000000000251e-04
2.788622000000000149e-04
2.786237999999999801e-04
2.784449999999999946e-04
2.782064999999999799e-04
2.779979000000000239e-04
2.777893000000000137e-04
2.775807000000000036e-04
2.773720999999999934e-04
2.772230999999999784e-04
2.770442999999999929e-04
2.768951999999999980e-04
2.767760000000000077e-04
2.766269999999999927e-04
2.765078000000000024e-04
2.763587999999999874e-04
2.762395999999999970e-04
2.761204000000000067e-04
2.760012000000000164e-04
2.758820000000000261e-04
2.757926000000000062e-04
2.756732999999999818e-04
2.755540999999999915e-04
2.754647000000000259e-04
2.753157000000000109e-04
2.751965000000000205e-04
2.750475000000000055e-04
2.748687000000000200e-04
2.746898999999999804e-04
2.745110999999999949e-04
2.743321999999999753e-04
2.741533999999999898e-04
2.739746000000000043e-04
2.738255999999999893e-04
2.736765999999999743e-04
2.735276000000000135e-04
2.733487999999999738e-04
2.731699000000000085e-04
2.729911000000000230e-04
2.728122999999999833e-04
2.726036999999999731e-04
2.723951000000000172e-04
2.721566999999999823e-04
2.719481000000000264e-04
2.717096000000000116e-04
2.715308000000000261e-04
2.712923999999999913e-04
2.711136000000000058e-04
2.709645999999999908e-04
2.708155999999999758e-04
2.706367999999999903e-04
2.704876999999999954e-04
2.703386999999999804e-04
2.701897000000000196e-04
2.700108999999999799e-04
2.698320999999999944e-04
2.696234999999999843e-04
2.694446999999999988e-04
2.692360000000000087e-04
2.690273999999999986e-04
2.688486000000000131e-04
2.686101999999999782e-04
2.684016000000000223e-04
2.681930000000000121e-04
2.679544999999999974e-04
2.676862999999999920e-04
2.674776999999999819e-04
2.672094999999999766e-04
2.669710999999999959e-04
2.667028000000000107e-04
2.664047999999999807e-04
2.661365999999999754e-04
2.658385999999999996e-04
2.655406000000000238e-04
2.652425000000000139e-04
2.649147000000000134e-04
2.645273000000000177e-04
2.641397999999999880e-04
2.637822000000000170e-04
2.634245999999999918e-04
2.630670000000000209e-04
2.627390999999999863e-04
2.624411000000000105e-04
2.621729000000000052e-04
2.619345000000000245e-04
2.617259000000000143e-04
2.615172000000000243e-04
2.613383999999999846e-04
2.611595999999999991e-04
2.609808000000000136e-04
2.607722000000000035e-04
2.605934000000000180e-04
2.603848000000000078e-04
2.601761000000000178e-04
2.599376999999999829e-04
2.596993000000000023e-04
2.594609000000000216e-04
2.591927000000000163e-04
2.589542000000000016e-04
2.586859999999999962e-04
2.584773999999999861e-04
2.582390000000000054e-04
2.580006000000000248e-04
2.577920000000000146e-04
2.575534999999999999e-04
2.573448999999999897e-04
2.571362999999999796e-04
2.569277000000000236e-04
2.566892999999999887e-04
2.564805999999999987e-04
2.562422000000000180e-04
2.560037999999999832e-04
2.557951999999999730e-04
2.555567999999999924e-04
2.553780000000000069e-04
2.551394999999999922e-04
2.549607000000000067e-04
2.547819000000000212e-04
2.546030999999999815e-04
2.544242999999999960e-04
2.542752999999999810e-04
2.540964999999999955e-04
2.539175999999999760e-04
2.537387999999999905e-04
2.535301999999999803e-04
2.532917999999999997e-04
2.530235999999999943e-04
2.527852000000000137e-04
2.525168999999999743e-04
2.522487000000000232e-04
2.519805000000000178e-04
2.517123000000000125e-04
2.514738999999999777e-04
2.512055999999999924e-04
2.509373999999999871e-04
2.506990000000000065e-04
2.504009999999999765e-04
2.501030000000000007e-04
2.498048999999999908e-04
2.495366999999999854e-04
2.492387000000000096e-04
2.489705000000000043e-04
2.487319999999999896e-04
2.484637999999999842e-04
2.482254000000000036e-04
2.479870000000000230e-04
2.477784000000000128e-04
2.475399999999999779e-04
2.473312999999999879e-04
2.470929000000000072e-04
2.469141000000000218e-04
2.467055000000000116e-04
2.465564999999999966e-04
2.464074999999999816e-04
2.462585000000000208e-04
2.461094000000000259e-04
2.459604000000000109e-04
2.458412000000000206e-04
2.456922000000000056e-04
2.455431999999999905e-04
2.453644000000000051e-04
2.451856000000000196e-04
2.450067999999999799e-04
2.448279000000000145e-04
2.446490999999999748e-04
2.444405000000000189e-04
2.442319000000000087e-04
2.440223000000000099e-04
2.438136999999999997e-04
2.436050999999999896e-04
2.434263000000000041e-04
2.431878999999999963e-04
2.430091000000000109e-04
2.428005000000000007e-04
2.425918000000000106e-04
2.424129999999999981e-04
2.422342000000000126e-04
2.420851999999999976e-04
2.419362000000000097e-04
2.417871999999999947e-04
2.416680000000000043e-04
2.415189999999999893e-04
2.413698999999999944e-04
2.412209000000000065e-04
2.410420999999999940e-04
2.408633000000000085e-04
2.406249000000000007e-04
2.404162999999999906e-04
2.401778000000000029e-04
2.399095999999999976e-04
2.396115999999999947e-04
2.393433999999999894e-04
2.390155999999999889e-04
2.386877000000000085e-04
2.383897000000000056e-04
2.380917000000000027e-04
2.377936999999999998e-04
2.374955999999999899e-04
2.371975999999999870e-04
2.368697999999999865e-04
2.366016000000000083e-04
2.363034999999999984e-04
2.360352999999999930e-04
2.357372999999999901e-04
2.354691000000000119e-04
2.352307000000000042e-04
2.349623999999999918e-04
2.346941999999999865e-04
2.344260000000000083e-04
2.341578000000000030e-04
2.338895999999999976e-04
2.336511000000000100e-04
2.334127000000000023e-04
2.331444999999999969e-04
2.328762999999999916e-04
2.326379000000000110e-04
2.323695999999999986e-04
2.321311999999999909e-04
2.318630000000000127e-04
2.315948000000000073e-04
2.313563999999999996e-04
2.310880999999999873e-04
2.308199000000000091e-04
2.306112999999999989e-04
2.303430999999999936e-04
2.301345000000000105e-04
2.299257999999999933e-04
2.297172000000000103e-04
2.295383999999999977e-04
2.293894000000000098e-04
2.292403999999999948e-04
2.290914000000000069e-04
2.289423999999999919e-04
2.287934000000000040e-04
2.286443000000000091e-04
2.284952999999999941e-04
2.283463000000000062e-04
2.281972999999999912e-04
2.280781000000000008e-04
2.279291000000000129e-04
2.277800999999999979e-04
2.276609000000000076e-04
2.275118999999999926e-04
2.273627999999999977e-04
2.272138000000000098e-04
2.270051999999999996e-04
2.268263999999999871e-04
2.266178000000000040e-04
2.264091999999999938e-04
2.261708000000000132e-04
2.259322999999999985e-04
2.256938999999999907e-04
2.254257000000000125e-04
2.251575000000000072e-04
2.248893000000000018e-04
2.246209999999999895e-04
2.243229999999999866e-04
2.240548000000000084e-04
2.237568000000000055e-04
2.234586999999999956e-04
2.231606999999999927e-04
2.228924999999999873e-04
2.225945000000000115e-04
2.223263000000000062e-04
2.220281999999999963e-04
2.217599999999999910e-04
2.214918000000000128e-04
2.211938000000000099e-04
2.209254999999999975e-04
2.206572999999999922e-04
2.203890999999999869e-04
2.201507000000000062e-04
2.199122999999999985e-04
2.196440000000000133e-04
2.193758000000000079e-04
2.191076000000000026e-04
2.188393999999999973e-04
2.185711999999999920e-04
2.183029000000000068e-04
2.180644999999999990e-04
2.177962999999999937e-04
2.175280999999999884e-04
2.172599000000000101e-04
2.169915999999999978e-04
2.167531999999999901e-04
2.165148000000000094e-04
2.162764000000000017e-04
2.160081999999999963e-04
2.157697000000000087e-04
2.155313000000000010e-04
2.152928999999999932e-04
2.150545000000000126e-04
2.148459000000000024e-04
2.146372999999999922e-04
2.144583999999999998e-04
2.142795999999999872e-04
2.141305999999999993e-04
2.139816000000000114e-04
2.138027999999999988e-04
2.136836000000000085e-04
2.135643999999999910e-04
2.133856000000000056e-04
2.132365000000000107e-04
2.130874999999999957e-04
2.129087000000000102e-04
2.127001000000000000e-04
2.124914999999999899e-04
2.122531000000000092e-04
2.120147000000000015e-04
2.117761999999999867e-04
2.115080000000000085e-04
2.112398000000000032e-04
2.109715999999999978e-04
2.106734999999999879e-04
2.103755000000000121e-04
2.100775000000000092e-04
2.097497000000000088e-04
2.094219000000000083e-04
2.090940000000000008e-04
2.087364000000000027e-04
2.083788000000000046e-04
2.080210999999999996e-04
2.076635000000000015e-04
2.073357000000000010e-04
2.070079000000000005e-04
2.066799999999999931e-04
2.064117999999999877e-04
2.061436000000000095e-04
2.058754000000000042e-04
2.056369999999999964e-04
2.053985000000000088e-04
2.051601000000000011e-04
2.048918999999999957e-04
2.046534999999999880e-04
2.043555000000000122e-04
2.040871999999999999e-04
2.037891999999999970e-04
2.034911999999999940e-04
2.031633999999999936e-04
2.028653000000000108e-04
2.025971000000000054e-04
2.023289000000000001e-04
2.020308999999999972e-04
2.017626999999999919e-04
2.014944000000000067e-04
2.012262000000000013e-04
2.009579999999999960e-04
2.006599999999999931e-04
2.003917000000000079e-04
2.001235000000000026e-04
1.998552999999999972e-04
1.995572999999999943e-04
1.992890999999999890e-04
1.990208000000000038e-04
1.987228000000000009e-04
1.984545999999999955e-04
1.981565999999999926e-04
1.978883999999999873e-04
1.976201000000000021e-04
1.973816999999999944e-04
1.971432999999999866e-04
1.968751000000000084e-04
1.966367000000000006e-04
1.964280000000000106e-04
1.961896000000000028e-04
1.959809999999999927e-04
1.957724000000000096e-04
1.955637999999999994e-04
1.953551999999999893e-04
1.951762999999999968e-04
1.949676999999999866e-04
1.947889000000000012e-04
1.945802999999999910e-04
1.943717000000000079e-04
1.941928999999999953e-04
1.939842000000000053e-04
1.937755999999999951e-04
1.935371999999999874e-04
1.933286000000000043e-04
1.930901999999999966e-04
1.928517999999999888e-04
1.926133000000000012e-04
1.923450999999999959e-04
1.920768999999999905e-04
1.918385000000000099e-04
1.915703000000000046e-04
1.913615999999999874e-04
1.911232000000000068e-04
1.909145999999999966e-04
1.907060000000000135e-04
1.905272000000000009e-04
1.903483999999999884e-04
1.901396999999999983e-04
1.899609000000000128e-04
1.897225000000000051e-04
1.895138999999999949e-04
1.892754999999999872e-04
1.890371000000000065e-04
1.887687999999999942e-04
1.884707999999999913e-04
1.882026000000000131e-04
1.879046000000000102e-04
1.876066000000000073e-04
1.872786999999999998e-04
1.869508999999999993e-04
1.866230999999999988e-04
1.862653999999999937e-04
1.859375999999999932e-04
1.855799999999999952e-04
1.852521999999999947e-04
1.849242999999999872e-04
1.845964999999999867e-04
1.842985000000000109e-04
1.839707000000000104e-04
1.836726000000000005e-04
1.833745999999999976e-04
1.830765999999999947e-04
1.827785999999999918e-04
1.824805999999999889e-04
1.822123000000000037e-04
1.819143000000000008e-04
1.816162999999999979e-04
1.813480999999999926e-04
1.810500000000000098e-04
1.807818000000000044e-04
1.805135999999999991e-04
1.802453999999999938e-04
1.800070000000000131e-04
1.797387000000000008e-04
1.794704999999999955e-04
1.792320999999999877e-04
1.789639000000000095e-04
1.787255000000000018e-04
1.784869999999999870e-04
1.782486000000000064e-04
1.780101999999999986e-04
1.777717999999999909e-04
1.775632000000000078e-04
1.773246999999999931e-04
1.770564999999999878e-04
1.768479000000000047e-04
1.766094999999999970e-04
1.763710999999999892e-04
1.761327000000000086e-04
1.759239999999999914e-04
1.757154000000000083e-04
1.755067999999999982e-04
1.752981999999999880e-04
1.751194000000000025e-04
1.749405999999999899e-04
1.747318999999999999e-04
1.745232999999999897e-04
1.742849000000000091e-04
1.740465000000000013e-04
1.737782999999999960e-04
1.735100999999999907e-04
1.732120000000000079e-04
1.729140000000000050e-04
1.725862000000000045e-04
1.722584000000000040e-04
1.719304999999999965e-04
1.716026999999999960e-04
1.713046999999999931e-04
1.710364999999999878e-04
1.707384000000000050e-04
1.704999999999999973e-04
1.702615999999999895e-04
1.700232000000000089e-04
1.698145999999999987e-04
1.695761000000000111e-04
1.693972999999999985e-04
1.691588999999999907e-04
1.689801000000000053e-04
1.687416999999999975e-04
1.685629000000000120e-04
1.683243999999999973e-04
1.681157999999999871e-04
1.679072000000000041e-04
1.676687999999999963e-04
1.674303999999999886e-04
1.671622000000000103e-04
1.668938999999999980e-04
1.666256999999999927e-04
1.663574999999999874e-04
1.660595000000000116e-04
1.657614000000000017e-04
1.654633999999999988e-04
1.651653999999999959e-04
1.648375999999999954e-04
1.645693999999999900e-04
1.643011000000000048e-04
1.640328999999999995e-04
1.637944999999999918e-04
1.635561000000000111e-04
1.633475000000000009e-04
1.631090000000000133e-04
1.628706000000000056e-04
1.626619999999999954e-04
1.624235999999999876e-04
1.622150000000000046e-04
1.619765999999999968e-04
1.617679000000000068e-04
1.615592999999999966e-04
1.613208999999999889e-04
1.611421000000000034e-04
1.609334999999999932e-04
1.607249000000000102e-04
1.604863999999999954e-04
1.602778000000000124e-04
1.600394000000000046e-04
1.598307999999999944e-04
1.595923999999999867e-04
1.593538999999999991e-04
1.591154999999999913e-04
1.589069000000000083e-04
1.586982999999999981e-04
1.584598999999999903e-04
1.582513000000000073e-04
1.580425999999999901e-04
1.578042000000000095e-04
1.575955999999999993e-04
1.573571999999999916e-04
1.571486000000000085e-04
1.569399999999999983e-04
1.567015000000000107e-04
1.564929000000000005e-04
1.562544999999999928e-04
1.560757000000000073e-04
1.558372999999999996e-04
1.556286999999999894e-04
1.554199999999999993e-04
1.552113999999999892e-04
1.550028000000000061e-04
1.547643999999999984e-04
1.545259999999999906e-04
1.542876000000000100e-04
1.540490999999999952e-04
1.537808999999999899e-04
1.534828999999999870e-04
1.532147000000000088e-04
1.529463999999999965e-04
1.526781999999999911e-04
1.524100000000000129e-04
1.521716000000000052e-04
1.519033999999999998e-04
1.516649000000000122e-04
1.514265000000000045e-04
1.511880999999999967e-04
1.509794999999999865e-04
1.507411000000000059e-04
1.505324999999999957e-04
1.503536000000000033e-04
1.501747999999999907e-04
1.499960000000000052e-04
1.498171999999999926e-04
1.496384000000000071e-04
1.494893999999999921e-04
1.493404000000000042e-04
1.491615999999999916e-04
1.490124999999999967e-04
1.488635000000000088e-04
1.487144999999999938e-04
1.485357000000000084e-04
1.483568999999999958e-04
1.481781000000000103e-04
1.480290999999999953e-04
1.478205000000000122e-04
1.476415999999999926e-04
1.474330000000000096e-04
1.472243999999999994e-04
1.470455999999999868e-04
1.468370000000000038e-04
1.466283999999999936e-04
1.464197000000000035e-04
1.462110999999999934e-04
1.460323000000000079e-04
1.458236999999999977e-04
1.456449000000000122e-04
1.454363000000000021e-04
1.452276000000000120e-04
1.450190000000000019e-04
1.448103999999999917e-04
1.446018000000000086e-04
1.443634000000000009e-04
1.441547999999999907e-04
1.439163000000000031e-04
1.436778999999999953e-04
1.434394999999999876e-04
1.432309000000000045e-04
1.430222999999999944e-04
1.428137000000000113e-04
1.426049999999999941e-04
1.424262000000000087e-04
1.422771999999999936e-04
1.420984000000000082e-04
1.419791999999999907e-04
1.418302000000000028e-04
1.417110000000000125e-04
1.415619999999999975e-04
1.414428000000000072e-04
1.413235000000000099e-04
1.411744999999999949e-04
1.410553000000000046e-04
1.409062999999999895e-04
1.407573000000000016e-04
1.406381000000000113e-04
1.404890999999999963e-04
1.403401000000000084e-04
1.401910999999999934e-04
1.400419999999999985e-04
1.398930000000000106e-04
1.397439999999999956e-04
1.395652000000000101e-04
1.394161999999999951e-04
1.392374000000000096e-04
1.390883999999999946e-04
1.389692000000000043e-04
1.388499999999999869e-04
1.387306999999999896e-04
1.386114999999999993e-04
1.385221000000000065e-04
1.384028999999999891e-04
1.382836999999999988e-04
1.381645000000000084e-04
1.380452999999999910e-04
1.378963000000000031e-04
1.377472999999999881e-04
1.376280999999999978e-04
1.374790000000000029e-04
1.373299999999999879e-04
1.372107999999999976e-04
1.370916000000000072e-04
1.369425999999999922e-04
1.367936000000000043e-04
1.366743999999999869e-04
1.365253999999999990e-04
1.363764000000000111e-04
1.361974999999999915e-04
1.360485000000000036e-04
1.358696999999999910e-04
1.356909000000000056e-04
1.355120999999999930e-04
1.353631000000000051e-04
1.351842999999999925e-04
1.350055000000000070e-04
1.348564000000000121e-04
1.346775999999999995e-04
1.344987999999999869e-04
1.343200000000000015e-04
1.341411999999999889e-04
1.339624000000000034e-04
1.337835999999999908e-04
1.336046999999999983e-04
1.334259000000000128e-04
1.332768999999999978e-04
1.331279000000000099e-04
1.329788999999999949e-04
1.328299000000000070e-04
1.326808999999999920e-04
1.325319000000000041e-04
1.324126000000000068e-04
1.322933999999999894e-04
1.321444000000000015e-04
1.320252000000000112e-04
1.319059999999999937e-04
1.317570000000000058e-04
1.316377999999999884e-04
1.315185999999999981e-04
1.313994000000000078e-04
1.312801999999999903e-04
1.311610000000000000e-04
1.310119000000000051e-04
1.308926999999999877e-04
1.307436999999999998e-04
1.306245000000000095e-04
1.304754999999999945e-04
1.303265000000000066e-04
1.301774999999999916e-04
1.299987000000000061e-04
1.298496000000000112e-04
1.297005999999999962e-04
1.295516000000000083e-04
1.294025999999999933e-04
1.292536000000000054e-04
1.291343999999999880e-04
1.290151999999999976e-04
1.288960000000000073e-04
1.288065999999999875e-04
1.286873999999999971e-04
1.286278000000000020e-04
1.285383000000000023e-04
1.284489000000000095e-04
1.283594999999999897e-04
1.282700999999999969e-04
1.282105000000000018e-04
1.280913000000000114e-04
1.280316999999999892e-04
1.279124999999999989e-04
1.277933000000000085e-04
1.276740999999999911e-04
1.275549000000000008e-04
1.274357000000000105e-04
1.272866999999999955e-04
1.271971999999999957e-04
1.270780000000000054e-04
1.269587999999999880e-04
1.268693999999999952e-04
1.267800000000000025e-04
1.266906000000000098e-04
1.265713999999999923e-04
1.265117999999999972e-04
1.263926000000000069e-04
1.262733999999999894e-04
1.261541999999999991e-04
1.260648000000000064e-04
1.259455000000000091e-04
1.258560999999999892e-04
1.257368999999999989e-04
1.256475000000000061e-04
1.255581000000000134e-04
1.254984999999999911e-04
1.254090999999999984e-04
1.252899000000000081e-04
1.252303000000000129e-04
1.251110999999999955e-04
1.250217000000000028e-04
1.249025000000000124e-04
1.247832999999999950e-04
1.246639999999999977e-04
1.245448000000000074e-04
1.244255999999999899e-04
1.242766000000000020e-04
1.241574000000000117e-04
1.240083999999999967e-04
1.238892000000000064e-04
1.237401999999999914e-04
1.235912000000000035e-04
1.234720000000000132e-04
1.233228999999999912e-04
1.231739000000000033e-04
1.230547000000000129e-04
1.229056999999999979e-04
1.227567000000000100e-04
1.226076999999999950e-04
1.224587000000000071e-04
1.222798999999999945e-04
1.221307999999999996e-04
1.219813999999999973e-04
1.218323999999999959e-04
1.216833000000000010e-04
1.215640999999999971e-04
1.214449000000000068e-04
1.213257000000000029e-04
1.212064999999999990e-04
1.211171000000000063e-04
1.210277000000000000e-04
1.209382999999999937e-04
1.208489000000000010e-04
1.207594999999999947e-04
1.206701000000000019e-04
1.205806999999999956e-04
1.204913000000000029e-04
1.204316999999999942e-04
1.203421999999999944e-04
1.202528000000000017e-04
1.201633999999999954e-04
1.200740000000000027e-04
1.200143999999999940e-04
1.199547999999999988e-04
1.198952000000000036e-04
1.198654000000000061e-04
1.198057999999999973e-04
1.197759999999999998e-04
1.197164000000000046e-04
1.196567999999999959e-04
1.196269999999999983e-04
1.195376000000000056e-04
1.194779999999999969e-04
1.194184000000000017e-04
1.193289999999999954e-04
1.192396000000000027e-04
1.191799999999999940e-04
1.190904999999999942e-04
1.189713000000000039e-04
1.188818999999999976e-04
1.187626999999999937e-04
1.186435000000000034e-04
1.184945000000000020e-04
1.183752999999999981e-04
1.182560999999999942e-04
1.181369000000000039e-04
1.180474999999999976e-04
1.179282999999999937e-04
1.178089999999999964e-04
1.176898000000000061e-04
1.175706000000000022e-04
1.174513999999999983e-04
1.173321999999999945e-04
1.172130000000000041e-04
1.170938000000000003e-04
1.169745999999999964e-04
1.168852000000000037e-04
1.167957999999999974e-04
1.166765999999999935e-04
1.165872000000000008e-04
1.164977000000000010e-04
1.164082999999999947e-04
1.163486999999999996e-04
1.162294999999999957e-04
1.161401000000000029e-04
1.160208999999999991e-04
1.159315000000000063e-04
1.158123000000000025e-04
1.156930999999999986e-04
1.155738999999999947e-04
1.154547000000000044e-04
1.153355000000000005e-04
1.151864000000000056e-04
1.150969999999999993e-04
1.149479999999999979e-04
1.148287999999999940e-04
1.147096000000000037e-04
1.146201999999999974e-04
1.145009999999999935e-04
1.144116000000000008e-04
1.143221999999999945e-04
1.142328000000000017e-04
1.141732000000000066e-04
1.141433999999999955e-04
1.140838000000000003e-04
1.140540000000000027e-04
1.140540000000000027e-04
1.140540000000000027e-04
1.140540000000000027e-04
1.140242000000000051e-04
1.140242000000000051e-04
1.139943000000000006e-04
1.139943000000000006e-04
1.139645000000000030e-04
1.139048999999999943e-04
1.138750999999999967e-04
1.138155000000000015e-04
1.137559000000000064e-04
1.136962999999999976e-04
1.136069000000000049e-04
1.135472999999999962e-04
1.134877000000000010e-04
1.134281000000000059e-04
1.133386999999999996e-04
1.132791000000000044e-04
1.131896999999999981e-04
1.130704999999999943e-04
1.130108999999999991e-04
1.128916999999999952e-04
1.128023000000000025e-04
1.127128000000000027e-04
1.125935999999999989e-04
1.125042000000000061e-04
1.124147999999999998e-04
1.122955999999999960e-04
1.122062000000000032e-04
1.120869999999999994e-04
1.119677999999999955e-04
1.118486000000000052e-04
1.116996000000000037e-04
1.115803999999999998e-04
1.114313000000000049e-04
1.112823000000000035e-04
1.111035000000000044e-04
1.109545000000000030e-04
1.108055000000000015e-04
1.106565000000000001e-04
1.104777000000000011e-04
1.103286999999999996e-04
1.101796999999999981e-04
1.100306000000000033e-04
1.098816000000000018e-04
1.097326000000000003e-04
1.095835999999999989e-04
1.094643999999999950e-04
1.093153999999999936e-04
1.091962000000000032e-04
1.090769999999999994e-04
1.089876000000000066e-04
1.088982000000000003e-04
1.088087000000000006e-04
1.087491000000000054e-04
1.086894999999999967e-04
1.086299000000000016e-04
1.086001000000000040e-04
1.085703000000000064e-04
1.085404999999999953e-04
1.085106999999999977e-04
1.084809000000000001e-04
1.084511000000000025e-04
1.084213000000000050e-04
1.083914999999999938e-04
1.083914999999999938e-04
1.083616999999999962e-04
1.083021000000000011e-04
1.082723000000000035e-04
1.082126999999999948e-04
1.081828999999999972e-04
1.081233000000000020e-04
1.080935000000000045e-04
1.080636999999999933e-04
1.080040999999999982e-04
1.079743000000000006e-04
1.079743000000000006e-04
1.079445000000000030e-04
1.079147000000000054e-04
1.078550999999999967e-04
1.078252999999999991e-04
1.077955000000000016e-04
1.077657000000000040e-04
1.077060999999999953e-04
1.076465000000000001e-04
1.075867999999999980e-04
1.075272000000000028e-04
1.074377999999999965e-04
1.073782000000000013e-04
1.073186000000000062e-04
1.072589999999999975e-04
1.071994000000000023e-04
1.071397999999999936e-04
1.071099999999999960e-04
1.070801999999999984e-04
1.070206000000000033e-04
1.069908000000000057e-04
1.069609999999999946e-04
1.069311999999999970e-04
1.068716000000000018e-04
1.068418000000000042e-04
1.068120000000000067e-04
1.067821999999999955e-04
1.067821999999999955e-04
1.067226000000000004e-04
1.067226000000000004e-04
1.066928000000000028e-04
1.066630000000000052e-04
1.066331999999999941e-04
1.065735999999999989e-04
1.065438000000000013e-04
1.064842000000000062e-04
1.064245999999999975e-04
1.063650000000000023e-04
1.062755000000000026e-04
1.061860999999999963e-04
1.060967000000000035e-04
1.059774999999999997e-04
1.058582999999999958e-04
1.057391000000000055e-04
1.056199000000000016e-04
1.055006999999999977e-04
1.053814999999999938e-04
1.052325000000000059e-04
1.050835000000000045e-04
1.049343999999999960e-04
1.048152000000000057e-04
1.046364000000000067e-04
1.045172000000000028e-04
1.043979999999999989e-04
1.042787999999999951e-04
1.041596000000000047e-04
1.040404000000000009e-04
1.039808000000000057e-04
1.038913999999999994e-04
1.038020000000000067e-04
1.037423000000000045e-04
1.036528999999999982e-04
1.035933000000000031e-04
1.035336999999999944e-04
1.034740999999999992e-04
1.034145000000000040e-04
1.033548999999999953e-04
1.032953000000000002e-04
1.032655000000000026e-04
1.031760999999999963e-04
1.031165000000000011e-04
1.030569000000000060e-04
1.029972999999999973e-04
1.029079000000000045e-04
1.028184999999999982e-04
1.027291000000000055e-04
1.026396999999999992e-04
1.025204999999999953e-04
1.024309999999999956e-04
1.023416000000000028e-04
1.022521999999999965e-04
1.021628000000000038e-04
1.020435999999999999e-04
1.019243999999999961e-04
1.018052000000000057e-04
1.016860000000000019e-04
1.015370000000000004e-04
1.013582000000000014e-04
1.012091999999999999e-04
1.010302999999999939e-04
1.008216999999999973e-04
1.006428999999999982e-04
1.004343000000000016e-04
1.002257000000000050e-04
9.998725999999999448e-05
9.977863999999999646e-05
9.951042000000000329e-05
9.927199999999999414e-05
9.900378000000000097e-05
9.876536000000000538e-05
9.849713999999999865e-05
9.822892000000000548e-05
9.799049999999999633e-05
9.772228000000000316e-05
9.745405999999999644e-05
9.721564000000000084e-05
9.697722000000000525e-05
9.673879999999999610e-05
9.650039000000000121e-05
9.626197000000000562e-05
9.605334999999999405e-05
9.584472999999999604e-05
9.560632000000000115e-05
9.539770000000000313e-05
9.518908000000000512e-05
9.498046999999999425e-05
9.477184999999999624e-05
9.456322999999999823e-05
9.432482000000000334e-05
9.411620000000000532e-05
9.387777999999999618e-05
9.363936000000000058e-05
9.343075000000000327e-05
9.316252999999999655e-05
9.292411000000000095e-05
9.265588999999999423e-05
9.244726999999999621e-05
9.217905000000000304e-05
9.194062999999999390e-05
9.167241000000000072e-05
9.140418999999999400e-05
9.116576999999999840e-05
9.089755000000000523e-05
9.059953000000000093e-05
9.033129999999999350e-05
9.000348000000000517e-05
8.970546000000000086e-05
8.937762999999999828e-05
8.904979999999999569e-05
8.869217999999999622e-05
8.836434999999999364e-05
8.800671999999999347e-05
8.764909999999999401e-05
8.726166999999999626e-05
8.690403999999999610e-05
8.654640999999999593e-05
8.615897999999999818e-05
8.580134999999999802e-05
8.544371999999999785e-05
8.508609999999999839e-05
8.472846999999999822e-05
8.440063999999999564e-05
8.404300999999999547e-05
8.371518999999999358e-05
8.338736000000000455e-05
8.305954000000000267e-05
8.276150999999999766e-05
8.243368999999999577e-05
8.210586000000000674e-05
8.180784000000000244e-05
8.150981999999999813e-05
8.121179000000000668e-05
8.091377000000000237e-05
8.061574999999999807e-05
8.031772000000000661e-05
8.004949999999999989e-05
7.975147999999999558e-05
7.945346000000000483e-05
7.921503999999999568e-05
7.894682000000000251e-05
7.867859999999999578e-05
7.844018000000000019e-05
7.817195999999999347e-05
7.793353999999999787e-05
7.769512000000000228e-05
7.742689999999999555e-05
7.718847999999999996e-05
7.695006000000000437e-05
7.671163999999999522e-05
7.647321999999999963e-05
7.623481000000000474e-05
7.599638999999999559e-05
7.575797000000000000e-05
7.548974999999999327e-05
7.528112999999999526e-05
7.504270999999999967e-05
7.480429000000000407e-05
7.459568000000000676e-05
7.435725999999999762e-05
7.417844999999999788e-05
7.396982999999999987e-05
7.376121000000000186e-05
7.358240000000000212e-05
7.340359000000000239e-05
7.322477000000000196e-05
7.307575999999999980e-05
7.292674999999999765e-05
7.277773999999999550e-05
7.262872999999999335e-05
7.247971000000000405e-05
7.233070000000000189e-05
7.218168999999999974e-05
7.206247999999999517e-05
7.191347000000000657e-05
7.176446000000000441e-05
7.164524999999999984e-05
7.149623999999999769e-05
7.137703000000000667e-05
7.125782000000000210e-05
7.110880999999999994e-05
7.098959999999999537e-05
7.087039000000000435e-05
7.078097999999999736e-05
7.066177000000000634e-05
7.054256000000000176e-05
7.042334999999999719e-05
7.030414000000000617e-05
7.021473999999999988e-05
7.009552999999999531e-05
6.997632000000000429e-05
6.985710999999999971e-05
6.973789999999999514e-05
6.961869000000000412e-05
6.949947999999999955e-05
6.935046999999999739e-05
6.923126000000000637e-05
6.908225000000000422e-05
6.893324000000000207e-05
6.878422999999999992e-05
6.863520999999999706e-05
6.848619999999999491e-05
6.833719000000000631e-05
6.815838000000000658e-05
6.800937000000000442e-05
6.783055000000000399e-05
6.768154000000000184e-05
6.747292000000000383e-05
6.729411000000000409e-05
6.708549000000000608e-05
6.687687999999999521e-05
6.669805999999999478e-05
6.648944999999999747e-05
6.628082999999999946e-05
6.607221000000000144e-05
6.589340000000000171e-05
6.568478000000000370e-05
6.547617000000000638e-05
6.529735000000000595e-05
6.508873999999999509e-05
6.490991999999999465e-05
6.473110999999999492e-05
6.455229999999999519e-05
6.437347999999999475e-05
6.422447000000000615e-05
6.407546000000000400e-05
6.392645000000000185e-05
6.380723999999999728e-05
6.368803000000000626e-05
6.356882000000000168e-05
6.347940999999999469e-05
6.339001000000000195e-05
6.330059999999999496e-05
6.321119000000000152e-05
6.315159000000000636e-05
6.309197999999999694e-05
6.306217999999999936e-05
6.300258000000000420e-05
6.297277000000000592e-05
6.294296999999999479e-05
6.291316999999999721e-05
6.288336999999999963e-05
6.288336999999999963e-05
6.288336999999999963e-05
6.291316999999999721e-05
6.291316999999999721e-05
6.294296999999999479e-05
6.294296999999999479e-05
6.300258000000000420e-05
6.303238000000000178e-05
6.309197999999999694e-05
6.315159000000000636e-05
6.324098999999999910e-05
6.330059999999999496e-05
6.339001000000000195e-05
6.347940999999999469e-05
6.359861999999999926e-05
6.368803000000000626e-05
6.380723999999999728e-05
6.392645000000000185e-05
6.404566000000000642e-05
6.419466999999999502e-05
6.431387999999999959e-05
6.446289000000000175e-05
6.461190000000000390e-05
6.476091000000000605e-05
6.490991999999999465e-05
6.505893999999999751e-05
6.520794999999999966e-05
6.535696000000000181e-05
6.547617000000000638e-05
6.562517999999999498e-05
6.577418999999999714e-05
6.589340000000000171e-05
6.604241000000000386e-05
6.616161999999999488e-05
6.631062999999999704e-05
6.642984000000000161e-05
6.654905000000000618e-05
6.666825999999999720e-05
6.678747000000000177e-05
6.687687999999999521e-05
6.699608999999999979e-05
6.711530000000000436e-05
6.717489999999999952e-05
6.726431000000000651e-05
6.735370999999999925e-05
6.744312000000000625e-05
6.750273000000000211e-05
6.759212999999999485e-05
6.765174000000000426e-05
6.771133999999999942e-05
6.777094999999999528e-05
6.786035000000000157e-05
6.791995999999999743e-05
6.800937000000000442e-05
6.809876999999999716e-05
6.818818000000000416e-05
6.830738999999999518e-05
6.842659999999999975e-05
6.857561000000000190e-05
6.872462000000000406e-05
6.890344000000000449e-05
6.908225000000000422e-05
6.926106000000000395e-05
6.941007000000000611e-05
6.958889000000000654e-05
6.976770000000000627e-05
6.994652000000000671e-05
7.009552999999999531e-05
7.024453999999999746e-05
7.039354999999999961e-05
7.051276000000000418e-05
7.063196999999999520e-05
7.072138000000000220e-05
7.081077999999999494e-05
7.090019000000000193e-05
7.098959999999999537e-05
7.104920000000000408e-05
7.110880999999999994e-05
7.116840999999999510e-05
7.122802000000000452e-05
7.125782000000000210e-05
7.128761999999999968e-05
7.134722999999999554e-05
7.137703000000000667e-05
7.140683000000000425e-05
7.143663000000000183e-05
7.146642999999999941e-05
7.149623999999999769e-05
7.152603999999999527e-05
7.155584000000000640e-05
7.158564000000000398e-05
7.161545000000000226e-05
7.164524999999999984e-05
7.167504999999999742e-05
7.167504999999999742e-05
7.170484999999999500e-05
7.170484999999999500e-05
7.170484999999999500e-05
7.173465999999999328e-05
7.176446000000000441e-05
7.176446000000000441e-05
7.176446000000000441e-05
7.176446000000000441e-05
7.179426000000000199e-05
7.179426000000000199e-05
7.179426000000000199e-05
7.179426000000000199e-05
7.179426000000000199e-05
7.179426000000000199e-05
7.179426000000000199e-05
7.179426000000000199e-05
7.179426000000000199e-05
7.179426000000000199e-05
7.179426000000000199e-05
7.179426000000000199e-05
7.179426000000000199e-05
7.179426000000000199e-05
7.179426000000000199e-05
7.179426000000000199e-05
7.179426000000000199e-05
7.179426000000000199e-05
7.179426000000000199e-05
7.179426000000000199e-05
7.179426000000000199e-05
7.179426000000000199e-05
7.179426000000000199e-05
7.179426000000000199e-05
7.179426000000000199e-05
7.182405999999999957e-05
7.182405999999999957e-05
7.182405999999999957e-05
7.182405999999999957e-05
7.185385999999999716e-05
7.185385999999999716e-05
7.185385999999999716e-05
7.188366999999999543e-05
7.191347000000000657e-05
7.191347000000000657e-05
7.191347000000000657e-05
7.194327000000000415e-05
7.194327000000000415e-05
7.194327000000000415e-05
7.194327000000000415e-05
7.197307000000000173e-05
7.197307000000000173e-05
7.197307000000000173e-05
7.200288000000000001e-05
7.203267999999999759e-05
7.203267999999999759e-05
7.206247999999999517e-05
7.206247999999999517e-05
7.206247999999999517e-05
7.209228000000000630e-05
7.209228000000000630e-05
7.212209000000000458e-05
7.212209000000000458e-05
7.212209000000000458e-05
7.212209000000000458e-05
7.212209000000000458e-05
7.212209000000000458e-05
7.212209000000000458e-05
7.212209000000000458e-05
7.212209000000000458e-05
7.209228000000000630e-05
7.209228000000000630e-05
7.209228000000000630e-05
7.206247999999999517e-05
7.206247999999999517e-05
7.203267999999999759e-05
7.203267999999999759e-05
7.203267999999999759e-05
7.200288000000000001e-05
7.197307000000000173e-05
7.197307000000000173e-05
7.197307000000000173e-05
7.197307000000000173e-05
7.194327000000000415e-05
7.194327000000000415e-05
7.194327000000000415e-05
7.194327000000000415e-05
7.194327000000000415e-05
7.191347000000000657e-05
7.191347000000000657e-05
7.191347000000000657e-05
7.191347000000000657e-05
7.191347000000000657e-05
7.188366999999999543e-05
7.188366999999999543e-05
7.188366999999999543e-05
7.185385999999999716e-05
7.185385999999999716e-05
7.188366999999999543e-05
7.188366999999999543e-05
7.188366999999999543e-05
7.188366999999999543e-05
7.188366999999999543e-05
7.188366999999999543e-05
7.188366999999999543e-05
7.188366999999999543e-05
7.188366999999999543e-05
7.188366999999999543e-05
7.188366999999999543e-05
7.188366999999999543e-05
7.185385999999999716e-05
7.185385999999999716e-05
7.185385999999999716e-05
7.185385999999999716e-05
7.185385999999999716e-05
7.182405999999999957e-05
7.182405999999999957e-05
7.182405999999999957e-05
7.182405999999999957e-05
7.182405999999999957e-05
7.182405999999999957e-05
7.182405999999999957e-05
7.179426000000000199e-05
7.179426000000000199e-05
7.179426000000000199e-05
7.179426000000000199e-05
7.179426000000000199e-05
7.176446000000000441e-05
7.176446000000000441e-05
7.176446000000000441e-05
7.176446000000000441e-05
7.176446000000000441e-05
7.176446000000000441e-05
7.176446000000000441e-05
7.176446000000000441e-05
7.176446000000000441e-05
7.173465999999999328e-05
7.173465999999999328e-05
7.170484999999999500e-05
7.170484999999999500e-05
7.170484999999999500e-05
7.167504999999999742e-05
7.167504999999999742e-05
7.167504999999999742e-05
7.167504999999999742e-05
7.164524999999999984e-05
7.164524999999999984e-05
7.164524999999999984e-05
7.161545000000000226e-05
7.161545000000000226e-05
7.161545000000000226e-05
7.161545000000000226e-05
7.161545000000000226e-05
7.158564000000000398e-05
7.158564000000000398e-05
7.158564000000000398e-05
7.158564000000000398e-05
7.161545000000000226e-05
7.161545000000000226e-05
7.161545000000000226e-05
7.161545000000000226e-05
7.161545000000000226e-05
7.164524999999999984e-05
7.164524999999999984e-05
7.164524999999999984e-05
7.164524999999999984e-05
7.164524999999999984e-05
7.167504999999999742e-05
7.167504999999999742e-05
7.167504999999999742e-05
7.167504999999999742e-05
7.167504999999999742e-05
7.167504999999999742e-05
7.167504999999999742e-05
7.167504999999999742e-05
7.167504999999999742e-05
7.167504999999999742e-05
7.167504999999999742e-05
7.167504999999999742e-05
7.167504999999999742e-05
7.167504999999999742e-05
7.170484999999999500e-05
7.170484999999999500e-05
7.170484999999999500e-05
7.170484999999999500e-05
7.170484999999999500e-05
7.170484999999999500e-05
7.170484999999999500e-05
7.170484999999999500e-05
7.170484999999999500e-05
7.170484999999999500e-05
7.167504999999999742e-05
7.167504999999999742e-05
7.167504999999999742e-05
7.164524999999999984e-05
7.164524999999999984e-05
7.164524999999999984e-05
7.161545000000000226e-05
7.161545000000000226e-05
7.158564000000000398e-05
7.158564000000000398e-05
7.155584000000000640e-05
7.155584000000000640e-05
7.155584000000000640e-05
7.155584000000000640e-05
7.155584000000000640e-05
7.155584000000000640e-05
7.155584000000000640e-05
7.155584000000000640e-05
7.155584000000000640e-05
7.155584000000000640e-05
7.155584000000000640e-05
7.155584000000000640e-05
7.155584000000000640e-05
7.155584000000000640e-05
7.155584000000000640e-05
7.155584000000000640e-05
7.155584000000000640e-05
7.155584000000000640e-05
7.155584000000000640e-05
7.155584000000000640e-05
7.155584000000000640e-05
7.155584000000000640e-05
7.155584000000000640e-05
7.155584000000000640e-05
7.155584000000000640e-05
7.155584000000000640e-05
7.152603999999999527e-05
7.152603999999999527e-05
7.152603999999999527e-05
7.149623999999999769e-05
7.149623999999999769e-05
7.146642999999999941e-05
7.143663000000000183e-05
7.143663000000000183e-05
7.140683000000000425e-05
7.140683000000000425e-05
7.137703000000000667e-05
7.137703000000000667e-05
7.137703000000000667e-05
7.134722999999999554e-05
7.134722999999999554e-05
7.131741999999999726e-05
7.128761999999999968e-05
7.128761999999999968e-05
7.128761999999999968e-05
7.128761999999999968e-05
7.128761999999999968e-05
7.128761999999999968e-05
7.125782000000000210e-05
7.125782000000000210e-05
7.125782000000000210e-05
7.125782000000000210e-05
7.125782000000000210e-05
7.125782000000000210e-05
7.125782000000000210e-05
7.125782000000000210e-05
7.125782000000000210e-05
7.125782000000000210e-05
7.125782000000000210e-05
7.125782000000000210e-05
7.125782000000000210e-05
7.122802000000000452e-05
7.122802000000000452e-05
7.122802000000000452e-05
7.122802000000000452e-05
7.122802000000000452e-05
7.125782000000000210e-05
7.125782000000000210e-05
7.125782000000000210e-05
7.128761999999999968e-05
7.128761999999999968e-05
7.128761999999999968e-05
7.131741999999999726e-05
7.131741999999999726e-05
7.134722999999999554e-05
7.134722999999999554e-05
7.134722999999999554e-05
7.134722999999999554e-05
7.134722999999999554e-05
7.134722999999999554e-05
7.134722999999999554e-05
7.134722999999999554e-05
7.134722999999999554e-05
7.134722999999999554e-05
7.134722999999999554e-05
7.134722999999999554e-05
7.131741999999999726e-05
7.131741999999999726e-05
7.128761999999999968e-05
7.128761999999999968e-05
7.125782000000000210e-05
7.125782000000000210e-05
7.122802000000000452e-05
7.122802000000000452e-05
7.119821000000000624e-05
7.116840999999999510e-05
7.113860999999999752e-05
7.113860999999999752e-05
7.113860999999999752e-05
7.113860999999999752e-05
7.113860999999999752e-05
7.113860999999999752e-05
7.110880999999999994e-05
7.110880999999999994e-05
7.110880999999999994e-05
7.113860999999999752e-05
7.113860999999999752e-05
7.113860999999999752e-05
7.113860999999999752e-05
7.113860999999999752e-05
7.113860999999999752e-05
7.113860999999999752e-05
7.113860999999999752e-05
7.116840999999999510e-05
7.116840999999999510e-05
7.119821000000000624e-05
7.119821000000000624e-05
7.122802000000000452e-05
7.122802000000000452e-05
7.125782000000000210e-05
7.125782000000000210e-05
7.125782000000000210e-05
7.125782000000000210e-05
7.125782000000000210e-05
7.125782000000000210e-05
7.125782000000000210e-05
7.122802000000000452e-05
7.122802000000000452e-05
7.122802000000000452e-05
7.119821000000000624e-05
7.119821000000000624e-05
7.119821000000000624e-05
7.119821000000000624e-05
7.119821000000000624e-05
7.119821000000000624e-05
7.119821000000000624e-05
7.119821000000000624e-05
7.119821000000000624e-05
7.119821000000000624e-05
7.119821000000000624e-05
7.119821000000000624e-05
7.119821000000000624e-05
7.119821000000000624e-05
7.119821000000000624e-05
7.119821000000000624e-05
7.119821000000000624e-05
7.122802000000000452e-05
7.122802000000000452e-05
7.122802000000000452e-05
7.122802000000000452e-05
7.122802000000000452e-05
7.125782000000000210e-05
7.125782000000000210e-05
7.125782000000000210e-05
7.125782000000000210e-05
7.122802000000000452e-05
7.122802000000000452e-05
7.122802000000000452e-05
7.119821000000000624e-05
7.119821000000000624e-05
7.119821000000000624e-05
7.116840999999999510e-05
7.113860999999999752e-05
7.113860999999999752e-05
7.113860999999999752e-05
7.113860999999999752e-05
7.113860999999999752e-05
7.113860999999999752e-05
7.110880999999999994e-05
7.110880999999999994e-05
7.110880999999999994e-05
7.107900000000000166e-05
7.107900000000000166e-05
7.107900000000000166e-05
7.107900000000000166e-05
7.107900000000000166e-05
7.107900000000000166e-05
7.107900000000000166e-05
7.107900000000000166e-05
7.107900000000000166e-05
7.107900000000000166e-05
7.104920000000000408e-05
7.104920000000000408e-05
7.104920000000000408e-05
7.104920000000000408e-05
7.104920000000000408e-05
7.104920000000000408e-05
7.104920000000000408e-05
7.104920000000000408e-05
7.101940000000000650e-05
7.098959999999999537e-05
7.098959999999999537e-05
7.098959999999999537e-05
7.098959999999999537e-05
7.098959999999999537e-05
7.098959999999999537e-05
7.098959999999999537e-05
7.098959999999999537e-05
7.098959999999999537e-05
7.098959999999999537e-05
7.098959999999999537e-05
7.098959999999999537e-05
7.098959999999999537e-05
7.101940000000000650e-05
7.101940000000000650e-05
7.104920000000000408e-05
7.104920000000000408e-05
7.104920000000000408e-05
7.104920000000000408e-05
7.104920000000000408e-05
7.104920000000000408e-05
7.104920000000000408e-05
7.101940000000000650e-05
7.101940000000000650e-05
7.098959999999999537e-05
7.098959999999999537e-05
7.098959999999999537e-05
7.098959999999999537e-05
7.095979999999999779e-05
7.095979999999999779e-05
7.092998999999999951e-05
7.092998999999999951e-05
7.090019000000000193e-05
7.087039000000000435e-05
7.087039000000000435e-05
7.087039000000000435e-05
7.087039000000000435e-05
7.087039000000000435e-05
7.087039000000000435e-05
7.090019000000000193e-05
7.092998999999999951e-05
7.092998999999999951e-05
7.092998999999999951e-05
7.092998999999999951e-05
7.092998999999999951e-05
7.092998999999999951e-05
7.095979999999999779e-05
7.095979999999999779e-05
7.095979999999999779e-05
7.095979999999999779e-05
7.095979999999999779e-05
7.095979999999999779e-05
7.095979999999999779e-05
7.095979999999999779e-05
7.095979999999999779e-05
7.095979999999999779e-05
7.095979999999999779e-05
7.092998999999999951e-05
7.092998999999999951e-05
7.092998999999999951e-05
7.090019000000000193e-05
7.087039000000000435e-05
7.087039000000000435e-05
7.087039000000000435e-05
7.087039000000000435e-05
7.087039000000000435e-05
7.084059000000000677e-05
7.084059000000000677e-05
7.084059000000000677e-05
7.084059000000000677e-05
7.084059000000000677e-05
7.084059000000000677e-05
7.084059000000000677e-05
7.081077999999999494e-05
7.081077999999999494e-05
7.081077999999999494e-05
7.081077999999999494e-05
7.081077999999999494e-05
7.078097999999999736e-05
7.078097999999999736e-05
7.078097999999999736e-05
7.078097999999999736e-05
7.078097999999999736e-05
7.078097999999999736e-05
7.078097999999999736e-05
7.078097999999999736e-05
7.081077999999999494e-05
7.081077999999999494e-05
7.081077999999999494e-05
7.084059000000000677e-05
7.084059000000000677e-05
7.087039000000000435e-05
7.087039000000000435e-05
7.090019000000000193e-05
7.092998999999999951e-05
7.092998999999999951e-05
7.092998999999999951e-05
7.095979999999999779e-05
7.095979999999999779e-05
7.095979999999999779e-05
7.098959999999999537e-05
7.098959999999999537e-05
7.098959999999999537e-05
7.098959999999999537e-05
7.098959999999999537e-05
7.101940000000000650e-05
7.101940000000000650e-05
7.101940000000000650e-05
7.104920000000000408e-05
7.104920000000000408e-05
7.104920000000000408e-05
7.104920000000000408e-05
7.107900000000000166e-05
7.107900000000000166e-05
7.107900000000000166e-05
7.107900000000000166e-05
7.107900000000000166e-05
7.107900000000000166e-05
7.107900000000000166e-05
7.107900000000000166e-05
7.110880999999999994e-05
7.110880999999999994e-05
7.110880999999999994e-05
7.110880999999999994e-05
7.110880999999999994e-05
7.110880999999999994e-05
7.110880999999999994e-05
7.110880999999999994e-05
7.110880999999999994e-05
7.110880999999999994e-05
7.113860999999999752e-05
7.113860999999999752e-05
7.113860999999999752e-05
7.113860999999999752e-05
7.113860999999999752e-05
7.113860999999999752e-05
7.113860999999999752e-05
7.113860999999999752e-05
7.110880999999999994e-05
7.110880999999999994e-05
7.107900000000000166e-05
7.107900000000000166e-05
7.104920000000000408e-05
7.101940000000000650e-05
7.098959999999999537e-05
7.098959999999999537e-05
7.098959999999999537e-05
7.095979999999999779e-05
7.095979999999999779e-05
7.098959999999999537e-05
7.098959999999999537e-05
7.098959999999999537e-05
7.098959999999999537e-05
7.095979999999999779e-05
7.095979999999999779e-05
7.095979999999999779e-05
7.095979999999999779e-05
7.095979999999999779e-05
7.092998999999999951e-05
7.095979999999999779e-05
7.095979999999999779e-05
7.095979999999999779e-05
7.095979999999999779e-05
7.095979999999999779e-05
7.095979999999999779e-05
7.098959999999999537e-05
7.098959999999999537e-05
7.098959999999999537e-05
7.098959999999999537e-05
7.101940000000000650e-05
7.101940000000000650e-05
7.104920000000000408e-05
7.104920000000000408e-05
