1.933584000000000019e-04
1.933584000000000019e-04
1.933584000000000019e-04
1.932988000000000067e-04
1.932392000000000116e-04
1.931199999999999941e-04
1.930603999999999990e-04
1.929412000000000087e-04
1.928816000000000135e-04
1.928219999999999912e-04
1.928219999999999912e-04
1.927623999999999961e-04
1.927623999999999961e-04
1.927623999999999961e-04
1.927623999999999961e-04
1.927623999999999961e-04
1.927026999999999939e-04
1.926430999999999988e-04
1.925835000000000036e-04
1.925239000000000084e-04
1.925239000000000084e-04
1.924643000000000133e-04
1.924643000000000133e-04
1.924643000000000133e-04
1.924643000000000133e-04
1.925239000000000084e-04
1.925835000000000036e-04
1.926430999999999988e-04
1.927026999999999939e-04
1.928219999999999912e-04
1.928816000000000135e-04
1.930603999999999990e-04
1.931795999999999893e-04
1.934179999999999970e-04
1.936564000000000048e-04
1.938948000000000125e-04
1.941333000000000002e-04
1.944313000000000031e-04
1.946697000000000108e-04
1.949080999999999915e-04
1.951464999999999992e-04
1.954446000000000091e-04
1.956829999999999898e-04
1.959213999999999975e-04
1.961598000000000053e-04
1.963385999999999907e-04
1.965174000000000033e-04
1.966962999999999958e-04
1.967558999999999910e-04
1.968751000000000084e-04
1.969942999999999987e-04
1.970538999999999939e-04
1.970538999999999939e-04
1.971134999999999890e-04
1.971134999999999890e-04
1.971134999999999890e-04
1.971731000000000113e-04
1.971731000000000113e-04
1.971731000000000113e-04
1.972327000000000065e-04
1.972923000000000016e-04
1.973518999999999968e-04
1.974710999999999871e-04
1.976498999999999997e-04
1.978287000000000123e-04
1.980076000000000047e-04
1.981863999999999902e-04
1.984247999999999980e-04
1.987228000000000009e-04
1.989612000000000086e-04
1.991996999999999963e-04
1.994976999999999992e-04
1.997361000000000069e-04
1.999744999999999876e-04
2.002128999999999953e-04
2.003917000000000079e-04
2.006301999999999955e-04
2.008090000000000081e-04
2.009877999999999936e-04
2.011666000000000062e-04
2.013453999999999917e-04
2.014646000000000091e-04
2.015837999999999994e-04
2.017626999999999919e-04
2.018819000000000093e-04
2.020606999999999948e-04
2.022395000000000074e-04
2.024182999999999929e-04
2.026567000000000006e-04
2.028355000000000132e-04
2.030144000000000057e-04
2.032528000000000134e-04
2.034315999999999989e-04
2.035507999999999892e-04
2.036700000000000066e-04
2.037891999999999970e-04
2.038487999999999921e-04
2.039083999999999873e-04
2.039680000000000095e-04
2.040276000000000047e-04
2.040871999999999999e-04
2.041467999999999950e-04
2.042063999999999902e-04
2.043256999999999875e-04
2.044449000000000049e-04
2.046236999999999904e-04
2.048025000000000030e-04
2.050409000000000107e-04
2.052792999999999914e-04
2.055176999999999991e-04
2.058158000000000090e-04
2.060541999999999897e-04
2.063521999999999926e-04
2.065906000000000003e-04
2.068887000000000102e-04
2.071867000000000131e-04
2.074846999999999889e-04
2.077826999999999918e-04
2.080806999999999947e-04
2.083788000000000046e-04
2.087959999999999979e-04
2.091535999999999959e-04
2.095113000000000010e-04
2.099284999999999942e-04
2.103456999999999875e-04
2.107033999999999925e-04
2.111206000000000129e-04
2.114782000000000109e-04
2.117761999999999867e-04
2.121934999999999869e-04
2.124914999999999899e-04
2.127894999999999928e-04
2.130874999999999957e-04
2.133260000000000104e-04
2.135047999999999959e-04
2.136836000000000085e-04
2.138623999999999940e-04
2.139816000000000114e-04
2.141603999999999969e-04
2.142795999999999872e-04
2.145179999999999949e-04
2.146968999999999874e-04
2.149352999999999952e-04
2.151737000000000029e-04
2.154717000000000058e-04
2.157101000000000136e-04
2.160081999999999963e-04
2.162466000000000041e-04
2.165446000000000070e-04
2.167233999999999925e-04
2.169618000000000002e-04
2.170809999999999905e-04
2.172599000000000101e-04
2.173195000000000053e-04
2.174386999999999956e-04
2.174982999999999908e-04
2.175579000000000130e-04
2.176771000000000034e-04
2.177366999999999985e-04
2.177962999999999937e-04
2.179155000000000111e-04
2.179751000000000063e-04
2.180347000000000014e-04
2.180942999999999966e-04
2.182134999999999869e-04
2.182731000000000092e-04
2.184520000000000016e-04
2.185711999999999920e-04
2.187500000000000046e-04
2.189287999999999900e-04
2.191076000000000026e-04
2.193460000000000104e-04
2.195843999999999910e-04
2.197633000000000106e-04
2.199420999999999961e-04
2.201209000000000087e-04
2.202400999999999990e-04
2.204189000000000116e-04
2.205976999999999970e-04
2.207168999999999874e-04
2.208957000000000000e-04
2.210745999999999924e-04
2.211938000000000099e-04
2.213130000000000002e-04
2.213725999999999953e-04
2.214918000000000128e-04
2.214918000000000128e-04
2.214918000000000128e-04
2.214918000000000128e-04
2.214918000000000128e-04
2.214918000000000128e-04
2.214918000000000128e-04
2.214918000000000128e-04
2.214918000000000128e-04
2.214918000000000128e-04
2.214918000000000128e-04
2.213725999999999953e-04
2.213130000000000002e-04
2.211938000000000099e-04
2.210149999999999973e-04
2.207765000000000096e-04
2.206572999999999922e-04
2.204189000000000116e-04
2.202996999999999941e-04
2.201805000000000038e-04
2.200613000000000135e-04
2.200613000000000135e-04
2.200016999999999912e-04
2.200016999999999912e-04
2.200016999999999912e-04
2.200613000000000135e-04
2.200613000000000135e-04
2.200613000000000135e-04
2.201209000000000087e-04
2.201209000000000087e-04
2.201209000000000087e-04
2.201209000000000087e-04
2.201805000000000038e-04
2.202400999999999990e-04
2.203592999999999893e-04
2.204785000000000067e-04
2.205976999999999970e-04
2.207765000000000096e-04
2.209552999999999951e-04
2.211938000000000099e-04
2.214321999999999905e-04
2.217301999999999934e-04
2.220281999999999963e-04
2.223263000000000062e-04
2.226243000000000091e-04
2.229819000000000072e-04
2.233395000000000053e-04
2.236972000000000103e-04
2.241144000000000035e-04
2.245315999999999968e-04
2.249488999999999970e-04
2.253064999999999951e-04
2.257236999999999883e-04
2.260813000000000135e-04
2.264389999999999914e-04
2.267965999999999895e-04
2.271541999999999875e-04
2.274522999999999975e-04
2.277503000000000004e-04
2.280483000000000033e-04
2.283463000000000062e-04
2.285846999999999868e-04
2.288827999999999967e-04
2.291212000000000045e-04
2.293596000000000122e-04
2.295979999999999928e-04
2.297768000000000054e-04
2.300152999999999931e-04
2.302537000000000008e-04
2.305517000000000037e-04
2.307901000000000115e-04
2.310880999999999873e-04
2.313861999999999972e-04
2.316842000000000001e-04
2.319822000000000030e-04
2.322802000000000059e-04
2.326975000000000061e-04
2.329955000000000090e-04
2.333531000000000071e-04
2.336511000000000100e-04
2.339491999999999928e-04
2.341876000000000005e-04
2.344260000000000083e-04
2.346047999999999938e-04
2.347836000000000064e-04
2.349623999999999918e-04
2.350816999999999892e-04
2.352605000000000017e-04
2.353796999999999921e-04
2.355585000000000046e-04
2.356776999999999950e-04
2.358565000000000076e-04
2.359756999999999979e-04
2.360948999999999882e-04
2.362737000000000008e-04
2.363929999999999981e-04
2.365121999999999884e-04
2.366910000000000010e-04
2.368101999999999913e-04
2.369890000000000039e-04
2.371081999999999942e-04
2.372870000000000068e-04
2.374061999999999971e-04
2.376447000000000119e-04
2.378830999999999925e-04
2.381215000000000003e-04
2.384195000000000032e-04
2.386579000000000109e-04
2.389559999999999937e-04
2.392539999999999966e-04
2.394924000000000044e-04
2.397904000000000073e-04
2.400287999999999879e-04
2.402673000000000027e-04
2.404460999999999881e-04
2.406844999999999959e-04
2.409229000000000036e-04
2.411016999999999891e-04
2.412805000000000017e-04
2.414592999999999872e-04
2.415786000000000116e-04
2.417573999999999971e-04
2.418765999999999874e-04
2.420554000000000000e-04
2.421745999999999903e-04
2.422938000000000077e-04
2.424129999999999981e-04
2.425321999999999884e-04
2.426514000000000058e-04
2.427705999999999961e-04
2.428898999999999934e-04
2.428898999999999934e-04
2.428898999999999934e-04
2.428898999999999934e-04
2.428302999999999983e-04
2.427110000000000010e-04
2.426514000000000058e-04
2.425918000000000106e-04
2.424725999999999932e-04
2.424725999999999932e-04
2.424129999999999981e-04
2.424129999999999981e-04
2.424725999999999932e-04
2.425321999999999884e-04
2.425918000000000106e-04
2.427110000000000010e-04
2.428302999999999983e-04
2.428898999999999934e-04
2.430091000000000109e-04
2.431878999999999963e-04
2.433070999999999867e-04
2.434263000000000041e-04
2.436050999999999896e-04
2.437243000000000070e-04
2.439030999999999925e-04
2.440223000000000099e-04
2.441424999999999889e-04
2.442616999999999792e-04
2.443212999999999743e-04
2.443809000000000237e-04
2.444405000000000189e-04
2.444405000000000189e-04
2.444405000000000189e-04
2.445001000000000140e-04
2.445597000000000092e-04
2.445597000000000092e-04
2.445597000000000092e-04
2.446193000000000044e-04
2.446788999999999995e-04
2.446788999999999995e-04
2.447980999999999898e-04
2.448576999999999850e-04
2.449172999999999802e-04
2.449770000000000094e-04
2.450961999999999997e-04
2.451557999999999949e-04
2.452749999999999852e-04
2.453941999999999755e-04
2.455134000000000201e-04
2.456922000000000056e-04
2.458113999999999959e-04
2.459901999999999814e-04
2.461094000000000259e-04
2.462286999999999961e-04
2.463478999999999864e-04
2.464670999999999767e-04
2.465863000000000213e-04
2.467651000000000068e-04
2.468842999999999971e-04
2.471226999999999777e-04
2.473015000000000174e-04
2.475399999999999779e-04
2.477784000000000128e-04
2.480167999999999934e-04
2.482551999999999741e-04
2.485532000000000041e-04
2.487915999999999847e-04
2.490896999999999946e-04
2.493280999999999753e-04
2.496261000000000053e-04
2.499240999999999811e-04
2.502817999999999861e-04
2.505798000000000162e-04
2.509969999999999823e-04
2.512950000000000123e-04
2.516527000000000173e-04
2.520102999999999883e-04
2.523083000000000183e-04
2.526062999999999941e-04
2.529639999999999992e-04
2.532023999999999798e-04
2.535004000000000098e-04
2.537983999999999856e-04
2.540369000000000004e-04
2.542752999999999810e-04
2.545137000000000159e-04
2.547520999999999965e-04
2.549308999999999820e-04
2.551097000000000217e-04
2.552885999999999871e-04
2.555270000000000219e-04
2.556462000000000122e-04
2.558845999999999929e-04
2.560633999999999784e-04
2.562422000000000180e-04
2.564805999999999987e-04
2.567191000000000134e-04
2.568978999999999989e-04
2.571362999999999796e-04
2.573747000000000144e-04
2.576130999999999950e-04
2.578516000000000098e-04
2.580899999999999904e-04
2.583284000000000253e-04
2.585668000000000059e-04
2.588647999999999817e-04
2.590436000000000214e-04
2.592820999999999819e-04
2.595205000000000168e-04
2.597588999999999974e-04
2.599376999999999829e-04
2.601165000000000226e-04
2.602953000000000081e-04
2.604145999999999783e-04
2.605934000000000180e-04
2.607722000000000035e-04
2.609509999999999890e-04
2.611297999999999744e-04
2.612490000000000190e-04
2.614278000000000044e-04
2.616065999999999899e-04
2.618451000000000047e-04
2.620238999999999902e-04
2.622623000000000250e-04
2.624411000000000105e-04
2.626794999999999911e-04
2.629180000000000059e-04
2.631563999999999865e-04
2.633948000000000214e-04
2.635736000000000068e-04
2.638119999999999875e-04
2.640504000000000223e-04
2.642888999999999829e-04
2.645869000000000129e-04
2.648252999999999935e-04
2.651233000000000235e-04
2.653617000000000042e-04
2.656598000000000141e-04
2.659577999999999899e-04
2.661962000000000247e-04
2.664346000000000054e-04
2.666729999999999860e-04
2.669115000000000008e-04
2.671498999999999814e-04
2.673287000000000211e-04
2.675075000000000066e-04
2.677458999999999872e-04
2.679247000000000269e-04
2.681035999999999923e-04
2.682823999999999777e-04
2.685208000000000126e-04
2.686995999999999981e-04
2.688783999999999836e-04
2.690572000000000233e-04
2.692956000000000039e-04
2.694745000000000235e-04
2.697129000000000041e-04
2.699512999999999848e-04
2.701897000000000196e-04
2.704281000000000003e-04
2.706068999999999857e-04
2.709049999999999956e-04
2.711433999999999763e-04
2.713818000000000111e-04
2.716797999999999869e-04
2.719183000000000017e-04
2.721566999999999823e-04
2.724547000000000123e-04
2.726930999999999930e-04
2.729911000000000230e-04
2.732295999999999835e-04
2.735276000000000135e-04
2.737659999999999942e-04
2.740640000000000242e-04
2.742428000000000097e-04
2.744813000000000244e-04
2.747197000000000050e-04
2.749580999999999857e-04
2.751369000000000254e-04
2.753157000000000109e-04
2.754944999999999963e-04
2.756732999999999818e-04
2.758522000000000014e-04
2.760905999999999820e-04
2.763290000000000169e-04
2.765078000000000024e-04
2.766865999999999878e-04
2.769250000000000227e-04
2.771038999999999881e-04
2.772826999999999736e-04
2.774615000000000132e-04
2.776402999999999987e-04
2.778190999999999842e-04
2.779979000000000239e-04
2.781767000000000094e-04
2.783555999999999747e-04
2.785344000000000144e-04
2.787131999999999999e-04
2.788919999999999854e-04
2.790708000000000251e-04
2.792496000000000106e-04
2.794283999999999961e-04
2.796073000000000156e-04
2.797861000000000011e-04
2.799648999999999866e-04
2.800840999999999769e-04
2.802629000000000166e-04
2.803821000000000069e-04
2.805608999999999924e-04
2.806800999999999827e-04
2.808589000000000224e-04
2.809781999999999926e-04
2.811569999999999781e-04
2.812762000000000226e-04
2.813954000000000130e-04
2.815146000000000033e-04
2.816933999999999888e-04
2.818125999999999791e-04
2.819318000000000236e-04
2.820510000000000139e-04
2.822298999999999793e-04
2.823491000000000238e-04
2.824087000000000190e-04
2.825875000000000045e-04
2.827066999999999948e-04
2.828854999999999803e-04
2.830047000000000248e-04
2.831835000000000103e-04
2.833027000000000006e-04
2.834816000000000202e-04
2.836604000000000057e-04
2.838391999999999912e-04
2.840179999999999766e-04
2.841968000000000163e-04
2.843160000000000067e-04
2.844947999999999921e-04
2.846139999999999825e-04
2.847333000000000069e-04
2.848524999999999972e-04
2.849120999999999924e-04
2.850312999999999827e-04
2.850908999999999778e-04
2.851504999999999730e-04
2.852101000000000224e-04
2.853293000000000127e-04
2.853889000000000079e-04
2.855080999999999982e-04
2.856272999999999885e-04
2.856868999999999837e-04
2.858060999999999740e-04
2.859253000000000185e-04
2.860445999999999887e-04
2.862233999999999742e-04
2.863426000000000187e-04
2.865809999999999994e-04
2.867597999999999848e-04
2.869982000000000197e-04
2.871770000000000052e-04
2.873559000000000248e-04
2.875943000000000054e-04
2.878326999999999860e-04
2.880711000000000209e-04
2.882499000000000064e-04
2.884882999999999870e-04
2.886672000000000066e-04
2.888459999999999921e-04
2.890247999999999776e-04
2.891440000000000221e-04
2.892632000000000124e-04
2.893824000000000027e-04
2.895015999999999931e-04
2.896207999999999834e-04
2.897399999999999737e-04
2.898592999999999981e-04
2.899188999999999933e-04
2.899784999999999884e-04
2.900976999999999788e-04
2.901572999999999739e-04
2.902169000000000233e-04
2.902765000000000184e-04
2.902765000000000184e-04
2.903361000000000136e-04
2.903957000000000088e-04
2.903957000000000088e-04
2.903957000000000088e-04
2.904553000000000039e-04
2.904553000000000039e-04
2.904553000000000039e-04
2.905148999999999991e-04
2.905744999999999943e-04
2.906936999999999846e-04
2.907532999999999797e-04
2.908128999999999749e-04
2.908725000000000243e-04
2.909917000000000146e-04
2.910513000000000097e-04
2.911109000000000049e-04
2.911705999999999800e-04
2.912301999999999751e-04
2.912898000000000245e-04
2.913494000000000196e-04
2.914090000000000148e-04
2.914686000000000100e-04
2.915282000000000051e-04
2.916473999999999954e-04
2.917069999999999906e-04
2.918261999999999809e-04
2.920050000000000206e-04
2.921838000000000061e-04
2.923625999999999916e-04
2.925415000000000112e-04
2.927202999999999966e-04
2.929586999999999773e-04
2.931375000000000170e-04
2.933163000000000025e-04
2.934950999999999879e-04
2.936738999999999734e-04
2.938527999999999930e-04
2.940315999999999785e-04
2.941508000000000230e-04
2.942700000000000133e-04
2.943892000000000037e-04
2.945083999999999940e-04
2.946275999999999843e-04
2.947467999999999746e-04
2.948064000000000240e-04
2.949256000000000143e-04
2.949256000000000143e-04
2.949852000000000095e-04
2.949852000000000095e-04
2.949852000000000095e-04
2.949256000000000143e-04
2.949256000000000143e-04
2.948660000000000191e-04
2.948064000000000240e-04
2.947467999999999746e-04
2.946871999999999795e-04
2.946275999999999843e-04
2.946275999999999843e-04
2.945679999999999891e-04
2.945083999999999940e-04
2.945083999999999940e-04
2.945083999999999940e-04
2.945083999999999940e-04
2.945679999999999891e-04
2.945679999999999891e-04
2.946275999999999843e-04
2.946871999999999795e-04
2.946871999999999795e-04
2.947467999999999746e-04
2.947467999999999746e-04
2.948064000000000240e-04
2.948064000000000240e-04
2.948064000000000240e-04
2.948064000000000240e-04
2.947467999999999746e-04
2.946871999999999795e-04
2.946871999999999795e-04
2.945679999999999891e-04
2.945083999999999940e-04
2.943892000000000037e-04
2.943296000000000085e-04
2.942104000000000182e-04
2.940911999999999736e-04
2.940315999999999785e-04
2.938527999999999930e-04
2.937931999999999978e-04
2.936142999999999783e-04
2.934950999999999879e-04
2.933758999999999976e-04
2.932567000000000073e-04
2.931971000000000121e-04
2.931971000000000121e-04
2.931375000000000170e-04
2.931375000000000170e-04
2.930779000000000218e-04
2.930183000000000267e-04
2.929586999999999773e-04
2.928990999999999821e-04
2.927798999999999918e-04
2.926011000000000063e-04
2.924221999999999867e-04
2.922434000000000013e-04
2.920646000000000158e-04
2.918857999999999761e-04
2.917069999999999906e-04
2.915282000000000051e-04
2.912898000000000245e-04
2.911109000000000049e-04
2.909321000000000194e-04
2.907532999999999797e-04
2.905148999999999991e-04
2.903957000000000088e-04
2.902169000000000233e-04
2.900976999999999788e-04
2.899784999999999884e-04
2.899784999999999884e-04
2.899188999999999933e-04
2.899188999999999933e-04
2.898592999999999981e-04
2.899188999999999933e-04
2.899188999999999933e-04
2.899188999999999933e-04
2.899784999999999884e-04
2.899784999999999884e-04
2.900380999999999836e-04
2.900380999999999836e-04
2.900380999999999836e-04
2.900976999999999788e-04
2.900976999999999788e-04
2.901572999999999739e-04
2.901572999999999739e-04
2.902169000000000233e-04
2.902169000000000233e-04
2.902169000000000233e-04
2.901572999999999739e-04
2.901572999999999739e-04
2.900380999999999836e-04
2.899188999999999933e-04
2.898592999999999981e-04
2.897399999999999737e-04
2.896207999999999834e-04
2.895015999999999931e-04
2.893824000000000027e-04
2.893228000000000076e-04
2.892632000000000124e-04
2.891440000000000221e-04
2.890844000000000269e-04
2.889651999999999824e-04
2.889055999999999872e-04
2.887863999999999969e-04
2.887268000000000018e-04
2.886076000000000114e-04
2.885478999999999822e-04
2.884882999999999870e-04
2.884286999999999919e-04
2.883690999999999967e-04
2.883690999999999967e-04
2.883095000000000015e-04
2.883095000000000015e-04
2.882499000000000064e-04
2.882499000000000064e-04
2.881903000000000112e-04
2.881307000000000161e-04
2.880711000000000209e-04
2.880115000000000257e-04
2.879518999999999764e-04
2.878922999999999812e-04
2.878922999999999812e-04
2.878922999999999812e-04
2.878922999999999812e-04
2.878326999999999860e-04
2.877730999999999909e-04
2.877730999999999909e-04
2.877730999999999909e-04
2.877730999999999909e-04
2.877730999999999909e-04
2.877730999999999909e-04
2.878922999999999812e-04
2.879518999999999764e-04
2.880115000000000257e-04
2.881307000000000161e-04
2.881903000000000112e-04
2.882499000000000064e-04
2.883095000000000015e-04
2.883095000000000015e-04
2.883095000000000015e-04
2.882499000000000064e-04
2.881903000000000112e-04
2.881307000000000161e-04
2.880115000000000257e-04
2.879518999999999764e-04
2.879518999999999764e-04
2.879518999999999764e-04
2.879518999999999764e-04
2.879518999999999764e-04
2.879518999999999764e-04
2.879518999999999764e-04
2.878922999999999812e-04
2.877730999999999909e-04
2.876539000000000006e-04
2.875347000000000102e-04
2.873559000000000248e-04
2.871174000000000100e-04
2.868193999999999800e-04
2.865214000000000042e-04
2.862233999999999742e-04
2.858657000000000233e-04
2.855080999999999982e-04
2.850908999999999778e-04
2.846735999999999776e-04
2.842564000000000115e-04
2.837795999999999960e-04
2.833027000000000006e-04
2.828258999999999851e-04
2.823491000000000238e-04
2.818125999999999791e-04
2.813954000000000130e-04
2.809781999999999926e-04
2.806204999999999876e-04
2.802629000000000166e-04
2.799052999999999914e-04
2.796073000000000156e-04
2.794283999999999961e-04
2.791900000000000154e-04
2.790708000000000251e-04
2.790111999999999757e-04
2.789515999999999806e-04
2.788919999999999854e-04
2.788919999999999854e-04
2.788323999999999902e-04
2.787727999999999951e-04
2.787727999999999951e-04
2.787131999999999999e-04
2.786536000000000048e-04
2.785344000000000144e-04
2.784152000000000241e-04
2.782958999999999997e-04
2.781171000000000142e-04
2.779979000000000239e-04
2.778190999999999842e-04
2.775807000000000036e-04
2.774019000000000181e-04
2.772230999999999784e-04
2.769846000000000179e-04
2.767461999999999830e-04
2.765673999999999975e-04
2.763886000000000120e-04
2.761501999999999772e-04
2.760309999999999869e-04
2.758522000000000014e-04
2.756136999999999867e-04
2.754349000000000012e-04
2.751965000000000205e-04
2.749580999999999857e-04
2.747793000000000002e-04
2.746005000000000147e-04
2.744215999999999951e-04
2.743620000000000000e-04
2.742428000000000097e-04
2.742428000000000097e-04
2.742428000000000097e-04
2.742428000000000097e-04
2.743620000000000000e-04
2.744215999999999951e-04
2.745409000000000196e-04
2.746601000000000099e-04
2.747793000000000002e-04
2.747793000000000002e-04
2.747793000000000002e-04
2.747197000000000050e-04
2.746005000000000147e-04
2.744215999999999951e-04
2.742428000000000097e-04
2.740043999999999748e-04
2.737659999999999942e-04
2.735276000000000135e-04
2.732891999999999787e-04
2.730507000000000181e-04
2.728122999999999833e-04
2.725143000000000075e-04
2.722162999999999775e-04
2.718586000000000266e-04
2.714414000000000063e-04
2.710241999999999860e-04
2.705472999999999906e-04
2.700108999999999799e-04
2.695341000000000186e-04
2.690572000000000233e-04
2.686400000000000029e-04
2.682227999999999826e-04
2.678054999999999824e-04
2.674479000000000114e-04
2.670306999999999911e-04
2.666729999999999860e-04
2.663154000000000150e-04
2.659577999999999899e-04
2.655406000000000238e-04
2.652425000000000139e-04
2.648848999999999887e-04
2.645869000000000129e-04
2.642888999999999829e-04
2.639311999999999778e-04
2.635736000000000068e-04
2.632159999999999817e-04
2.628582999999999766e-04
2.625007000000000056e-04
2.621430999999999805e-04
2.617855000000000095e-04
2.614278000000000044e-04
2.610701999999999793e-04
2.607126000000000083e-04
2.604145999999999783e-04
2.600568999999999732e-04
2.597588999999999974e-04
2.594013000000000265e-04
2.590436000000000214e-04
2.587455999999999914e-04
2.584476000000000156e-04
2.580899999999999904e-04
2.577920000000000146e-04
2.574343000000000096e-04
2.571362999999999796e-04
2.567787000000000086e-04
2.564805999999999987e-04
2.561229999999999735e-04
2.558249999999999977e-04
2.555270000000000219e-04
2.552289999999999919e-04
2.549904999999999772e-04
2.546925000000000014e-04
2.545137000000000159e-04
2.542752999999999810e-04
2.541560999999999907e-04
2.539773000000000052e-04
2.537983999999999856e-04
2.536196000000000002e-04
2.534408000000000147e-04
2.533216000000000244e-04
2.531427999999999847e-04
2.530235999999999943e-04
2.528448000000000089e-04
2.527256000000000185e-04
2.526062999999999941e-04
2.524871000000000038e-04
2.524275000000000086e-04
2.523083000000000183e-04
2.521890999999999738e-04
2.520102999999999883e-04
2.519506999999999932e-04
2.518315000000000028e-04
2.516527000000000173e-04
2.514738999999999777e-04
2.513546000000000074e-04
2.511758000000000220e-04
2.509969999999999823e-04
2.507586000000000016e-04
2.504606000000000258e-04
2.501625999999999958e-04
2.498644999999999859e-04
2.494473000000000198e-04
2.490896999999999946e-04
2.486723999999999944e-04
2.483148000000000234e-04
2.479571999999999983e-04
2.475995999999999731e-04
2.472419000000000222e-04
2.468842999999999971e-04
2.465863000000000213e-04
2.462286999999999961e-04
2.458113999999999959e-04
2.454538000000000249e-04
2.451557999999999949e-04
2.447980999999999898e-04
2.445001000000000140e-04
2.442020999999999840e-04
2.439626999999999876e-04
2.437243000000000070e-04
2.434858999999999993e-04
2.432474999999999915e-04
2.430091000000000109e-04
2.427110000000000010e-04
2.424725999999999932e-04
2.421745999999999903e-04
2.419362000000000097e-04
2.416978000000000019e-04
2.414592999999999872e-04
2.411613000000000114e-04
2.409229000000000036e-04
2.406844999999999959e-04
2.403864999999999930e-04
2.400884000000000102e-04
2.397904000000000073e-04
2.394328000000000092e-04
2.390752000000000111e-04
2.387175000000000061e-04
2.383599000000000080e-04
2.380619000000000051e-04
2.377043000000000070e-04
2.374061999999999971e-04
2.371081999999999942e-04
2.369294000000000087e-04
2.367505999999999962e-04
2.366314000000000058e-04
2.365121999999999884e-04
2.363332999999999959e-04
2.361545000000000105e-04
2.359161000000000027e-04
2.356180999999999998e-04
2.353200999999999969e-04
2.349623999999999918e-04
2.344856000000000034e-04
2.340087999999999880e-04
2.334722999999999974e-04
2.328166999999999964e-04
2.321609999999999885e-04
2.314457999999999923e-04
2.307901000000000115e-04
2.300748999999999882e-04
2.294192000000000074e-04
2.287636000000000064e-04
2.281078999999999984e-04
2.275118999999999926e-04
2.269158000000000069e-04
2.263793999999999963e-04
2.259025000000000009e-04
2.254853000000000076e-04
2.251277000000000096e-04
2.248297000000000067e-04
2.245315999999999968e-04
2.242931999999999890e-04
2.240548000000000084e-04
2.238164000000000006e-04
2.236375999999999880e-04
2.233991000000000004e-04
2.231606999999999927e-04
2.229819000000000072e-04
2.228030999999999946e-04
2.226243000000000091e-04
2.225050999999999917e-04
2.223859000000000014e-04
2.223263000000000062e-04
2.222070000000000089e-04
2.221473999999999866e-04
2.220877999999999915e-04
2.219090000000000060e-04
2.217897999999999886e-04
2.216705999999999982e-04
2.214918000000000128e-04
2.212534000000000050e-04
2.210149999999999973e-04
2.207765000000000096e-04
2.205381000000000019e-04
2.203592999999999893e-04
2.201209000000000087e-04
2.199420999999999961e-04
2.197633000000000106e-04
2.195843999999999910e-04
2.193460000000000104e-04
2.191671999999999978e-04
2.189884000000000123e-04
2.187500000000000046e-04
2.185711999999999920e-04
2.183327000000000043e-04
2.180942999999999966e-04
2.178558999999999888e-04
2.175579000000000130e-04
2.172002999999999879e-04
2.168426000000000099e-04
2.164850000000000118e-04
2.161273999999999867e-04
2.157101000000000136e-04
2.152928999999999932e-04
2.148757000000000000e-04
2.145179999999999949e-04
2.141603999999999969e-04
2.138027999999999988e-04
2.134452000000000007e-04
2.131470999999999908e-04
2.127894999999999928e-04
2.124318999999999947e-04
2.120742999999999966e-04
2.117165999999999916e-04
2.113589999999999935e-04
2.109418000000000003e-04
2.105840999999999952e-04
2.102264999999999971e-04
2.098093000000000039e-04
2.094517000000000058e-04
2.090940000000000008e-04
2.087364000000000027e-04
2.083788000000000046e-04
2.080210999999999996e-04
2.076039000000000064e-04
2.071867000000000131e-04
2.067097999999999906e-04
2.061734000000000071e-04
2.056965999999999916e-04
2.052196999999999962e-04
2.046833000000000127e-04
2.042063999999999902e-04
2.037891999999999970e-04
2.033124000000000086e-04
2.028951000000000083e-04
2.024182999999999929e-04
2.019415000000000045e-04
2.015242000000000042e-04
2.011070000000000110e-04
2.006897999999999907e-04
2.003321000000000127e-04
1.999148999999999924e-04
1.994976999999999992e-04
1.991399999999999941e-04
1.987823999999999960e-04
1.983652000000000028e-04
1.979480000000000096e-04
1.975307000000000094e-04
1.971134999999999890e-04
1.966367000000000006e-04
1.962194000000000004e-04
1.957426000000000120e-04
1.953253999999999917e-04
1.949080999999999915e-04
1.945504999999999934e-04
1.941928999999999953e-04
1.938351999999999903e-04
1.934775999999999922e-04
1.931795999999999893e-04
1.928816000000000135e-04
1.926430999999999988e-04
1.924046999999999910e-04
1.922259000000000055e-04
1.919874999999999978e-04
1.918683000000000075e-04
1.917490999999999900e-04
1.916298999999999997e-04
1.915107000000000094e-04
1.913914000000000121e-04
1.912721999999999947e-04
1.910934000000000092e-04
1.909145999999999966e-04
1.906761999999999888e-04
1.903782000000000130e-04
1.900801000000000031e-04
1.898416999999999954e-04
1.895436999999999925e-04
1.891860999999999944e-04
1.888880999999999915e-04
1.885303999999999864e-04
1.881727999999999884e-04
1.878748000000000126e-04
1.875171000000000075e-04
1.871595000000000095e-04
1.867422999999999891e-04
1.863250999999999959e-04
1.859077999999999957e-04
1.854906000000000024e-04
1.850734000000000092e-04
1.845368999999999916e-04
1.839409000000000129e-04
1.832852000000000049e-04
1.825103999999999865e-04
1.817354999999999882e-04
1.808413999999999996e-04
1.799473999999999909e-04
1.789937000000000071e-04
1.780399999999999962e-04
1.771459000000000076e-04
1.762518999999999989e-04
1.753578000000000103e-04
1.744636999999999946e-04
1.735697000000000129e-04
1.726755999999999972e-04
1.717219000000000135e-04
1.708277999999999977e-04
1.698145999999999987e-04
1.688608999999999878e-04
1.678476000000000089e-04
1.668938999999999980e-04
1.658806999999999990e-04
1.649269999999999881e-04
1.639733000000000043e-04
1.630791999999999886e-04
1.622448000000000022e-04
1.614103000000000087e-04
1.606951000000000126e-04
1.599201999999999872e-04
1.592645000000000063e-04
1.586089000000000054e-04
1.580723999999999877e-04
1.575360000000000042e-04
1.569995999999999935e-04
1.565226999999999981e-04
1.559862999999999875e-04
1.554497999999999969e-04
1.549134000000000134e-04
1.543770000000000027e-04
1.537808999999999899e-04
1.531252999999999889e-04
1.524100000000000129e-04
1.516947999999999897e-04
1.508602999999999962e-04
1.500258000000000028e-04
1.491317999999999941e-04
1.481781000000000103e-04
1.472243999999999994e-04
1.462110999999999934e-04
1.452574999999999895e-04
1.441845999999999883e-04
1.432309000000000045e-04
1.421580000000000033e-04
1.410851000000000021e-04
1.400717999999999961e-04
1.390585999999999971e-04
1.380452999999999910e-04
1.370916000000000072e-04
1.361378999999999964e-04
1.352438999999999877e-04
1.343497999999999990e-04
1.335153000000000056e-04
1.326808999999999920e-04
1.318463999999999986e-04
1.310119000000000051e-04
1.301774999999999916e-04
1.293429999999999981e-04
1.284489000000000095e-04
1.276144999999999960e-04
1.267204000000000073e-04
1.258262999999999916e-04
1.248726999999999877e-04
1.239190000000000040e-04
1.229056999999999979e-04
1.218323999999999959e-04
1.207594999999999947e-04
1.196865999999999935e-04
1.185540999999999971e-04
1.173620000000000056e-04
1.162294999999999957e-04
1.149777999999999955e-04
1.137857000000000039e-04
1.125935999999999989e-04
1.114014999999999938e-04
1.102094999999999957e-04
1.090769999999999994e-04
1.079445000000000030e-04
1.069311999999999970e-04
1.058582999999999958e-04
1.048450000000000033e-04
1.038318000000000043e-04
1.028184999999999982e-04
1.018648000000000009e-04
1.008514999999999949e-04
9.989785000000000104e-05
9.888456999999999640e-05
9.793090000000000117e-05
9.697722000000000525e-05
9.602354999999999647e-05
9.512947999999999641e-05
9.417580000000000048e-05
9.328173000000000042e-05
9.238767000000000105e-05
9.149360000000000099e-05
9.059953000000000093e-05
8.970546000000000086e-05
8.887098999999999596e-05
8.809613000000000047e-05
8.732127000000000497e-05
8.654640999999999593e-05
8.583114999999999560e-05
8.505629000000000011e-05
8.434104000000000048e-05
8.362578000000000014e-05
8.285092000000000465e-05
8.207605999999999561e-05
8.136080999999999598e-05
8.058595000000000049e-05
7.975147999999999558e-05
7.891702000000000493e-05
7.808255000000000003e-05
7.724808999999999582e-05
7.641362000000000447e-05
7.551955000000000440e-05
7.468509000000000020e-05
7.385061999999999530e-05
7.301616000000000464e-05
7.218168999999999974e-05
7.134722999999999554e-05
7.051276000000000418e-05
6.967829999999999998e-05
6.884382999999999508e-05
6.800937000000000442e-05
6.711530000000000436e-05
6.622123000000000430e-05
6.532716000000000423e-05
6.443309000000000417e-05
6.347940999999999469e-05
6.252573999999999947e-05
6.151245999999999483e-05
6.049895000000000121e-05
5.942606000000000071e-05
5.835318000000000091e-05
5.728030000000000112e-05
5.620741000000000062e-05
5.519413000000000276e-05
5.418084999999999812e-05
5.310796999999999832e-05
5.215430000000000310e-05
5.114101999999999846e-05
5.018734000000000254e-05
4.923367000000000054e-05
4.827999999999999854e-05
4.732632000000000261e-05
4.637265000000000061e-05
4.541896999999999791e-05
4.452489999999999785e-05
4.357123000000000262e-05
4.267716000000000256e-05
4.184268999999999765e-05
4.100823000000000022e-05
4.017376000000000210e-05
3.939889999999999983e-05
3.862403999999999756e-05
3.784918000000000207e-05
3.707431999999999980e-05
3.629945999999999753e-05
3.558420999999999790e-05
3.480935000000000241e-05
3.409409000000000208e-05
3.337883000000000175e-05
3.272317999999999728e-05
3.200792999999999764e-05
3.135227999999999995e-05
3.069662000000000155e-05
2.998125000000000030e-05
2.926600000000000067e-05
2.855074000000000034e-05
2.789508999999999926e-05
2.717982999999999893e-05
2.652418000000000123e-05
2.592813999999999940e-05
2.527248999999999831e-05
2.461682999999999992e-05
2.402079000000000147e-05
2.348435000000000157e-05
2.288829999999999904e-05
2.229224999999999989e-05
2.169621000000000144e-05
2.110015999999999891e-05
2.050410999999999976e-05
1.990807000000000132e-05
1.925242000000000023e-05
1.865637000000000109e-05
1.800072000000000000e-05
1.734506999999999892e-05
1.674901999999999977e-05
1.609336999999999869e-05
1.549731999999999954e-05
1.484160999999999934e-05
1.424556999999999920e-05
1.358991999999999981e-05
1.287465999999999948e-05
1.221901000000000009e-05
1.144414999999999952e-05
1.072888999999999919e-05
9.954033999999999571e-06
9.179174000000000691e-06
8.463917999999999624e-06
7.748662000000000250e-06
7.092981999999999609e-06
6.377726000000000235e-06
5.781680000000000352e-06
5.185633000000000229e-06
4.589587000000000346e-06
4.053144999999999968e-06
3.516689000000000051e-06
2.980247000000000098e-06
2.443805000000000144e-06
1.907363000000000190e-06
1.370914000000000043e-06
8.344686999999999765e-07
2.980249999999999969e-07
-1.788147999999999926e-07
-7.152593999999999547e-07
-1.251704999999999944e-06
-1.668936999999999984e-06
-2.145782000000000202e-06
-2.622618999999999987e-06
-3.039851000000000027e-06
-3.457083999999999883e-06
-3.874331000000000125e-06
-4.231958999999999812e-06
-4.589587000000000346e-06
-4.947215000000000033e-06
-5.245237999999999974e-06
-5.543260999999999916e-06
-5.841283999999999858e-06
-6.139308000000000039e-06
-6.377726000000000235e-06
-6.675749000000000177e-06
-6.914167999999999765e-06
-7.212190999999999707e-06
-7.450610000000000143e-06
-7.748662000000000250e-06
-7.987080999999999838e-06
-8.285104000000000627e-06
-8.583126999999999722e-06
-8.881150000000000510e-06
-9.179174000000000691e-06
-9.477196999999999786e-06
-9.775220000000000575e-06
-1.007323999999999980e-05
-1.043086999999999996e-05
-1.078850000000000013e-05
-1.114613000000000030e-05
-1.150374999999999976e-05
-1.198058999999999942e-05
-1.239781999999999983e-05
-1.281505999999999924e-05
-1.329188999999999989e-05
-1.370912999999999930e-05
-1.418595999999999995e-05
-1.460319999999999937e-05
-1.502042999999999978e-05
-1.543772000000000099e-05
-1.579535000000000116e-05
-1.615298000000000132e-05
-1.651060000000000079e-05
-1.686823000000000096e-05
-1.722586000000000112e-05
-1.752387999999999865e-05
-1.782191000000000027e-05
-1.806031999999999855e-05
-1.835835000000000017e-05
-1.853715999999999990e-05
-1.871596999999999963e-05
-1.889479000000000007e-05
-1.907359999999999980e-05
-1.919281000000000098e-05
-1.925242000000000023e-05
-1.937163000000000142e-05
-1.949083999999999921e-05
-1.955044000000000115e-05
-1.961003999999999970e-05
-1.972925000000000088e-05
-1.978886000000000013e-05
-1.990807000000000132e-05
-1.996766999999999986e-05
-2.008688000000000105e-05
-2.014649000000000030e-05
-2.020608999999999884e-05
-2.032530000000000003e-05
-2.032530000000000003e-05
-2.038489999999999858e-05
-2.038489999999999858e-05
-2.044451000000000121e-05
-2.044451000000000121e-05
-2.044451000000000121e-05
-2.044451000000000121e-05
-2.044451000000000121e-05
-2.044451000000000121e-05
-2.044451000000000121e-05
-2.044451000000000121e-05
-2.050410999999999976e-05
-2.050410999999999976e-05
-2.050410999999999976e-05
-2.062332000000000095e-05
-2.062332000000000095e-05
-2.068293000000000019e-05
-2.068293000000000019e-05
-2.074252999999999874e-05
-2.074252999999999874e-05
-2.074252999999999874e-05
-2.074252999999999874e-05
-2.074252999999999874e-05
-2.068293000000000019e-05
-2.068293000000000019e-05
-2.062332000000000095e-05
-2.062332000000000095e-05
-2.062332000000000095e-05
-2.056371999999999901e-05
-2.050410999999999976e-05
-2.044451000000000121e-05
-2.044451000000000121e-05
-2.038489999999999858e-05
-2.038489999999999858e-05
-2.038489999999999858e-05
-2.038489999999999858e-05
-2.038489999999999858e-05
-2.038489999999999858e-05
-2.044451000000000121e-05
-2.044451000000000121e-05
-2.050410999999999976e-05
-2.050410999999999976e-05
-2.056371999999999901e-05
-2.062332000000000095e-05
-2.062332000000000095e-05
-2.068293000000000019e-05
-2.068293000000000019e-05
-2.068293000000000019e-05
-2.068293000000000019e-05
-2.068293000000000019e-05
-2.062332000000000095e-05
-2.062332000000000095e-05
-2.050410999999999976e-05
-2.050410999999999976e-05
-2.044451000000000121e-05
-2.038489999999999858e-05
-2.038489999999999858e-05
-2.038489999999999858e-05
-2.032530000000000003e-05
-2.032530000000000003e-05
-2.038489999999999858e-05
-2.038489999999999858e-05
-2.044451000000000121e-05
-2.044451000000000121e-05
-2.050410999999999976e-05
-2.050410999999999976e-05
-2.056371999999999901e-05
-2.062332000000000095e-05
-2.062332000000000095e-05
-2.068293000000000019e-05
-2.068293000000000019e-05
-2.068293000000000019e-05
-2.068293000000000019e-05
-2.068293000000000019e-05
-2.068293000000000019e-05
-2.068293000000000019e-05
-2.062332000000000095e-05
-2.062332000000000095e-05
-2.056371999999999901e-05
-2.050410999999999976e-05
-2.050410999999999976e-05
-2.044451000000000121e-05
-2.044451000000000121e-05
-2.044451000000000121e-05
-2.038489999999999858e-05
-2.038489999999999858e-05
-2.038489999999999858e-05
-2.038489999999999858e-05
-2.032530000000000003e-05
-2.038489999999999858e-05
-2.038489999999999858e-05
-2.038489999999999858e-05
-2.038489999999999858e-05
-2.038489999999999858e-05
-2.038489999999999858e-05
-2.038489999999999858e-05
-2.038489999999999858e-05
-2.038489999999999858e-05
-2.032530000000000003e-05
-2.032530000000000003e-05
-2.032530000000000003e-05
-2.032530000000000003e-05
-2.038489999999999858e-05
-2.038489999999999858e-05
-2.044451000000000121e-05
-2.044451000000000121e-05
-2.050410999999999976e-05
-2.050410999999999976e-05
-2.056371999999999901e-05
-2.056371999999999901e-05
-2.062332000000000095e-05
-2.062332000000000095e-05
-2.062332000000000095e-05
-2.068293000000000019e-05
-2.074252999999999874e-05
-2.080214000000000138e-05
-2.092134999999999918e-05
-2.098095000000000111e-05
-2.110015999999999891e-05
-2.121937000000000009e-05
-2.127896999999999864e-05
-2.133858000000000128e-05
-2.145778999999999907e-05
-2.151739000000000101e-05
-2.163659999999999881e-05
-2.169621000000000144e-05
-2.181541999999999924e-05
-2.187502000000000118e-05
-2.193463000000000042e-05
-2.205383000000000091e-05
-2.211344000000000016e-05
-2.217303999999999871e-05
-2.223265000000000134e-05
-2.229224999999999989e-05
-2.229224999999999989e-05
-2.235185999999999914e-05
-2.235185999999999914e-05
-2.235185999999999914e-05
-2.241146000000000108e-05
-2.235185999999999914e-05
-2.235185999999999914e-05
-2.235185999999999914e-05
-2.229224999999999989e-05
-2.229224999999999989e-05
-2.217303999999999871e-05
-2.217303999999999871e-05
-2.211344000000000016e-05
-2.205383000000000091e-05
-2.205383000000000091e-05
-2.193463000000000042e-05
-2.193463000000000042e-05
-2.187502000000000118e-05
-2.181541999999999924e-05
-2.175580999999999999e-05
-2.163659999999999881e-05
-2.157700000000000026e-05
-2.145778999999999907e-05
-2.133858000000000128e-05
-2.127896999999999864e-05
-2.115977000000000155e-05
-2.104056000000000036e-05
-2.098095000000000111e-05
-2.086173999999999993e-05
-2.080214000000000138e-05
-2.068293000000000019e-05
-2.062332000000000095e-05
-2.050410999999999976e-05
-2.044451000000000121e-05
-2.044451000000000121e-05
-2.038489999999999858e-05
-2.038489999999999858e-05
-2.032530000000000003e-05
-2.032530000000000003e-05
-2.038489999999999858e-05
-2.038489999999999858e-05
-2.038489999999999858e-05
-2.044451000000000121e-05
-2.044451000000000121e-05
-2.044451000000000121e-05
-2.044451000000000121e-05
-2.050410999999999976e-05
-2.050410999999999976e-05
-2.050410999999999976e-05
-2.050410999999999976e-05
-2.050410999999999976e-05
-2.050410999999999976e-05
-2.050410999999999976e-05
-2.044451000000000121e-05
-2.044451000000000121e-05
-2.044451000000000121e-05
-2.044451000000000121e-05
-2.038489999999999858e-05
-2.038489999999999858e-05
-2.038489999999999858e-05
-2.038489999999999858e-05
-2.038489999999999858e-05
-2.032530000000000003e-05
-2.032530000000000003e-05
-2.032530000000000003e-05
-2.032530000000000003e-05
-2.032530000000000003e-05
-2.032530000000000003e-05
-2.032530000000000003e-05
-2.038489999999999858e-05
-2.038489999999999858e-05
-2.038489999999999858e-05
-2.044451000000000121e-05
-2.050410999999999976e-05
-2.050410999999999976e-05
-2.062332000000000095e-05
-2.068293000000000019e-05
-2.074252999999999874e-05
-2.080214000000000138e-05
-2.092134999999999918e-05
-2.104056000000000036e-05
-2.115977000000000155e-05
-2.127896999999999864e-05
-2.133858000000000128e-05
-2.145778999999999907e-05
-2.151739000000000101e-05
-2.157700000000000026e-05
-2.163659999999999881e-05
-2.163659999999999881e-05
-2.169621000000000144e-05
-2.169621000000000144e-05
-2.169621000000000144e-05
-2.163659999999999881e-05
-2.163659999999999881e-05
-2.163659999999999881e-05
-2.163659999999999881e-05
-2.157700000000000026e-05
-2.157700000000000026e-05
-2.157700000000000026e-05
-2.157700000000000026e-05
-2.151739000000000101e-05
-2.151739000000000101e-05
-2.151739000000000101e-05
-2.145778999999999907e-05
-2.145778999999999907e-05
-2.139817999999999983e-05
-2.139817999999999983e-05
-2.133858000000000128e-05
-2.133858000000000128e-05
-2.133858000000000128e-05
-2.127896999999999864e-05
-2.121937000000000009e-05
-2.115977000000000155e-05
-2.110015999999999891e-05
-2.104056000000000036e-05
-2.104056000000000036e-05
-2.098095000000000111e-05
-2.098095000000000111e-05
-2.098095000000000111e-05
-2.092134999999999918e-05
-2.092134999999999918e-05
-2.092134999999999918e-05
-2.086173999999999993e-05
-2.080214000000000138e-05
-2.080214000000000138e-05
-2.080214000000000138e-05
-2.080214000000000138e-05
-2.080214000000000138e-05
-2.086173999999999993e-05
-2.086173999999999993e-05
-2.092134999999999918e-05
-2.092134999999999918e-05
-2.098095000000000111e-05
-2.098095000000000111e-05
-2.098095000000000111e-05
-2.098095000000000111e-05
-2.104056000000000036e-05
-2.104056000000000036e-05
-2.104056000000000036e-05
-2.104056000000000036e-05
-2.104056000000000036e-05
-2.110015999999999891e-05
-2.110015999999999891e-05
-2.115977000000000155e-05
-2.121937000000000009e-05
-2.121937000000000009e-05
-2.127896999999999864e-05
-2.133858000000000128e-05
-2.139817999999999983e-05
-2.145778999999999907e-05
-2.151739000000000101e-05
-2.151739000000000101e-05
-2.157700000000000026e-05
-2.163659999999999881e-05
-2.163659999999999881e-05
-2.163659999999999881e-05
-2.163659999999999881e-05
-2.163659999999999881e-05
-2.157700000000000026e-05
-2.157700000000000026e-05
-2.157700000000000026e-05
-2.151739000000000101e-05
-2.151739000000000101e-05
-2.145778999999999907e-05
-2.145778999999999907e-05
-2.139817999999999983e-05
-2.133858000000000128e-05
-2.127896999999999864e-05
-2.121937000000000009e-05
-2.115977000000000155e-05
-2.110015999999999891e-05
-2.104056000000000036e-05
-2.098095000000000111e-05
-2.092134999999999918e-05
-2.092134999999999918e-05
-2.086173999999999993e-05
-2.086173999999999993e-05
-2.086173999999999993e-05
-2.092134999999999918e-05
-2.098095000000000111e-05
-2.104056000000000036e-05
-2.110015999999999891e-05
-2.115977000000000155e-05
-2.121937000000000009e-05
-2.127896999999999864e-05
-2.133858000000000128e-05
-2.133858000000000128e-05
-2.139817999999999983e-05
-2.139817999999999983e-05
-2.133858000000000128e-05
-2.133858000000000128e-05
-2.133858000000000128e-05
-2.127896999999999864e-05
-2.127896999999999864e-05
-2.127896999999999864e-05
-2.127896999999999864e-05
-2.127896999999999864e-05
-2.133858000000000128e-05
-2.133858000000000128e-05
-2.145778999999999907e-05
-2.145778999999999907e-05
-2.151739000000000101e-05
-2.157700000000000026e-05
-2.163659999999999881e-05
-2.175580999999999999e-05
-2.181541999999999924e-05
-2.181541999999999924e-05
-2.187502000000000118e-05
-2.193463000000000042e-05
-2.193463000000000042e-05
-2.193463000000000042e-05
-2.193463000000000042e-05
-2.193463000000000042e-05
-2.187502000000000118e-05
-2.187502000000000118e-05
-2.187502000000000118e-05
-2.181541999999999924e-05
-2.175580999999999999e-05
-2.175580999999999999e-05
-2.163659999999999881e-05
-2.163659999999999881e-05
-2.157700000000000026e-05
-2.151739000000000101e-05
-2.145778999999999907e-05
-2.133858000000000128e-05
-2.127896999999999864e-05
-2.127896999999999864e-05
-2.121937000000000009e-05
-2.115977000000000155e-05
-2.115977000000000155e-05
-2.115977000000000155e-05
-2.115977000000000155e-05
-2.115977000000000155e-05
-2.121937000000000009e-05
-2.121937000000000009e-05
-2.127896999999999864e-05
-2.127896999999999864e-05
-2.133858000000000128e-05
-2.145778999999999907e-05
-2.151739000000000101e-05
-2.157700000000000026e-05
-2.169621000000000144e-05
-2.181541999999999924e-05
-2.193463000000000042e-05
-2.205383000000000091e-05
-2.223265000000000134e-05
-2.235185999999999914e-05
-2.247107000000000032e-05
-2.264988000000000006e-05
-2.276909000000000124e-05
-2.288829999999999904e-05
-2.300751000000000022e-05
-2.312672000000000141e-05
-2.324592999999999920e-05
-2.330553000000000114e-05
-2.342473999999999894e-05
-2.354395000000000012e-05
-2.360355999999999937e-05
-2.372277000000000055e-05
-2.378236999999999910e-05
-2.384197000000000104e-05
-2.390158000000000029e-05
-2.402079000000000147e-05
-2.413999999999999927e-05
-2.425921000000000045e-05
-2.431880999999999900e-05
-2.443802000000000019e-05
-2.449762999999999943e-05
-2.455723000000000137e-05
-2.461682999999999992e-05
-2.461682999999999992e-05
-2.461682999999999992e-05
-2.461682999999999992e-05
-2.455723000000000137e-05
-2.455723000000000137e-05
-2.449762999999999943e-05
-2.443802000000000019e-05
-2.443802000000000019e-05
-2.437842000000000164e-05
-2.437842000000000164e-05
-2.437842000000000164e-05
-2.443802000000000019e-05
-2.443802000000000019e-05
-2.449762999999999943e-05
-2.455723000000000137e-05
-2.455723000000000137e-05
-2.461682999999999992e-05
-2.461682999999999992e-05
-2.461682999999999992e-05
-2.467643999999999917e-05
-2.473604000000000110e-05
-2.473604000000000110e-05
-2.485524999999999890e-05
-2.485524999999999890e-05
-2.491486000000000154e-05
-2.497446000000000008e-05
-2.503406999999999933e-05
-2.515328000000000052e-05
-2.521287999999999906e-05
-2.521287999999999906e-05
-2.527248999999999831e-05
-2.527248999999999831e-05
-2.527248999999999831e-05
-2.527248999999999831e-05
-2.527248999999999831e-05
-2.527248999999999831e-05
-2.521287999999999906e-05
-2.515328000000000052e-05
-2.509367000000000127e-05
-2.503406999999999933e-05
-2.491486000000000154e-05
-2.485524999999999890e-05
-2.467643999999999917e-05
-2.461682999999999992e-05
-2.443802000000000019e-05
-2.431880999999999900e-05
-2.425921000000000045e-05
-2.413999999999999927e-05
-2.408039000000000002e-05
-2.402079000000000147e-05
-2.396117999999999884e-05
-2.390158000000000029e-05
-2.390158000000000029e-05
-2.390158000000000029e-05
-2.384197000000000104e-05
-2.384197000000000104e-05
-2.384197000000000104e-05
-2.384197000000000104e-05
-2.384197000000000104e-05
-2.384197000000000104e-05
-2.384197000000000104e-05
-2.390158000000000029e-05
-2.390158000000000029e-05
-2.396117999999999884e-05
-2.402079000000000147e-05
-2.408039000000000002e-05
-2.413999999999999927e-05
-2.413999999999999927e-05
-2.425921000000000045e-05
-2.425921000000000045e-05
-2.431880999999999900e-05
-2.431880999999999900e-05
-2.437842000000000164e-05
-2.437842000000000164e-05
-2.437842000000000164e-05
-2.443802000000000019e-05
-2.443802000000000019e-05
-2.443802000000000019e-05
-2.443802000000000019e-05
-2.443802000000000019e-05
-2.443802000000000019e-05
-2.443802000000000019e-05
-2.443802000000000019e-05
-2.443802000000000019e-05
-2.443802000000000019e-05
-2.449762999999999943e-05
-2.449762999999999943e-05
-2.455723000000000137e-05
-2.455723000000000137e-05
-2.461682999999999992e-05
-2.467643999999999917e-05
-2.467643999999999917e-05
-2.473604000000000110e-05
-2.485524999999999890e-05
-2.491486000000000154e-05
-2.497446000000000008e-05
-2.503406999999999933e-05
-2.509367000000000127e-05
-2.515328000000000052e-05
-2.521287999999999906e-05
-2.527248999999999831e-05
-2.533209000000000025e-05
-2.539169999999999950e-05
-2.545130000000000143e-05
-2.545130000000000143e-05
-2.545130000000000143e-05
-2.551089999999999998e-05
-2.545130000000000143e-05
-2.545130000000000143e-05
-2.539169999999999950e-05
-2.539169999999999950e-05
-2.527248999999999831e-05
-2.527248999999999831e-05
-2.521287999999999906e-05
-2.521287999999999906e-05
-2.521287999999999906e-05
-2.521287999999999906e-05
-2.521287999999999906e-05
-2.521287999999999906e-05
-2.521287999999999906e-05
-2.527248999999999831e-05
-2.527248999999999831e-05
-2.527248999999999831e-05
-2.533209000000000025e-05
-2.533209000000000025e-05
-2.539169999999999950e-05
-2.539169999999999950e-05
-2.539169999999999950e-05
-2.545130000000000143e-05
-2.551089999999999998e-05
-2.551089999999999998e-05
-2.551089999999999998e-05
-2.557050999999999923e-05
-2.557050999999999923e-05
-2.557050999999999923e-05
-2.557050999999999923e-05
-2.551089999999999998e-05
-2.545130000000000143e-05
-2.545130000000000143e-05
-2.539169999999999950e-05
-2.527248999999999831e-05
-2.521287999999999906e-05
-2.521287999999999906e-05
-2.515328000000000052e-05
-2.509367000000000127e-05
-2.503406999999999933e-05
-2.503406999999999933e-05
-2.503406999999999933e-05
-2.497446000000000008e-05
-2.497446000000000008e-05
-2.497446000000000008e-05
