-3.700000000000000164e-03
1.110000000000000049e-02
3.070000000000000159e-02
6.090000000000000274e-02
9.080000000000000571e-02
1.213999999999999940e-01
1.408999999999999975e-01
1.711999999999999911e-01
2.011999999999999900e-01
2.313000000000000056e-01
2.510999999999999899e-01
2.807999999999999940e-01
3.108000000000000207e-01
3.411000000000000143e-01
3.609999999999999876e-01
3.909000000000000252e-01
4.210999999999999743e-01
4.509000000000000230e-01
4.808000000000000052e-01
5.001999999999999780e-01
5.305999999999999606e-01
5.606999999999999762e-01
5.925000000000000266e-01
6.122999999999999554e-01
6.412999999999999812e-01
6.710000000000000409e-01
7.026999999999999913e-01
7.225000000000000311e-01
7.519000000000000128e-01
7.822000000000000064e-01
8.122000000000000330e-01
8.322000000000000508e-01
8.621999999999999664e-01
8.920000000000000151e-01
9.220000000000000417e-01
9.416999999999999815e-01
9.711999999999999522e-01
1.001600000000000046e+00
1.031600000000000072e+00
1.052100000000000035e+00
1.081900000000000084e+00
1.112200000000000077e+00
1.142099999999999893e+00
1.162099999999999911e+00
1.191999999999999948e+00
1.221300000000000052e+00
1.251600000000000046e+00
1.281700000000000061e+00
1.301600000000000090e+00
1.331299999999999928e+00
1.361599999999999921e+00
1.391399999999999970e+00
1.411399999999999988e+00
1.440900000000000070e+00
1.471300000000000052e+00
1.501100000000000101e+00
1.521400000000000086e+00
1.551299999999999901e+00
1.581599999999999895e+00
1.611499999999999932e+00
1.631599999999999939e+00
1.661299999999999999e+00
1.690700000000000092e+00
1.720800000000000107e+00
1.740699999999999914e+00
1.770699999999999941e+00
1.800200000000000022e+00
1.830699999999999994e+00
1.850600000000000023e+00
1.880500000000000060e+00
1.909999999999999920e+00
1.939899999999999958e+00
1.960099999999999953e+00
1.990299999999999958e+00
2.020199999999999996e+00
2.050600000000000200e+00
2.082300000000000040e+00
2.102199999999999847e+00
2.132099999999999884e+00
2.161500000000000199e+00
2.191800000000000193e+00
2.211500000000000021e+00
2.241600000000000037e+00
2.271300000000000097e+00
2.301499999999999879e+00
2.321600000000000108e+00
2.351799999999999891e+00
2.381299999999999972e+00
2.411500000000000199e+00
2.431599999999999984e+00
2.461599999999999788e+00
2.491699999999999804e+00
2.521700000000000053e+00
2.541799999999999837e+00
2.571600000000000108e+00
2.601500000000000146e+00
2.630999999999999783e+00
2.651100000000000012e+00
2.681000000000000050e+00
2.711100000000000065e+00
2.740600000000000147e+00
2.760899999999999910e+00
2.790999999999999925e+00
2.820899999999999963e+00
2.850499999999999812e+00
2.880700000000000038e+00
2.900799999999999823e+00
2.932500000000000107e+00
2.962499999999999911e+00
2.992599999999999927e+00
3.012599999999999945e+00
3.042300000000000004e+00
3.072400000000000020e+00
3.101799999999999891e+00
3.122100000000000097e+00
3.152099999999999902e+00
3.182100000000000151e+00
3.211699999999999999e+00
3.232000000000000206e+00
3.262000000000000011e+00
3.291900000000000048e+00
3.321600000000000108e+00
3.341499999999999915e+00
3.371799999999999908e+00
3.401800000000000157e+00
3.431900000000000173e+00
3.451400000000000023e+00
3.481899999999999995e+00
3.511499999999999844e+00
3.541599999999999859e+00
3.561500000000000110e+00
3.591099999999999959e+00
3.621199999999999974e+00
3.651199999999999779e+00
3.681000000000000050e+00
3.700899999999999856e+00
3.731100000000000083e+00
3.760800000000000143e+00
3.791999999999999815e+00
3.811700000000000088e+00
3.840500000000000025e+00
3.870699999999999807e+00
3.902600000000000069e+00
3.922299999999999898e+00
3.952700000000000102e+00
3.982499999999999929e+00
4.012699999999999712e+00
4.032499999999999751e+00
4.062299999999999578e+00
4.092299999999999827e+00
4.122600000000000264e+00
4.142500000000000071e+00
4.172299999999999898e+00
4.202499999999999680e+00
4.232300000000000395e+00
4.251999999999999780e+00
4.281600000000000072e+00
4.311899999999999622e+00
4.341999999999999638e+00
4.362400000000000055e+00
4.392199999999999882e+00
4.422500000000000320e+00
4.452200000000000379e+00
4.482499999999999929e+00
4.502200000000000202e+00
4.531699999999999839e+00
4.561799999999999855e+00
4.591700000000000337e+00
4.611600000000000144e+00
4.641600000000000392e+00
4.671800000000000175e+00
4.701600000000000001e+00
4.721300000000000274e+00
4.750700000000000145e+00
4.781200000000000117e+00
4.812800000000000189e+00
4.833400000000000141e+00
4.863100000000000200e+00
4.893399999999999750e+00
4.923399999999999999e+00
4.943500000000000227e+00
4.973300000000000054e+00
5.002799999999999692e+00
5.032899999999999707e+00
5.052500000000000213e+00
5.082799999999999763e+00
5.112599999999999589e+00
5.142900000000000027e+00
5.162700000000000067e+00
5.192599999999999660e+00
5.222000000000000419e+00
5.252399999999999736e+00
5.282399999999999984e+00
5.302699999999999747e+00
5.332499999999999574e+00
5.362599999999999589e+00
5.392699999999999605e+00
5.412600000000000300e+00
5.442599999999999660e+00
5.473600000000000243e+00
5.503700000000000259e+00
5.523299999999999876e+00
5.553399999999999892e+00
5.583199999999999719e+00
5.613500000000000156e+00
5.633499999999999730e+00
5.663199999999999790e+00
5.692899999999999849e+00
5.722900000000000098e+00
5.743100000000000094e+00
5.773299999999999876e+00
5.803099999999999703e+00
5.833400000000000141e+00
5.853399999999999714e+00
5.883399999999999963e+00
5.913299999999999557e+00
5.942700000000000315e+00
5.962600000000000122e+00
5.992600000000000371e+00
6.022800000000000153e+00
6.052500000000000213e+00
6.082900000000000418e+00
6.102699999999999569e+00
6.132900000000000240e+00
6.162399999999999878e+00
6.192599999999999660e+00
6.212699999999999889e+00
6.242700000000000138e+00
6.274399999999999977e+00
6.304400000000000226e+00
6.324399999999999800e+00
6.354499999999999815e+00
6.384400000000000297e+00
6.413800000000000168e+00
6.433699999999999974e+00
6.463400000000000034e+00
6.493699999999999584e+00
6.523399999999999643e+00
6.543899999999999828e+00
6.573699999999999655e+00
6.603500000000000369e+00
6.633200000000000429e+00
6.653100000000000236e+00
6.683500000000000441e+00
6.713499999999999801e+00
6.743500000000000050e+00
6.762900000000000134e+00
6.793599999999999639e+00
6.823400000000000354e+00
6.853500000000000369e+00
6.883000000000000007e+00
6.902899999999999814e+00
6.932999999999999829e+00
6.964699999999999669e+00
6.994399999999999729e+00
7.014700000000000379e+00
7.044599999999999973e+00
7.074499999999999567e+00
7.104300000000000281e+00
7.124299999999999855e+00
7.154499999999999638e+00
7.184499999999999886e+00
7.214400000000000368e+00
7.233900000000000219e+00
7.264400000000000190e+00
7.294200000000000017e+00
7.324399999999999800e+00
7.344199999999999839e+00
7.373700000000000365e+00
7.403900000000000148e+00
7.433799999999999741e+00
7.453599999999999781e+00
7.483699999999999797e+00
7.513499999999999623e+00
7.543499999999999872e+00
7.563299999999999912e+00
7.592900000000000205e+00
7.623300000000000409e+00
7.653299999999999770e+00
7.685200000000000031e+00
7.703100000000000058e+00
7.735299999999999621e+00
7.765100000000000335e+00
7.795200000000000351e+00
7.815000000000000391e+00
7.844699999999999562e+00
7.874799999999999578e+00
7.905000000000000249e+00
7.924900000000000055e+00
7.954799999999999649e+00
7.984899999999999665e+00
8.014900000000000801e+00
8.034700000000000841e+00
8.064299999999999358e+00
8.094599999999999795e+00
8.124800000000000466e+00
8.144899999999999807e+00
8.174599999999999866e+00
8.205099999999999838e+00
8.234799999999999898e+00
8.254899999999999238e+00
8.284700000000000841e+00
8.314099999999999824e+00
8.344300000000000495e+00
8.364399999999999835e+00
8.394399999999999196e+00
8.424200000000000799e+00
8.454299999999999926e+00
8.484199999999999520e+00
8.503899999999999793e+00
8.533500000000000085e+00
8.565500000000000114e+00
8.595399999999999707e+00
8.615800000000000125e+00
8.645699999999999719e+00
8.676000000000000156e+00
8.705899999999999750e+00
8.726000000000000867e+00
8.755599999999999383e+00
8.785299999999999443e+00
8.815400000000000347e+00
8.835399999999999920e+00
8.865399999999999281e+00
8.895200000000000884e+00
8.925399999999999778e+00
8.945199999999999818e+00
8.975099999999999412e+00
9.004699999999999704e+00
9.035000000000000142e+00
9.055099999999999483e+00
9.085300000000000153e+00
9.116799999999999571e+00
9.147000000000000242e+00
9.165399999999999991e+00
9.195299999999999585e+00
9.226699999999999235e+00
9.256199999999999761e+00
9.286300000000000665e+00
9.306100000000000705e+00
9.336199999999999832e+00
9.365899999999999892e+00
9.396200000000000330e+00
9.416000000000000369e+00
9.445999999999999730e+00
9.475500000000000256e+00
9.505599999999999383e+00
9.525700000000000500e+00
9.555799999999999628e+00
9.585800000000000765e+00
9.616099999999999426e+00
9.636200000000000543e+00
9.666000000000000369e+00
9.697699999999999321e+00
9.727100000000000080e+00
9.747099999999999653e+00
9.777100000000000790e+00
9.807100000000000151e+00
9.836899999999999977e+00
9.857300000000000395e+00
9.887100000000000222e+00
9.917099999999999582e+00
9.946600000000000108e+00
9.966699999999999449e+00
9.996900000000000119e+00
1.002710000000000079e+01
1.005700000000000038e+01
1.008709999999999951e+01
1.010710000000000086e+01
1.013710000000000022e+01
1.016699999999999982e+01
1.019650000000000034e+01
1.021640000000000015e+01
1.024629999999999974e+01
1.027640000000000065e+01
1.030599999999999916e+01
1.032649999999999935e+01
1.035640000000000072e+01
1.038630000000000031e+01
1.041600000000000037e+01
1.043590000000000018e+01
1.046610000000000085e+01
1.049639999999999951e+01
1.051619999999999955e+01
1.054790000000000028e+01
1.057809999999999917e+01
1.060790000000000077e+01
1.062780000000000058e+01
1.065770000000000017e+01
1.068750000000000000e+01
1.071729999999999983e+01
1.073750000000000071e+01
1.076720000000000077e+01
1.079759999999999920e+01
1.082750000000000057e+01
1.084750000000000014e+01
1.087720000000000020e+01
1.090680000000000049e+01
1.093730000000000047e+01
1.096739999999999959e+01
1.098719999999999963e+01
1.101689999999999969e+01
1.104720000000000013e+01
1.107879999999999932e+01
1.109890000000000043e+01
1.112850000000000072e+01
1.115809999999999924e+01
1.118810000000000038e+01
1.120809999999999995e+01
1.123809999999999931e+01
1.126810000000000045e+01
1.129800000000000004e+01
1.131799999999999962e+01
1.134789999999999921e+01
1.137759999999999927e+01
1.140799999999999947e+01
1.142769999999999975e+01
1.145800000000000018e+01
1.148780000000000001e+01
1.151800000000000068e+01
1.153810000000000002e+01
1.156830000000000069e+01
1.159810000000000052e+01
1.162780000000000058e+01
1.164789999999999992e+01
1.167769999999999975e+01
1.170770000000000088e+01
1.173780000000000001e+01
1.176779999999999937e+01
1.178769999999999918e+01
1.181739999999999924e+01
1.184720000000000084e+01
1.187940000000000040e+01
1.189910000000000068e+01
1.192779999999999951e+01
1.195889999999999986e+01
1.198930000000000007e+01
1.200949999999999918e+01
1.203950000000000031e+01
1.206920000000000037e+01
1.209869999999999912e+01
1.211890000000000001e+01
1.214889999999999937e+01
1.217880000000000074e+01
1.220880000000000010e+01
1.222869999999999990e+01
1.225830000000000020e+01
1.228839999999999932e+01
1.231799999999999962e+01
1.233840000000000003e+01
1.236849999999999916e+01
1.239869999999999983e+01
1.242849999999999966e+01
1.244870000000000054e+01
1.247860000000000014e+01
1.250869999999999926e+01
1.253850000000000087e+01
1.256809999999999938e+01
1.258820000000000050e+01
1.261810000000000009e+01
1.264990000000000059e+01
1.267989999999999995e+01
1.269979999999999976e+01
1.272949999999999982e+01
1.275929999999999964e+01
1.278919999999999924e+01
1.280969999999999942e+01
1.283970000000000056e+01
1.286969999999999992e+01
1.289939999999999998e+01
1.291960000000000086e+01
1.294979999999999976e+01
1.297979999999999912e+01
1.300939999999999941e+01
1.302890000000000015e+01
1.305889999999999951e+01
1.308900000000000041e+01
1.311899999999999977e+01
1.313870000000000005e+01
1.316890000000000072e+01
1.319870000000000054e+01
1.322860000000000014e+01
1.324849999999999994e+01
1.327839999999999954e+01
1.330850000000000044e+01
1.333859999999999957e+01
1.337010000000000076e+01
1.339039999999999964e+01
1.342050000000000054e+01
1.345049999999999990e+01
1.348039999999999949e+01
1.349990000000000023e+01
1.352979999999999983e+01
1.355959999999999965e+01
1.358990000000000009e+01
1.360970000000000013e+01
1.364000000000000057e+01
1.366960000000000086e+01
1.369979999999999976e+01
1.371959999999999980e+01
1.374970000000000070e+01
1.377979999999999983e+01
1.380969999999999942e+01
1.382970000000000077e+01
1.385979999999999990e+01
1.388990000000000080e+01
1.391990000000000016e+01
1.393970000000000020e+01
1.396909999999999918e+01
1.399900000000000055e+01
1.402899999999999991e+01
1.404930000000000057e+01
1.407910000000000039e+01
1.410909999999999975e+01
1.413899999999999935e+01
1.416900000000000048e+01
1.418870000000000076e+01
1.421879999999999988e+01
1.424890000000000079e+01
1.428069999999999951e+01
1.430070000000000086e+01
1.433050000000000068e+01
1.436090000000000089e+01
1.439070000000000071e+01
1.441060000000000052e+01
1.444020000000000081e+01
1.446990000000000087e+01
1.450000000000000000e+01
1.452020000000000088e+01
1.455010000000000048e+01
1.458029999999999937e+01
1.460999999999999943e+01
1.462989999999999924e+01
1.466000000000000014e+01
1.468979999999999997e+01
1.471990000000000087e+01
1.473959999999999937e+01
1.476960000000000051e+01
1.479979999999999940e+01
1.482990000000000030e+01
1.484989999999999988e+01
1.487979999999999947e+01
1.490939999999999976e+01
1.493919999999999959e+01
1.496909999999999918e+01
1.498930000000000007e+01
1.502069999999999972e+01
1.505080000000000062e+01
1.508079999999999998e+01
1.510079999999999956e+01
1.513069999999999915e+01
1.516000000000000014e+01
1.519009999999999927e+01
1.520969999999999978e+01
1.524000000000000021e+01
1.526980000000000004e+01
1.530030000000000001e+01
1.532039999999999935e+01
1.535050000000000026e+01
1.538000000000000078e+01
1.540990000000000038e+01
1.542980000000000018e+01
1.546000000000000085e+01
1.548990000000000045e+01
1.551989999999999981e+01
1.553999999999999915e+01
1.556980000000000075e+01
1.559989999999999988e+01
1.563129999999999953e+01
1.565140000000000065e+01
1.567950000000000088e+01
1.571129999999999960e+01
1.574130000000000074e+01
1.577159999999999940e+01
1.579180000000000028e+01
1.582160000000000011e+01
1.585130000000000017e+01
1.588109999999999999e+01
1.590119999999999933e+01
1.593120000000000047e+01
1.596090000000000053e+01
1.599089999999999989e+01
1.601089999999999947e+01
1.604090000000000060e+01
1.607079999999999842e+01
1.610030000000000072e+01
1.612069999999999936e+01
1.615060000000000073e+01
1.618090000000000117e+01
1.621079999999999899e+01
1.623110000000000142e+01
1.626089999999999947e+01
1.629110000000000014e+01
1.632079999999999842e+01
1.634039999999999893e+01
1.637069999999999936e+01
1.640060000000000073e+01
1.643059999999999832e+01
1.645009999999999906e+01
1.648029999999999973e+01
1.651030000000000086e+01
1.654029999999999845e+01
1.656990000000000052e+01
1.659019999999999939e+01
1.662180000000000035e+01
1.665210000000000079e+01
1.668189999999999884e+01
1.670220000000000127e+01
1.673209999999999908e+01
1.676190000000000069e+01
1.679200000000000159e+01
1.681149999999999878e+01
1.684159999999999968e+01
1.687150000000000105e+01
1.690139999999999887e+01
1.692099999999999937e+01
1.695129999999999981e+01
1.698100000000000165e+01
1.701099999999999923e+01
1.703089999999999904e+01
1.706060000000000088e+01
1.709100000000000108e+01
1.712120000000000175e+01
1.714110000000000156e+01
1.717109999999999914e+01
1.720120000000000005e+01
1.723120000000000118e+01
1.725110000000000099e+01
1.728059999999999974e+01
1.731060000000000088e+01
1.734059999999999846e+01
1.737059999999999960e+01
1.739039999999999964e+01
1.742070000000000007e+01
1.745060000000000144e+01
1.748219999999999885e+01
1.750209999999999866e+01
1.753200000000000003e+01
1.756200000000000117e+01
1.759230000000000160e+01
1.761230000000000118e+01
1.764239999999999853e+01
1.767239999999999966e+01
1.770240000000000080e+01
1.772210000000000107e+01
1.775179999999999936e+01
1.778170000000000073e+01
1.781139999999999901e+01
1.783160000000000167e+01
1.786159999999999926e+01
1.789179999999999993e+01
1.792160000000000153e+01
1.794160000000000110e+01
1.797119999999999962e+01
1.800120000000000076e+01
1.803150000000000119e+01
1.805140000000000100e+01
1.808160000000000167e+01
1.811139999999999972e+01
1.814179999999999993e+01
1.817160000000000153e+01
1.819140000000000157e+01
1.822119999999999962e+01
1.825100000000000122e+01
1.828079999999999927e+01
1.830110000000000170e+01
1.833079999999999998e+01
1.836280000000000001e+01
1.839270000000000138e+01
1.841260000000000119e+01
1.844249999999999901e+01
1.847230000000000061e+01
1.850260000000000105e+01
1.852250000000000085e+01
1.855260000000000176e+01
1.858230000000000004e+01
1.861260000000000048e+01
1.863230000000000075e+01
1.866250000000000142e+01
1.869219999999999970e+01
1.872180000000000177e+01
1.874190000000000111e+01
1.877179999999999893e+01
1.880180000000000007e+01
1.883180000000000121e+01
1.885180000000000078e+01
1.888179999999999836e+01
1.891150000000000020e+01
1.894140000000000157e+01
1.897159999999999869e+01
1.899159999999999826e+01
1.902339999999999876e+01
1.905140000000000100e+01
1.908360000000000056e+01
1.910350000000000037e+01
1.913360000000000127e+01
1.916329999999999956e+01
1.919300000000000139e+01
1.921290000000000120e+01
1.924309999999999832e+01
1.927299999999999969e+01
1.930310000000000059e+01
1.932319999999999993e+01
1.935320000000000107e+01
1.938299999999999912e+01
1.941280000000000072e+01
1.943280000000000030e+01
1.946280000000000143e+01
1.949289999999999878e+01
1.952250000000000085e+01
1.954319999999999879e+01
1.957300000000000040e+01
1.960320000000000107e+01
1.963299999999999912e+01
1.965249999999999986e+01
1.968240000000000123e+01
1.971249999999999858e+01
1.974249999999999972e+01
1.977420000000000044e+01
1.979420000000000002e+01
1.982400000000000162e+01
1.985379999999999967e+01
1.988380000000000081e+01
1.990390000000000015e+01
1.993370000000000175e+01
1.996389999999999887e+01
1.999360000000000070e+01
2.001409999999999911e+01
2.004420000000000002e+01
2.007420000000000115e+01
2.010389999999999944e+01
2.012349999999999994e+01
2.015360000000000085e+01
2.018359999999999843e+01
2.021359999999999957e+01
2.023320000000000007e+01
2.026340000000000074e+01
2.029329999999999856e+01
2.032319999999999993e+01
2.034309999999999974e+01
2.037330000000000041e+01
2.040319999999999823e+01
2.040680000000000049e+01
2.040670000000000073e+01
2.041140000000000043e+01
2.044290000000000163e+01
2.047289999999999921e+01
2.050300000000000011e+01
2.052289999999999992e+01
2.055290000000000106e+01
2.058409999999999940e+01
2.061400000000000077e+01
2.063410000000000011e+01
2.066410000000000124e+01
2.069389999999999930e+01
2.072400000000000020e+01
2.074409999999999954e+01
2.077380000000000138e+01
2.080369999999999919e+01
2.083340000000000103e+01
2.085340000000000060e+01
2.088329999999999842e+01
2.091349999999999909e+01
2.094340000000000046e+01
2.096369999999999933e+01
2.099370000000000047e+01
2.102390000000000114e+01
2.105349999999999966e+01
2.107310000000000016e+01
2.110310000000000130e+01
2.113319999999999865e+01
2.116310000000000002e+01
2.118329999999999913e+01
2.121320000000000050e+01
2.124309999999999832e+01
2.127329999999999899e+01
2.130290000000000106e+01
2.132300000000000040e+01
2.135279999999999845e+01
2.138289999999999935e+01
2.141280000000000072e+01
2.143329999999999913e+01
2.146320000000000050e+01
2.149320000000000164e+01
2.152309999999999945e+01
2.154250000000000043e+01
2.157260000000000133e+01
2.160269999999999868e+01
2.163250000000000028e+01
2.165210000000000079e+01
2.168250000000000099e+01
2.171219999999999928e+01
2.174399999999999977e+01
2.176360000000000028e+01
2.179220000000000113e+01
2.182389999999999830e+01
2.185379999999999967e+01
2.187379999999999924e+01
2.190409999999999968e+01
2.193400000000000105e+01
2.196409999999999840e+01
2.198410000000000153e+01
2.201350000000000051e+01
2.204360000000000142e+01
2.207369999999999877e+01
2.210360000000000014e+01
2.212320000000000064e+01
2.215330000000000155e+01
2.218329999999999913e+01
2.221330000000000027e+01
2.223320000000000007e+01
2.226330000000000098e+01
2.229319999999999879e+01
2.232349999999999923e+01
2.234329999999999927e+01
2.237340000000000018e+01
2.240340000000000131e+01
2.243329999999999913e+01
2.245309999999999917e+01
2.248280000000000101e+01
2.251279999999999859e+01
2.254269999999999996e+01
2.256259999999999977e+01
2.259230000000000160e+01
2.262249999999999872e+01
2.265230000000000032e+01
2.267249999999999943e+01
2.270210000000000150e+01
2.273229999999999862e+01
2.276229999999999976e+01
2.278249999999999886e+01
2.281250000000000000e+01
2.284260000000000090e+01
2.287440000000000140e+01
2.290429999999999922e+01
2.292409999999999926e+01
2.295380000000000109e+01
2.298379999999999868e+01
2.301379999999999981e+01
2.303389999999999915e+01
2.306350000000000122e+01
2.309369999999999834e+01
2.312369999999999948e+01
2.314379999999999882e+01
2.317360000000000042e+01
2.320349999999999824e+01
2.323529999999999873e+01
2.325540000000000163e+01
2.328379999999999939e+01
2.331550000000000011e+01
2.334550000000000125e+01
2.336520000000000152e+01
2.339519999999999911e+01
2.342500000000000071e+01
2.345489999999999853e+01
2.347490000000000165e+01
2.350489999999999924e+01
2.353460000000000107e+01
2.356480000000000175e+01
2.358490000000000109e+01
2.361479999999999890e+01
2.364460000000000051e+01
2.367470000000000141e+01
2.370449999999999946e+01
2.372459999999999880e+01
2.375479999999999947e+01
2.378480000000000061e+01
2.381490000000000151e+01
2.383459999999999823e+01
2.386469999999999914e+01
2.389440000000000097e+01
2.392429999999999879e+01
2.394429999999999836e+01
2.397439999999999927e+01
2.400400000000000134e+01
2.403440000000000154e+01
2.405440000000000111e+01
2.408419999999999916e+01
2.411410000000000053e+01
2.414389999999999858e+01
2.416379999999999839e+01
2.419409999999999883e+01
2.422419999999999973e+01
2.425390000000000157e+01
2.427420000000000044e+01
2.430389999999999873e+01
2.433409999999999940e+01
2.436380000000000123e+01
2.438360000000000127e+01
2.441349999999999909e+01
2.444359999999999999e+01
2.447500000000000142e+01
2.450509999999999877e+01
2.452520000000000167e+01
2.455509999999999948e+01
2.458500000000000085e+01
2.461459999999999937e+01
2.463469999999999871e+01
2.466460000000000008e+01
2.469480000000000075e+01
2.472469999999999857e+01
2.474500000000000099e+01
2.477489999999999881e+01
2.480489999999999995e+01
2.483470000000000155e+01
2.485439999999999827e+01
2.488449999999999918e+01
2.491430000000000078e+01
2.494429999999999836e+01
2.496430000000000149e+01
2.499459999999999837e+01
2.502449999999999974e+01
2.505420000000000158e+01
2.507379999999999853e+01
2.510409999999999897e+01
2.513410000000000011e+01
2.516430000000000078e+01
2.518430000000000035e+01
2.521430000000000149e+01
2.524439999999999884e+01
2.527439999999999998e+01
2.530420000000000158e+01
2.532389999999999830e+01
2.535369999999999990e+01
2.538370000000000104e+01
2.541529999999999845e+01
2.543530000000000157e+01
2.546549999999999869e+01
2.549530000000000030e+01
2.552530000000000143e+01
2.554489999999999839e+01
2.557509999999999906e+01
2.560510000000000019e+01
2.563510000000000133e+01
2.565510000000000090e+01
2.568530000000000157e+01
2.571519999999999939e+01
2.574540000000000006e+01
2.576529999999999987e+01
2.579489999999999839e+01
2.582479999999999976e+01
2.585470000000000113e+01
2.587460000000000093e+01
2.590449999999999875e+01
2.593469999999999942e+01
2.596450000000000102e+01
2.598470000000000013e+01
2.601429999999999865e+01
2.604459999999999908e+01
2.607450000000000045e+01
2.610450000000000159e+01
2.612460000000000093e+01
2.615439999999999898e+01
2.618469999999999942e+01
2.621460000000000079e+01
2.623450000000000060e+01
2.626399999999999935e+01
2.629400000000000048e+01
2.632400000000000162e+01
2.634400000000000119e+01
2.637359999999999971e+01
2.640380000000000038e+01
2.643370000000000175e+01
2.645370000000000132e+01
2.648349999999999937e+01
2.651379999999999981e+01
2.654380000000000095e+01
2.656390000000000029e+01
2.659390000000000143e+01
2.662389999999999901e+01
2.665559999999999974e+01
2.667549999999999955e+01
2.670550000000000068e+01
2.673529999999999873e+01
2.676500000000000057e+01
2.678500000000000014e+01
2.681500000000000128e+01
2.684489999999999910e+01
2.687509999999999977e+01
2.690480000000000160e+01
2.692500000000000071e+01
2.695499999999999829e+01
2.698499999999999943e+01
2.701490000000000080e+01
2.703519999999999968e+01
2.706490000000000151e+01
2.709509999999999863e+01
2.712519999999999953e+01
2.714480000000000004e+01
2.717500000000000071e+01
2.720449999999999946e+01
2.723620000000000019e+01
2.725609999999999999e+01
2.728620000000000090e+01
2.731599999999999895e+01
2.734609999999999985e+01
2.736599999999999966e+01
2.739610000000000056e+01
2.742579999999999885e+01
2.745589999999999975e+01
2.747599999999999909e+01
2.750590000000000046e+01
2.753600000000000136e+01
2.756599999999999895e+01
2.758599999999999852e+01
2.761589999999999989e+01
2.764590000000000103e+01
2.767559999999999931e+01
2.770540000000000092e+01
2.772540000000000049e+01
2.775570000000000093e+01
2.778539999999999921e+01
2.781729999999999947e+01
2.783719999999999928e+01
2.786700000000000088e+01
2.789699999999999847e+01
2.792709999999999937e+01
2.794689999999999941e+01
2.797700000000000031e+01
2.800690000000000168e+01
2.803709999999999880e+01
2.805709999999999837e+01
2.808689999999999998e+01
2.811690000000000111e+01
2.814649999999999963e+01
2.816629999999999967e+01
2.819660000000000011e+01
2.822640000000000171e+01
2.825629999999999953e+01
2.827649999999999864e+01
2.830630000000000024e+01
2.833640000000000114e+01
2.836629999999999896e+01
2.838589999999999947e+01
2.841590000000000060e+01
2.844590000000000174e+01
2.847599999999999909e+01
2.850590000000000046e+01
2.852629999999999910e+01
2.855770000000000053e+01
2.858780000000000143e+01
2.861749999999999972e+01
2.863729999999999976e+01
2.866730000000000089e+01
2.869739999999999824e+01
2.872729999999999961e+01
2.874719999999999942e+01
2.877740000000000009e+01
2.880740000000000123e+01
2.883719999999999928e+01
2.885679999999999978e+01
2.888700000000000045e+01
2.891689999999999827e+01
2.894709999999999894e+01
2.896699999999999875e+01
2.899739999999999895e+01
2.902720000000000056e+01
2.905709999999999837e+01
2.907700000000000173e+01
2.910660000000000025e+01
2.913660000000000139e+01
2.916679999999999851e+01
2.918669999999999831e+01
2.921640000000000015e+01
2.924660000000000082e+01
2.927649999999999864e+01
2.930819999999999936e+01
2.932779999999999987e+01
2.935630000000000095e+01
2.938769999999999882e+01
2.941789999999999949e+01
2.943809999999999860e+01
2.946829999999999927e+01
2.949810000000000088e+01
2.952830000000000155e+01
2.954810000000000159e+01
2.957770000000000010e+01
2.960770000000000124e+01
2.963759999999999906e+01
2.965739999999999910e+01
2.968730000000000047e+01
2.971760000000000090e+01
2.974759999999999849e+01
2.976760000000000161e+01
2.979739999999999966e+01
2.982740000000000080e+01
2.985719999999999885e+01
2.987740000000000151e+01
2.990739999999999910e+01
2.993759999999999977e+01
2.996740000000000137e+01
2.998750000000000071e+01
3.001719999999999899e+01
3.004710000000000036e+01
3.007689999999999841e+01
3.010689999999999955e+01
3.012659999999999982e+01
3.015800000000000125e+01
3.018840000000000146e+01
3.021829999999999927e+01
3.023849999999999838e+01
3.026810000000000045e+01
3.029769999999999897e+01
3.032779999999999987e+01
3.034799999999999898e+01
3.037800000000000011e+01
3.040800000000000125e+01
3.043789999999999907e+01
3.045779999999999887e+01
3.048799999999999955e+01
3.051760000000000161e+01
3.054749999999999943e+01
3.056729999999999947e+01
3.059740000000000038e+01
3.062719999999999843e+01
3.065749999999999886e+01
3.067749999999999844e+01
3.070739999999999981e+01
3.073740000000000094e+01
3.076729999999999876e+01
3.078740000000000165e+01
3.081749999999999901e+01
3.084740000000000038e+01
3.087920000000000087e+01
3.090909999999999869e+01
3.092899999999999849e+01
3.095909999999999940e+01
3.098870000000000147e+01
3.101859999999999928e+01
3.103859999999999886e+01
3.106850000000000023e+01
3.109819999999999851e+01
3.112859999999999872e+01
3.114849999999999852e+01
3.117849999999999966e+01
3.120820000000000149e+01
3.123839999999999861e+01
3.125840000000000174e+01
3.128859999999999886e+01
3.131850000000000023e+01
3.134850000000000136e+01
3.136840000000000117e+01
3.139829999999999899e+01
3.142839999999999989e+01
3.145810000000000173e+01
3.147800000000000153e+01
3.150779999999999959e+01
3.153810000000000002e+01
3.156769999999999854e+01
3.158800000000000097e+01
3.161809999999999832e+01
3.164959999999999951e+01
3.167930000000000135e+01
3.170939999999999870e+01
3.172939999999999827e+01
3.175959999999999894e+01
3.178940000000000055e+01
3.181960000000000122e+01
3.183950000000000102e+01
3.186919999999999931e+01
3.189939999999999998e+01
3.192909999999999826e+01
3.194889999999999830e+01
3.197889999999999944e+01
3.200889999999999702e+01
3.203889999999999816e+01
3.205910000000000082e+01
3.208890000000000242e+01
3.212060000000000315e+01
3.215010000000000190e+01
3.216989999999999839e+01
3.220020000000000238e+01
3.223029999999999973e+01
3.226030000000000086e+01
3.228000000000000114e+01
3.231009999999999849e+01
3.234029999999999916e+01
3.237030000000000030e+01
3.239030000000000342e+01
3.241980000000000217e+01
3.244959999999999667e+01
3.247979999999999734e+01
3.250970000000000226e+01
3.252989999999999782e+01
3.255980000000000274e+01
3.258970000000000056e+01
3.261950000000000216e+01
3.263949999999999818e+01
3.266960000000000264e+01
3.269959999999999667e+01
3.271970000000000312e+01
3.274949999999999761e+01
3.277980000000000160e+01
3.280960000000000321e+01
3.282979999999999876e+01
3.285960000000000036e+01
3.289079999999999870e+01
3.292069999999999652e+01
3.294080000000000297e+01
3.297079999999999700e+01
3.300090000000000146e+01
3.303090000000000259e+01
3.305049999999999955e+01
3.308050000000000068e+01
3.311010000000000275e+01
3.314059999999999917e+01
3.316060000000000230e+01
3.319080000000000297e+01
3.322050000000000125e+01
3.325070000000000192e+01
3.327080000000000126e+01
3.330069999999999908e+01
3.333070000000000022e+01
3.335999999999999943e+01
3.339009999999999678e+01
3.341009999999999991e+01
3.344019999999999726e+01
3.347010000000000218e+01
3.350010000000000332e+01
3.351989999999999981e+01
3.354999999999999716e+01
3.357979999999999876e+01
3.360999999999999943e+01
3.363000000000000256e+01
3.365999999999999659e+01
3.368990000000000151e+01
3.372169999999999845e+01
3.374179999999999779e+01
3.377179999999999893e+01
3.380140000000000100e+01
3.383109999999999928e+01
3.385090000000000288e+01
3.388080000000000069e+01
3.391100000000000136e+01
3.394080000000000297e+01
3.396110000000000184e+01
3.399099999999999966e+01
3.402089999999999748e+01
3.405069999999999908e+01
3.407099999999999795e+01
3.410090000000000288e+01
3.413100000000000023e+01
3.416080000000000183e+01
3.419109999999999872e+01
3.421110000000000184e+01
3.424119999999999919e+01
3.427100000000000080e+01
3.430060000000000286e+01
3.432030000000000314e+01
3.435040000000000049e+01
3.438049999999999784e+01
3.441020000000000323e+01
3.443050000000000210e+01
3.446039999999999992e+01
3.449060000000000059e+01
3.452210000000000178e+01
3.454209999999999781e+01
3.457200000000000273e+01
3.460199999999999676e+01
3.463210000000000122e+01
3.465220000000000056e+01
3.468220000000000169e+01
3.471209999999999951e+01
3.474210000000000065e+01
3.476169999999999760e+01
3.479149999999999920e+01
3.482139999999999702e+01
3.485139999999999816e+01
3.487140000000000128e+01
3.490149999999999864e+01
3.493149999999999977e+01
3.496159999999999712e+01
3.499130000000000251e+01
3.501129999999999853e+01
3.504149999999999920e+01
3.507130000000000081e+01
3.510300000000000153e+01
3.512290000000000134e+01
3.515310000000000201e+01
3.518310000000000315e+01
3.521300000000000097e+01
3.523290000000000077e+01
3.526250000000000284e+01
3.529249999999999687e+01
3.532260000000000133e+01
3.534250000000000114e+01
3.537259999999999849e+01
3.540250000000000341e+01
3.543260000000000076e+01
3.545259999999999678e+01
3.548239999999999839e+01
3.551239999999999952e+01
3.554249999999999687e+01
3.556239999999999668e+01
3.559230000000000160e+01
3.562259999999999849e+01
3.565220000000000056e+01
3.567229999999999990e+01
3.570239999999999725e+01
3.573199999999999932e+01
3.576359999999999673e+01
3.579350000000000165e+01
3.581329999999999814e+01
3.584349999999999881e+01
3.587339999999999662e+01
3.590359999999999729e+01
3.592340000000000089e+01
3.595309999999999917e+01
3.598319999999999652e+01
3.601319999999999766e+01
3.603300000000000125e+01
3.606300000000000239e+01
3.609320000000000306e+01
3.612319999999999709e+01
3.614320000000000022e+01
3.617300000000000182e+01
3.620289999999999964e+01
3.623270000000000124e+01
3.625269999999999726e+01
3.628269999999999840e+01
3.631260000000000332e+01
3.634290000000000020e+01
3.636260000000000048e+01
3.639280000000000115e+01
3.642240000000000322e+01
3.645230000000000103e+01
3.647240000000000038e+01
3.650260000000000105e+01
3.653419999999999845e+01
3.656430000000000291e+01
3.659409999999999741e+01
3.661419999999999675e+01
3.664410000000000167e+01
3.667369999999999663e+01
3.670369999999999777e+01
3.672370000000000090e+01
3.675359999999999872e+01
3.678379999999999939e+01
3.681369999999999720e+01
3.683350000000000080e+01
3.686339999999999861e+01
3.689330000000000354e+01
3.692329999999999757e+01
3.694339999999999691e+01
3.697359999999999758e+01
3.700350000000000250e+01
3.703359999999999985e+01
3.705349999999999966e+01
3.708350000000000080e+01
3.711330000000000240e+01
3.714479999999999649e+01
3.716470000000000340e+01
3.719310000000000116e+01
3.722299999999999898e+01
3.725469999999999970e+01
3.727459999999999951e+01
3.730440000000000111e+01
3.733460000000000178e+01
3.736419999999999675e+01
3.739439999999999742e+01
3.741449999999999676e+01
3.744469999999999743e+01
3.747460000000000235e+01
3.750460000000000349e+01
3.752439999999999998e+01
3.755449999999999733e+01
3.758449999999999847e+01
3.761410000000000053e+01
3.763400000000000034e+01
3.766380000000000194e+01
3.769380000000000308e+01
3.772379999999999711e+01
3.774399999999999977e+01
3.777380000000000138e+01
3.780539999999999878e+01
3.783520000000000039e+01
3.785549999999999926e+01
3.788539999999999708e+01
3.791550000000000153e+01
3.794539999999999935e+01
3.796560000000000201e+01
3.799560000000000315e+01
3.802550000000000097e+01
3.805550000000000210e+01
3.807529999999999859e+01
3.810479999999999734e+01
3.813479999999999848e+01
3.816490000000000293e+01
3.819489999999999696e+01
3.821520000000000294e+01
3.824510000000000076e+01
3.827669999999999817e+01
3.830630000000000024e+01
3.832650000000000290e+01
3.835649999999999693e+01
3.838660000000000139e+01
3.841660000000000252e+01
3.843670000000000186e+01
3.846650000000000347e+01
3.849669999999999703e+01
3.852669999999999817e+01
3.854639999999999844e+01
3.857589999999999719e+01
3.860560000000000258e+01
3.862590000000000146e+01
3.865599999999999881e+01
3.868610000000000326e+01
3.871589999999999776e+01
3.873599999999999710e+01
3.876590000000000202e+01
3.879599999999999937e+01
3.882589999999999719e+01
3.884590000000000032e+01
3.887590000000000146e+01
3.890590000000000259e+01
3.893599999999999994e+01
3.895589999999999975e+01
3.898590000000000089e+01
3.901579999999999870e+01
3.904540000000000077e+01
3.907520000000000238e+01
3.909539999999999793e+01
3.912519999999999953e+01
3.915540000000000020e+01
3.918540000000000134e+01
3.920550000000000068e+01
3.923530000000000229e+01
3.926700000000000301e+01
3.929710000000000036e+01
3.931680000000000064e+01
3.934700000000000131e+01
3.937660000000000338e+01
3.940690000000000026e+01
3.942699999999999960e+01
3.945689999999999742e+01
3.948680000000000234e+01
3.951630000000000109e+01
3.953640000000000043e+01
3.956640000000000157e+01
3.959640000000000271e+01
3.962650000000000006e+01
3.964650000000000318e+01
3.967620000000000147e+01
3.970629999999999882e+01
3.973619999999999663e+01
3.975589999999999691e+01
3.978589999999999804e+01
3.981589999999999918e+01
3.984590000000000032e+01
3.987599999999999767e+01
3.989609999999999701e+01
3.992770000000000152e+01
3.995750000000000313e+01
3.998720000000000141e+01
4.000719999999999743e+01
4.003719999999999857e+01
4.006719999999999970e+01
4.009720000000000084e+01
4.011719999999999686e+01
4.014730000000000132e+01
4.017699999999999960e+01
4.020720000000000027e+01
4.022710000000000008e+01
4.025699999999999790e+01
4.028710000000000235e+01
4.031680000000000064e+01
4.033720000000000283e+01
4.036710000000000065e+01
4.039730000000000132e+01
4.042690000000000339e+01
4.044669999999999987e+01
4.047650000000000148e+01
4.050670000000000215e+01
4.053670000000000329e+01
4.055630000000000024e+01
4.058639999999999759e+01
4.061630000000000251e+01
4.064650000000000318e+01
4.067640000000000100e+01
4.069650000000000034e+01
4.072639999999999816e+01
4.075630000000000308e+01
4.078620000000000090e+01
4.080649999999999977e+01
4.083639999999999759e+01
4.086639999999999873e+01
4.089639999999999986e+01
4.091610000000000014e+01
4.094590000000000174e+01
4.097590000000000288e+01
4.100759999999999650e+01
4.102720000000000056e+01
4.105729999999999791e+01
4.108740000000000236e+01
4.111730000000000018e+01
4.113739999999999952e+01
4.116749999999999687e+01
4.119749999999999801e+01
4.122740000000000293e+01
4.124739999999999895e+01
4.127750000000000341e+01
4.130740000000000123e+01
4.133760000000000190e+01
4.135739999999999839e+01
4.138709999999999667e+01
4.141689999999999827e+01
4.144689999999999941e+01
4.147690000000000055e+01
4.149660000000000082e+01
4.152669999999999817e+01
4.155669999999999931e+01
4.158679999999999666e+01
4.160669999999999646e+01
4.163680000000000092e+01
4.166669999999999874e+01
4.169689999999999941e+01
4.171699999999999875e+01
4.174699999999999989e+01
4.177700000000000102e+01
4.180689999999999884e+01
4.182659999999999911e+01
4.185669999999999646e+01
4.188620000000000232e+01
4.191610000000000014e+01
4.193630000000000280e+01
4.196609999999999729e+01
4.199629999999999797e+01
4.202770000000000294e+01
4.204800000000000182e+01
4.207789999999999964e+01
4.210779999999999745e+01
4.213779999999999859e+01
4.215800000000000125e+01
4.218789999999999907e+01
4.221800000000000352e+01
4.224799999999999756e+01
4.227799999999999869e+01
4.229769999999999897e+01
4.232750000000000057e+01
4.235730000000000217e+01
4.238719999999999999e+01
4.240729999999999933e+01
4.243710000000000093e+01
4.246739999999999782e+01
4.249730000000000274e+01
4.251749999999999829e+01
4.254719999999999658e+01
4.257730000000000103e+01
4.260710000000000264e+01
4.262709999999999866e+01
4.265709999999999980e+01
4.268719999999999715e+01
4.271719999999999828e+01
4.273720000000000141e+01
4.276709999999999923e+01
4.279710000000000036e+01
4.282650000000000290e+01
4.284660000000000224e+01
4.287669999999999959e+01
4.290659999999999741e+01
4.293679999999999808e+01
4.295680000000000121e+01
4.298680000000000234e+01
4.301659999999999684e+01
4.304670000000000130e+01
4.307820000000000249e+01
4.309810000000000230e+01
4.312810000000000343e+01
4.315809999999999746e+01
4.318829999999999814e+01
4.320819999999999794e+01
4.323810000000000286e+01
4.326809999999999690e+01
4.329760000000000275e+01
4.331759999999999877e+01
4.334770000000000323e+01
4.337749999999999773e+01
4.340769999999999840e+01
4.342770000000000152e+01
4.345770000000000266e+01
4.348760000000000048e+01
4.351749999999999829e+01
4.353710000000000235e+01
4.356730000000000302e+01
4.359729999999999706e+01
4.362729999999999819e+01
4.364750000000000085e+01
4.367719999999999914e+01
4.370920000000000272e+01
4.373910000000000053e+01
4.375869999999999749e+01
4.378849999999999909e+01
4.381850000000000023e+01
4.384839999999999804e+01
4.387859999999999872e+01
4.389849999999999852e+01
4.392860000000000298e+01
4.395839999999999748e+01
4.398850000000000193e+01
4.400829999999999842e+01
4.403829999999999956e+01
4.407000000000000028e+01
4.409989999999999810e+01
4.412010000000000076e+01
4.415010000000000190e+01
4.417990000000000350e+01
4.421009999999999707e+01
4.422979999999999734e+01
4.425939999999999941e+01
4.428960000000000008e+01
4.431929999999999836e+01
4.433939999999999770e+01
4.436950000000000216e+01
4.439950000000000330e+01
4.442940000000000111e+01
4.444939999999999714e+01
4.447939999999999827e+01
4.450930000000000319e+01
4.453940000000000055e+01
4.455930000000000035e+01
4.458950000000000102e+01
4.461919999999999931e+01
4.464939999999999998e+01
4.468110000000000070e+01
4.469910000000000139e+01
4.472890000000000299e+01
4.476050000000000040e+01
4.479050000000000153e+01
4.481040000000000134e+01
4.484040000000000248e+01
4.487049999999999983e+01
4.490039999999999765e+01
4.492029999999999745e+01
4.495029999999999859e+01
4.498029999999999973e+01
4.501039999999999708e+01
4.503029999999999688e+01
4.506040000000000134e+01
4.509029999999999916e+01
4.512039999999999651e+01
4.514039999999999964e+01
4.517020000000000124e+01
4.520000000000000284e+01
4.522979999999999734e+01
4.524980000000000047e+01
4.527960000000000207e+01
4.530969999999999942e+01
4.533990000000000009e+01
4.535990000000000322e+01
4.538969999999999771e+01
4.541980000000000217e+01
4.544969999999999999e+01
4.547979999999999734e+01
4.549969999999999715e+01
4.552969999999999828e+01
4.555980000000000274e+01
4.559140000000000015e+01
4.561140000000000327e+01
4.564119999999999777e+01
4.567069999999999652e+01
4.570080000000000098e+01
4.572070000000000078e+01
4.575050000000000239e+01
4.578079999999999927e+01
4.581069999999999709e+01
4.583080000000000354e+01
4.586070000000000135e+01
4.589079999999999870e+01
4.592069999999999652e+01
4.594080000000000297e+01
4.597070000000000078e+01
4.600090000000000146e+01
4.603070000000000306e+01
4.605060000000000286e+01
4.608059999999999690e+01
4.611039999999999850e+01
4.614009999999999678e+01
4.616009999999999991e+01
4.619019999999999726e+01
4.622010000000000218e+01
4.625030000000000285e+01
4.628009999999999735e+01
4.630019999999999669e+01
4.632999999999999829e+01
4.636010000000000275e+01
4.639000000000000057e+01
4.640999999999999659e+01
4.643999999999999773e+01
4.646999999999999886e+01
4.650019999999999953e+01
4.652000000000000313e+01
4.654990000000000094e+01
4.657970000000000255e+01
4.660920000000000130e+01
4.662930000000000064e+01
4.665959999999999752e+01
4.668939999999999912e+01
4.671959999999999980e+01
4.673949999999999960e+01
4.676950000000000074e+01
4.679950000000000188e+01
4.682950000000000301e+01
4.684940000000000282e+01
4.687919999999999732e+01
4.690930000000000177e+01
4.693930000000000291e+01
4.695949999999999847e+01
4.698940000000000339e+01
4.702100000000000080e+01
4.705100000000000193e+01
4.708039999999999736e+01
4.710040000000000049e+01
4.713049999999999784e+01
4.716040000000000276e+01
4.719060000000000343e+01
4.721059999999999945e+01
4.724049999999999727e+01
4.727049999999999841e+01
4.730040000000000333e+01
4.732019999999999982e+01
4.735020000000000095e+01
4.738000000000000256e+01
4.740999999999999659e+01
4.743039999999999878e+01
4.746009999999999707e+01
4.749029999999999774e+01
4.752000000000000313e+01
4.753970000000000340e+01
4.756980000000000075e+01
4.759949999999999903e+01
4.763130000000000308e+01
4.765149999999999864e+01
4.768119999999999692e+01
4.771139999999999759e+01
4.774130000000000251e+01
4.776120000000000232e+01
4.779120000000000346e+01
4.782099999999999795e+01
4.785110000000000241e+01
4.788100000000000023e+01
4.790129999999999910e+01
4.793119999999999692e+01
4.796110000000000184e+01
4.799110000000000298e+01
4.801089999999999947e+01
4.804070000000000107e+01
4.807070000000000221e+01
4.810060000000000002e+01
4.812039999999999651e+01
4.815059999999999718e+01
4.818050000000000210e+01
4.821059999999999945e+01
4.823049999999999926e+01
4.826050000000000040e+01
4.829039999999999822e+01
4.832030000000000314e+01
4.834040000000000248e+01
4.837069999999999936e+01
4.840039999999999765e+01
4.843050000000000210e+01
4.845049999999999812e+01
4.848020000000000351e+01
4.851010000000000133e+01
4.854019999999999868e+01
4.855980000000000274e+01
4.858979999999999677e+01
4.861979999999999791e+01
4.865149999999999864e+01
4.868149999999999977e+01
4.870159999999999911e+01
4.873140000000000072e+01
4.876129999999999853e+01
4.879149999999999920e+01
4.881150000000000233e+01
4.883740000000000236e+01
4.883800000000000097e+01
4.883809999999999718e+01
4.883800000000000097e+01
4.883809999999999718e+01
4.883800000000000097e+01
4.883809999999999718e+01
4.883809999999999718e+01
4.883809999999999718e+01
4.883809999999999718e+01
4.883809999999999718e+01
4.883809999999999718e+01
4.883809999999999718e+01
4.883809999999999718e+01
4.883809999999999718e+01
4.883809999999999718e+01
4.883809999999999718e+01
4.883809999999999718e+01
4.883809999999999718e+01
4.883809999999999718e+01
4.883809999999999718e+01
4.883809999999999718e+01
4.883809999999999718e+01
4.883809999999999718e+01
4.883809999999999718e+01
4.883809999999999718e+01
4.883809999999999718e+01
4.883809999999999718e+01
4.883809999999999718e+01
4.883809999999999718e+01
4.883809999999999718e+01
4.883809999999999718e+01
4.883809999999999718e+01
4.883809999999999718e+01
4.883809999999999718e+01
4.883809999999999718e+01
4.883809999999999718e+01
4.883809999999999718e+01
4.883809999999999718e+01
4.883809999999999718e+01
4.883809999999999718e+01
4.883809999999999718e+01
4.883809999999999718e+01
4.883809999999999718e+01
4.883809999999999718e+01
4.883809999999999718e+01
4.883809999999999718e+01
4.883809999999999718e+01
4.883809999999999718e+01
4.883809999999999718e+01
4.883809999999999718e+01
4.883809999999999718e+01
4.883809999999999718e+01
4.883809999999999718e+01
4.883809999999999718e+01
4.883820000000000050e+01
4.883809999999999718e+01
4.883809999999999718e+01
4.883809999999999718e+01
4.883809999999999718e+01
4.883809999999999718e+01
4.883809999999999718e+01
4.883809999999999718e+01
4.883809999999999718e+01
4.883809999999999718e+01
4.883809999999999718e+01
4.883809999999999718e+01
4.883809999999999718e+01
4.883809999999999718e+01
4.883809999999999718e+01
4.883809999999999718e+01
4.883809999999999718e+01
4.883809999999999718e+01
4.883809999999999718e+01
4.883809999999999718e+01
4.883809999999999718e+01
4.883809999999999718e+01
4.883809999999999718e+01
4.883809999999999718e+01
4.883809999999999718e+01
4.883809999999999718e+01
4.883809999999999718e+01
4.883809999999999718e+01
4.883809999999999718e+01
4.883809999999999718e+01
4.883809999999999718e+01
4.883809999999999718e+01
4.883809999999999718e+01
4.883809999999999718e+01
4.883809999999999718e+01
4.883809999999999718e+01
4.883809999999999718e+01
4.883809999999999718e+01
4.883809999999999718e+01
4.883809999999999718e+01
4.883809999999999718e+01
4.883809999999999718e+01
4.883809999999999718e+01
4.883809999999999718e+01
4.883809999999999718e+01
4.883809999999999718e+01
4.883809999999999718e+01
4.883809999999999718e+01
4.883809999999999718e+01
4.883809999999999718e+01
4.883809999999999718e+01
4.883809999999999718e+01
4.883820000000000050e+01
4.883820000000000050e+01
4.883809999999999718e+01
4.883820000000000050e+01
4.883820000000000050e+01
4.883809999999999718e+01
4.883820000000000050e+01
4.883809999999999718e+01
4.883820000000000050e+01
4.883820000000000050e+01
4.883820000000000050e+01
4.883820000000000050e+01
4.883809999999999718e+01
4.883809999999999718e+01
4.883809999999999718e+01
4.883809999999999718e+01
4.883809999999999718e+01
4.883809999999999718e+01
4.883809999999999718e+01
4.883809999999999718e+01
4.883809999999999718e+01
4.883809999999999718e+01
4.883809999999999718e+01
4.883809999999999718e+01
4.883809999999999718e+01
4.883809999999999718e+01
4.883809999999999718e+01
4.883809999999999718e+01
4.883809999999999718e+01
4.883809999999999718e+01
4.883809999999999718e+01
4.883809999999999718e+01
4.883809999999999718e+01
4.883809999999999718e+01
4.883809999999999718e+01
4.883809999999999718e+01
4.883820000000000050e+01
4.883809999999999718e+01
4.883820000000000050e+01
4.883820000000000050e+01
4.883820000000000050e+01
4.883809999999999718e+01
4.883820000000000050e+01
4.883809999999999718e+01
4.883809999999999718e+01
4.883820000000000050e+01
4.883820000000000050e+01
4.883820000000000050e+01
4.883820000000000050e+01
4.883820000000000050e+01
4.883820000000000050e+01
4.883809999999999718e+01
4.883809999999999718e+01
4.883809999999999718e+01
4.883809999999999718e+01
4.883809999999999718e+01
4.883820000000000050e+01
4.883820000000000050e+01
4.883820000000000050e+01
4.883820000000000050e+01
4.883820000000000050e+01
4.883820000000000050e+01
4.883820000000000050e+01
4.883820000000000050e+01
4.883820000000000050e+01
4.883820000000000050e+01
4.883820000000000050e+01
4.883820000000000050e+01
4.883820000000000050e+01
4.883820000000000050e+01
4.883820000000000050e+01
4.883820000000000050e+01
4.883820000000000050e+01
4.883820000000000050e+01
4.883820000000000050e+01
4.883820000000000050e+01
4.883820000000000050e+01
4.883820000000000050e+01
4.883820000000000050e+01
4.883820000000000050e+01
