5.259761000000000004e-05
5.259761000000000004e-05
5.260133000000000278e-05
5.261995999999999823e-05
5.263857999999999976e-05
5.266466000000000138e-05
5.269074000000000300e-05
5.271309000000000118e-05
5.273917000000000280e-05
5.275778999999999755e-05
5.278015000000000321e-05
5.279131999999999857e-05
5.280621999999999736e-05
5.282484999999999958e-05
5.285093000000000120e-05
5.289190000000000092e-05
5.294778000000000012e-05
5.300365999999999932e-05
5.306698999999999791e-05
5.313404999999999994e-05
5.320110000000000128e-05
5.326816000000000331e-05
5.333149000000000190e-05
5.339108999999999706e-05
5.345069999999999970e-05
5.349540000000000285e-05
5.353638000000000326e-05
5.356990999999999749e-05
5.359226000000000246e-05
5.361088999999999791e-05
5.362206000000000004e-05
5.362578999999999670e-05
5.362578999999999670e-05
5.361461000000000064e-05
5.360342999999999781e-05
5.358107999999999963e-05
5.355873000000000144e-05
5.353264999999999982e-05
5.350657999999999890e-05
5.346932000000000122e-05
5.343206999999999747e-05
5.338737000000000110e-05
5.333520999999999786e-05
5.327561000000000270e-05
5.321600000000000007e-05
5.315267000000000147e-05
5.309306999999999953e-05
5.303719000000000033e-05
5.297758999999999840e-05
5.292543000000000193e-05
5.287700000000000213e-05
5.282112000000000292e-05
5.276897000000000038e-05
5.272054000000000058e-05
5.266466000000000138e-05
5.261995999999999823e-05
5.257152999999999842e-05
5.253054999999999801e-05
5.248956999999999760e-05
5.244113999999999780e-05
5.239644000000000143e-05
5.234801000000000162e-05
5.229585999999999908e-05
5.224742999999999927e-05
5.219899999999999947e-05
5.215056999999999966e-05
5.210587000000000329e-05
5.206115999999999945e-05
5.201274000000000034e-05
5.196803000000000327e-05
5.193077999999999952e-05
5.188979999999999911e-05
5.185255000000000213e-05
5.182274999999999778e-05
5.179293999999999950e-05
5.176686999999999858e-05
5.173706000000000030e-05
5.170726000000000272e-05
5.167373000000000170e-05
5.164021000000000138e-05
5.160294999999999693e-05
5.156569999999999996e-05
5.152471999999999955e-05
5.148747000000000257e-05
5.143904000000000277e-05
5.139433999999999962e-05
5.134590999999999981e-05
5.129748000000000001e-05
5.124905000000000020e-05
5.120434999999999706e-05
5.115591999999999725e-05
5.111122000000000088e-05
5.106650999999999704e-05
5.102181000000000066e-05
5.098083000000000025e-05
5.093984999999999984e-05
5.089514999999999670e-05
5.085789999999999972e-05
5.081319000000000265e-05
5.077221000000000224e-05
5.073124000000000253e-05
5.068652999999999868e-05
5.063809999999999888e-05
5.059340000000000251e-05
5.054124999999999997e-05
5.048537000000000077e-05
5.043320999999999753e-05
5.038106000000000176e-05
5.032518000000000256e-05
5.026930000000000336e-05
5.021341999999999738e-05
5.015382000000000222e-05
5.009048999999999685e-05
5.002715999999999825e-05
4.996010000000000300e-05
4.989305000000000167e-05
4.982598999999999964e-05
4.976266000000000104e-05
4.969933000000000244e-05
4.963228000000000111e-05
4.956149000000000242e-05
4.949444000000000109e-05
4.942366000000000310e-05
4.935287999999999833e-05
4.927836999999999691e-05
4.920758999999999892e-05
4.912936000000000153e-05
4.905486000000000080e-05
4.898407000000000211e-05
4.890583999999999795e-05
4.883133999999999722e-05
4.874938000000000318e-05
4.867114999999999902e-05
4.860037000000000103e-05
4.852585999999999960e-05
4.845135999999999887e-05
4.837313000000000149e-05
4.829489999999999733e-05
4.822039000000000268e-05
4.814215999999999851e-05
4.806764999999999709e-05
4.798569999999999697e-05
4.790374000000000292e-05
4.781805999999999936e-05
4.772864999999999915e-05
4.763924999999999963e-05
4.754611000000000275e-05
4.745297999999999980e-05
4.735984999999999685e-05
4.725927000000000128e-05
4.715867999999999823e-05
4.705810000000000266e-05
4.695752000000000031e-05
4.685692999999999727e-05
4.675262999999999896e-05
4.664459000000000330e-05
4.654027999999999751e-05
4.643225000000000255e-05
4.632422000000000080e-05
4.621991000000000180e-05
4.611188000000000006e-05
4.600757000000000105e-05
4.590326000000000204e-05
4.579895000000000304e-05
4.569463999999999725e-05
4.559406000000000168e-05
4.548975000000000268e-05
4.538917000000000033e-05
4.528858999999999798e-05
4.518800000000000171e-05
4.508741999999999936e-05
4.497938999999999762e-05
4.487507999999999862e-05
4.477821999999999900e-05
4.467018999999999726e-05
4.456587999999999826e-05
4.446156999999999925e-05
4.435726000000000024e-05
4.425296000000000194e-05
4.414491999999999949e-05
4.404061000000000049e-05
4.393631000000000218e-05
4.382826999999999974e-05
4.372397000000000143e-05
4.361966000000000243e-05
4.351161999999999998e-05
4.341103999999999764e-05
4.330672999999999863e-05
4.319869999999999689e-05
4.309812000000000132e-05
4.299381000000000231e-05
4.288576999999999987e-05
4.278147000000000156e-05
4.267716000000000256e-05
4.256913000000000081e-05
4.246482000000000181e-05
4.235677999999999937e-05
4.224874999999999762e-05
4.214443999999999862e-05
4.203268000000000022e-05
4.192464999999999847e-05
4.182033999999999947e-05
4.171603000000000046e-05
4.160799999999999872e-05
4.150742000000000315e-05
4.140310999999999736e-05
4.129508000000000240e-05
4.119822000000000279e-05
4.109390999999999700e-05
4.099333000000000143e-05
4.089647000000000182e-05
4.079588999999999948e-05
4.069530000000000320e-05
4.059844999999999752e-05
4.050158999999999791e-05
4.040472999999999829e-05
4.030786999999999868e-05
4.021101999999999977e-05
4.011416000000000016e-05
4.001357999999999781e-05
3.991299000000000154e-05
3.981240999999999919e-05
3.971182999999999685e-05
3.961496999999999724e-05
3.951810999999999762e-05
3.942124999999999801e-05
3.932812000000000184e-05
3.923498999999999889e-05
3.913812999999999927e-05
3.904872999999999976e-05
3.895931999999999954e-05
3.886990999999999932e-05
3.877678000000000315e-05
3.868737000000000293e-05
3.860168999999999938e-05
3.850856000000000320e-05
3.842287999999999964e-05
3.834091999999999882e-05
3.825524000000000204e-05
3.817328000000000122e-05
3.808759999999999766e-05
3.800192000000000088e-05
3.791623999999999732e-05
3.783056000000000054e-05
3.774487000000000306e-05
3.765918999999999951e-05
3.757723999999999938e-05
3.749155000000000190e-05
3.740586999999999835e-05
3.732391999999999822e-05
3.723823000000000074e-05
3.715254999999999719e-05
3.707059999999999707e-05
3.698490999999999958e-05
3.690668000000000220e-05
3.682473000000000208e-05
3.673904999999999852e-05
3.665336000000000104e-05
3.657141000000000092e-05
3.648572999999999736e-05
3.640003999999999988e-05
3.631808999999999976e-05
3.623241000000000298e-05
3.615045000000000216e-05
3.606849000000000134e-05
3.598654000000000121e-05
3.590458000000000039e-05
3.582261999999999957e-05
3.574811999999999884e-05
3.566615999999999802e-05
3.559165999999999730e-05
3.551715000000000265e-05
3.544264000000000122e-05
3.537186000000000323e-05
3.530481000000000190e-05
3.523402999999999713e-05
3.516697000000000188e-05
3.509992000000000054e-05
3.503285999999999851e-05
3.496952999999999992e-05
3.490247999999999859e-05
3.483542000000000333e-05
3.477208999999999796e-05
3.470875999999999936e-05
3.464543000000000077e-05
3.458582999999999883e-05
3.452622000000000297e-05
3.447033999999999699e-05
3.441445999999999779e-05
3.435858999999999929e-05
3.429897999999999666e-05
3.424683000000000089e-05
3.419095000000000169e-05
3.413507000000000249e-05
3.408664000000000268e-05
3.403447999999999944e-05
3.398232999999999690e-05
3.393389999999999710e-05
3.388175000000000133e-05
3.383703999999999748e-05
3.378861999999999838e-05
3.374018999999999857e-05
3.369548000000000150e-05
3.365077999999999836e-05
3.360608000000000199e-05
3.356510000000000158e-05
3.352038999999999773e-05
3.347941999999999802e-05
3.343843999999999761e-05
3.340119000000000063e-05
3.336393000000000296e-05
3.333041000000000264e-05
3.329314999999999819e-05
3.325590000000000122e-05
3.321864999999999746e-05
3.318512000000000322e-05
3.315531999999999887e-05
3.312178999999999785e-05
3.308825999999999684e-05
3.305473000000000260e-05
3.302121000000000228e-05
3.298768000000000127e-05
3.295787999999999691e-05
3.292435000000000267e-05
3.289454999999999831e-05
3.286101999999999730e-05
3.283121999999999972e-05
3.280141000000000144e-05
3.277160999999999708e-05
3.274180999999999950e-05
3.271201000000000192e-05
3.268219999999999687e-05
3.265613000000000272e-05
3.263005000000000110e-05
3.260396999999999948e-05
3.257789999999999856e-05
3.255181999999999694e-05
3.252574000000000209e-05
3.249967000000000117e-05
3.248103999999999895e-05
3.245495999999999733e-05
3.242515999999999975e-05
3.240281000000000156e-05
3.237300999999999720e-05
3.234693000000000236e-05
3.232085000000000074e-05
3.229105000000000316e-05
3.226497000000000154e-05
3.223516999999999718e-05
3.220536999999999960e-05
3.217557000000000202e-05
3.214575999999999697e-05
3.211969000000000282e-05
3.208616000000000181e-05
3.205263000000000079e-05
3.202283000000000321e-05
3.198557999999999946e-05
3.195204999999999844e-05
3.191851999999999743e-05
3.188499000000000319e-05
3.185146000000000217e-05
3.181420999999999842e-05
3.177696000000000145e-05
3.173970999999999769e-05
3.169872999999999728e-05
3.166520000000000304e-05
3.162422000000000263e-05
3.158324000000000222e-05
3.154227000000000251e-05
3.150500999999999806e-05
3.146031000000000169e-05
3.141933000000000128e-05
3.138207999999999753e-05
3.133737000000000046e-05
3.129266999999999731e-05
3.125168999999999690e-05
3.120325999999999710e-05
3.116228999999999739e-05
3.111758000000000032e-05
3.106915000000000051e-05
3.102818000000000080e-05
3.097975000000000099e-05
3.093503999999999715e-05
3.088660999999999734e-05
3.083818999999999824e-05
3.078603000000000177e-05
3.073760000000000197e-05
3.068544999999999942e-05
3.062957000000000022e-05
3.057369000000000102e-05
3.051397000000000086e-05
3.044690999999999882e-05
3.037613000000000083e-05
3.030907999999999950e-05
3.024202000000000086e-05
3.018241999999999892e-05
3.012280999999999967e-05
3.007437999999999987e-05
3.002223000000000071e-05
2.997753000000000096e-05
2.992910000000000115e-05
2.988067000000000135e-05
2.982851999999999880e-05
2.977635999999999895e-05
2.971303000000000035e-05
2.964969999999999837e-05
2.957520000000000103e-05
2.950068999999999961e-05
2.941872999999999879e-05
2.933677999999999866e-05
2.925482000000000123e-05
2.916914000000000106e-05
2.909462999999999963e-05
2.902385000000000164e-05
2.895680000000000031e-05
2.889346999999999833e-05
2.883385999999999908e-05
2.877053000000000048e-05
2.870347999999999915e-05
2.863270000000000116e-05
2.856191999999999978e-05
2.849859000000000119e-05
2.843152999999999916e-05
2.836820000000000056e-05
2.830859999999999862e-05
2.824527000000000003e-05
2.818566000000000078e-05
2.812232999999999880e-05
2.805900000000000020e-05
2.799194999999999887e-05
2.792489000000000023e-05
2.785783999999999889e-05
2.779078000000000025e-05
2.773490000000000105e-05
2.767529999999999911e-05
2.761941999999999991e-05
2.756354000000000071e-05
2.750020999999999873e-05
2.743688000000000013e-05
2.737355000000000154e-05
2.731021999999999955e-05
2.725061000000000031e-05
2.718728999999999902e-05
2.712396000000000043e-05
2.705689999999999839e-05
2.698612000000000040e-05
2.691533999999999902e-05
2.685201000000000043e-05
2.678867999999999845e-05
2.672534999999999985e-05
2.666202000000000125e-05
2.660240999999999862e-05
2.654281000000000007e-05
2.648321000000000152e-05
2.642359999999999888e-05
2.636400000000000034e-05
2.630439000000000109e-05
2.624478999999999915e-05
2.618517999999999990e-05
2.612558000000000135e-05
2.606224999999999937e-05
2.599892000000000078e-05
2.593931000000000153e-05
2.587597999999999954e-05
2.581265000000000095e-05
2.574931999999999896e-05
2.568599000000000037e-05
2.562265999999999838e-05
2.555561000000000044e-05
2.549227999999999846e-05
2.542521999999999981e-05
2.535816999999999848e-05
2.529110999999999984e-05
2.522778000000000124e-05
2.516072999999999991e-05
2.509367000000000127e-05
2.502661999999999994e-05
2.496329000000000134e-05
2.489995999999999936e-05
2.483663000000000076e-05
2.477702000000000151e-05
2.471741999999999958e-05
2.465781000000000033e-05
2.460193000000000113e-05
2.454604999999999854e-05
2.449016999999999934e-05
2.443802000000000019e-05
2.438214000000000098e-05
2.432998999999999844e-05
2.427782999999999859e-05
2.422567999999999944e-05
2.417353000000000028e-05
2.412510000000000048e-05
2.406922000000000128e-05
2.402079000000000147e-05
2.396863000000000162e-05
2.391647999999999908e-05
2.386804999999999927e-05
2.381590000000000012e-05
2.376747000000000031e-05
2.371904000000000051e-05
2.366689000000000135e-05
2.361846000000000155e-05
2.357002999999999835e-05
2.352532000000000128e-05
2.347689999999999879e-05
2.343218999999999833e-05
2.339121000000000131e-05
2.335024000000000160e-05
2.330553000000000114e-05
2.326828000000000078e-05
2.322730000000000037e-05
2.318631999999999996e-05
2.314906999999999959e-05
2.311181999999999923e-05
2.307083999999999882e-05
2.302985999999999841e-05
2.298888000000000138e-05
2.295536000000000107e-05
2.291810000000000001e-05
2.288456999999999899e-05
2.284731999999999863e-05
2.281007000000000165e-05
2.277654000000000064e-05
2.274300999999999962e-05
2.270948999999999930e-05
2.267968000000000102e-05
2.264616000000000071e-05
2.261634999999999904e-05
2.258282999999999872e-05
2.255302000000000045e-05
2.251950000000000013e-05
2.248968999999999846e-05
2.245617000000000153e-05
2.242635999999999987e-05
2.239655999999999890e-05
2.236676000000000132e-05
2.233696000000000035e-05
2.230714999999999868e-05
2.227735000000000110e-05
2.224755000000000013e-05
2.221774999999999916e-05
2.219167000000000093e-05
2.216558999999999931e-05
2.213578999999999834e-05
2.210971000000000011e-05
2.208363999999999919e-05
2.205756000000000096e-05
2.203520999999999938e-05
2.200913000000000115e-05
2.198677999999999958e-05
2.196443000000000139e-05
2.194207999999999982e-05
2.191600000000000159e-05
2.189736999999999936e-05
2.187875000000000122e-05
2.185638999999999895e-05
2.184149000000000016e-05
2.181913999999999859e-05
2.180423999999999980e-05
2.178561000000000096e-05
2.176698999999999943e-05
2.174836000000000060e-05
2.172972999999999837e-05
2.171111000000000023e-05
2.169248000000000140e-05
2.167385999999999987e-05
2.165523000000000103e-05
2.163659999999999881e-05
2.161798000000000067e-05
2.159561999999999840e-05
2.157700000000000026e-05
2.155464999999999869e-05
2.153228999999999980e-05
2.150994000000000162e-05
2.148759000000000004e-05
2.146896000000000121e-05
2.144660999999999963e-05
2.142426000000000145e-05
2.140562999999999922e-05
2.138701000000000108e-05
2.137210999999999891e-05
2.135348000000000007e-05
2.133858000000000128e-05
2.131994999999999905e-05
2.130878000000000031e-05
2.129388000000000152e-05
2.128269999999999869e-05
2.127151999999999925e-05
2.126406999999999985e-05
2.125290000000000111e-05
2.124544999999999833e-05
2.123426999999999888e-05
2.122310000000000014e-05
2.121564000000000005e-05
2.120819000000000065e-05
2.120074000000000126e-05
2.118956999999999913e-05
2.118211999999999973e-05
2.117838999999999968e-05
2.117094000000000029e-05
2.116349000000000089e-05
2.115604000000000150e-05
2.115231000000000145e-05
2.114858999999999871e-05
2.114113999999999932e-05
2.113368999999999992e-05
2.112624000000000053e-05
2.111879000000000113e-05
2.111506000000000109e-05
2.110761000000000169e-05
2.110388999999999896e-05
2.109643999999999956e-05
2.108897999999999947e-05
2.108897999999999947e-05
2.108153000000000007e-05
2.107408000000000068e-05
2.107036000000000133e-05
2.106663000000000128e-05
2.106290999999999855e-05
2.105917999999999850e-05
2.105545999999999915e-05
2.105545999999999915e-05
2.105545999999999915e-05
2.105545999999999915e-05
2.105545999999999915e-05
2.105545999999999915e-05
2.105545999999999915e-05
2.105545999999999915e-05
2.105545999999999915e-05
2.105172999999999910e-05
2.104800999999999976e-05
2.104800999999999976e-05
2.104427999999999971e-05
2.104056000000000036e-05
2.104056000000000036e-05
2.103683000000000031e-05
2.103311000000000097e-05
2.103311000000000097e-05
2.102938000000000092e-05
2.102938000000000092e-05
2.102938000000000092e-05
2.102938000000000092e-05
2.102565000000000087e-05
2.102565000000000087e-05
2.102565000000000087e-05
2.102565000000000087e-05
2.102193000000000152e-05
2.101820000000000148e-05
2.101447999999999874e-05
2.101074999999999869e-05
2.101074999999999869e-05
2.100702999999999934e-05
2.100329999999999930e-05
2.099957999999999995e-05
2.099584999999999990e-05
2.099213000000000055e-05
2.098468000000000116e-05
2.098095000000000111e-05
2.097349999999999833e-05
2.096604999999999893e-05
2.096231999999999889e-05
2.095486999999999949e-05
2.094742000000000010e-05
2.093625000000000135e-05
2.092879999999999857e-05
2.092134999999999918e-05
2.091389999999999978e-05
2.090272000000000034e-05
2.089899000000000029e-05
2.088782000000000155e-05
2.088036999999999877e-05
2.086918999999999932e-05
2.086173999999999993e-05
2.085057000000000119e-05
2.083938999999999835e-05
2.083193999999999896e-05
2.082075999999999952e-05
2.080959000000000077e-05
2.080214000000000138e-05
2.079468999999999860e-05
2.078350999999999915e-05
2.077234000000000041e-05
2.076116000000000097e-05
2.074998000000000153e-05
2.073880999999999940e-05
2.072762999999999995e-05
2.071646000000000121e-05
2.070900999999999843e-05
2.069409999999999894e-05
2.068293000000000019e-05
2.067548000000000080e-05
2.066803000000000140e-05
2.065312999999999923e-05
2.064567999999999983e-05
2.062705000000000099e-05
2.061214999999999882e-05
2.059725000000000003e-05
2.058235000000000124e-05
2.056371999999999901e-05
2.054509000000000017e-05
2.052646999999999865e-05
2.050783999999999981e-05
2.048549000000000162e-05
2.046314000000000005e-05
2.044451000000000121e-05
2.042215999999999964e-05
2.040726000000000085e-05
2.039235999999999867e-05
2.037372999999999983e-05
2.035883000000000104e-05
2.034019999999999882e-05
2.032530000000000003e-05
2.030667000000000119e-05
2.029176999999999901e-05
2.027315000000000088e-05
2.025451999999999865e-05
2.023588999999999981e-05
2.021727000000000168e-05
2.020236999999999950e-05
2.017629000000000126e-05
2.015393999999999969e-05
2.013159000000000151e-05
2.010550999999999989e-05
2.007943000000000165e-05
2.005708000000000008e-05
2.003099999999999846e-05
2.000865000000000027e-05
1.997884999999999931e-05
1.994904999999999834e-05
1.991924000000000006e-05
1.988943999999999909e-05
1.985218999999999873e-05
1.982239000000000115e-05
1.978513000000000008e-05
1.974414999999999967e-05
1.970689999999999931e-05
1.966591999999999890e-05
1.963239999999999858e-05
1.959887000000000096e-05
1.956533999999999994e-05
1.953180999999999892e-05
1.950574000000000139e-05
1.947221000000000038e-05
1.944985999999999880e-05
1.942751000000000062e-05
1.940514999999999834e-05
1.937908000000000081e-05
1.936044999999999859e-05
1.933810000000000040e-05
1.931574999999999883e-05
1.928967000000000060e-05
1.926731999999999902e-05
1.924124000000000079e-05
1.921515999999999917e-05
1.918536000000000159e-05
1.915556000000000062e-05
1.912575999999999965e-05
1.909222999999999864e-05
1.905498000000000166e-05
1.901400000000000125e-05
1.897675000000000089e-05
1.893577000000000048e-05
1.889479000000000007e-05
1.885753999999999970e-05
1.881282999999999924e-05
1.877557999999999888e-05
1.873832999999999852e-05
1.870107000000000084e-05
1.866382000000000048e-05
1.863028999999999946e-05
1.859676999999999915e-05
1.856696000000000087e-05
1.853344000000000055e-05
1.850362999999999888e-05
1.847383000000000130e-05
1.844030000000000029e-05
1.840677999999999997e-05
1.837697000000000169e-05
1.834345000000000138e-05
1.830619000000000031e-05
1.827267000000000000e-05
1.823913999999999898e-05
1.820561000000000136e-05
1.817208000000000034e-05
1.813482999999999998e-05
1.809757999999999961e-05
1.806404999999999860e-05
1.802680000000000162e-05
1.799327000000000061e-05
1.795602000000000024e-05
1.792248999999999923e-05
1.788896000000000160e-05
1.785171000000000124e-05
1.781073000000000083e-05
1.777348000000000046e-05
1.773621999999999940e-05
1.769896999999999904e-05
1.765798999999999863e-05
1.761701000000000160e-05
1.757603999999999850e-05
1.753878000000000083e-05
1.749408000000000107e-05
1.745310000000000066e-05
1.741212000000000025e-05
1.737115000000000054e-05
1.732644000000000008e-05
1.728918999999999972e-05
1.724448999999999996e-05
1.720350999999999955e-05
1.716252999999999914e-05
1.712527999999999877e-05
1.708429999999999836e-05
1.704332000000000134e-05
1.700234000000000093e-05
1.696509000000000057e-05
1.692784000000000020e-05
1.688685999999999979e-05
1.684959999999999873e-05
1.681234999999999837e-05
1.677510000000000139e-05
1.673412000000000098e-05
1.669314000000000057e-05
1.665216000000000016e-05
1.660746000000000040e-05
1.655903000000000060e-05
1.652178000000000023e-05
1.648079999999999982e-05
1.643981999999999941e-05
1.640256999999999905e-05
1.636904000000000142e-05
1.633551000000000041e-05
1.630199000000000009e-05
1.626845999999999907e-05
1.623120999999999871e-05
1.619768000000000108e-05
1.616043000000000072e-05
1.612316999999999966e-05
1.608964999999999934e-05
1.605239000000000167e-05
1.602259000000000070e-05
1.598905999999999968e-05
1.595925999999999871e-05
1.592573000000000109e-05
1.589966000000000017e-05
1.586984999999999850e-05
1.584378000000000096e-05
1.581769999999999934e-05
1.578789999999999838e-05
1.575809000000000010e-05
1.572828999999999913e-05
1.569849000000000155e-05
1.566869000000000058e-05
1.563888999999999961e-05
1.560908000000000133e-05
1.557928000000000036e-05
1.554574999999999935e-05
1.551594999999999838e-05
1.548615000000000080e-05
1.545261999999999978e-05
1.541908999999999877e-05
1.538556999999999845e-05
1.534831000000000078e-05
1.531106000000000041e-05
1.527008000000000000e-05
1.522904000000000048e-05
1.519552000000000016e-05
1.515453999999999975e-05
1.511728999999999939e-05
1.507631000000000067e-05
1.503906000000000031e-05
1.500179999999999924e-05
1.496082000000000053e-05
1.492357000000000016e-05
1.488258999999999975e-05
1.484906999999999944e-05
1.480809000000000072e-05
1.476711000000000031e-05
1.472612999999999990e-05
1.469260000000000058e-05
1.465908000000000026e-05
1.462181999999999920e-05
1.459201999999999993e-05
1.456222000000000065e-05
1.453241999999999968e-05
1.450260999999999971e-05
1.447281000000000044e-05
1.444300999999999947e-05
1.441692999999999954e-05
1.438713000000000027e-05
1.436105000000000034e-05
1.433124999999999937e-05
1.430145000000000010e-05
1.427165000000000082e-05
1.424183999999999916e-05
1.421203999999999988e-05
1.418224000000000061e-05
1.415243999999999964e-05
1.412262999999999966e-05
1.408910999999999935e-05
1.405929999999999937e-05
1.402950000000000010e-05
1.400342000000000017e-05
1.397361999999999921e-05
1.394754999999999998e-05
1.391774000000000000e-05
1.389167000000000078e-05
1.386186000000000080e-05
1.383205999999999984e-05
1.380597999999999991e-05
1.377245999999999959e-05
1.374637999999999967e-05
1.371658000000000039e-05
1.369050000000000047e-05
1.366069999999999950e-05
1.363090000000000022e-05
1.360109000000000025e-05
1.357128999999999928e-05
1.354520999999999936e-05
1.351914000000000013e-05
1.349306000000000020e-05
1.347442999999999967e-05
1.345207999999999979e-05
1.342972999999999991e-05
1.341109999999999938e-05
1.339247999999999955e-05
1.337385000000000071e-05
1.335522000000000018e-05
1.333287000000000030e-05
1.331052000000000042e-05
1.328817000000000054e-05
1.326209000000000062e-05
1.323601000000000069e-05
1.321366000000000081e-05
1.319130999999999924e-05
1.316895999999999936e-05
1.314287999999999943e-05
1.312425999999999960e-05
1.310190000000000071e-05
1.307955000000000084e-05
1.306465000000000035e-05
1.304601999999999982e-05
1.302739999999999999e-05
1.301249999999999950e-05
1.299760000000000071e-05
1.298268999999999953e-05
1.296406999999999970e-05
1.294916999999999921e-05
1.292681999999999933e-05
1.290819000000000050e-05
1.288584000000000062e-05
1.286721000000000009e-05
1.284857999999999956e-05
1.282622999999999968e-05
1.280760999999999984e-05
1.279270999999999936e-05
1.277408000000000052e-05
1.275918000000000004e-05
1.274054999999999951e-05
1.272565000000000072e-05
1.270702000000000019e-05
1.269211999999999970e-05
1.267349999999999987e-05
1.265859000000000038e-05
1.263997000000000055e-05
1.262507000000000006e-05
1.260643999999999953e-05
1.258781000000000070e-05
1.256918999999999917e-05
1.255429000000000038e-05
1.253938999999999989e-05
1.252075999999999936e-05
1.250586000000000057e-05
1.249096000000000009e-05
1.247605999999999961e-05
1.246488000000000016e-05
1.244997999999999968e-05
1.243880000000000024e-05
1.242389999999999975e-05
1.241272999999999932e-05
1.240154999999999987e-05
1.239410000000000048e-05
1.238291999999999934e-05
1.237546999999999995e-05
1.236429999999999951e-05
1.235312000000000007e-05
1.234567000000000067e-05
1.233077000000000019e-05
1.231586999999999970e-05
1.230469000000000026e-05
1.228978999999999978e-05
1.227861999999999934e-05
1.226370999999999985e-05
1.225253999999999941e-05
1.223764000000000062e-05
1.222274000000000014e-05
1.220783000000000065e-05
1.218921000000000082e-05
1.217431000000000033e-05
1.215940999999999985e-05
1.214077999999999932e-05
1.212588000000000053e-05
1.211098000000000004e-05
1.209607999999999956e-05
1.207745000000000072e-05
1.206255000000000024e-05
1.204764999999999975e-05
1.203274999999999927e-05
1.202529999999999988e-05
1.201412000000000043e-05
1.200293999999999930e-05
1.199921999999999995e-05
1.199548999999999990e-05
1.198804000000000051e-05
1.198431999999999946e-05
1.197687000000000007e-05
1.196942000000000067e-05
1.196569000000000063e-05
1.195823999999999954e-05
1.195450999999999949e-05
1.194706000000000010e-05
1.194334000000000075e-05
1.193588999999999966e-05
1.193588999999999966e-05
1.192844000000000026e-05
1.192098999999999917e-05
1.191353999999999978e-05
1.190609000000000038e-05
1.190609000000000038e-05
1.190236000000000034e-05
1.189863999999999930e-05
1.189117999999999920e-05
1.188745999999999985e-05
1.188001000000000046e-05
1.187255999999999937e-05
1.186882999999999932e-05
1.186137999999999993e-05
1.185393000000000053e-05
1.184647999999999944e-05
1.184276000000000010e-05
1.183903000000000005e-05
1.183531000000000070e-05
1.182785000000000061e-05
1.182412999999999956e-05
1.182039999999999952e-05
1.181295000000000012e-05
1.180923000000000077e-05
1.180550000000000073e-05
1.179433000000000029e-05
1.178687999999999920e-05
1.177569999999999976e-05
1.176452000000000032e-05
1.175334999999999988e-05
1.174590000000000048e-05
1.173471999999999935e-05
1.172726999999999995e-05
1.171982000000000056e-05
1.171609999999999952e-05
1.171609999999999952e-05
1.171609999999999952e-05
1.171609999999999952e-05
1.171982000000000056e-05
1.171982000000000056e-05
1.172726999999999995e-05
1.173100000000000000e-05
1.173471999999999935e-05
1.173844999999999939e-05
1.173844999999999939e-05
1.173471999999999935e-05
1.173100000000000000e-05
1.171982000000000056e-05
1.171236999999999947e-05
1.170120000000000073e-05
1.168628999999999954e-05
1.167512000000000080e-05
1.165649000000000027e-05
1.164531999999999983e-05
1.163041000000000034e-05
1.161923999999999990e-05
1.161179000000000051e-05
1.160060999999999937e-05
1.159315999999999998e-05
1.158944000000000063e-05
1.158944000000000063e-05
1.158198999999999954e-05
1.157825999999999949e-05
1.157081000000000010e-05
1.155963000000000066e-05
1.154846000000000022e-05
1.153355999999999974e-05
1.151865999999999925e-05
1.149630000000000037e-05
1.147768000000000053e-05
1.145533000000000066e-05
1.142925000000000073e-05
1.140317000000000080e-05
1.137708999999999918e-05
1.135473999999999930e-05
1.133238999999999942e-05
1.131003999999999954e-05
1.128768999999999966e-05
1.126906000000000083e-05
1.124670999999999925e-05
1.122808000000000042e-05
1.120573000000000054e-05
1.118338000000000066e-05
1.116103000000000078e-05
1.114240000000000025e-05
1.112005000000000037e-05
1.109770000000000049e-05
1.107906999999999996e-05
1.105672000000000008e-05
1.103808999999999955e-05
1.101573999999999967e-05
1.099338999999999979e-05
1.097848999999999930e-05
1.095613999999999943e-05
1.094495999999999998e-05
1.092632999999999945e-05
1.091516000000000071e-05
1.090026000000000023e-05
1.089281000000000083e-05
1.087791000000000035e-05
1.086299999999999916e-05
1.084810000000000037e-05
1.082948000000000054e-05
1.081458000000000006e-05
1.079594999999999952e-05
1.077359999999999965e-05
1.075124999999999977e-05
1.073261999999999923e-05
1.070281999999999996e-05
1.067674000000000003e-05
1.065066000000000011e-05
1.062831000000000023e-05
1.060223000000000030e-05
1.057615999999999938e-05
1.055007999999999945e-05
1.052772999999999958e-05
1.050164999999999965e-05
1.047929999999999977e-05
1.045321999999999984e-05
1.043460000000000001e-05
1.041223999999999943e-05
1.038617000000000021e-05
1.036382000000000033e-05
1.034145999999999975e-05
1.031910999999999987e-05
1.029304000000000064e-05
1.027068000000000006e-05
1.024833000000000018e-05
1.022225000000000026e-05
1.019617999999999934e-05
1.016638000000000006e-05
1.013657000000000009e-05
1.011049999999999917e-05
1.008441999999999924e-05
1.005833999999999931e-05
1.003225999999999939e-05
1.000246000000000011e-05
9.972660000000000839e-06
9.942857999999999392e-06
9.916780999999999337e-06
9.890703999999999281e-06
9.864626999999999226e-06
9.842275000000000562e-06
9.816198000000000507e-06
9.793846000000000149e-06
9.771494999999999183e-06
9.752868000000000217e-06
9.726791000000000161e-06
9.704438999999999803e-06
9.682088000000000532e-06
9.656011000000000477e-06
9.633659000000000119e-06
9.615031999999999458e-06
9.592681000000000187e-06
9.570328999999999829e-06
9.547976999999999471e-06
9.529350999999999897e-06
9.503273999999999841e-06
9.480921999999999484e-06
9.454844999999999428e-06
9.428767999999999373e-06
9.402690999999999317e-06
9.372888999999999564e-06
9.350536999999999206e-06
9.324460000000000845e-06
9.302108000000000487e-06
9.276031000000000432e-06
9.249954000000000376e-06
9.227602000000000018e-06
9.201524999999999963e-06
9.175447999999999908e-06
9.149370999999999852e-06
9.119569000000000099e-06
9.097216999999999741e-06
9.074864999999999383e-06
9.052514000000000112e-06
9.026437000000000056e-06
9.000360000000000001e-06
8.974282999999999946e-06
8.948205999999999890e-06
8.922128000000000442e-06
8.892326000000000689e-06
8.862523999999999242e-06
8.832721999999999489e-06
8.802919000000000344e-06
8.780566999999999986e-06
8.754489999999999931e-06
8.739589000000000054e-06
8.717238000000000783e-06
8.706062000000000604e-06
8.694886000000000425e-06
8.683710000000000246e-06
8.676258999999999764e-06
8.665082999999999586e-06
8.657633000000000191e-06
8.650181999999999709e-06
8.642732000000000314e-06
8.635280999999999833e-06
8.627831000000000438e-06
8.616655000000000259e-06
8.609203999999999777e-06
8.598027999999999598e-06
8.586851999999999419e-06
8.575675999999999240e-06
8.560774999999999364e-06
8.545873999999999487e-06
8.530972999999999611e-06
8.516071999999999734e-06
8.493719999999999376e-06
8.478818999999999500e-06
8.456467000000000836e-06
8.437840999999999568e-06
8.422939999999999692e-06
8.400587999999999334e-06
8.381961000000000367e-06
8.363335000000000793e-06
8.344708000000000133e-06
8.326082000000000559e-06
8.307455999999999291e-06
8.288829000000000325e-06
8.266476999999999967e-06
8.247851000000000393e-06
8.229223999999999732e-06
8.206873000000000461e-06
8.188245999999999800e-06
8.169620000000000226e-06
8.147267999999999869e-06
8.128642000000000295e-06
8.106289999999999937e-06
8.087662999999999276e-06
8.065312000000000005e-06
8.046684999999999344e-06
8.028058999999999770e-06
8.009432000000000804e-06
7.990805999999999536e-06
7.975904999999999659e-06
7.957278000000000693e-06
7.946102000000000514e-06
7.927475999999999246e-06
7.916300000000000761e-06
7.897673999999999493e-06
7.886497999999999314e-06
7.875322000000000829e-06
7.860420999999999259e-06
7.852970000000000471e-06
7.841794000000000292e-06
7.830618000000000114e-06
7.819442999999999327e-06
7.811992000000000540e-06
7.800816000000000361e-06
7.789640000000000182e-06
7.778464000000000003e-06
7.767287999999999824e-06
7.756113000000000731e-06
7.741210999999999768e-06
7.726309999999999892e-06
7.718860000000000497e-06
7.703959000000000620e-06
7.692783000000000441e-06
7.681607000000000262e-06
7.670431000000000083e-06
7.659254999999999904e-06
7.644354000000000028e-06
7.633177999999999849e-06
7.621973000000000352e-06
7.607071999999999628e-06
7.599620999999999994e-06
7.588444999999999815e-06
7.573543999999999939e-06
7.562367999999999760e-06
7.551192999999999820e-06
7.540016999999999641e-06
7.528841000000000309e-06
7.517665000000000130e-06
7.502764000000000254e-06
7.495312999999999772e-06
7.484136999999999593e-06
7.472961000000000261e-06
7.461786000000000322e-06
7.450610000000000143e-06
7.443158999999999661e-06
7.435709000000000266e-06
7.428257999999999785e-06
7.420807000000000150e-06
7.413356999999999908e-06
7.409632000000000211e-06
7.405906000000000274e-06
7.398456000000000032e-06
7.394730000000000095e-06
7.387279999999999853e-06
7.379829000000000219e-06
7.376103999999999674e-06
7.368653000000000040e-06
7.357476999999999861e-06
7.350026999999999619e-06
7.346301999999999921e-06
7.338851000000000287e-06
7.331399999999999805e-06
7.327675000000000108e-06
7.323950000000000410e-06
7.323950000000000410e-06
7.320224999999999866e-06
7.320224999999999866e-06
7.316498999999999929e-06
7.312774000000000231e-06
7.312774000000000231e-06
7.309048999999999687e-06
7.301598000000000052e-06
7.294147999999999810e-06
7.290421999999999873e-06
7.282971999999999631e-06
7.282971999999999631e-06
7.275520999999999997e-06
7.271796000000000299e-06
7.268070000000000362e-06
7.268070000000000362e-06
7.264344999999999818e-06
7.264344999999999818e-06
7.260620000000000120e-06
7.260620000000000120e-06
7.256895000000000423e-06
7.256895000000000423e-06
7.260620000000000120e-06
7.260620000000000120e-06
7.264344999999999818e-06
7.264344999999999818e-06
7.271796000000000299e-06
7.275520999999999997e-06
7.275520999999999997e-06
7.282971999999999631e-06
7.282971999999999631e-06
7.290421999999999873e-06
7.294147999999999810e-06
7.301598000000000052e-06
7.309048999999999687e-06
7.312774000000000231e-06
7.323950000000000410e-06
7.331399999999999805e-06
7.342575999999999984e-06
7.350026999999999619e-06
7.361202999999999798e-06
7.372378999999999977e-06
7.376103999999999674e-06
7.387279999999999853e-06
7.398456000000000032e-06
7.409632000000000211e-06
7.417081999999999606e-06
7.428257999999999785e-06
7.439433999999999964e-06
7.446884000000000206e-06
7.458060000000000385e-06
7.469235999999999717e-06
7.476687000000000198e-06
7.487863000000000377e-06
7.499038000000000317e-06
7.502764000000000254e-06
7.513939999999999586e-06
7.521389999999999828e-06
7.532566000000000007e-06
7.536290999999999704e-06
7.547466999999999883e-06
7.558643000000000062e-06
7.569819000000000241e-06
7.580995000000000420e-06
7.595896000000000296e-06
7.607071999999999628e-06
7.625698000000000049e-06
7.640629000000000330e-06
7.655530000000000207e-06
7.674155999999999781e-06
7.692783000000000441e-06
7.711409000000000015e-06
7.730036000000000676e-06
7.752386999999999947e-06
7.771014000000000608e-06
7.793365999999999271e-06
7.815717000000000237e-06
7.834343999999999203e-06
7.856695000000000169e-06
7.882772000000000224e-06
7.905124000000000582e-06
7.923750999999999549e-06
7.946102000000000514e-06
7.972179000000000570e-06
7.994530999999999233e-06
8.016882999999999591e-06
8.042959999999999647e-06
8.065312000000000005e-06
8.087662999999999276e-06
8.113739999999999332e-06
8.136091999999999690e-06
8.162168999999999745e-06
8.188245999999999800e-06
8.210598000000000158e-06
8.236675000000000214e-06
8.262752000000000269e-06
8.288829000000000325e-06
8.311181000000000683e-06
8.337258000000000738e-06
8.359609999999999402e-06
8.385686999999999457e-06
8.411763999999999513e-06
8.434115000000000478e-06
8.460192000000000534e-06
8.486269999999999981e-06
8.516071999999999734e-06
8.542148999999999790e-06
8.568225999999999845e-06
8.594302999999999901e-06
8.624104999999999654e-06
8.653908000000000493e-06
8.679985000000000548e-06
8.709787000000000301e-06
8.739589000000000054e-06
8.769391999999999200e-06
8.799194000000000647e-06
8.825271000000000702e-06
8.855073000000000455e-06
8.881150000000000510e-06
8.907227000000000566e-06
8.937029999999999711e-06
8.966831999999999464e-06
8.996633999999999217e-06
9.026437000000000056e-06
9.059963999999999507e-06
9.093492000000000044e-06
9.127018999999999494e-06
9.160547000000000031e-06
9.194075000000000568e-06
9.227602000000000018e-06
9.261130000000000555e-06
9.294657999999999398e-06
9.328185000000000543e-06
9.361712999999999385e-06
9.395240000000000530e-06
9.428767999999999373e-06
9.458570000000000820e-06
9.492097999999999663e-06
9.521899999999999415e-06
9.551703000000000255e-06
9.585229999999999705e-06
9.615031999999999458e-06
9.648559999999999995e-06
9.682088000000000532e-06
9.715614999999999982e-06
9.749143000000000519e-06
9.782670999999999362e-06
9.816198000000000507e-06
9.846000000000000260e-06
9.883253000000000494e-06
9.916780999999999337e-06
9.950308999999999874e-06
9.987561000000000716e-06
1.002109000000000064e-05
1.005461999999999997e-05
1.008814000000000028e-05
1.011795000000000026e-05
1.015147000000000057e-05
1.018499999999999989e-05
1.021852999999999922e-05
1.024833000000000018e-05
1.028185999999999951e-05
1.031539000000000052e-05
1.034891000000000084e-05
1.037872000000000081e-05
1.041223999999999943e-05
1.044204999999999941e-05
1.047556999999999972e-05
1.050537999999999970e-05
1.053890000000000001e-05
1.056870999999999999e-05
1.060223000000000030e-05
1.063575999999999962e-05
1.066929000000000064e-05
1.069908999999999991e-05
1.073261999999999923e-05
1.076242000000000020e-05
1.079594999999999952e-05
1.082948000000000054e-05
1.085927999999999981e-05
1.089281000000000083e-05
1.092261000000000010e-05
1.095613999999999943e-05
1.099338999999999979e-05
1.102692000000000080e-05
1.106416999999999947e-05
1.109770000000000049e-05
1.113494999999999916e-05
1.117219999999999952e-05
1.120573000000000054e-05
1.123925999999999986e-05
1.127651000000000022e-05
1.131003999999999954e-05
1.134728999999999991e-05
1.138454999999999928e-05
1.141806999999999959e-05
1.145533000000000066e-05
1.148884999999999928e-05
1.152611000000000034e-05
1.155590999999999961e-05
1.159315999999999998e-05
1.162668999999999930e-05
1.166393999999999966e-05
1.170120000000000073e-05
1.173844999999999939e-05
1.177198000000000041e-05
1.180923000000000077e-05
1.184276000000000010e-05
1.188001000000000046e-05
1.191726000000000082e-05
1.195450999999999949e-05
1.199177000000000055e-05
1.202901999999999922e-05
1.206255000000000024e-05
1.209607999999999956e-05
1.213332999999999992e-05
1.217431000000000033e-05
1.221156000000000070e-05
1.225253999999999941e-05
1.228978999999999978e-05
1.232704000000000014e-05
1.236802000000000055e-05
1.240899999999999927e-05
1.244624999999999963e-05
1.248723000000000004e-05
1.253192999999999980e-05
1.256918999999999917e-05
1.260643999999999953e-05
1.264741999999999994e-05
1.268840000000000035e-05
1.272565000000000072e-05
1.275918000000000004e-05
1.279643000000000040e-05
1.283368000000000077e-05
1.287094000000000013e-05
1.290819000000000050e-05
1.294543999999999917e-05
1.298268999999999953e-05
1.301622000000000055e-05
1.305347999999999991e-05
1.309073000000000028e-05
1.312798000000000064e-05
1.316895999999999936e-05
1.320249000000000037e-05
1.323974000000000074e-05
1.327698999999999941e-05
1.331796999999999982e-05
1.335522000000000018e-05
1.339247999999999955e-05
1.342972999999999991e-05
1.346698000000000028e-05
1.350796000000000069e-05
1.354520999999999936e-05
1.358247000000000042e-05
1.361599000000000073e-05
1.365325000000000010e-05
1.369050000000000047e-05
1.372402999999999979e-05
1.376128000000000015e-05
1.379480999999999947e-05
1.383205999999999984e-05
1.386558999999999916e-05
1.389912000000000017e-05
1.393264000000000049e-05
1.396616999999999981e-05
1.399970000000000083e-05
1.403323000000000015e-05
1.406675000000000046e-05
1.410027999999999979e-05
1.413753000000000015e-05
1.417478999999999952e-05
1.420832000000000053e-05
1.424556999999999920e-05
1.427910000000000022e-05
1.431635000000000058e-05
1.435359999999999925e-05
1.439084999999999961e-05
1.442811000000000068e-05
1.446535999999999935e-05
1.449889000000000036e-05
1.453241999999999968e-05
1.456967000000000005e-05
1.460692000000000041e-05
1.464417000000000077e-05
1.468143000000000014e-05
1.471868000000000051e-05
1.475592999999999917e-05
1.478946000000000019e-05
1.482671000000000055e-05
1.486023999999999987e-05
1.489749000000000024e-05
1.493101999999999956e-05
1.496826999999999992e-05
1.500552999999999929e-05
1.503906000000000031e-05
1.507258000000000062e-05
1.510610999999999995e-05
1.514336000000000031e-05
1.518061999999999968e-05
1.521787000000000004e-05
1.525512000000000040e-05
1.528870999999999884e-05
1.532595999999999920e-05
1.535949000000000022e-05
1.539674000000000058e-05
1.543027000000000160e-05
1.546751999999999857e-05
1.550476999999999894e-05
1.554203000000000000e-05
1.557928000000000036e-05
1.561281000000000138e-05
1.565005999999999835e-05
1.568730999999999872e-05
1.572456999999999978e-05
1.576553999999999949e-05
1.579907000000000051e-05
1.583633000000000157e-05
1.587730000000000128e-05
1.591828000000000169e-05
1.595925999999999871e-05
1.599278999999999973e-05
1.603377000000000014e-05
1.607846999999999990e-05
1.611572000000000026e-05
1.615670000000000067e-05
1.620140000000000043e-05
1.624238000000000084e-05
1.628336000000000125e-05
1.632806000000000101e-05
1.636904000000000142e-05
1.640628999999999840e-05
1.644726999999999881e-05
1.648452999999999987e-05
1.652549999999999958e-05
1.655903000000000060e-05
1.659628000000000096e-05
1.663353999999999863e-05
1.667078999999999900e-05
1.670803999999999936e-05
1.674157000000000038e-05
1.677882000000000074e-05
1.681234999999999837e-05
1.684959999999999873e-05
1.688685999999999979e-05
1.692411000000000016e-05
1.696136000000000052e-05
1.700234000000000093e-05
1.703586999999999856e-05
1.707684999999999897e-05
1.711782999999999938e-05
1.715879999999999909e-05
1.719606000000000015e-05
1.723702999999999986e-05
1.727801000000000028e-05
1.731899000000000069e-05
1.735251999999999831e-05
1.739349999999999872e-05
1.743074999999999909e-05
1.746799999999999945e-05
1.750153000000000047e-05
1.753506000000000148e-05
1.756485999999999906e-05
1.759466000000000003e-05
1.762074000000000165e-05
1.764681999999999988e-05
1.767662000000000085e-05
1.770269999999999908e-05
1.773250000000000005e-05
1.776230000000000102e-05
1.779209999999999860e-05
1.782191000000000027e-05
1.785171000000000124e-05
1.788523999999999886e-05
1.791875999999999918e-05
1.795229000000000020e-05
1.798582000000000121e-05
1.801934999999999884e-05
1.805659999999999920e-05
1.809384999999999957e-05
1.813482999999999998e-05
1.817208000000000034e-05
1.820934000000000140e-05
1.825031000000000111e-05
1.829129000000000152e-05
1.833226999999999855e-05
1.837324999999999896e-05
1.841794999999999872e-05
1.845892999999999913e-05
1.849990999999999954e-05
1.854460999999999930e-05
1.858558999999999971e-05
1.863028999999999946e-05
1.867871999999999927e-05
1.871969999999999968e-05
1.876812999999999949e-05
1.881282999999999924e-05
1.886125999999999905e-05
1.890968999999999886e-05
1.895811999999999866e-05
1.900654999999999847e-05
1.905870000000000101e-05
1.910713000000000081e-05
1.915556000000000062e-05
1.920770999999999977e-05
1.925613999999999958e-05
1.930829999999999943e-05
1.935671999999999854e-05
1.940514999999999834e-05
1.945358000000000154e-05
1.950201000000000134e-05
1.955044000000000115e-05
1.959887000000000096e-05
1.964730000000000076e-05
1.969573000000000057e-05
1.974414999999999967e-05
1.979257999999999948e-05
1.984473999999999933e-05
1.988943999999999909e-05
1.993786999999999890e-05
1.998629999999999870e-05
2.003472999999999851e-05
2.008315999999999831e-05
2.013531000000000085e-05
2.018001000000000061e-05
2.023217000000000047e-05
2.028060000000000027e-05
2.032903000000000008e-05
2.038117999999999923e-05
2.042960999999999904e-05
2.048176000000000158e-05
2.053019000000000138e-05
2.058235000000000124e-05
2.063450000000000039e-05
2.068664999999999954e-05
2.073880999999999940e-05
2.078723999999999920e-05
2.083566999999999901e-05
2.089154000000000090e-05
2.093997000000000070e-05
2.099213000000000055e-05
2.104427999999999971e-05
2.109270999999999951e-05
2.114858999999999871e-05
2.120074000000000126e-05
2.125290000000000111e-05
2.130878000000000031e-05
2.136092999999999946e-05
2.140935999999999927e-05
2.146523999999999847e-05
2.151739000000000101e-05
2.156582000000000082e-05
2.162170000000000002e-05
2.167385999999999987e-05
2.172227999999999898e-05
2.177816000000000157e-05
2.182659000000000137e-05
2.187875000000000122e-05
2.193090000000000038e-05
2.197933000000000018e-05
2.203147999999999934e-05
2.207990999999999914e-05
2.213206999999999900e-05
2.218049000000000149e-05
2.222892000000000130e-05
2.228108000000000115e-05
2.232578000000000091e-05
2.237794000000000076e-05
2.242264000000000052e-05
2.247478999999999967e-05
2.251950000000000013e-05
2.256792999999999993e-05
2.261634999999999904e-05
2.266850999999999889e-05
2.271320999999999865e-05
2.276536999999999851e-05
2.281007000000000165e-05
2.286222000000000081e-05
2.291065000000000061e-05
2.295908000000000042e-05
2.300751000000000022e-05
2.305965999999999938e-05
2.311181999999999923e-05
2.316024999999999903e-05
2.321240000000000158e-05
2.326455000000000073e-05
2.331671000000000058e-05
2.336885999999999974e-05
2.342101999999999959e-05
2.347316999999999874e-05
2.352532000000000128e-05
2.357748000000000114e-05
2.362963000000000029e-05
2.368550999999999949e-05
2.373393999999999930e-05
2.378981999999999850e-05
2.384570000000000109e-05
2.389785000000000024e-05
2.395001000000000009e-05
2.400588999999999929e-05
2.406549000000000123e-05
2.411765000000000108e-05
2.417353000000000028e-05
2.422567999999999944e-05
2.428528000000000137e-05
2.433744000000000123e-05
2.438959000000000038e-05
2.444546999999999958e-05
2.449762999999999943e-05
2.454977999999999859e-05
2.460566000000000118e-05
2.465781000000000033e-05
2.470624000000000013e-05
2.476211999999999934e-05
2.481427999999999919e-05
2.486642999999999834e-05
2.492231000000000093e-05
2.497446000000000008e-05
2.502661999999999994e-05
2.507876999999999909e-05
2.513465000000000168e-05
2.518308000000000148e-05
2.523896000000000069e-05
2.529110999999999984e-05
2.534698999999999904e-05
2.539914999999999889e-05
2.545503000000000148e-05
2.551089999999999998e-05
2.556305999999999984e-05
2.561893999999999904e-05
2.567109000000000158e-05
2.572325000000000143e-05
2.577540000000000058e-05
2.583499999999999913e-05
2.588715999999999899e-05
2.593931000000000153e-05
2.599892000000000078e-05
2.605106999999999993e-05
2.610694999999999913e-05
2.616282999999999833e-05
2.621871000000000092e-05
2.627830999999999947e-05
2.633418999999999867e-05
2.639007000000000126e-05
2.644595000000000046e-05
2.650555999999999971e-05
2.656143999999999891e-05
2.661732000000000150e-05
2.667319000000000000e-05
2.672906999999999920e-05
2.678867999999999845e-05
2.684828000000000038e-05
2.690415999999999958e-05
2.696003999999999878e-05
2.701965000000000142e-05
2.707924999999999997e-05
2.713885999999999922e-05
2.719846000000000115e-05
2.725807000000000040e-05
2.731766999999999895e-05
2.737355000000000154e-05
2.743315000000000009e-05
2.749275999999999933e-05
2.755236000000000127e-05
2.761197000000000052e-05
2.767529999999999911e-05
2.773490000000000105e-05
2.779078000000000025e-05
2.785038999999999950e-05
2.790626999999999870e-05
2.796587000000000064e-05
2.802547999999999988e-05
2.808134999999999839e-05
2.814096000000000102e-05
2.820055999999999957e-05
2.826016999999999882e-05
2.831977000000000076e-05
2.837938000000000000e-05
2.843897999999999855e-05
2.849859000000000119e-05
2.856191999999999978e-05
2.862151999999999833e-05
2.868485000000000032e-05
2.874445999999999956e-05
2.880406000000000150e-05
2.886367000000000075e-05
2.892699999999999934e-05
2.898660000000000128e-05
2.904619999999999983e-05
2.910952999999999843e-05
2.916914000000000106e-05
2.923246999999999966e-05
2.929207000000000159e-05
2.935540000000000019e-05
2.941872999999999879e-05
2.948206000000000077e-05
2.954538999999999936e-05
2.960872000000000135e-05
2.967204999999999994e-05
2.973537999999999854e-05
2.979871000000000052e-05
2.986203999999999912e-05
2.992537000000000110e-05
2.998869999999999970e-05
3.005203000000000168e-05
3.011536000000000028e-05
3.018241999999999892e-05
3.024947000000000025e-05
3.032025000000000163e-05
3.038731000000000028e-05
3.045809000000000165e-05
3.052526000000000122e-05
3.058858999999999981e-05
3.065565000000000184e-05
3.072270000000000317e-05
3.078975999999999843e-05
3.085308999999999703e-05
3.091642000000000240e-05
3.098346999999999695e-05
3.105052999999999898e-05
3.111385999999999758e-05
3.118090999999999891e-05
3.124423999999999751e-05
3.131129999999999954e-05
3.137462999999999813e-05
3.143795999999999673e-05
3.150129000000000210e-05
3.156462000000000070e-05
3.162794999999999929e-05
3.169127999999999789e-05
3.175461000000000326e-05
3.181794000000000186e-05
3.187753999999999702e-05
3.194087000000000239e-05
3.200420000000000099e-05
3.206752999999999958e-05
3.213085999999999818e-05
3.219418999999999677e-05
3.225752000000000214e-05
3.231712999999999800e-05
3.238046000000000338e-05
3.244750999999999793e-05
3.251084000000000330e-05
3.257417000000000190e-05
3.263377999999999776e-05
3.269711000000000313e-05
3.275670999999999829e-05
3.281632000000000093e-05
3.287218999999999943e-05
3.292806999999999863e-05
3.297649999999999844e-05
3.302866000000000168e-05
3.306963000000000139e-05
3.311433999999999846e-05
3.315159000000000221e-05
3.318512000000000322e-05
3.321864999999999746e-05
3.324471999999999838e-05
3.327080000000000001e-05
3.329314999999999819e-05
3.331550000000000315e-05
3.333412999999999860e-05
3.335276000000000083e-05
3.336765999999999962e-05
3.337883000000000175e-05
3.339000999999999780e-05
3.340119000000000063e-05
3.340864000000000003e-05
3.341608999999999942e-05
3.342353999999999882e-05
3.342726000000000155e-05
3.343098999999999821e-05
3.343471000000000095e-05
3.343843999999999761e-05
3.343843999999999761e-05
3.344216000000000034e-05
3.344588999999999700e-05
3.344960999999999974e-05
3.344960999999999974e-05
