4.284101999999999937e-07
4.433114000000000133e-07
4.544871999999999962e-07
4.582124999999999878e-07
4.582124999999999878e-07
4.582124999999999878e-07
4.544871999999999962e-07
4.507619000000000045e-07
4.433114000000000133e-07
4.395861000000000216e-07
4.321354999999999853e-07
4.246849000000000020e-07
4.135089999999999740e-07
4.060584999999999828e-07
3.911573000000000161e-07
3.799813999999999882e-07
3.799813999999999882e-07
3.762560999999999965e-07
3.762560999999999965e-07
3.799813999999999882e-07
3.837066999999999799e-07
3.986078999999999995e-07
4.097837999999999745e-07
4.209596000000000103e-07
4.395861000000000216e-07
4.544871999999999962e-07
4.731137000000000075e-07
4.880167000000000450e-07
5.066431000000000112e-07
5.215442999999999779e-07
5.327202000000000059e-07
5.476213000000000334e-07
5.587971999999999554e-07
5.699730999999999834e-07
5.848742000000000109e-07
5.960501000000000388e-07
6.072259999999999609e-07
6.221270999999999884e-07
6.333030000000000164e-07
6.482041000000000438e-07
6.631053000000000105e-07
6.817318000000000218e-07
6.966329000000000493e-07
7.115341000000000160e-07
7.264352000000000435e-07
7.338858000000000268e-07
7.450616999999999489e-07
7.525123000000000381e-07
7.599629000000000215e-07
7.636881000000000210e-07
7.748640000000000489e-07
7.860398999999999710e-07
7.934904999999999544e-07
8.046663000000000431e-07
8.158421999999999652e-07
8.232927999999999485e-07
8.381940000000000211e-07
8.530951000000000486e-07
8.642709999999999707e-07
8.866226999999999815e-07
9.015238999999999482e-07
9.201503000000000203e-07
9.387768000000000316e-07
9.499526999999999537e-07
9.648575000000000621e-07
9.797586000000000896e-07
9.872091999999999670e-07
9.983850999999999950e-07
1.009561000000000023e-06
1.017012000000000081e-06
1.024461999999999899e-06
1.035638000000000078e-06
1.039362999999999988e-06
1.043088999999999925e-06
1.046814000000000046e-06
1.050538999999999955e-06
1.061714999999999922e-06
1.072891000000000101e-06
1.084067000000000068e-06
1.098967999999999945e-06
1.110143999999999912e-06
1.128769999999999909e-06
1.143670999999999998e-06
1.166022999999999932e-06
1.180924000000000020e-06
1.203275999999999955e-06
1.218177000000000043e-06
1.233077999999999919e-06
1.240528999999999977e-06
1.251704999999999944e-06
1.259154999999999975e-06
1.266606000000000033e-06
1.266606000000000033e-06
1.266606000000000033e-06
1.270330999999999942e-06
1.274057000000000091e-06
1.281506999999999909e-06
1.288957999999999967e-06
1.296407999999999997e-06
1.307583999999999965e-06
1.322485000000000053e-06
1.333661000000000020e-06
1.352288000000000045e-06
1.367188999999999922e-06
1.385814999999999919e-06
1.404441999999999944e-06
1.423067999999999942e-06
1.437969000000000030e-06
1.456596000000000055e-06
1.478947999999999990e-06
1.501298999999999896e-06
1.523651000000000042e-06
1.549728000000000098e-06
1.572080000000000032e-06
1.590706000000000030e-06
1.613057999999999964e-06
1.627959000000000052e-06
1.646586000000000078e-06
1.665212000000000075e-06
1.680112999999999952e-06
1.702465000000000098e-06
1.721091000000000095e-06
1.739717999999999909e-06
1.762070000000000055e-06
1.784420999999999961e-06
1.806772999999999896e-06
1.836575000000000072e-06
1.858927000000000007e-06
1.888728999999999971e-06
1.914813999999999824e-06
1.944616000000000001e-06
1.970693000000000056e-06
1.996770000000000112e-06
2.026571999999999864e-06
2.056374999999999857e-06
2.086177000000000033e-06
2.115979000000000210e-06
2.149506999999999900e-06
2.183035000000000013e-06
2.216561999999999887e-06
2.253815000000000121e-06
2.291067999999999932e-06
2.332045999999999864e-06
2.373023999999999796e-06
2.417728000000000088e-06
2.462431000000000141e-06
2.499683999999999952e-06
2.544387999999999821e-06
2.589090999999999874e-06
2.626344000000000108e-06
2.671047999999999977e-06
2.712025999999999909e-06
2.753003999999999841e-06
2.790257000000000075e-06
2.827509999999999886e-06
2.864763000000000120e-06
2.898289999999999994e-06
2.935542999999999805e-06
2.972796000000000040e-06
3.006324000000000153e-06
3.039851000000000027e-06
3.069654000000000019e-06
3.103180999999999893e-06
3.140434000000000128e-06
3.177686999999999939e-06
3.214940000000000173e-06
3.255918000000000105e-06
3.293170999999999916e-06
3.334148999999999848e-06
3.375128000000000019e-06
3.416105999999999951e-06
3.453359000000000185e-06
3.494337000000000117e-06
3.535315000000000049e-06
3.572567999999999860e-06
3.609821000000000094e-06
3.643347999999999968e-06
3.676876000000000082e-06
3.710404000000000195e-06
3.747657000000000006e-06
3.784909000000000001e-06
3.822177000000000014e-06
3.863154999999999946e-06
3.900408000000000180e-06
3.941386000000000112e-06
3.982364000000000044e-06
4.019617000000000278e-06
4.053144999999999968e-06
4.090398000000000203e-06
4.123924999999999653e-06
4.161177999999999888e-06
4.194705999999999577e-06
4.231958999999999812e-06
4.272936999999999744e-06
4.306465000000000281e-06
4.343717999999999668e-06
4.380969999999999663e-06
4.418222999999999897e-06
4.455476000000000132e-06
4.496454000000000064e-06
4.529981999999999753e-06
4.563510000000000290e-06
4.600762999999999678e-06
4.638015999999999912e-06
4.671543000000000210e-06
4.708795999999999597e-06
4.746048999999999831e-06
4.779577000000000368e-06
4.816829000000000363e-06
4.854081999999999751e-06
4.891334999999999985e-06
4.928588000000000219e-06
4.965840999999999607e-06
5.003093999999999841e-06
5.040347000000000075e-06
5.077600000000000310e-06
5.114852999999999697e-06
5.152105999999999932e-06
5.185633000000000229e-06
5.222885999999999616e-06
5.256414000000000153e-06
5.286215999999999906e-06
5.323469000000000141e-06
5.360722000000000375e-06
5.394248999999999825e-06
5.435227999999999997e-06
5.472481000000000231e-06
5.509733000000000226e-06
5.546985999999999613e-06
5.591690000000000329e-06
5.632668000000000261e-06
5.669920999999999649e-06
5.710898999999999580e-06
5.751877000000000359e-06
5.785405000000000049e-06
5.822658000000000284e-06
5.856184999999999734e-06
5.885987999999999726e-06
5.919515000000000024e-06
5.949318000000000016e-06
5.982845000000000314e-06
6.016373000000000004e-06
6.046174999999999756e-06
6.079703000000000293e-06
6.109505000000000046e-06
6.143032999999999736e-06
6.172835000000000336e-06
6.202637000000000089e-06
6.236164999999999779e-06
6.265967000000000379e-06
6.299495000000000069e-06
6.333022999999999759e-06
6.362825000000000359e-06
6.396353000000000048e-06
6.433605000000000043e-06
6.470858000000000278e-06
6.508110999999999665e-06
6.545363999999999900e-06
6.582617000000000134e-06
6.616144999999999824e-06
6.657122999999999756e-06
6.694375999999999990e-06
6.731629000000000224e-06
6.768881999999999612e-06
6.806133999999999607e-06
6.847112999999999778e-06
6.884366000000000012e-06
6.925343999999999944e-06
6.962597000000000179e-06
6.996123999999999629e-06
7.037102000000000408e-06
7.074354999999999795e-06
7.111608000000000030e-06
7.145135999999999720e-06
7.178664000000000257e-06
7.208466000000000010e-06
7.234543000000000065e-06
7.264344999999999818e-06
7.286697000000000176e-06
7.312774000000000231e-06
7.342575999999999984e-06
7.368653000000000040e-06
7.394730000000000095e-06
7.420807000000000150e-06
7.446884000000000206e-06
7.472961000000000261e-06
7.499038000000000317e-06
7.525115999999999765e-06
7.551192999999999820e-06
7.580995000000000420e-06
7.607071999999999628e-06
7.633177999999999849e-06
7.662979999999999602e-06
7.692783000000000441e-06
7.718860000000000497e-06
7.744937000000000552e-06
7.771014000000000608e-06
7.800816000000000361e-06
7.826893000000000416e-06
7.852970000000000471e-06
7.882772000000000224e-06
7.908849999999999672e-06
7.934926999999999728e-06
7.957278000000000693e-06
7.983355000000000749e-06
8.009432000000000804e-06
8.039234999999999949e-06
8.065312000000000005e-06
8.087662999999999276e-06
8.113739999999999332e-06
8.139818000000000473e-06
8.169620000000000226e-06
8.191972000000000584e-06
8.218049000000000640e-06
8.244126000000000695e-06
8.262752000000000269e-06
8.292554000000000022e-06
8.311181000000000683e-06
8.333532999999999346e-06
8.355884000000000312e-06
8.378236000000000670e-06
8.400587999999999334e-06
8.422939999999999692e-06
8.445291000000000657e-06
8.467642999999999321e-06
8.486269999999999981e-06
8.516071999999999734e-06
8.538424000000000092e-06
8.564501000000000148e-06
8.586851999999999419e-06
8.612928999999999475e-06
8.635280999999999833e-06
8.657633000000000191e-06
8.679985000000000548e-06
8.702335999999999820e-06
8.724688000000000178e-06
8.743315000000000838e-06
8.761941000000000412e-06
8.780566999999999986e-06
8.799194000000000647e-06
8.817820000000000221e-06
8.832721999999999489e-06
8.855073000000000455e-06
8.873699999999999421e-06
8.896051000000000387e-06
8.914677999999999353e-06
8.933304000000000621e-06
8.959381000000000677e-06
8.978007999999999643e-06
9.000360000000000001e-06
9.022710999999999272e-06
9.045062999999999630e-06
9.063690000000000291e-06
9.086040999999999562e-06
9.112117999999999618e-06
9.130745000000000278e-06
9.149370999999999852e-06
9.171723000000000210e-06
9.190348999999999784e-06
9.212701000000000142e-06
9.231328000000000802e-06
9.249954000000000376e-06
9.268579999999999950e-06
9.287207000000000611e-06
9.309558999999999275e-06
9.331910000000000240e-06
9.350536999999999206e-06
9.376613999999999262e-06
9.402690999999999317e-06
9.428767999999999373e-06
9.454844999999999428e-06
9.477196999999999786e-06
9.499548000000000752e-06
9.529350999999999897e-06
9.551703000000000255e-06
9.574053999999999526e-06
9.592681000000000187e-06
9.618758000000000242e-06
9.641110000000000600e-06
9.667187000000000656e-06
9.689537999999999927e-06
9.711890000000000285e-06
9.730515999999999859e-06
9.752868000000000217e-06
9.778945000000000272e-06
9.797571999999999239e-06
9.816198000000000507e-06
9.846000000000000260e-06
9.875802999999999405e-06
9.909330000000000549e-06
9.950308999999999874e-06
9.987561000000000716e-06
1.002109000000000064e-05
1.004717000000000057e-05
1.006952000000000045e-05
1.008441999999999924e-05
1.009187000000000033e-05
1.009931999999999972e-05
1.009931999999999972e-05
1.009558999999999968e-05
1.008814000000000028e-05
1.008068999999999919e-05
1.006952000000000045e-05
1.006206999999999936e-05
1.005461999999999997e-05
1.005088999999999992e-05
1.005088999999999992e-05
1.006206999999999936e-05
1.008068999999999919e-05
1.011795000000000026e-05
1.016265000000000001e-05
1.022598000000000030e-05
1.029304000000000064e-05
1.036382000000000033e-05
1.043086999999999996e-05
1.049047999999999921e-05
1.054263000000000006e-05
1.059105999999999987e-05
1.063948999999999967e-05
1.068047000000000008e-05
1.073261999999999923e-05
1.078477000000000008e-05
1.084064999999999928e-05
1.089653000000000018e-05
1.094869000000000003e-05
1.099338999999999979e-05
1.103064000000000015e-05
1.106416999999999947e-05
1.109397000000000044e-05
1.112749999999999976e-05
1.116848000000000017e-05
1.120946000000000059e-05
1.125416000000000034e-05
1.129886000000000010e-05
1.133611999999999947e-05
1.137336999999999983e-05
1.140317000000000080e-05
1.143297000000000008e-05
1.146649999999999940e-05
1.150003000000000041e-05
1.153355999999999974e-05
1.156336000000000070e-05
1.159315999999999998e-05
1.161923999999999990e-05
1.164903999999999918e-05
1.167884000000000015e-05
1.171609999999999952e-05
1.175334999999999988e-05
1.179433000000000029e-05
1.183158000000000065e-05
1.186510999999999997e-05
1.189863999999999930e-05
1.192844000000000026e-05
1.195823999999999954e-05
1.198431999999999946e-05
1.201039000000000039e-05
1.203647000000000031e-05
1.206999999999999963e-05
1.209980000000000060e-05
1.212959999999999988e-05
1.216312999999999920e-05
1.220037999999999956e-05
1.223391000000000058e-05
1.227115999999999925e-05
1.230842000000000031e-05
1.234194000000000062e-05
1.237546999999999995e-05
1.240899999999999927e-05
1.243880000000000024e-05
1.246859999999999951e-05
1.249840999999999948e-05
1.252448000000000041e-05
1.255056000000000033e-05
1.257664000000000026e-05
1.260272000000000018e-05
1.262878999999999941e-05
1.265486999999999934e-05
1.268094999999999926e-05
1.271075000000000023e-05
1.274054999999999951e-05
1.277035000000000048e-05
1.279643000000000040e-05
1.282622999999999968e-05
1.285603999999999965e-05
1.288584000000000062e-05
1.291563999999999989e-05
1.294543999999999917e-05
1.297152000000000079e-05
1.300132000000000006e-05
1.303111999999999934e-05
1.306092999999999931e-05
1.308700000000000023e-05
1.311681000000000020e-05
1.314660999999999948e-05
1.317641000000000045e-05
1.320249000000000037e-05
1.323228999999999965e-05
1.325836999999999957e-05
1.328071999999999945e-05
1.330679999999999938e-05
1.332914999999999926e-05
1.335895000000000023e-05
1.338130000000000011e-05
1.341109999999999938e-05
1.343345999999999996e-05
1.345952999999999919e-05
1.348933000000000015e-05
1.351169000000000073e-05
1.353775999999999996e-05
1.356383999999999989e-05
1.358618999999999977e-05
1.361599000000000073e-05
1.363834999999999962e-05
1.366069999999999950e-05
1.368677000000000042e-05
1.370912999999999930e-05
1.373893000000000027e-05
1.376501000000000020e-05
1.379107999999999943e-05
1.381715999999999935e-05
1.384323999999999928e-05
1.386931000000000020e-05
1.389539000000000013e-05
1.392518999999999940e-05
1.394754999999999998e-05
1.397361999999999921e-05
1.399597000000000078e-05
1.402205000000000071e-05
1.404813000000000063e-05
1.407048000000000051e-05
1.409283000000000039e-05
1.412262999999999966e-05
1.414499000000000024e-05
1.417105999999999947e-05
1.419340999999999935e-05
1.421576999999999993e-05
1.424183999999999916e-05
1.426419000000000073e-05
1.428654999999999961e-05
1.431262000000000053e-05
1.433497999999999942e-05
1.435732999999999930e-05
1.437967999999999918e-05
1.440576000000000080e-05
1.442811000000000068e-05
1.444673000000000051e-05
1.447281000000000044e-05
1.449516000000000031e-05
1.452124000000000024e-05
1.454359000000000012e-05
1.456594000000000000e-05
1.459574999999999997e-05
1.462181999999999920e-05
1.464417000000000077e-05
1.467025000000000070e-05
1.469260000000000058e-05
1.471868000000000051e-05
1.474476000000000043e-05
1.476711000000000031e-05
1.478946000000000019e-05
1.481925999999999946e-05
1.484160999999999934e-05
1.486396999999999992e-05
1.488631999999999980e-05
1.491239999999999973e-05
1.493847000000000065e-05
1.496082000000000053e-05
1.498317999999999941e-05
1.500925000000000033e-05
1.503160000000000021e-05
1.505396000000000079e-05
1.508003000000000002e-05
1.510610999999999995e-05
1.513218999999999987e-05
1.515826000000000079e-05
1.518434000000000072e-05
1.521042000000000065e-05
1.523277000000000052e-05
1.526263000000000061e-05
1.528497999999999879e-05
1.531106000000000041e-05
1.533340999999999860e-05
1.535576000000000017e-05
1.538183999999999840e-05
1.540418999999999998e-05
1.542281999999999882e-05
1.544517000000000039e-05
1.546751999999999857e-05
1.548615000000000080e-05
1.550849999999999898e-05
1.552713000000000121e-05
1.554574999999999935e-05
1.557183000000000097e-05
1.559045999999999981e-05
1.560908000000000133e-05
1.563515999999999956e-05
1.565751000000000114e-05
1.567613999999999997e-05
1.570222000000000160e-05
1.572456999999999978e-05
1.574692000000000135e-05
1.576926999999999954e-05
1.579535000000000116e-05
1.581769999999999934e-05
1.584378000000000096e-05
1.586612999999999915e-05
1.589220000000000007e-05
1.591455999999999896e-05
1.593691000000000053e-05
1.595925999999999871e-05
1.598534000000000033e-05
1.601141000000000126e-05
1.603377000000000014e-05
1.605611999999999833e-05
1.608591999999999929e-05
1.610827000000000087e-05
1.613434999999999910e-05
1.615670000000000067e-05
1.617904999999999886e-05
1.620884999999999983e-05
1.623120999999999871e-05
1.625356000000000028e-05
1.627963999999999852e-05
1.630570999999999944e-05
1.632806000000000101e-05
1.635041999999999990e-05
1.637277000000000147e-05
1.639511999999999965e-05
1.641747000000000123e-05
1.643981999999999941e-05
1.646217000000000099e-05
1.648079999999999982e-05
1.650315000000000140e-05
1.652922999999999963e-05
1.655158000000000120e-05
1.657392999999999939e-05
1.659628000000000096e-05
1.662235999999999919e-05
1.664471000000000077e-05
1.666706999999999965e-05
1.669314000000000057e-05
1.671921999999999880e-05
1.674157000000000038e-05
1.676391999999999856e-05
1.678627000000000014e-05
1.681234999999999837e-05
1.683469999999999994e-05
1.685705999999999883e-05
1.687941000000000040e-05
1.690548000000000132e-05
1.692784000000000020e-05
1.695018999999999839e-05
1.697253999999999996e-05
1.699862000000000158e-05
1.702096999999999977e-05
1.703959000000000129e-05
1.706566999999999953e-05
1.708802000000000110e-05
1.711409999999999933e-05
1.713645000000000091e-05
1.716252999999999914e-05
1.718488000000000071e-05
1.720722999999999890e-05
1.722958000000000047e-05
1.725565999999999870e-05
1.728174000000000032e-05
1.730408999999999851e-05
1.732644000000000008e-05
1.735251999999999831e-05
1.737859999999999993e-05
1.740467000000000086e-05
1.743074999999999909e-05
1.745310000000000066e-05
1.747917999999999889e-05
1.750526000000000051e-05
1.753133000000000143e-05
1.755367999999999962e-05
1.757603999999999850e-05
1.760583999999999947e-05
1.762446000000000100e-05
1.764681999999999988e-05
1.766917000000000146e-05
1.769524999999999969e-05
1.771760000000000126e-05
1.773621999999999940e-05
1.776230000000000102e-05
1.778464999999999921e-05
1.780328000000000143e-05
1.782562999999999962e-05
1.784425999999999845e-05
1.786661000000000003e-05
1.788896000000000160e-05
1.791503999999999983e-05
1.793739000000000141e-05
1.795973999999999959e-05
1.798582000000000121e-05
1.801189999999999944e-05
1.803425000000000102e-05
1.805659999999999920e-05
1.807895000000000078e-05
1.810129999999999896e-05
1.811993000000000119e-05
1.813854999999999932e-05
1.815718000000000155e-05
1.817581000000000039e-05
1.819070999999999918e-05
1.820561000000000136e-05
1.822051000000000015e-05
1.823913999999999898e-05
1.825404000000000116e-05
1.827267000000000000e-05
1.829129000000000152e-05
1.830619000000000031e-05
1.832853999999999850e-05
1.834717000000000073e-05
1.836579999999999956e-05
1.839187000000000048e-05
1.841422999999999937e-05
1.844030000000000029e-05
1.846637999999999852e-05
1.849617999999999949e-05
1.852599000000000116e-05
1.855578999999999874e-05
1.858558999999999971e-05
1.861912000000000072e-05
1.864892000000000169e-05
1.867871999999999927e-05
1.870480000000000089e-05
1.873087999999999912e-05
1.875323000000000070e-05
1.877557999999999888e-05
1.880166000000000050e-05
1.882400999999999869e-05
1.884636000000000026e-05
1.886870999999999845e-05
1.888734000000000067e-05
1.890968999999999886e-05
1.893577000000000048e-05
1.895811999999999866e-05
1.898047000000000024e-05
1.900654999999999847e-05
1.903261999999999939e-05
1.906243000000000106e-05
1.909222999999999864e-05
1.911831000000000026e-05
1.914811000000000123e-05
1.917790999999999881e-05
1.920399000000000043e-05
1.923006000000000135e-05
1.925242000000000023e-05
1.927849000000000115e-05
1.929711999999999999e-05
1.931574999999999883e-05
1.933437000000000035e-05
1.934926999999999914e-05
1.936790000000000137e-05
1.938280000000000016e-05
1.939769999999999895e-05
1.941633000000000117e-05
1.943496000000000001e-05
1.945358000000000154e-05
1.947221000000000038e-05
1.949455999999999856e-05
1.951691000000000013e-05
1.953925999999999832e-05
1.956533999999999994e-05
1.959142000000000156e-05
1.961376999999999975e-05
1.963985000000000137e-05
1.966591999999999890e-05
1.969573000000000057e-05
1.972553000000000153e-05
1.975532999999999911e-05
1.978886000000000013e-05
1.981866000000000110e-05
1.984845999999999868e-05
1.987454000000000030e-05
1.990434000000000127e-05
1.993041999999999950e-05
1.995650000000000112e-05
1.998256999999999865e-05
2.001238000000000032e-05
2.003845000000000124e-05
2.006452999999999947e-05
2.009061000000000110e-05
2.011295999999999928e-05
2.013904000000000090e-05
2.016883999999999848e-05
2.019119000000000005e-05
2.021727000000000168e-05
2.023961999999999986e-05
2.026570000000000148e-05
2.028804999999999967e-05
2.031040000000000124e-05
2.033274999999999942e-05
2.035883000000000104e-05
2.038117999999999923e-05
2.040353000000000080e-05
2.042587999999999899e-05
2.045196000000000061e-05
2.047430999999999879e-05
2.050039000000000041e-05
2.052646999999999865e-05
2.055253999999999957e-05
2.058235000000000124e-05
2.060841999999999877e-05
2.063821999999999974e-05
2.066803000000000140e-05
2.070154999999999833e-05
2.073136000000000000e-05
2.076116000000000097e-05
2.079095999999999855e-05
2.082448999999999956e-05
2.085429000000000053e-05
2.088409000000000150e-05
2.091761999999999913e-05
2.095115000000000014e-05
2.098468000000000116e-05
2.101447999999999874e-05
2.104427999999999971e-05
2.107408000000000068e-05
2.110015999999999891e-05
2.112624000000000053e-05
2.115231000000000145e-05
2.118211999999999973e-05
2.121192000000000070e-05
2.123799999999999893e-05
2.126406999999999985e-05
2.128642999999999874e-05
2.130878000000000031e-05
2.133112999999999849e-05
2.134603000000000067e-05
2.136465999999999951e-05
2.137956000000000169e-05
2.139817999999999983e-05
2.140935999999999927e-05
2.143171000000000084e-05
2.144660999999999963e-05
2.146896000000000121e-05
2.149132000000000009e-05
2.151367000000000166e-05
2.153973999999999920e-05
2.156582000000000082e-05
2.159561999999999840e-05
2.162543000000000006e-05
2.165523000000000103e-05
2.168130999999999927e-05
2.170738000000000019e-05
2.172972999999999837e-05
2.175209000000000064e-05
2.177443999999999883e-05
2.179306000000000036e-05
2.181168999999999919e-05
2.183032000000000142e-05
2.184893999999999956e-05
2.186756999999999839e-05
2.188620000000000062e-05
2.191227000000000154e-05
2.193463000000000042e-05
2.195697999999999861e-05
2.198304999999999953e-05
2.201286000000000120e-05
2.203892999999999873e-05
2.206874000000000040e-05
2.209854000000000137e-05
2.212461999999999960e-05
2.215442000000000057e-05
2.218422000000000154e-05
2.221401999999999912e-05
2.224010000000000074e-05
2.226989999999999832e-05
2.229597999999999994e-05
2.232578000000000091e-05
2.235185999999999914e-05
2.237421000000000071e-05
2.240028999999999894e-05
2.242635999999999987e-05
2.245244000000000149e-05
2.248223999999999907e-05
2.250832000000000069e-05
2.253439999999999892e-05
2.256046999999999984e-05
2.258655000000000146e-05
2.261262999999999969e-05
2.263871000000000131e-05
2.266477999999999885e-05
2.268713000000000042e-05
2.270948999999999930e-05
2.273556000000000023e-05
2.275790999999999841e-05
2.278027000000000068e-05
2.280261999999999887e-05
2.283241999999999984e-05
2.285477000000000141e-05
2.288084999999999964e-05
2.290320000000000122e-05
2.292927999999999945e-05
2.295536000000000107e-05
2.297770999999999925e-05
2.300006000000000083e-05
2.302613999999999906e-05
2.305220999999999998e-05
2.307456000000000155e-05
2.309692000000000044e-05
2.312299000000000136e-05
2.314906999999999959e-05
2.317515000000000121e-05
2.319749999999999940e-05
2.322358000000000102e-05
2.324964999999999855e-05
2.327573000000000017e-05
2.330553000000000114e-05
2.333532999999999872e-05
2.336141000000000034e-05
2.339121000000000131e-05
2.341728999999999954e-05
2.344709000000000051e-05
2.347316999999999874e-05
2.349925000000000036e-05
2.352905000000000133e-05
2.355512999999999956e-05
2.358120000000000048e-05
2.360727999999999872e-05
2.363336000000000034e-05
2.365943999999999857e-05
2.368550999999999949e-05
2.371531000000000046e-05
2.374138999999999869e-05
2.376374000000000026e-05
2.378981999999999850e-05
2.381590000000000012e-05
2.384570000000000109e-05
2.386804999999999927e-05
2.389413000000000089e-05
2.392020999999999912e-05
2.394628000000000004e-05
2.397236000000000167e-05
2.399843999999999990e-05
2.402079000000000147e-05
2.404313999999999966e-05
2.406922000000000128e-05
2.409156999999999946e-05
2.411392000000000104e-05
2.413254999999999987e-05
2.415490000000000145e-05
2.417353000000000028e-05
2.419214999999999842e-05
2.421078000000000065e-05
2.422567999999999944e-05
2.424431000000000166e-05
2.426292999999999980e-05
2.428528000000000137e-05
2.430391000000000021e-05
2.432625999999999840e-05
2.435234000000000002e-05
2.437096999999999885e-05
2.439703999999999977e-05
2.441939000000000135e-05
2.444546999999999958e-05
2.446782000000000115e-05
2.449016999999999934e-05
2.450880000000000156e-05
2.453114999999999975e-05
2.455350000000000132e-05
2.457213000000000016e-05
2.459820999999999839e-05
2.462055999999999997e-05
2.463918999999999880e-05
2.466525999999999972e-05
2.468388999999999856e-05
2.470252000000000079e-05
2.472486999999999897e-05
2.474722000000000055e-05
2.476584999999999938e-05
2.478820000000000096e-05
2.481054999999999914e-05
2.482918000000000137e-05
2.485152999999999955e-05
2.487015000000000108e-05
2.488877999999999991e-05
2.491113000000000149e-05
2.492603000000000028e-05
2.494838999999999916e-05
2.497074000000000074e-05
2.499308999999999892e-05
2.501544000000000049e-05
2.504151999999999873e-05
2.506758999999999965e-05
2.508994999999999853e-05
2.511230000000000011e-05
2.513837999999999834e-05
2.516072999999999991e-05
2.518680000000000083e-05
2.520915999999999972e-05
2.523896000000000069e-05
2.526503999999999892e-05
2.528739000000000049e-05
2.531346000000000141e-05
2.533582000000000030e-05
2.536189000000000122e-05
2.538796999999999945e-05
2.541032000000000102e-05
2.543266999999999921e-05
2.545503000000000148e-05
2.547364999999999962e-05
2.549600000000000119e-05
2.551834999999999938e-05
2.553325999999999887e-05
2.555561000000000044e-05
2.557422999999999858e-05
2.558914000000000146e-05
2.560775999999999959e-05
2.562265999999999838e-05
2.563756000000000056e-05
2.565247000000000005e-05
2.567109000000000158e-05
2.568227000000000102e-05
2.570088999999999916e-05
2.571206999999999860e-05
2.573070000000000083e-05
2.574559999999999962e-05
2.576422000000000114e-05
2.577913000000000063e-05
2.579774999999999877e-05
2.581265000000000095e-05
2.583127999999999978e-05
2.584245999999999923e-05
2.586108000000000075e-05
2.587226000000000020e-05
2.589087999999999833e-05
2.590579000000000121e-05
2.592440999999999935e-05
2.594304000000000157e-05
2.596165999999999971e-05
2.598028999999999855e-05
2.599892000000000078e-05
2.601753999999999891e-05
2.603617000000000114e-05
2.605106999999999993e-05
2.606596999999999872e-05
2.608087000000000090e-05
2.609576999999999969e-05
2.611067999999999918e-05
2.612558000000000135e-05
2.614048000000000014e-05
2.615537999999999893e-05
2.617028000000000111e-05
2.618517999999999990e-05
2.619635999999999935e-05
2.621498000000000087e-05
2.622616000000000031e-05
2.624478999999999915e-05
2.626341000000000068e-05
2.628203999999999951e-05
2.630439000000000109e-05
2.632673999999999927e-05
2.634909000000000085e-05
2.637516999999999908e-05
2.640125000000000070e-05
2.642732999999999893e-05
2.645339999999999985e-05
2.647948000000000147e-05
2.650555999999999971e-05
2.652418000000000123e-05
2.654654000000000012e-05
2.656889000000000169e-05
2.658750999999999983e-05
2.660240999999999862e-05
2.661732000000000150e-05
2.663222000000000029e-05
2.664711999999999908e-05
2.665829000000000121e-05
2.666947000000000065e-05
2.668065000000000009e-05
2.669181999999999883e-05
2.669927000000000162e-05
2.671790000000000045e-05
2.673279999999999924e-05
2.675143000000000147e-05
2.677377999999999965e-05
2.679613000000000123e-05
2.682220999999999946e-05
2.685201000000000043e-05
2.688554000000000144e-05
2.691533999999999902e-05
2.694887000000000004e-05
2.697867000000000101e-05
2.701219999999999864e-05
2.704199999999999960e-05
2.706808000000000122e-05
2.709042999999999941e-05
2.711278000000000098e-05
2.713512999999999917e-05
2.715376000000000139e-05
2.716866000000000018e-05
2.718355999999999897e-05
2.720219000000000120e-05
2.721708999999999999e-05
2.723198999999999878e-05
2.725061000000000031e-05
2.727296999999999919e-05
2.729532000000000076e-05
2.732139999999999900e-05
2.734375000000000057e-05
2.737355000000000154e-05
2.739962999999999977e-05
2.742570000000000069e-05
2.745550999999999897e-05
2.748530999999999994e-05
2.751139000000000156e-05
2.753373999999999974e-05
2.755609000000000132e-05
2.757843999999999950e-05
2.759706999999999834e-05
2.761568999999999987e-05
2.763804999999999875e-05
2.765295000000000093e-05
2.767529999999999911e-05
2.769392000000000064e-05
2.771254999999999948e-05
2.773863000000000110e-05
2.775724999999999924e-05
2.778333000000000086e-05
2.780940999999999909e-05
2.783549000000000071e-05
2.786156000000000163e-05
2.789135999999999921e-05
2.791744000000000083e-05
2.794351999999999906e-05
2.796960000000000068e-05
2.799567000000000161e-05
2.802547999999999988e-05
2.805155000000000081e-05
2.808134999999999839e-05
2.810743000000000001e-05
2.813723000000000097e-05
2.816330999999999921e-05
2.818939000000000083e-05
2.821546999999999906e-05
2.824153999999999998e-05
2.826762000000000160e-05
2.829369999999999983e-05
2.832350000000000080e-05
2.834957999999999903e-05
2.837193000000000061e-05
2.839800000000000153e-05
2.842407999999999976e-05
2.844643000000000133e-05
2.847250999999999957e-05
2.849859000000000119e-05
2.852838999999999877e-05
2.855818999999999974e-05
2.858799000000000070e-05
2.861779999999999898e-05
2.864386999999999991e-05
2.867368000000000157e-05
2.870347999999999915e-05
2.873328000000000012e-05
2.875935999999999835e-05
2.879288999999999937e-05
2.882269000000000034e-05
2.885249000000000131e-05
2.888228999999999889e-05
2.891208999999999985e-05
2.893817000000000148e-05
2.896424999999999971e-05
2.899033000000000133e-05
2.902012999999999891e-05
2.904619999999999983e-05
2.907228000000000145e-05
2.910207999999999903e-05
2.913189000000000070e-05
2.916541000000000101e-05
2.919521999999999929e-05
2.922873999999999961e-05
2.925855000000000128e-05
2.928834999999999886e-05
2.932187999999999987e-05
2.935168000000000084e-05
2.938147999999999842e-05
2.941127999999999939e-05
2.943736000000000101e-05
2.946715999999999859e-05
2.949695999999999956e-05
2.953049000000000057e-05
2.956402000000000159e-05
2.960126999999999857e-05
2.963479999999999958e-05
2.966833000000000060e-05
2.969813000000000156e-05
2.973165999999999919e-05
2.976146000000000016e-05
2.979126000000000113e-05
2.982106999999999941e-05
2.985087000000000038e-05
2.988067000000000135e-05
2.991046999999999893e-05
2.994026999999999989e-05
2.997008000000000156e-05
2.999614999999999909e-05
3.002223000000000071e-05
3.005203000000000168e-05
3.007810999999999992e-05
3.010419000000000154e-05
3.012653999999999972e-05
3.015262000000000134e-05
3.017868999999999887e-05
3.020850000000000054e-05
3.023830000000000151e-05
3.026809999999999909e-05
3.030163000000000011e-05
3.033516000000000112e-05
3.036868000000000144e-05
3.040220999999999907e-05
3.043945999999999943e-05
3.047299000000000044e-05
3.051024000000000081e-05
3.054388999999999667e-05
3.057741999999999768e-05
3.060722000000000204e-05
3.064075000000000305e-05
3.067055000000000063e-05
3.070034999999999821e-05
3.073387999999999923e-05
3.076741000000000024e-05
3.079720999999999782e-05
3.082701000000000218e-05
3.085308999999999703e-05
3.087915999999999795e-05
3.090523999999999957e-05
3.093132000000000119e-05
3.094994000000000271e-05
3.097230000000000160e-05
3.099464999999999978e-05
3.101327000000000131e-05
3.103563000000000019e-05
3.105797999999999838e-05
3.107659999999999991e-05
3.109895999999999879e-05
3.112130999999999697e-05
3.114366000000000194e-05
3.116601000000000012e-05
3.119209000000000174e-05
3.122188999999999932e-05
3.125168999999999690e-05
3.128150000000000196e-05
3.131502000000000227e-05
3.134483000000000055e-05
3.137090000000000148e-05
3.140069999999999906e-05
3.142678000000000068e-05
3.145657999999999826e-05
3.148265999999999988e-05
3.151245999999999746e-05
3.154227000000000251e-05
3.157579000000000283e-05
3.160560000000000111e-05
3.163539999999999869e-05
3.166520000000000304e-05
3.169127999999999789e-05
3.171734999999999881e-05
3.174343000000000043e-05
3.176577999999999862e-05
3.179186000000000024e-05
3.181794000000000186e-05
3.184029000000000004e-05
3.186263999999999823e-05
3.188871999999999985e-05
3.191479000000000077e-05
3.193714999999999965e-05
3.195949999999999784e-05
3.198185000000000280e-05
3.200420000000000099e-05
3.202654999999999917e-05
3.204890999999999805e-05
3.207497999999999898e-05
3.210106000000000060e-05
3.212340999999999878e-05
3.214949000000000040e-05
3.217557000000000202e-05
3.220536999999999960e-05
3.223144000000000052e-05
3.225752000000000214e-05
3.228359999999999699e-05
3.230967999999999861e-05
3.233202999999999679e-05
3.236183000000000115e-05
3.238791000000000277e-05
3.241397999999999692e-05
3.244005999999999854e-05
3.246986000000000289e-05
3.249593999999999774e-05
3.252201999999999936e-05
3.255181999999999694e-05
3.258162000000000129e-05
3.260770000000000291e-05
3.263377999999999776e-05
3.265984999999999868e-05
3.268593000000000030e-05
3.271572999999999788e-05
3.274180999999999950e-05
3.277160999999999708e-05
3.279768999999999870e-05
3.282377000000000032e-05
3.284984000000000124e-05
3.287592000000000286e-05
3.290199999999999771e-05
3.293180000000000206e-05
3.295787999999999691e-05
3.298394999999999783e-05
3.301002999999999945e-05
3.303982999999999703e-05
3.306590999999999865e-05
3.309199000000000027e-05
3.312178999999999785e-05
3.315159000000000221e-05
3.318138999999999979e-05
3.321119999999999807e-05
3.323726999999999899e-05
3.326707999999999727e-05
3.329688000000000163e-05
3.332295000000000255e-05
3.334902999999999739e-05
3.337883000000000175e-05
3.340864000000000003e-05
3.343843999999999761e-05
3.346824000000000196e-05
3.349803999999999954e-05
3.352784999999999782e-05
3.355765000000000218e-05
3.358744999999999976e-05
3.361724999999999734e-05
3.364705000000000170e-05
3.367685999999999998e-05
3.370665999999999756e-05
3.373646000000000191e-05
3.376625999999999949e-05
3.379606999999999777e-05
3.382587000000000213e-05
3.385194999999999697e-05
3.388175000000000133e-05
3.391528000000000235e-05
3.394507999999999993e-05
3.397116000000000155e-05
3.400095999999999913e-05
3.402703000000000005e-05
3.405683999999999833e-05
3.408290999999999925e-05
3.411271999999999753e-05
3.413878999999999845e-05
3.416859999999999673e-05
3.419466999999999765e-05
3.422447000000000201e-05
3.425054999999999685e-05
3.427662999999999847e-05
3.430271000000000009e-05
3.432878000000000101e-05
3.435858999999999929e-05
3.438466000000000021e-05
3.440700999999999840e-05
3.443309000000000002e-05
3.445543999999999820e-05
3.448151999999999982e-05
3.450760000000000145e-05
3.452994999999999963e-05
3.455229999999999782e-05
3.457837999999999944e-05
3.460445000000000036e-05
3.463053000000000198e-05
3.465660999999999682e-05
3.468268999999999844e-05
3.470875999999999936e-05
3.473484000000000098e-05
3.476092000000000260e-05
3.479072000000000018e-05
3.481680000000000180e-05
3.484287000000000273e-05
3.486894999999999757e-05
3.489875000000000193e-05
3.492854999999999951e-05
3.495835999999999779e-05
3.498816000000000214e-05
3.501423999999999699e-05
3.504404000000000134e-05
3.507383999999999892e-05
3.510364000000000328e-05
3.512971999999999812e-05
3.515952000000000248e-05
3.518559999999999733e-05
3.521540000000000168e-05
3.524519999999999926e-05
3.527128000000000088e-05
3.529362999999999907e-05
3.531597999999999725e-05
3.534205999999999887e-05
3.536814000000000049e-05
3.539048999999999868e-05
3.540912000000000090e-05
3.543519000000000183e-05
3.545755000000000071e-05
3.548362000000000163e-05
3.550596999999999982e-05
3.552832999999999870e-05
3.555813000000000306e-05
3.558048000000000124e-05
3.560656000000000286e-05
3.563262999999999701e-05
3.565499000000000267e-05
3.568479000000000025e-05
3.571087000000000187e-05
3.573322000000000005e-05
3.575929000000000098e-05
3.578164999999999986e-05
3.581144999999999744e-05
3.583380000000000240e-05
3.585987999999999725e-05
3.588223000000000221e-05
3.590830999999999705e-05
3.593066000000000201e-05
3.595301000000000020e-05
3.597909000000000182e-05
3.600144000000000000e-05
3.602752000000000162e-05
3.604986999999999981e-05
3.607221999999999799e-05
3.609829999999999962e-05
3.612437000000000054e-05
3.614671999999999872e-05
3.617280000000000034e-05
3.619514999999999853e-05
3.622123000000000015e-05
3.624357999999999833e-05
3.626593000000000329e-05
3.628829000000000218e-05
3.630690999999999693e-05
3.632553999999999915e-05
3.634788999999999734e-05
3.636651999999999956e-05
3.638514000000000109e-05
3.640377000000000332e-05
3.641867000000000211e-05
3.644474999999999695e-05
3.646336999999999848e-05
3.648200000000000070e-05
3.651179999999999828e-05
3.653043000000000051e-05
3.655651000000000213e-05
3.657886000000000031e-05
3.660494000000000193e-05
3.662355999999999668e-05
3.664591000000000164e-05
3.666827000000000053e-05
3.669061999999999871e-05
3.671296999999999690e-05
3.673532000000000186e-05
3.675767000000000005e-05
3.677630000000000227e-05
3.679492999999999772e-05
3.681728000000000268e-05
3.683218000000000147e-05
3.685452999999999966e-05
3.687316000000000188e-05
3.689177999999999663e-05
3.691040999999999886e-05
3.692530999999999765e-05
3.694393999999999987e-05
3.696256000000000140e-05
3.698118999999999685e-05
3.699981999999999907e-05
3.701844000000000060e-05
3.703333999999999939e-05
3.705197000000000162e-05
3.707059999999999707e-05
3.708176999999999920e-05
3.710040000000000142e-05
3.711530000000000021e-05
3.713393000000000244e-05
3.715254999999999719e-05
3.717117999999999941e-05
3.718981000000000164e-05
3.720843000000000316e-05
3.722705999999999861e-05
3.724940999999999680e-05
3.726803999999999902e-05
3.729038999999999721e-05
3.730901999999999943e-05
3.733509000000000036e-05
3.735372000000000258e-05
3.737607000000000077e-05
3.739841999999999895e-05
3.742076999999999714e-05
3.743939999999999936e-05
3.746174999999999755e-05
3.748410000000000251e-05
3.749900000000000130e-05
3.752136000000000018e-05
3.753998000000000171e-05
3.755860999999999716e-05
3.758468999999999878e-05
3.760331000000000030e-05
3.762194000000000253e-05
3.764801999999999737e-05
3.767037000000000234e-05
3.768898999999999709e-05
3.771506999999999871e-05
3.773741999999999689e-05
3.775978000000000255e-05
3.778213000000000074e-05
3.780820000000000166e-05
3.782682999999999711e-05
3.784918000000000207e-05
3.787153000000000025e-05
3.789388999999999914e-05
3.791623999999999732e-05
3.793485999999999885e-05
3.795721999999999773e-05
3.797957000000000270e-05
3.800192000000000088e-05
3.802426999999999907e-05
3.804661999999999725e-05
3.806524999999999948e-05
3.809133000000000110e-05
3.810995000000000262e-05
3.813230000000000081e-05
3.815465999999999969e-05
3.817328000000000122e-05
3.819190999999999667e-05
3.821426000000000163e-05
3.823288999999999708e-05
3.825150999999999860e-05
3.827386999999999749e-05
3.829248999999999902e-05
3.831483999999999720e-05
3.833346999999999943e-05
3.835210000000000165e-05
3.837817000000000257e-05
3.839679999999999802e-05
3.841169999999999681e-05
3.843405000000000177e-05
3.844895000000000056e-05
3.846758000000000279e-05
3.847875999999999884e-05
3.849738000000000037e-05
3.850856000000000320e-05
3.852346000000000199e-05
3.853463999999999804e-05
3.854581000000000017e-05
3.855699000000000301e-05
3.856815999999999836e-05
3.857934000000000119e-05
3.859423999999999998e-05
3.860542000000000281e-05
3.862403999999999756e-05
3.863894000000000313e-05
3.865756999999999858e-05
3.867246999999999737e-05
3.869109999999999959e-05
3.870599999999999838e-05
3.872835000000000334e-05
3.874325000000000213e-05
3.876187999999999758e-05
3.878423000000000254e-05
3.880285999999999799e-05
3.882147999999999952e-05
3.884011000000000174e-05
3.885873999999999719e-05
3.888109000000000216e-05
3.889599000000000095e-05
3.891462000000000317e-05
3.892952000000000196e-05
3.894442000000000075e-05
3.895559000000000288e-05
3.897421999999999833e-05
3.898166999999999773e-05
3.900029999999999995e-05
3.901147000000000208e-05
3.902637000000000087e-05
3.904128000000000036e-05
3.905245000000000249e-05
3.906735000000000128e-05
3.907480000000000068e-05
3.908969999999999947e-05
3.910460999999999896e-05
3.911578000000000109e-05
3.913441000000000331e-05
3.914557999999999867e-05
3.916047999999999746e-05
3.917538999999999695e-05
3.919400999999999847e-05
3.920519000000000131e-05
3.922381000000000283e-05
3.923498999999999889e-05
3.925362000000000111e-05
3.926479000000000324e-05
3.927969000000000203e-05
3.929086999999999809e-05
3.930205000000000092e-05
3.931694999999999971e-05
3.932812000000000184e-05
3.934302000000000063e-05
3.935791999999999942e-05
3.937282999999999891e-05
3.938772999999999770e-05
3.939889999999999983e-05
3.941753000000000205e-05
3.942870999999999811e-05
3.944360999999999690e-05
3.945851000000000246e-05
3.947712999999999721e-05
3.949203999999999670e-05
3.951065999999999823e-05
3.952929000000000046e-05
3.954791000000000198e-05
3.956282000000000147e-05
3.958144000000000300e-05
3.960006999999999845e-05
3.961496999999999724e-05
3.963359999999999946e-05
3.964477000000000159e-05
3.966339999999999704e-05
3.967830000000000261e-05
3.969692999999999806e-05
3.970810000000000019e-05
3.973044999999999837e-05
3.974535999999999786e-05
3.976397999999999939e-05
3.977887999999999818e-05
3.979377999999999697e-05
3.980868000000000254e-05
3.982730999999999798e-05
3.983849000000000082e-05
3.985711000000000234e-05
3.987201000000000113e-05
3.988692000000000062e-05
3.990181999999999941e-05
3.991671999999999820e-05
3.993161999999999699e-05
3.994652000000000256e-05
3.996142000000000135e-05
3.997632000000000014e-05
3.999121999999999893e-05
4.000240000000000176e-05
4.002102999999999721e-05
4.002848000000000338e-05
4.004338000000000217e-05
4.005828000000000096e-05
4.006945999999999701e-05
4.008436000000000258e-05
4.009552999999999793e-05
4.011042999999999672e-05
4.012160999999999955e-05
4.013650999999999834e-05
4.015140999999999713e-05
4.016258999999999997e-05
4.017748999999999876e-05
4.018866000000000089e-05
4.020357000000000038e-05
4.021474000000000251e-05
4.022964000000000130e-05
4.024454000000000009e-05
4.025572000000000292e-05
4.027062000000000171e-05
4.028179999999999776e-05
4.029670000000000333e-05
4.031160000000000212e-05
4.032650000000000091e-05
4.034139999999999970e-05
4.035258000000000253e-05
4.037119999999999728e-05
4.038238000000000011e-05
4.040101000000000233e-05
4.041591000000000112e-05
4.043080999999999991e-05
4.044570999999999870e-05
4.046434000000000093e-05
4.047923999999999972e-05
4.049786000000000125e-05
4.051276000000000004e-05
4.052766999999999953e-05
4.053884000000000166e-05
4.055374000000000045e-05
4.056492000000000328e-05
4.056863999999999924e-05
4.057237000000000267e-05
4.057608999999999863e-05
4.057982000000000207e-05
4.057982000000000207e-05
4.057608999999999863e-05
4.057608999999999863e-05
4.057237000000000267e-05
4.056863999999999924e-05
4.056863999999999924e-05
4.056863999999999924e-05
4.057237000000000267e-05
4.057608999999999863e-05
4.057982000000000207e-05
4.058354999999999873e-05
4.059099999999999812e-05
4.059472000000000086e-05
4.060589999999999691e-05
4.062080000000000248e-05
4.062825000000000187e-05
4.064315000000000066e-05
4.065804999999999945e-05
4.066923000000000228e-05
4.068784999999999703e-05
4.069902999999999986e-05
4.071392999999999865e-05
4.072511000000000148e-05
4.074001000000000027e-05
4.075490999999999906e-05
4.076980999999999785e-05
4.078470999999999665e-05
4.080333999999999887e-05
4.081823999999999766e-05
4.083314000000000323e-05
4.084804000000000202e-05
4.085921999999999807e-05
4.087039000000000020e-05
4.088157000000000303e-05
4.089647000000000182e-05
4.090764999999999788e-05
4.091509999999999727e-05
4.093000000000000284e-05
4.094490000000000163e-05
4.095606999999999698e-05
4.097098000000000325e-05
4.098588000000000204e-05
4.100449999999999679e-05
4.101567999999999962e-05
4.103802999999999780e-05
4.105293000000000337e-05
4.107155999999999882e-05
4.108645999999999761e-05
4.110136000000000318e-05
4.111998999999999863e-05
4.113488999999999742e-05
4.114605999999999955e-05
4.116469000000000177e-05
4.117959000000000056e-05
4.119448999999999935e-05
4.120938999999999814e-05
4.122429999999999763e-05
4.123920000000000320e-05
4.125410000000000199e-05
4.126526999999999734e-05
4.127645000000000017e-05
4.129134999999999896e-05
4.129879999999999836e-05
4.131369999999999715e-05
4.132487999999999998e-05
4.133232999999999937e-05
4.134350000000000151e-05
4.135467999999999756e-05
4.136212999999999695e-05
4.137703000000000252e-05
4.138820999999999857e-05
4.140683000000000010e-05
4.142173999999999959e-05
4.143663999999999838e-05
4.145525999999999991e-05
4.147389000000000213e-05
4.148879000000000092e-05
4.150742000000000315e-05
4.152232000000000194e-05
4.154093999999999669e-05
4.155585000000000295e-05
4.157446999999999770e-05
4.158937000000000327e-05
4.160799999999999872e-05
4.162289999999999751e-05
4.164152999999999973e-05
4.166015000000000126e-05
4.167506000000000075e-05
4.168995999999999954e-05
4.170485999999999833e-05
4.172347999999999986e-05
4.173838999999999935e-05
4.175701000000000087e-05
4.177564000000000310e-05
4.179425999999999785e-05
4.181289000000000007e-05
4.183152000000000230e-05
4.185387000000000048e-05
4.187250000000000271e-05
4.189485000000000089e-05
4.191347000000000242e-05
4.193209999999999787e-05
4.195445000000000283e-05
4.197680000000000102e-05
4.199543000000000324e-05
4.202150999999999808e-05
4.204386000000000305e-05
4.206621000000000123e-05
4.208855999999999942e-05
4.211464000000000104e-05
4.213698999999999922e-05
4.215562000000000145e-05
4.217796999999999963e-05
4.219660000000000186e-05
4.221522000000000338e-05
4.223384999999999883e-05
4.225248000000000106e-05
4.227110000000000259e-05
4.228600000000000138e-05
4.230462999999999682e-05
4.231953000000000239e-05
4.233815999999999784e-05
4.234932999999999997e-05
4.236796000000000220e-05
4.238286000000000099e-05
4.239775999999999978e-05
4.241265999999999857e-05
4.243129000000000079e-05
4.244246999999999685e-05
4.246108999999999837e-05
4.247598999999999716e-05
4.249089000000000273e-05
4.250951999999999818e-05
4.252441999999999697e-05
4.254304999999999919e-05
4.255794999999999798e-05
4.257658000000000021e-05
4.259147999999999900e-05
4.261382999999999718e-05
4.262873000000000275e-05
4.265108000000000094e-05
4.266597999999999973e-05
4.268461000000000195e-05
4.270696000000000014e-05
4.272559000000000236e-05
4.274794000000000055e-05
4.276657000000000277e-05
4.278147000000000156e-05
4.280381999999999975e-05
4.282244000000000127e-05
4.284106999999999672e-05
4.285597000000000229e-05
4.287459999999999774e-05
4.289322999999999996e-05
4.290812999999999875e-05
4.292675000000000028e-05
4.294164999999999907e-05
4.296028000000000130e-05
4.297518000000000009e-05
4.299381000000000231e-05
4.300871000000000110e-05
4.302734000000000333e-05
4.304224000000000212e-05
4.306085999999999687e-05
4.307576000000000243e-05
4.309438999999999788e-05
4.310928999999999667e-05
4.312791999999999890e-05
4.314281999999999769e-05
4.316144999999999991e-05
4.317634999999999870e-05
4.319124999999999749e-05
4.320987999999999972e-05
4.322477999999999851e-05
4.323595000000000064e-05
4.325084999999999943e-05
4.326203000000000226e-05
4.327693000000000105e-05
4.329182999999999984e-05
4.331046000000000207e-05
4.332162999999999742e-05
4.334025999999999965e-05
4.335515999999999844e-05
4.337379000000000066e-05
4.338496000000000279e-05
4.340358999999999824e-05
4.341477000000000107e-05
4.343339000000000260e-05
4.344456999999999865e-05
4.345946999999999744e-05
4.347809999999999967e-05
4.348927000000000180e-05
4.350417000000000059e-05
4.351534999999999664e-05
4.353025000000000221e-05
4.354142999999999826e-05
4.356004999999999979e-05
4.357123000000000262e-05
4.358613000000000141e-05
4.360475999999999686e-05
4.361592999999999899e-05
4.363082999999999778e-05
4.364573000000000335e-05
4.366064000000000284e-05
4.367180999999999819e-05
4.369044000000000042e-05
4.370161000000000255e-05
4.371651000000000134e-05
4.373142000000000083e-05
4.374631999999999962e-05
4.376121999999999841e-05
4.377239000000000054e-05
4.378728999999999933e-05
4.379847000000000216e-05
4.380964999999999821e-05
4.382454999999999700e-05
4.383200000000000317e-05
4.384690000000000197e-05
4.385807999999999802e-05
4.386552999999999741e-05
4.388043000000000298e-05
4.389159999999999834e-05
4.390278000000000117e-05
4.391767999999999996e-05
4.392512999999999935e-05
4.394002999999999814e-05
4.395492999999999693e-05
4.396238000000000310e-05
4.397728000000000189e-05
4.398845999999999795e-05
4.400335999999999674e-05
4.401826000000000230e-05
4.402943999999999836e-05
4.404433999999999715e-05
4.405551999999999998e-05
4.407041999999999877e-05
4.408159000000000090e-05
4.409648999999999969e-05
4.411139999999999918e-05
4.412257000000000131e-05
4.413747000000000010e-05
4.414865000000000293e-05
4.416355000000000172e-05
4.417472999999999777e-05
4.418589999999999991e-05
4.420079999999999870e-05
4.420824999999999809e-05
4.421569999999999749e-05
4.422688000000000032e-05
4.423432999999999971e-05
4.423806000000000315e-05
4.424922999999999850e-05
4.425667999999999790e-05
4.426786000000000073e-05
4.427531000000000012e-05
4.428648000000000225e-05
4.429765999999999831e-05
4.430884000000000114e-05
4.432001000000000327e-05
4.433491000000000206e-05
4.434981000000000085e-05
4.436470999999999964e-05
4.438334000000000186e-05
4.439824000000000065e-05
4.441687000000000288e-05
4.443549999999999833e-05
4.445411999999999985e-05
4.446901999999999864e-05
4.448765000000000087e-05
4.450254999999999966e-05
4.451744999999999845e-05
4.453234999999999724e-05
4.455097999999999947e-05
4.456216000000000230e-05
4.457706000000000109e-05
4.458823000000000322e-05
4.460313000000000201e-05
4.461803000000000080e-05
4.462549000000000089e-05
4.463666000000000302e-05
4.464783999999999908e-05
4.465528999999999847e-05
4.466646000000000060e-05
4.467391000000000000e-05
4.468135999999999939e-05
4.469254000000000222e-05
4.469999000000000162e-05
4.471116999999999767e-05
4.471489000000000041e-05
4.472233999999999980e-05
4.472978999999999920e-05
4.473723999999999859e-05
4.474468999999999799e-05
4.474842000000000142e-05
4.475587000000000082e-05
4.475959999999999748e-05
4.476704999999999687e-05
4.476704999999999687e-05
4.476704999999999687e-05
4.476704999999999687e-05
4.476704999999999687e-05
4.476704999999999687e-05
4.476332000000000021e-05
4.476332000000000021e-05
4.475959999999999748e-05
4.475587000000000082e-05
4.475587000000000082e-05
4.475214999999999808e-05
4.474842000000000142e-05
4.474468999999999799e-05
4.474468999999999799e-05
4.474468999999999799e-05
4.474097000000000203e-05
4.473723999999999859e-05
4.472978999999999920e-05
