5.000040000000000262e+00
4.999609999999999665e+00
4.997609999999999886e+00
4.994530000000000136e+00
4.992469999999999963e+00
4.989399999999999835e+00
4.987359999999999793e+00
4.984300000000000175e+00
4.982269999999999754e+00
4.979190000000000005e+00
4.977140000000000342e+00
4.974059999999999704e+00
4.972000000000000419e+00
4.968930000000000291e+00
4.966899999999999871e+00
4.963849999999999874e+00
4.961809999999999832e+00
4.958759999999999835e+00
4.956710000000000171e+00
4.953640000000000043e+00
4.951620000000000132e+00
4.948540000000000383e+00
4.946480000000000210e+00
4.943389999999999951e+00
4.941349999999999909e+00
4.938270000000000159e+00
4.936239999999999739e+00
4.933189999999999742e+00
4.931119999999999948e+00
4.928049999999999820e+00
4.925980000000000025e+00
4.922930000000000028e+00
4.920889999999999986e+00
4.917819999999999858e+00
4.915779999999999816e+00
4.912729999999999819e+00
4.910689999999999777e+00
4.907619999999999649e+00
4.905579999999999607e+00
4.902499999999999858e+00
4.900470000000000326e+00
4.897400000000000198e+00
4.895330000000000403e+00
4.892269999999999897e+00
4.890209999999999724e+00
4.887150000000000105e+00
4.885130000000000194e+00
4.882030000000000314e+00
4.879990000000000272e+00
4.876909999999999634e+00
4.874690000000000190e+00
4.871620000000000061e+00
4.868570000000000064e+00
4.866530000000000022e+00
4.863470000000000404e+00
4.861600000000000144e+00
4.858550000000000146e+00
4.856499999999999595e+00
4.853410000000000224e+00
4.851359999999999673e+00
4.848290000000000433e+00
4.846239999999999881e+00
4.843180000000000263e+00
4.841160000000000352e+00
4.838079999999999714e+00
4.836030000000000051e+00
4.832950000000000301e+00
4.830930000000000391e+00
4.827849999999999753e+00
4.825809999999999711e+00
4.822729999999999961e+00
4.820680000000000298e+00
4.817650000000000432e+00
4.815610000000000390e+00
4.812549999999999883e+00
4.810489999999999711e+00
4.807439999999999714e+00
4.805360000000000298e+00
4.802310000000000301e+00
4.800250000000000128e+00
4.797189999999999621e+00
4.795130000000000337e+00
4.792060000000000208e+00
4.790029999999999788e+00
4.786940000000000417e+00
4.784900000000000375e+00
4.781830000000000247e+00
4.779770000000000074e+00
4.776720000000000077e+00
4.774670000000000414e+00
4.771589999999999776e+00
4.769569999999999865e+00
4.766499999999999737e+00
4.764490000000000336e+00
4.761420000000000208e+00
4.759389999999999787e+00
4.756260000000000154e+00
4.754229999999999734e+00
4.751159999999999606e+00
4.749119999999999564e+00
4.746240000000000236e+00
4.744170000000000442e+00
4.741109999999999935e+00
4.739049999999999763e+00
4.735979999999999634e+00
4.733950000000000102e+00
4.730879999999999974e+00
4.728810000000000180e+00
4.725740000000000052e+00
4.723700000000000010e+00
4.720659999999999634e+00
4.718639999999999723e+00
4.715569999999999595e+00
4.713510000000000311e+00
4.710460000000000313e+00
4.708380000000000010e+00
4.705309999999999881e+00
4.703269999999999840e+00
4.700210000000000221e+00
4.698170000000000179e+00
4.695090000000000430e+00
4.693050000000000388e+00
4.689960000000000129e+00
4.687909999999999577e+00
4.684840000000000337e+00
4.682800000000000296e+00
4.679730000000000167e+00
4.677660000000000373e+00
4.674599999999999866e+00
4.672559999999999825e+00
4.669539999999999580e+00
4.667510000000000048e+00
4.664439999999999920e+00
4.662390000000000256e+00
4.659290000000000376e+00
4.657239999999999824e+00
4.654169999999999696e+00
4.652129999999999654e+00
4.649079999999999657e+00
4.647020000000000373e+00
4.643950000000000244e+00
4.641899999999999693e+00
4.638849999999999696e+00
4.636800000000000033e+00
4.633720000000000283e+00
4.631680000000000241e+00
4.628599999999999604e+00
4.626549999999999940e+00
4.623529999999999696e+00
4.620470000000000077e+00
4.618430000000000035e+00
4.615339999999999776e+00
4.613310000000000244e+00
4.610210000000000363e+00
4.608159999999999812e+00
4.605249999999999844e+00
4.603220000000000312e+00
4.600159999999999805e+00
4.598099999999999632e+00
4.595040000000000013e+00
4.592990000000000350e+00
4.589920000000000222e+00
4.587869999999999671e+00
4.584780000000000300e+00
4.582760000000000389e+00
4.579670000000000130e+00
4.577619999999999578e+00
4.574600000000000222e+00
4.572569999999999801e+00
4.569499999999999673e+00
4.567459999999999631e+00
4.564390000000000391e+00
4.562299999999999578e+00
4.559239999999999959e+00
4.557190000000000296e+00
4.554129999999999789e+00
4.552080000000000126e+00
4.549009999999999998e+00
4.546979999999999578e+00
4.543890000000000207e+00
4.541850000000000165e+00
4.538770000000000415e+00
4.536730000000000373e+00
4.533640000000000114e+00
4.531589999999999563e+00
4.528539999999999566e+00
4.526530000000000165e+00
4.523469999999999658e+00
4.521410000000000373e+00
4.518349999999999866e+00
4.516309999999999825e+00
4.513230000000000075e+00
4.511199999999999655e+00
4.508119999999999905e+00
4.506059999999999732e+00
4.502979999999999983e+00
4.500939999999999941e+00
4.497880000000000322e+00
4.495829999999999771e+00
4.492779999999999774e+00
4.490700000000000358e+00
4.487630000000000230e+00
4.485780000000000101e+00
4.482689999999999841e+00
4.480629999999999669e+00
4.477610000000000312e+00
4.475579999999999892e+00
4.472500000000000142e+00
4.470460000000000100e+00
4.467389999999999972e+00
4.465329999999999799e+00
4.462270000000000181e+00
4.460230000000000139e+00
4.457139999999999880e+00
4.455099999999999838e+00
4.452040000000000219e+00
4.450000000000000178e+00
4.446939999999999671e+00
4.444890000000000008e+00
4.441799999999999748e+00
4.439739999999999576e+00
4.436670000000000336e+00
4.434650000000000425e+00
4.431589999999999918e+00
4.429590000000000138e+00
4.426499999999999879e+00
4.424439999999999706e+00
4.421389999999999709e+00
4.419349999999999667e+00
4.416269999999999918e+00
4.414229999999999876e+00
4.411159999999999748e+00
4.409089999999999954e+00
4.406010000000000204e+00
4.403979999999999784e+00
4.400909999999999656e+00
4.398859999999999992e+00
4.395800000000000374e+00
4.393729999999999691e+00
4.390659999999999563e+00
4.388620000000000410e+00
4.385550000000000281e+00
4.383530000000000371e+00
4.380489999999999995e+00
4.378459999999999575e+00
4.375359999999999694e+00
4.373300000000000409e+00
4.370230000000000281e+00
4.368190000000000239e+00
4.365149999999999864e+00
4.363069999999999560e+00
4.360170000000000101e+00
4.358120000000000438e+00
4.355050000000000310e+00
4.353040000000000020e+00
4.349960000000000271e+00
4.347920000000000229e+00
4.344800000000000217e+00
4.342769999999999797e+00
4.339690000000000047e+00
4.337679999999999758e+00
4.334620000000000140e+00
4.332589999999999719e+00
4.329519999999999591e+00
4.327460000000000306e+00
4.324410000000000309e+00
4.322359999999999758e+00
4.319280000000000008e+00
4.317230000000000345e+00
4.314160000000000217e+00
4.312100000000000044e+00
4.309020000000000294e+00
4.307000000000000384e+00
4.303930000000000256e+00
4.301899999999999835e+00
4.298820000000000086e+00
4.296739999999999782e+00
4.293689999999999785e+00
4.291629999999999612e+00
4.288569999999999993e+00
4.286529999999999951e+00
4.283509999999999707e+00
4.281450000000000422e+00
4.278369999999999784e+00
4.276329999999999742e+00
4.273240000000000371e+00
4.271239999999999704e+00
4.268139999999999823e+00
4.266079999999999650e+00
4.263020000000000032e+00
4.260950000000000237e+00
4.257900000000000240e+00
4.255869999999999820e+00
4.252799999999999692e+00
4.250740000000000407e+00
4.247650000000000148e+00
4.245779999999999887e+00
4.242700000000000138e+00
4.240669999999999717e+00
4.237610000000000099e+00
4.235599999999999810e+00
4.232520000000000060e+00
4.230470000000000397e+00
4.227400000000000269e+00
4.225380000000000358e+00
4.222290000000000099e+00
4.220250000000000057e+00
4.217170000000000307e+00
4.215119999999999756e+00
4.212040000000000006e+00
4.210009999999999586e+00
4.206929999999999836e+00
4.204900000000000304e+00
4.201830000000000176e+00
4.199740000000000251e+00
4.196690000000000254e+00
4.194639999999999702e+00
4.191569999999999574e+00
4.189549999999999663e+00
4.186499999999999666e+00
4.184459999999999624e+00
4.181390000000000384e+00
4.179350000000000342e+00
4.176260000000000083e+00
4.174229999999999663e+00
4.171140000000000292e+00
4.169089999999999741e+00
4.166030000000000122e+00
4.163960000000000328e+00
4.160929999999999573e+00
4.158859999999999779e+00
4.155800000000000161e+00
4.153749999999999609e+00
4.150669999999999860e+00
4.148629999999999818e+00
4.145550000000000068e+00
4.143510000000000026e+00
4.140450000000000408e+00
4.138449999999999740e+00
4.135390000000000121e+00
4.133320000000000327e+00
4.130259999999999820e+00
4.128190000000000026e+00
4.125130000000000408e+00
4.123079999999999856e+00
4.120009999999999728e+00
4.117960000000000065e+00
4.114869999999999806e+00
4.112860000000000404e+00
4.109759999999999636e+00
4.107750000000000234e+00
4.104669999999999597e+00
4.102599999999999802e+00
4.099709999999999965e+00
4.097660000000000302e+00
4.094590000000000174e+00
4.092550000000000132e+00
4.089529999999999887e+00
4.087469999999999715e+00
4.084410000000000096e+00
4.082370000000000054e+00
4.079279999999999795e+00
4.077230000000000132e+00
4.074160000000000004e+00
4.072099999999999831e+00
4.069040000000000212e+00
4.067009999999999792e+00
4.063939999999999664e+00
4.061890000000000001e+00
4.058840000000000003e+00
4.056790000000000340e+00
4.053720000000000212e+00
4.051669999999999661e+00
4.048589999999999911e+00
4.046549999999999869e+00
4.043490000000000251e+00
4.041470000000000340e+00
4.038420000000000343e+00
4.035359999999999836e+00
4.033290000000000042e+00
4.030199999999999783e+00
4.028150000000000119e+00
4.025079999999999991e+00
4.023060000000000080e+00
4.019989999999999952e+00
4.017920000000000158e+00
4.014859999999999651e+00
4.012800000000000367e+00
4.009739999999999860e+00
4.007699999999999818e+00
4.004640000000000200e+00
4.002589999999999648e+00
3.999519999999999964e+00
3.997450000000000170e+00
3.994409999999999794e+00
3.992389999999999883e+00
3.989300000000000068e+00
3.987280000000000157e+00
3.984199999999999964e+00
3.982130000000000170e+00
3.979060000000000041e+00
3.977009999999999934e+00
3.973949999999999871e+00
3.971929999999999961e+00
3.968850000000000211e+00
3.966790000000000038e+00
3.963719999999999910e+00
3.961669999999999803e+00
3.958590000000000053e+00
3.956560000000000077e+00
3.953500000000000014e+00
3.951600000000000001e+00
3.948529999999999873e+00
3.946520000000000028e+00
3.943470000000000031e+00
3.941460000000000186e+00
3.938359999999999861e+00
3.936310000000000198e+00
3.933219999999999938e+00
3.931179999999999897e+00
3.928100000000000147e+00
3.926070000000000171e+00
3.923000000000000043e+00
3.920939999999999870e+00
3.917879999999999807e+00
3.915820000000000078e+00
3.912749999999999950e+00
3.910699999999999843e+00
3.907630000000000159e+00
3.905600000000000183e+00
3.902519999999999989e+00
3.900469999999999882e+00
3.897440000000000015e+00
3.895410000000000039e+00
3.892339999999999911e+00
3.890289999999999804e+00
3.887220000000000120e+00
3.885139999999999816e+00
3.882089999999999819e+00
3.880020000000000024e+00
3.876959999999999962e+00
3.874909999999999854e+00
3.871840000000000170e+00
3.869810000000000194e+00
3.866719999999999935e+00
3.864689999999999959e+00
3.861610000000000209e+00
3.859570000000000167e+00
3.856500000000000039e+00
3.854439999999999866e+00
3.851379999999999804e+00
3.849359999999999893e+00
3.846309999999999896e+00
3.844259999999999788e+00
3.841190000000000104e+00
3.839150000000000063e+00
3.836069999999999869e+00
3.834020000000000206e+00
3.830950000000000077e+00
3.828889999999999905e+00
3.825990000000000002e+00
3.823949999999999960e+00
3.820899999999999963e+00
3.818839999999999790e+00
3.815780000000000172e+00
3.813709999999999933e+00
3.810639999999999805e+00
3.808629999999999960e+00
3.805540000000000145e+00
3.803479999999999972e+00
3.800460000000000171e+00
3.798410000000000064e+00
3.795350000000000001e+00
3.793299999999999894e+00
3.790230000000000210e+00
3.788170000000000037e+00
3.785109999999999975e+00
3.783059999999999867e+00
3.779990000000000183e+00
3.777930000000000010e+00
3.774869999999999948e+00
3.772829999999999906e+00
3.769769999999999843e+00
3.767720000000000180e+00
3.764629999999999921e+00
3.762579999999999814e+00
3.759510000000000129e+00
3.757470000000000088e+00
3.754420000000000091e+00
3.752400000000000180e+00
3.749330000000000052e+00
3.747269999999999879e+00
3.744219999999999882e+00
3.742179999999999840e+00
3.739100000000000090e+00
3.737060000000000048e+00
3.733989999999999920e+00
3.731930000000000192e+00
3.728829999999999867e+00
3.726809999999999956e+00
3.723759999999999959e+00
3.721690000000000165e+00
3.718640000000000168e+00
3.716559999999999864e+00
3.713649999999999896e+00
3.711640000000000050e+00
3.708549999999999791e+00
3.706510000000000193e+00
3.703479999999999883e+00
3.701439999999999841e+00
3.698350000000000026e+00
3.696320000000000050e+00
3.693249999999999922e+00
3.691190000000000193e+00
3.688130000000000130e+00
3.686080000000000023e+00
3.682990000000000208e+00
3.680940000000000101e+00
3.677900000000000169e+00
3.675870000000000193e+00
3.672800000000000065e+00
3.670749999999999957e+00
3.667660000000000142e+00
3.665599999999999969e+00
3.662539999999999907e+00
3.660509999999999931e+00
3.657439999999999802e+00
3.655429999999999957e+00
3.652369999999999894e+00
3.650310000000000166e+00
3.647250000000000103e+00
3.645210000000000061e+00
3.642139999999999933e+00
3.640080000000000204e+00
3.637010000000000076e+00
3.634949999999999903e+00
3.631870000000000154e+00
3.629849999999999799e+00
3.626770000000000049e+00
3.624740000000000073e+00
3.621659999999999879e+00
3.619600000000000151e+00
3.616540000000000088e+00
3.614489999999999981e+00
3.611419999999999852e+00
3.609389999999999876e+00
3.606349999999999945e+00
3.604299999999999837e+00
3.601399999999999935e+00
3.599349999999999827e+00
3.596280000000000143e+00
3.594240000000000101e+00
3.591159999999999908e+00
3.589090000000000114e+00
3.586040000000000116e+00
3.583969999999999878e+00
3.580909999999999815e+00
3.578889999999999905e+00
3.575800000000000090e+00
3.573749999999999982e+00
3.570669999999999789e+00
3.568639999999999812e+00
3.565570000000000128e+00
3.563540000000000152e+00
3.560470000000000024e+00
3.558429999999999982e+00
3.555379999999999985e+00
3.553319999999999812e+00
3.550269999999999815e+00
3.548230000000000217e+00
3.545139999999999958e+00
3.543099999999999916e+00
3.540010000000000101e+00
3.537970000000000059e+00
3.534899999999999931e+00
3.532859999999999889e+00
3.529799999999999827e+00
3.527740000000000098e+00
3.524680000000000035e+00
3.522600000000000176e+00
3.519550000000000178e+00
3.517479999999999940e+00
3.514419999999999877e+00
3.512379999999999836e+00
3.509360000000000035e+00
3.507319999999999993e+00
3.504249999999999865e+00
3.502190000000000136e+00
3.499089999999999812e+00
3.497079999999999966e+00
3.494000000000000217e+00
3.491919999999999913e+00
3.488869999999999916e+00
3.486790000000000056e+00
3.483929999999999971e+00
3.481700000000000017e+00
3.478629999999999889e+00
3.476589999999999847e+00
3.473669999999999813e+00
3.471639999999999837e+00
3.468560000000000088e+00
3.466530000000000111e+00
3.463459999999999983e+00
3.461440000000000072e+00
3.458400000000000141e+00
3.456329999999999902e+00
3.453300000000000036e+00
3.451229999999999798e+00
3.448150000000000048e+00
3.446110000000000007e+00
3.443029999999999813e+00
3.440970000000000084e+00
3.437899999999999956e+00
3.435859999999999914e+00
3.432780000000000165e+00
3.430759999999999810e+00
3.427690000000000126e+00
3.425619999999999887e+00
3.422559999999999825e+00
3.420510000000000161e+00
3.417440000000000033e+00
3.415389999999999926e+00
3.412370000000000125e+00
3.410320000000000018e+00
3.407259999999999955e+00
3.405209999999999848e+00
3.402120000000000033e+00
3.400090000000000057e+00
3.397009999999999863e+00
3.394940000000000069e+00
3.391890000000000072e+00
3.389829999999999899e+00
3.386760000000000215e+00
3.384729999999999794e+00
3.381670000000000176e+00
3.379620000000000068e+00
3.376549999999999940e+00
3.374509999999999899e+00
3.371430000000000149e+00
3.369369999999999976e+00
3.366309999999999913e+00
3.364300000000000068e+00
3.361250000000000071e+00
3.359189999999999898e+00
3.356300000000000061e+00
3.354220000000000201e+00
3.351160000000000139e+00
3.349120000000000097e+00
3.346049999999999969e+00
3.342979999999999841e+00
3.340910000000000046e+00
3.337849999999999984e+00
3.335799999999999876e+00
3.332730000000000192e+00
3.330709999999999837e+00
3.327630000000000088e+00
3.325579999999999981e+00
3.322509999999999852e+00
3.320440000000000058e+00
3.317390000000000061e+00
3.315380000000000216e+00
3.312330000000000219e+00
3.310259999999999980e+00
3.307189999999999852e+00
3.305109999999999992e+00
3.302049999999999930e+00
3.300019999999999953e+00
3.296930000000000138e+00
3.294900000000000162e+00
3.291840000000000099e+00
3.289789999999999992e+00
3.286719999999999864e+00
3.284679999999999822e+00
3.281600000000000072e+00
3.279580000000000162e+00
3.276510000000000034e+00
3.274449999999999861e+00
3.271380000000000177e+00
3.269340000000000135e+00
3.266300000000000203e+00
3.264289999999999914e+00
3.261210000000000164e+00
3.259149999999999991e+00
3.256050000000000111e+00
3.254010000000000069e+00
3.250939999999999941e+00
3.248920000000000030e+00
3.245839999999999836e+00
3.243790000000000173e+00
3.240730000000000111e+00
3.238659999999999872e+00
3.235609999999999875e+00
3.233560000000000212e+00
3.230490000000000084e+00
3.228439999999999976e+00
3.225359999999999783e+00
3.223479999999999901e+00
3.220439999999999969e+00
3.218430000000000124e+00
3.215349999999999930e+00
3.213299999999999823e+00
3.210230000000000139e+00
3.208149999999999835e+00
3.205099999999999838e+00
3.203050000000000175e+00
3.199969999999999981e+00
3.197929999999999939e+00
3.194859999999999811e+00
3.192820000000000213e+00
3.189740000000000020e+00
3.187699999999999978e+00
3.184619999999999784e+00
3.182589999999999808e+00
3.179539999999999811e+00
3.177449999999999886e+00
3.174380000000000202e+00
3.172359999999999847e+00
3.169329999999999981e+00
3.167300000000000004e+00
3.164229999999999876e+00
3.162170000000000147e+00
3.159069999999999823e+00
3.157029999999999781e+00
3.153960000000000097e+00
3.151920000000000055e+00
3.148829999999999796e+00
3.146770000000000067e+00
3.143720000000000070e+00
3.141680000000000028e+00
3.138619999999999965e+00
3.136559999999999793e+00
3.133480000000000043e+00
3.131450000000000067e+00
3.128379999999999939e+00
3.126310000000000144e+00
3.123279999999999834e+00
3.121249999999999858e+00
3.118170000000000108e+00
3.116140000000000132e+00
3.113049999999999873e+00
3.110970000000000013e+00
3.107930000000000081e+00
3.105869999999999909e+00
3.102790000000000159e+00
3.100750000000000117e+00
3.097900000000000098e+00
3.095849999999999991e+00
3.092779999999999863e+00
3.090749999999999886e+00
3.087650000000000006e+00
3.085630000000000095e+00
3.082549999999999901e+00
3.080499999999999794e+00
3.077440000000000175e+00
3.075410000000000199e+00
3.072369999999999823e+00
3.070329999999999782e+00
3.067250000000000032e+00
3.065209999999999990e+00
3.062120000000000175e+00
3.060099999999999820e+00
3.056999999999999940e+00
3.054969999999999963e+00
3.051870000000000083e+00
3.049830000000000041e+00
3.046790000000000109e+00
3.044729999999999936e+00
3.041679999999999939e+00
3.039610000000000145e+00
3.036540000000000017e+00
3.034499999999999975e+00
3.031429999999999847e+00
3.029380000000000184e+00
3.026349999999999874e+00
3.024309999999999832e+00
3.021240000000000148e+00
3.019200000000000106e+00
3.016129999999999978e+00
3.014069999999999805e+00
3.011000000000000121e+00
3.008939999999999948e+00
3.005850000000000133e+00
3.003820000000000157e+00
3.000760000000000094e+00
2.998720000000000052e+00
2.995649999999999924e+00
2.993599999999999817e+00
2.990520000000000067e+00
2.988469999999999960e+00
2.985399999999999832e+00
2.983359999999999790e+00
2.980290000000000106e+00
2.978279999999999816e+00
2.975229999999999819e+00
2.973170000000000091e+00
2.970110000000000028e+00
2.968080000000000052e+00
2.964999999999999858e+00
2.962950000000000195e+00
2.959859999999999935e+00
2.957800000000000207e+00
2.954720000000000013e+00
2.952850000000000197e+00
2.949819999999999887e+00
2.947750000000000092e+00
2.944690000000000030e+00
2.942619999999999791e+00
2.939560000000000173e+00
2.937530000000000197e+00
2.934450000000000003e+00
2.932409999999999961e+00
2.929359999999999964e+00
2.927319999999999922e+00
2.924249999999999794e+00
2.922219999999999818e+00
2.919150000000000134e+00
2.917079999999999895e+00
2.914019999999999833e+00
2.911950000000000038e+00
2.908879999999999910e+00
2.906820000000000181e+00
2.903770000000000184e+00
2.901749999999999829e+00
2.898670000000000080e+00
2.896619999999999973e+00
2.893539999999999779e+00
2.891500000000000181e+00
2.888440000000000119e+00
2.886410000000000142e+00
2.883340000000000014e+00
2.881320000000000103e+00
2.878260000000000041e+00
2.876199999999999868e+00
2.873149999999999871e+00
2.871109999999999829e+00
2.868030000000000079e+00
2.865969999999999906e+00
2.862890000000000157e+00
2.860840000000000050e+00
2.857759999999999856e+00
2.855739999999999945e+00
2.852689999999999948e+00
2.850630000000000219e+00
2.847550000000000026e+00
2.845470000000000166e+00
2.842439999999999856e+00
2.840390000000000192e+00
2.837320000000000064e+00
2.835269999999999957e+00
2.832240000000000091e+00
2.830360000000000209e+00
2.827280000000000015e+00
2.825260000000000105e+00
2.822169999999999845e+00
2.820110000000000117e+00
2.817060000000000120e+00
2.814979999999999816e+00
2.811929999999999819e+00
2.809849999999999959e+00
2.806820000000000093e+00
2.804780000000000051e+00
2.801699999999999857e+00
2.799650000000000194e+00
2.796559999999999935e+00
2.794529999999999959e+00
2.791450000000000209e+00
2.789419999999999789e+00
2.786350000000000104e+00
2.784330000000000194e+00
2.781280000000000197e+00
2.779220000000000024e+00
2.776159999999999961e+00
2.774129999999999985e+00
2.771030000000000104e+00
2.768979999999999997e+00
2.765899999999999803e+00
2.763850000000000140e+00
2.760780000000000012e+00
2.758750000000000036e+00
2.755689999999999973e+00
2.753629999999999800e+00
2.750560000000000116e+00
2.748479999999999812e+00
2.745439999999999880e+00
2.743390000000000217e+00
2.740310000000000024e+00
2.738269999999999982e+00
2.735240000000000116e+00
2.733210000000000139e+00
2.730140000000000011e+00
2.728089999999999904e+00
2.724990000000000023e+00
2.722960000000000047e+00
2.719889999999999919e+00
2.717979999999999841e+00
2.714920000000000222e+00
2.712829999999999853e+00
2.709789999999999921e+00
2.707759999999999945e+00
2.704689999999999817e+00
2.702659999999999840e+00
2.699559999999999960e+00
2.697509999999999852e+00
2.694440000000000168e+00
2.692419999999999813e+00
2.689340000000000064e+00
2.687320000000000153e+00
2.684280000000000221e+00
2.682230000000000114e+00
2.679159999999999986e+00
2.677119999999999944e+00
2.674040000000000195e+00
2.671990000000000087e+00
2.668909999999999894e+00
2.666850000000000165e+00
2.663769999999999971e+00
2.661750000000000060e+00
2.658659999999999801e+00
2.656649999999999956e+00
2.653579999999999828e+00
2.651510000000000034e+00
2.648470000000000102e+00
2.646399999999999864e+00
2.643330000000000179e+00
2.641290000000000138e+00
2.638269999999999893e+00
2.636219999999999786e+00
2.633160000000000167e+00
2.631099999999999994e+00
2.627990000000000048e+00
2.625980000000000203e+00
2.622900000000000009e+00
2.620839999999999836e+00
2.617780000000000218e+00
2.615699999999999914e+00
2.612649999999999917e+00
2.610619999999999941e+00
2.607559999999999878e+00
2.605690000000000062e+00
2.602599999999999802e+00
2.600560000000000205e+00
2.597480000000000011e+00
2.595439999999999969e+00
2.592369999999999841e+00
2.590359999999999996e+00
2.587320000000000064e+00
2.585240000000000204e+00
2.582190000000000207e+00
2.580109999999999904e+00
2.577040000000000219e+00
2.575029999999999930e+00
2.571959999999999802e+00
2.569900000000000073e+00
2.566809999999999814e+00
2.564760000000000151e+00
2.561690000000000023e+00
2.559660000000000046e+00
2.556610000000000049e+00
2.554530000000000189e+00
2.551480000000000192e+00
2.549399999999999888e+00
2.546330000000000204e+00
2.544309999999999850e+00
2.541269999999999918e+00
2.539239999999999942e+00
2.536160000000000192e+00
2.534110000000000085e+00
2.531010000000000204e+00
2.528979999999999784e+00
2.525920000000000165e+00
2.523870000000000058e+00
2.520770000000000177e+00
2.518730000000000135e+00
2.515670000000000073e+00
2.513630000000000031e+00
2.510569999999999968e+00
2.508529999999999927e+00
2.505450000000000177e+00
2.503400000000000070e+00
2.500329999999999941e+00
2.498289999999999900e+00
2.495389999999999997e+00
2.493240000000000123e+00
2.490340000000000220e+00
2.488269999999999982e+00
2.485219999999999985e+00
2.483150000000000190e+00
2.480090000000000128e+00
2.478060000000000151e+00
2.474990000000000023e+00
2.472910000000000164e+00
2.469829999999999970e+00
2.467799999999999994e+00
2.464719999999999800e+00
2.462720000000000020e+00
2.459630000000000205e+00
2.457559999999999967e+00
2.454489999999999839e+00
2.452440000000000175e+00
2.449380000000000113e+00
2.447350000000000136e+00
2.444329999999999892e+00
2.442270000000000163e+00
2.439189999999999969e+00
2.437149999999999928e+00
2.434039999999999981e+00
2.432010000000000005e+00
2.428939999999999877e+00
2.426890000000000214e+00
2.423810000000000020e+00
2.421739999999999782e+00
2.418699999999999850e+00
2.416650000000000187e+00
2.413609999999999811e+00
2.411570000000000213e+00
2.408459999999999823e+00
2.406429999999999847e+00
2.403340000000000032e+00
2.401299999999999990e+00
2.398249999999999993e+00
2.396250000000000213e+00
2.393190000000000150e+00
2.391119999999999912e+00
2.388049999999999784e+00
2.385969999999999924e+00
2.382929999999999993e+00
2.380889999999999951e+00
2.377800000000000136e+00
2.375910000000000188e+00
2.372829999999999995e+00
2.370810000000000084e+00
2.367739999999999956e+00
2.365730000000000111e+00
2.362629999999999786e+00
2.360559999999999992e+00
2.357499999999999929e+00
2.355440000000000200e+00
2.352380000000000138e+00
2.350330000000000030e+00
2.347309999999999786e+00
2.345260000000000122e+00
2.342189999999999994e+00
2.340149999999999952e+00
2.337040000000000006e+00
2.335020000000000095e+00
2.331910000000000149e+00
2.329880000000000173e+00
2.326799999999999979e+00
2.324730000000000185e+00
2.321699999999999875e+00
2.319630000000000081e+00
2.316590000000000149e+00
2.314560000000000173e+00
2.311469999999999914e+00
2.309429999999999872e+00
2.306340000000000057e+00
2.304310000000000080e+00
2.301250000000000018e+00
2.299240000000000173e+00
2.296180000000000110e+00
2.294119999999999937e+00
2.291069999999999940e+00
2.288990000000000080e+00
2.285940000000000083e+00
2.283910000000000107e+00
2.280809999999999782e+00
2.278760000000000119e+00
2.275689999999999991e+00
2.273660000000000014e+00
2.270579999999999821e+00
2.268530000000000157e+00
2.265449999999999964e+00
2.263409999999999922e+00
2.260359999999999925e+00
2.258309999999999818e+00
2.255240000000000133e+00
2.253359999999999808e+00
2.250319999999999876e+00
2.248130000000000184e+00
2.245229999999999837e+00
2.243170000000000108e+00
2.240089999999999915e+00
2.238049999999999873e+00
2.234960000000000058e+00
2.232920000000000016e+00
2.229839999999999822e+00
2.227770000000000028e+00
2.224740000000000162e+00
2.222669999999999924e+00
2.219629999999999992e+00
2.217569999999999819e+00
2.214510000000000201e+00
2.212479999999999780e+00
2.209400000000000031e+00
2.207359999999999989e+00
2.204289999999999861e+00
2.202280000000000015e+00
2.199199999999999822e+00
2.197169999999999845e+00
2.194109999999999783e+00
2.192019999999999857e+00
2.188979999999999926e+00
2.186900000000000066e+00
2.183829999999999938e+00
2.181789999999999896e+00
2.178720000000000212e+00
2.176689999999999792e+00
2.173599999999999977e+00
2.171549999999999869e+00
2.168470000000000120e+00
2.166450000000000209e+00
2.163390000000000146e+00
2.161329999999999973e+00
2.158259999999999845e+00
2.156210000000000182e+00
2.153169999999999806e+00
2.151139999999999830e+00
2.148080000000000211e+00
2.146030000000000104e+00
2.142920000000000158e+00
2.140870000000000051e+00
2.137789999999999857e+00
2.135759999999999881e+00
2.132670000000000066e+00
2.130650000000000155e+00
2.127609999999999779e+00
2.125550000000000050e+00
2.122489999999999988e+00
2.120410000000000128e+00
2.117360000000000131e+00
2.115330000000000155e+00
2.112260000000000026e+00
2.110189999999999788e+00
2.107149999999999856e+00
2.105119999999999880e+00
2.102040000000000131e+00
2.100039999999999907e+00
2.097140000000000004e+00
2.095060000000000144e+00
2.092000000000000082e+00
2.089929999999999843e+00
2.085679999999999978e+00
2.079340000000000188e+00
2.069819999999999993e+00
2.063369999999999926e+00
2.053850000000000176e+00
2.047460000000000058e+00
2.037830000000000030e+00
2.031460000000000043e+00
2.021830000000000016e+00
2.015420000000000211e+00
2.005910000000000082e+00
1.999500000000000055e+00
1.989880000000000093e+00
1.983530000000000015e+00
1.973870000000000013e+00
1.967500000000000027e+00
1.957920000000000105e+00
1.951529999999999987e+00
1.941899999999999959e+00
1.935499999999999998e+00
1.926449999999999996e+00
1.920069999999999943e+00
1.910560000000000036e+00
1.904109999999999969e+00
1.894549999999999956e+00
1.888120000000000021e+00
1.878560000000000008e+00
1.872219999999999995e+00
1.862610000000000099e+00
1.856209999999999916e+00
1.846610000000000085e+00
1.840170000000000083e+00
1.830619999999999914e+00
1.824249999999999927e+00
1.814659999999999940e+00
1.808310000000000084e+00
1.798640000000000017e+00
1.792249999999999899e+00
1.782650000000000068e+00
1.776270000000000016e+00
1.766690000000000094e+00
1.760329999999999950e+00
1.750699999999999923e+00
1.744269999999999987e+00
1.734730000000000105e+00
1.728320000000000078e+00
1.718769999999999909e+00
1.712439999999999962e+00
1.702800000000000091e+00
1.696399999999999908e+00
1.686830000000000052e+00
1.680379999999999985e+00
1.670870000000000077e+00
1.664469999999999894e+00
1.654849999999999932e+00
1.648460000000000036e+00
1.638849999999999918e+00
1.632460000000000022e+00
1.622880000000000100e+00
1.616530000000000022e+00
1.606889999999999930e+00
1.600479999999999903e+00
1.590899999999999981e+00
1.584510000000000085e+00
1.574899999999999967e+00
1.568529999999999980e+00
1.558939999999999992e+00
1.552470000000000017e+00
1.542950000000000044e+00
1.536599999999999966e+00
1.527009999999999978e+00
1.520669999999999966e+00
1.511079999999999979e+00
1.504650000000000043e+00
1.495100000000000096e+00
1.488699999999999912e+00
1.479090000000000016e+00
1.472769999999999913e+00
1.463119999999999976e+00
1.456679999999999975e+00
1.447140000000000093e+00
1.440739999999999910e+00
1.431149999999999922e+00
1.424819999999999975e+00
1.415180000000000105e+00
1.408789999999999987e+00
1.399199999999999999e+00
1.392779999999999907e+00
1.383199999999999985e+00
1.376840000000000064e+00
1.367240000000000011e+00
1.360859999999999959e+00
1.351269999999999971e+00
1.345390000000000086e+00
1.335860000000000047e+00
1.329469999999999930e+00
1.319890000000000008e+00
1.313520000000000021e+00
1.303870000000000084e+00
1.297490000000000032e+00
1.287900000000000045e+00
1.281549999999999967e+00
1.271940000000000071e+00
1.265530000000000044e+00
1.255919999999999925e+00
1.249579999999999913e+00
1.239929999999999977e+00
1.233610000000000095e+00
1.224010000000000042e+00
1.217570000000000041e+00
1.207959999999999923e+00
1.201589999999999936e+00
1.191990000000000105e+00
1.185629999999999962e+00
1.176069999999999949e+00
1.169589999999999907e+00
1.160050000000000026e+00
1.153650000000000064e+00
1.144030000000000102e+00
1.137729999999999908e+00
1.128100000000000103e+00
1.121699999999999919e+00
1.112130000000000063e+00
1.105720000000000036e+00
1.096130000000000049e+00
1.089800000000000102e+00
1.080160000000000009e+00
1.073790000000000022e+00
1.064149999999999929e+00
1.057779999999999943e+00
1.048159999999999981e+00
1.041809999999999903e+00
1.032210000000000072e+00
1.025849999999999929e+00
1.016250000000000098e+00
1.009849999999999914e+00
1.000280000000000058e+00
9.938799999999999857e-01
9.842999999999999527e-01
9.779299999999999660e-01
9.682699999999999640e-01
9.619199999999999973e-01
9.523500000000000298e-01
9.464700000000000335e-01
9.369699999999999696e-01
9.300000000000000488e-01
9.203700000000000214e-01
9.140500000000000291e-01
9.049199999999999466e-01
8.985499999999999599e-01
8.889899999999999469e-01
8.825499999999999456e-01
8.729200000000000292e-01
8.665800000000000169e-01
8.569799999999999640e-01
8.505800000000000027e-01
8.410499999999999643e-01
8.346200000000000285e-01
8.250300000000000411e-01
8.185999999999999943e-01
8.090199999999999614e-01
8.026400000000000201e-01
7.930800000000000072e-01
7.866199999999999859e-01
7.770299999999999985e-01
7.706600000000000117e-01
7.611099999999999532e-01
7.547000000000000375e-01
7.451499999999999790e-01
7.387799999999999923e-01
7.291199999999999903e-01
7.227599999999999580e-01
7.131699999999999706e-01
7.067499999999999893e-01
6.972199999999999509e-01
6.908199999999999896e-01
6.811500000000000332e-01
6.748199999999999754e-01
6.652599999999999625e-01
6.588199999999999612e-01
6.493100000000000538e-01
6.428800000000000070e-01
6.332499999999999796e-01
6.268899999999999473e-01
6.173100000000000254e-01
6.108900000000000441e-01
6.014100000000000001e-01
5.949299999999999589e-01
5.853199999999999514e-01
5.789999999999999591e-01
5.693599999999999772e-01
5.630100000000000104e-01
5.534400000000000430e-01
5.470199999999999507e-01
5.374100000000000543e-01
5.310399999999999565e-01
5.214400000000000146e-01
5.150799999999999823e-01
5.055100000000000149e-01
4.990800000000000236e-01
4.895200000000000107e-01
4.830499999999999794e-01
4.734800000000000120e-01
4.671399999999999997e-01
4.575500000000000123e-01
4.511299999999999755e-01
4.415799999999999725e-01
4.351400000000000268e-01
4.255999999999999783e-01
4.191900000000000071e-01
4.096099999999999741e-01
4.032299999999999773e-01
3.935500000000000109e-01
3.871600000000000041e-01
3.775999999999999912e-01
3.711800000000000099e-01
3.616500000000000270e-01
3.552799999999999847e-01
3.456400000000000028e-01
3.392700000000000160e-01
3.296499999999999986e-01
3.232700000000000018e-01
3.137499999999999734e-01
3.073199999999999821e-01
2.976900000000000102e-01
2.912899999999999934e-01
2.817500000000000004e-01
2.753200000000000092e-01
2.658699999999999952e-01
2.594099999999999739e-01
2.498100000000000043e-01
2.434300000000000075e-01
2.337799999999999878e-01
2.274299999999999933e-01
2.178499999999999881e-01
2.114399999999999891e-01
2.018300000000000094e-01
1.959500000000000131e-01
1.863799999999999901e-01
1.800499999999999878e-01
1.704299999999999982e-01
1.640999999999999959e-01
1.544500000000000040e-01
1.480200000000000127e-01
1.384599999999999997e-01
1.320800000000000030e-01
1.224999999999999978e-01
1.161200000000000010e-01
1.065099999999999936e-01
1.000500000000000000e-01
9.056999999999999773e-02
8.415000000000000258e-02
7.453999999999999515e-02
6.822999999999999898e-02
5.856000000000000094e-02
5.211999999999999966e-02
4.261000000000000204e-02
3.617000000000000076e-02
2.658999999999999905e-02
2.023000000000000145e-02
1.054000000000000076e-02
4.170000000000000095e-03
-3.899999999999999929e-04
-3.200000000000000262e-04
-3.499999999999999964e-04
-3.499999999999999964e-04
-3.499999999999999964e-04
-3.600000000000000227e-04
-3.499999999999999964e-04
-3.499999999999999964e-04
-3.499999999999999964e-04
-3.600000000000000227e-04
-3.600000000000000227e-04
-3.600000000000000227e-04
-3.600000000000000227e-04
-3.600000000000000227e-04
-3.600000000000000227e-04
-3.600000000000000227e-04
-3.600000000000000227e-04
-3.600000000000000227e-04
-3.600000000000000227e-04
-3.600000000000000227e-04
-3.600000000000000227e-04
-3.600000000000000227e-04
-3.600000000000000227e-04
-3.600000000000000227e-04
-3.600000000000000227e-04
-3.600000000000000227e-04
-3.600000000000000227e-04
-3.600000000000000227e-04
-3.600000000000000227e-04
-3.600000000000000227e-04
-3.699999999999999947e-04
-3.699999999999999947e-04
-3.600000000000000227e-04
-3.600000000000000227e-04
-3.699999999999999947e-04
-3.699999999999999947e-04
-3.699999999999999947e-04
-3.699999999999999947e-04
-3.699999999999999947e-04
-3.699999999999999947e-04
-3.699999999999999947e-04
-3.699999999999999947e-04
-3.699999999999999947e-04
-3.699999999999999947e-04
-3.699999999999999947e-04
-3.699999999999999947e-04
-3.699999999999999947e-04
-3.699999999999999947e-04
-3.699999999999999947e-04
-3.699999999999999947e-04
-3.699999999999999947e-04
-3.699999999999999947e-04
-3.699999999999999947e-04
-3.699999999999999947e-04
-3.699999999999999947e-04
-3.699999999999999947e-04
-3.699999999999999947e-04
-3.699999999999999947e-04
-3.699999999999999947e-04
-3.699999999999999947e-04
-3.699999999999999947e-04
-3.699999999999999947e-04
-3.699999999999999947e-04
-3.699999999999999947e-04
-3.699999999999999947e-04
-3.699999999999999947e-04
-3.699999999999999947e-04
-3.699999999999999947e-04
-3.699999999999999947e-04
-3.699999999999999947e-04
-3.699999999999999947e-04
-3.699999999999999947e-04
-3.699999999999999947e-04
-3.699999999999999947e-04
-3.699999999999999947e-04
-3.699999999999999947e-04
-3.699999999999999947e-04
-3.699999999999999947e-04
-3.699999999999999947e-04
-3.699999999999999947e-04
-3.699999999999999947e-04
-3.699999999999999947e-04
-3.699999999999999947e-04
-3.699999999999999947e-04
-3.699999999999999947e-04
-3.699999999999999947e-04
-3.699999999999999947e-04
-3.699999999999999947e-04
-3.699999999999999947e-04
-3.699999999999999947e-04
-3.699999999999999947e-04
-3.699999999999999947e-04
-3.699999999999999947e-04
-3.699999999999999947e-04
-3.699999999999999947e-04
-3.699999999999999947e-04
-3.699999999999999947e-04
-3.699999999999999947e-04
-3.699999999999999947e-04
-3.699999999999999947e-04
-3.699999999999999947e-04
-3.699999999999999947e-04
-3.699999999999999947e-04
-3.699999999999999947e-04
-3.699999999999999947e-04
-3.699999999999999947e-04
-3.699999999999999947e-04
-3.699999999999999947e-04
-3.699999999999999947e-04
-3.699999999999999947e-04
-3.699999999999999947e-04
-3.699999999999999947e-04
-3.699999999999999947e-04
-3.699999999999999947e-04
-3.699999999999999947e-04
-3.699999999999999947e-04
-3.699999999999999947e-04
-3.699999999999999947e-04
-3.699999999999999947e-04
-3.699999999999999947e-04
-3.699999999999999947e-04
-3.699999999999999947e-04
-3.699999999999999947e-04
-3.699999999999999947e-04
-3.699999999999999947e-04
-3.699999999999999947e-04
-3.699999999999999947e-04
-3.699999999999999947e-04
-3.699999999999999947e-04
-3.699999999999999947e-04
-3.699999999999999947e-04
-3.699999999999999947e-04
-3.699999999999999947e-04
-3.699999999999999947e-04
-3.699999999999999947e-04
-3.699999999999999947e-04
-3.699999999999999947e-04
-3.699999999999999947e-04
-3.699999999999999947e-04
-3.699999999999999947e-04
-3.699999999999999947e-04
-3.699999999999999947e-04
-3.699999999999999947e-04
-3.699999999999999947e-04
-3.699999999999999947e-04
-3.699999999999999947e-04
-3.699999999999999947e-04
-3.699999999999999947e-04
-3.699999999999999947e-04
-3.699999999999999947e-04
-3.699999999999999947e-04
-3.699999999999999947e-04
-3.699999999999999947e-04
-3.699999999999999947e-04
-3.699999999999999947e-04
-3.699999999999999947e-04
-3.699999999999999947e-04
-3.699999999999999947e-04
-3.699999999999999947e-04
-3.699999999999999947e-04
-3.699999999999999947e-04
-3.699999999999999947e-04
-3.699999999999999947e-04
-3.699999999999999947e-04
-3.699999999999999947e-04
-3.699999999999999947e-04
-3.800000000000000209e-04
-3.800000000000000209e-04
-3.800000000000000209e-04
-3.800000000000000209e-04
-3.800000000000000209e-04
-3.800000000000000209e-04
-3.800000000000000209e-04
-3.800000000000000209e-04
-3.699999999999999947e-04
-3.699999999999999947e-04
-3.800000000000000209e-04
-3.699999999999999947e-04
-3.699999999999999947e-04
-3.699999999999999947e-04
-3.699999999999999947e-04
-3.699999999999999947e-04
-3.699999999999999947e-04
-3.699999999999999947e-04
-3.699999999999999947e-04
-3.699999999999999947e-04
-3.699999999999999947e-04
-3.699999999999999947e-04
-3.699999999999999947e-04
-3.699999999999999947e-04
-3.800000000000000209e-04
-3.800000000000000209e-04
-3.699999999999999947e-04
-3.800000000000000209e-04
-3.699999999999999947e-04
-3.699999999999999947e-04
-3.699999999999999947e-04
-3.699999999999999947e-04
-3.699999999999999947e-04
-3.699999999999999947e-04
-3.699999999999999947e-04
-3.699999999999999947e-04
-3.699999999999999947e-04
-3.699999999999999947e-04
-3.699999999999999947e-04
-3.699999999999999947e-04
-3.800000000000000209e-04
-3.800000000000000209e-04
-3.800000000000000209e-04
-3.800000000000000209e-04
-3.800000000000000209e-04
-3.800000000000000209e-04
-3.699999999999999947e-04
-3.699999999999999947e-04
-3.699999999999999947e-04
-3.699999999999999947e-04
-3.699999999999999947e-04
-3.699999999999999947e-04
-3.699999999999999947e-04
-3.699999999999999947e-04
-3.699999999999999947e-04
-3.699999999999999947e-04
-3.699999999999999947e-04
-3.699999999999999947e-04
-3.699999999999999947e-04
-3.699999999999999947e-04
-3.699999999999999947e-04
-3.699999999999999947e-04
-3.699999999999999947e-04
-3.699999999999999947e-04
-3.699999999999999947e-04
-3.699999999999999947e-04
-3.699999999999999947e-04
-3.699999999999999947e-04
-3.699999999999999947e-04
-3.699999999999999947e-04
-3.800000000000000209e-04
-3.800000000000000209e-04
-3.699999999999999947e-04
-3.699999999999999947e-04
-3.800000000000000209e-04
-3.800000000000000209e-04
-3.800000000000000209e-04
-3.699999999999999947e-04
-3.699999999999999947e-04
-3.699999999999999947e-04
-3.699999999999999947e-04
-3.699999999999999947e-04
-3.699999999999999947e-04
-3.699999999999999947e-04
-3.699999999999999947e-04
-3.800000000000000209e-04
-3.800000000000000209e-04
-3.699999999999999947e-04
-3.800000000000000209e-04
-3.800000000000000209e-04
-3.699999999999999947e-04
-3.699999999999999947e-04
-3.699999999999999947e-04
-3.699999999999999947e-04
-3.699999999999999947e-04
-3.699999999999999947e-04
-3.699999999999999947e-04
-3.699999999999999947e-04
-3.800000000000000209e-04
-3.800000000000000209e-04
-3.699999999999999947e-04
-3.699999999999999947e-04
-3.699999999999999947e-04
-3.800000000000000209e-04
-3.800000000000000209e-04
-3.699999999999999947e-04
-3.699999999999999947e-04
-3.800000000000000209e-04
-3.800000000000000209e-04
-3.800000000000000209e-04
-3.699999999999999947e-04
-3.699999999999999947e-04
-3.800000000000000209e-04
-3.800000000000000209e-04
-3.800000000000000209e-04
-3.699999999999999947e-04
-3.699999999999999947e-04
-3.800000000000000209e-04
-3.800000000000000209e-04
-3.699999999999999947e-04
-3.699999999999999947e-04
-3.699999999999999947e-04
-3.699999999999999947e-04
-3.699999999999999947e-04
-3.699999999999999947e-04
-3.699999999999999947e-04
-3.800000000000000209e-04
-3.800000000000000209e-04
-3.800000000000000209e-04
-3.800000000000000209e-04
-3.800000000000000209e-04
-3.800000000000000209e-04
-3.800000000000000209e-04
-3.800000000000000209e-04
-3.800000000000000209e-04
-3.800000000000000209e-04
-3.800000000000000209e-04
-3.800000000000000209e-04
-3.800000000000000209e-04
-3.699999999999999947e-04
-3.800000000000000209e-04
-3.800000000000000209e-04
-3.800000000000000209e-04
-3.800000000000000209e-04
-3.800000000000000209e-04
-3.800000000000000209e-04
-3.800000000000000209e-04
-3.800000000000000209e-04
-3.800000000000000209e-04
-3.800000000000000209e-04
-3.699999999999999947e-04
-3.699999999999999947e-04
-3.699999999999999947e-04
-3.800000000000000209e-04
-3.800000000000000209e-04
-3.800000000000000209e-04
-3.800000000000000209e-04
-3.800000000000000209e-04
-3.800000000000000209e-04
-3.800000000000000209e-04
-3.800000000000000209e-04
-3.800000000000000209e-04
-3.800000000000000209e-04
-3.800000000000000209e-04
-3.800000000000000209e-04
-3.800000000000000209e-04
-3.800000000000000209e-04
-3.800000000000000209e-04
-3.800000000000000209e-04
-3.800000000000000209e-04
-3.800000000000000209e-04
-3.800000000000000209e-04
-3.800000000000000209e-04
-3.800000000000000209e-04
-3.800000000000000209e-04
-3.800000000000000209e-04
-3.800000000000000209e-04
-3.800000000000000209e-04
-3.800000000000000209e-04
-3.800000000000000209e-04
-3.800000000000000209e-04
-3.800000000000000209e-04
-3.800000000000000209e-04
-3.800000000000000209e-04
-3.800000000000000209e-04
-3.800000000000000209e-04
-3.800000000000000209e-04
-3.800000000000000209e-04
-3.699999999999999947e-04
-3.699999999999999947e-04
-3.800000000000000209e-04
-3.800000000000000209e-04
-3.800000000000000209e-04
-3.800000000000000209e-04
-3.800000000000000209e-04
-3.800000000000000209e-04
-3.800000000000000209e-04
-3.800000000000000209e-04
-3.800000000000000209e-04
-3.800000000000000209e-04
-3.800000000000000209e-04
-3.800000000000000209e-04
-3.800000000000000209e-04
-3.800000000000000209e-04
-3.800000000000000209e-04
-3.800000000000000209e-04
-3.800000000000000209e-04
-3.800000000000000209e-04
-3.800000000000000209e-04
-3.800000000000000209e-04
-3.800000000000000209e-04
-3.800000000000000209e-04
-3.800000000000000209e-04
-3.800000000000000209e-04
-3.800000000000000209e-04
-3.800000000000000209e-04
-3.800000000000000209e-04
-3.800000000000000209e-04
-3.800000000000000209e-04
-3.800000000000000209e-04
-3.800000000000000209e-04
-3.699999999999999947e-04
-3.800000000000000209e-04
-3.800000000000000209e-04
-3.800000000000000209e-04
-3.800000000000000209e-04
-3.800000000000000209e-04
-3.800000000000000209e-04
-3.800000000000000209e-04
-3.800000000000000209e-04
-3.800000000000000209e-04
-3.800000000000000209e-04
-3.800000000000000209e-04
-3.800000000000000209e-04
-3.800000000000000209e-04
-3.800000000000000209e-04
-3.800000000000000209e-04
-3.800000000000000209e-04
-3.800000000000000209e-04
-3.800000000000000209e-04
-3.800000000000000209e-04
-3.800000000000000209e-04
-3.800000000000000209e-04
-3.800000000000000209e-04
-3.800000000000000209e-04
-3.800000000000000209e-04
-3.800000000000000209e-04
-3.800000000000000209e-04
-3.800000000000000209e-04
-3.800000000000000209e-04
-3.800000000000000209e-04
-3.800000000000000209e-04
-3.699999999999999947e-04
-3.699999999999999947e-04
-3.699999999999999947e-04
-3.800000000000000209e-04
-3.699999999999999947e-04
-3.699999999999999947e-04
-3.800000000000000209e-04
-3.800000000000000209e-04
-3.800000000000000209e-04
-3.800000000000000209e-04
-3.800000000000000209e-04
-3.800000000000000209e-04
-3.800000000000000209e-04
-3.800000000000000209e-04
-3.800000000000000209e-04
-3.800000000000000209e-04
-3.800000000000000209e-04
-3.800000000000000209e-04
-3.800000000000000209e-04
-3.800000000000000209e-04
-3.800000000000000209e-04
-3.800000000000000209e-04
-3.800000000000000209e-04
-3.800000000000000209e-04
-3.800000000000000209e-04
-3.800000000000000209e-04
-3.800000000000000209e-04
-3.800000000000000209e-04
-3.800000000000000209e-04
-3.800000000000000209e-04
-3.800000000000000209e-04
-3.800000000000000209e-04
-3.800000000000000209e-04
-3.800000000000000209e-04
-3.800000000000000209e-04
-3.800000000000000209e-04
-3.800000000000000209e-04
-3.800000000000000209e-04
-3.800000000000000209e-04
-3.800000000000000209e-04
-3.800000000000000209e-04
-3.800000000000000209e-04
-3.800000000000000209e-04
-3.800000000000000209e-04
-3.800000000000000209e-04
-3.800000000000000209e-04
-3.800000000000000209e-04
-3.800000000000000209e-04
-3.800000000000000209e-04
-3.800000000000000209e-04
-3.800000000000000209e-04
-3.800000000000000209e-04
-3.800000000000000209e-04
-3.800000000000000209e-04
-3.699999999999999947e-04
-3.699999999999999947e-04
-3.699999999999999947e-04
-3.800000000000000209e-04
-3.800000000000000209e-04
-3.800000000000000209e-04
-3.800000000000000209e-04
-3.800000000000000209e-04
-3.800000000000000209e-04
-3.800000000000000209e-04
-3.800000000000000209e-04
-3.800000000000000209e-04
-3.800000000000000209e-04
-3.800000000000000209e-04
-3.800000000000000209e-04
-3.800000000000000209e-04
-3.800000000000000209e-04
-3.800000000000000209e-04
-3.800000000000000209e-04
-3.800000000000000209e-04
-3.800000000000000209e-04
-3.800000000000000209e-04
-3.800000000000000209e-04
-3.800000000000000209e-04
-3.800000000000000209e-04
-3.800000000000000209e-04
-3.800000000000000209e-04
-3.800000000000000209e-04
-3.699999999999999947e-04
-3.800000000000000209e-04
-3.800000000000000209e-04
-3.800000000000000209e-04
-3.800000000000000209e-04
-3.800000000000000209e-04
-3.800000000000000209e-04
-3.800000000000000209e-04
-3.800000000000000209e-04
-3.800000000000000209e-04
-3.800000000000000209e-04
-3.800000000000000209e-04
-3.800000000000000209e-04
-3.800000000000000209e-04
-3.800000000000000209e-04
-3.800000000000000209e-04
-3.800000000000000209e-04
-3.800000000000000209e-04
-3.800000000000000209e-04
-3.800000000000000209e-04
-3.800000000000000209e-04
-3.800000000000000209e-04
-3.800000000000000209e-04
-3.800000000000000209e-04
-3.800000000000000209e-04
-3.800000000000000209e-04
-3.800000000000000209e-04
-3.800000000000000209e-04
-3.800000000000000209e-04
-3.800000000000000209e-04
-3.800000000000000209e-04
-3.800000000000000209e-04
-3.800000000000000209e-04
-3.800000000000000209e-04
-3.800000000000000209e-04
-3.800000000000000209e-04
-3.800000000000000209e-04
-3.800000000000000209e-04
-3.800000000000000209e-04
-3.800000000000000209e-04
-3.800000000000000209e-04
-3.800000000000000209e-04
-3.800000000000000209e-04
-3.800000000000000209e-04
-3.800000000000000209e-04
-3.800000000000000209e-04
-3.800000000000000209e-04
-3.800000000000000209e-04
-3.800000000000000209e-04
-3.800000000000000209e-04
-3.800000000000000209e-04
-3.800000000000000209e-04
-3.800000000000000209e-04
-3.800000000000000209e-04
-3.800000000000000209e-04
-3.800000000000000209e-04
-3.800000000000000209e-04
-3.800000000000000209e-04
-3.800000000000000209e-04
-3.800000000000000209e-04
-3.800000000000000209e-04
-3.800000000000000209e-04
-3.800000000000000209e-04
-3.800000000000000209e-04
-3.699999999999999947e-04
-3.800000000000000209e-04
-3.800000000000000209e-04
-3.800000000000000209e-04
-3.800000000000000209e-04
-3.800000000000000209e-04
-3.800000000000000209e-04
-3.800000000000000209e-04
-3.800000000000000209e-04
-3.800000000000000209e-04
-3.800000000000000209e-04
-3.800000000000000209e-04
-3.800000000000000209e-04
-3.800000000000000209e-04
-3.800000000000000209e-04
-3.800000000000000209e-04
-3.800000000000000209e-04
-3.800000000000000209e-04
-3.800000000000000209e-04
-3.800000000000000209e-04
-3.800000000000000209e-04
-3.800000000000000209e-04
-3.800000000000000209e-04
-3.800000000000000209e-04
-3.800000000000000209e-04
-3.800000000000000209e-04
-3.800000000000000209e-04
-3.800000000000000209e-04
-3.800000000000000209e-04
-3.800000000000000209e-04
-3.800000000000000209e-04
-3.800000000000000209e-04
-3.800000000000000209e-04
