2.095115000000000014e-05
2.098095000000000111e-05
2.101447999999999874e-05
2.105545999999999915e-05
2.109270999999999951e-05
2.112995999999999988e-05
2.116349000000000089e-05
2.119328999999999847e-05
2.121564000000000005e-05
2.123426999999999888e-05
2.124544999999999833e-05
2.124917000000000106e-05
2.124917000000000106e-05
2.124917000000000106e-05
2.124544999999999833e-05
2.123799999999999893e-05
2.123054999999999954e-05
2.123054999999999954e-05
2.123426999999999888e-05
2.123799999999999893e-05
2.124544999999999833e-05
2.125290000000000111e-05
2.126406999999999985e-05
2.127524999999999929e-05
2.128269999999999869e-05
2.129760000000000087e-05
2.130878000000000031e-05
2.131622999999999970e-05
2.132739999999999845e-05
2.133858000000000128e-05
2.134976000000000072e-05
2.136092999999999946e-05
2.137210999999999891e-05
2.138328000000000104e-05
2.139446000000000048e-05
2.140562999999999922e-05
2.141308999999999932e-05
2.142426000000000145e-05
2.143171000000000084e-05
2.143916000000000024e-05
2.145033999999999968e-05
2.146150999999999842e-05
2.147641000000000060e-05
2.149503999999999944e-05
2.151367000000000166e-05
2.153601999999999985e-05
2.156210000000000147e-05
2.159561999999999840e-05
2.162543000000000006e-05
2.165523000000000103e-05
2.168130999999999927e-05
2.170738000000000019e-05
2.172972999999999837e-05
2.175209000000000064e-05
2.176698999999999943e-05
2.178561000000000096e-05
2.179306000000000036e-05
2.180423999999999980e-05
2.181541999999999924e-05
2.181541999999999924e-05
2.181541999999999924e-05
2.181541999999999924e-05
2.181541999999999924e-05
2.181541999999999924e-05
2.181913999999999859e-05
2.183032000000000142e-05
2.184522000000000021e-05
2.186011999999999900e-05
2.187875000000000122e-05
2.190109999999999941e-05
2.192718000000000103e-05
2.195697999999999861e-05
2.197933000000000018e-05
2.200913000000000115e-05
2.203892999999999873e-05
2.206501000000000035e-05
2.208735999999999854e-05
2.210599000000000076e-05
2.212833999999999895e-05
2.214697000000000117e-05
2.217676999999999875e-05
2.220656999999999972e-05
2.223637000000000069e-05
2.226617999999999897e-05
2.229597999999999994e-05
2.232951000000000095e-05
2.235930999999999853e-05
2.238910999999999950e-05
2.241891000000000047e-05
2.244498999999999870e-05
2.247107000000000032e-05
2.249341999999999851e-05
2.250832000000000069e-05
2.251577000000000008e-05
2.251577000000000008e-05
2.251950000000000013e-05
2.253066999999999887e-05
2.254557000000000105e-05
2.255302000000000045e-05
2.256046999999999984e-05
2.255675000000000049e-05
2.254930000000000110e-05
2.254930000000000110e-05
2.255675000000000049e-05
2.256419999999999989e-05
2.257164999999999928e-05
2.257909999999999868e-05
2.258655000000000146e-05
2.259400000000000086e-05
2.260889999999999965e-05
2.261634999999999904e-05
2.262752999999999848e-05
2.263498000000000127e-05
2.264243000000000066e-05
2.264616000000000071e-05
2.266105999999999950e-05
2.267223000000000163e-05
2.267968000000000102e-05
2.268713000000000042e-05
2.269086000000000047e-05
2.270203999999999991e-05
2.271320999999999865e-05
2.272811000000000083e-05
2.273556000000000023e-05
2.273929000000000027e-05
2.274673999999999967e-05
2.274673999999999967e-05
2.275045999999999902e-05
2.274673999999999967e-05
2.273929000000000027e-05
2.273556000000000023e-05
2.273556000000000023e-05
2.273184000000000088e-05
2.272811000000000083e-05
2.272439000000000148e-05
2.272439000000000148e-05
2.272811000000000083e-05
2.273556000000000023e-05
2.273929000000000027e-05
2.275418999999999906e-05
2.276909000000000124e-05
2.278399000000000003e-05
2.279888999999999882e-05
2.281379000000000100e-05
2.283241999999999984e-05
2.284359999999999928e-05
2.285850000000000146e-05
2.286595000000000085e-05
2.288084999999999964e-05
2.289574999999999843e-05
2.291438000000000066e-05
2.292554999999999940e-05
2.294418000000000163e-05
2.295908000000000042e-05
2.297397999999999921e-05
2.298888000000000138e-05
2.299633000000000078e-05
2.300378000000000017e-05
2.300751000000000022e-05
2.301122999999999957e-05
2.301122999999999957e-05
2.301495999999999962e-05
2.301868999999999966e-05
2.301868999999999966e-05
2.302240999999999901e-05
2.302613999999999906e-05
2.303358999999999845e-05
2.304476000000000059e-05
2.305220999999999998e-05
2.306338999999999942e-05
2.307083999999999882e-05
2.307829000000000160e-05
2.308202000000000165e-05
2.308574000000000100e-05
2.308574000000000100e-05
2.308202000000000165e-05
2.307829000000000160e-05
2.307083999999999882e-05
2.306338999999999942e-05
2.305594000000000003e-05
2.305220999999999998e-05
2.304476000000000059e-05
2.303731000000000119e-05
2.302985999999999841e-05
2.302240999999999901e-05
2.301868999999999966e-05
2.301495999999999962e-05
2.300751000000000022e-05
2.300751000000000022e-05
2.300751000000000022e-05
2.301122999999999957e-05
2.301868999999999966e-05
2.302240999999999901e-05
2.302985999999999841e-05
2.304104000000000124e-05
2.305220999999999998e-05
2.306338999999999942e-05
2.307829000000000160e-05
2.308947000000000104e-05
2.310063999999999979e-05
2.311181999999999923e-05
2.311553999999999858e-05
2.311553999999999858e-05
2.311553999999999858e-05
2.311553999999999858e-05
2.311181999999999923e-05
2.311181999999999923e-05
2.311181999999999923e-05
2.311553999999999858e-05
2.311926999999999862e-05
2.313044000000000075e-05
2.314162000000000020e-05
2.315279999999999964e-05
2.316769999999999843e-05
2.317887000000000056e-05
2.319005000000000000e-05
2.320121999999999875e-05
2.321240000000000158e-05
2.321613000000000162e-05
2.321985000000000097e-05
2.322730000000000037e-05
2.323103000000000041e-05
2.323474999999999976e-05
2.324219999999999916e-05
2.324219999999999916e-05
2.324219999999999916e-05
2.324219999999999916e-05
2.324219999999999916e-05
2.323847999999999981e-05
2.323103000000000041e-05
2.322358000000000102e-05
2.321240000000000158e-05
2.320867000000000153e-05
2.319749999999999940e-05
2.319005000000000000e-05
2.317887000000000056e-05
2.317515000000000121e-05
2.317142000000000117e-05
2.317142000000000117e-05
2.316769999999999843e-05
2.316769999999999843e-05
2.317142000000000117e-05
2.317142000000000117e-05
2.317142000000000117e-05
2.317142000000000117e-05
2.316769999999999843e-05
2.317142000000000117e-05
2.317142000000000117e-05
2.317142000000000117e-05
2.317142000000000117e-05
2.317515000000000121e-05
2.317515000000000121e-05
2.317515000000000121e-05
2.317515000000000121e-05
2.317515000000000121e-05
2.317887000000000056e-05
2.317887000000000056e-05
2.317887000000000056e-05
2.318260000000000061e-05
2.318260000000000061e-05
2.319005000000000000e-05
2.319376999999999935e-05
2.320121999999999875e-05
2.320867000000000153e-05
2.321240000000000158e-05
2.321985000000000097e-05
2.322730000000000037e-05
2.323474999999999976e-05
2.324219999999999916e-05
2.324964999999999855e-05
2.326083000000000138e-05
2.326828000000000078e-05
2.327573000000000017e-05
2.329062999999999896e-05
2.330180999999999840e-05
2.331298000000000053e-05
2.332787999999999932e-05
2.334278999999999881e-05
2.335769000000000099e-05
2.336885999999999974e-05
2.338003999999999918e-05
2.339121000000000131e-05
2.339866000000000070e-05
2.340239000000000075e-05
2.340239000000000075e-05
2.340239000000000075e-05
2.339866000000000070e-05
2.338748999999999857e-05
2.337630999999999913e-05
2.336885999999999974e-05
2.335769000000000099e-05
2.334651000000000155e-05
2.333905999999999877e-05
2.333160999999999937e-05
2.332042999999999993e-05
2.331298000000000053e-05
2.330180999999999840e-05
2.329062999999999896e-05
2.327573000000000017e-05
2.326828000000000078e-05
2.325337999999999860e-05
2.324219999999999916e-05
2.323474999999999976e-05
2.322358000000000102e-05
2.321240000000000158e-05
2.321240000000000158e-05
2.320494999999999879e-05
2.320494999999999879e-05
2.320494999999999879e-05
2.320494999999999879e-05
2.320494999999999879e-05
2.320494999999999879e-05
2.320121999999999875e-05
2.320121999999999875e-05
2.320121999999999875e-05
2.320121999999999875e-05
2.320494999999999879e-05
2.321240000000000158e-05
2.322358000000000102e-05
2.323847999999999981e-05
2.324964999999999855e-05
2.326828000000000078e-05
2.327946000000000022e-05
2.329807999999999836e-05
2.330926000000000119e-05
2.332415999999999998e-05
2.333160999999999937e-05
2.333905999999999877e-05
2.334278999999999881e-05
2.334278999999999881e-05
2.334651000000000155e-05
2.334278999999999881e-05
2.334278999999999881e-05
2.333905999999999877e-05
2.333532999999999872e-05
2.332787999999999932e-05
2.332042999999999993e-05
2.331298000000000053e-05
2.330926000000000119e-05
2.330553000000000114e-05
2.330553000000000114e-05
2.330180999999999840e-05
2.329807999999999836e-05
2.329807999999999836e-05
2.330180999999999840e-05
2.330180999999999840e-05
2.330553000000000114e-05
2.330553000000000114e-05
2.330553000000000114e-05
2.330553000000000114e-05
2.330553000000000114e-05
2.330553000000000114e-05
2.330553000000000114e-05
2.330180999999999840e-05
2.329435999999999901e-05
2.328690999999999961e-05
2.327946000000000022e-05
2.327573000000000017e-05
2.327573000000000017e-05
2.327200000000000012e-05
2.327573000000000017e-05
2.327573000000000017e-05
2.327946000000000022e-05
2.328690999999999961e-05
2.329435999999999901e-05
2.330180999999999840e-05
2.330553000000000114e-05
2.331298000000000053e-05
2.331671000000000058e-05
2.332415999999999998e-05
2.332415999999999998e-05
2.332415999999999998e-05
2.332042999999999993e-05
2.331671000000000058e-05
2.331298000000000053e-05
2.330553000000000114e-05
2.329807999999999836e-05
2.328317999999999957e-05
2.327573000000000017e-05
2.326083000000000138e-05
2.324964999999999855e-05
2.324219999999999916e-05
2.323474999999999976e-05
2.322730000000000037e-05
2.322358000000000102e-05
2.322358000000000102e-05
2.322730000000000037e-05
2.323474999999999976e-05
2.324219999999999916e-05
2.325337999999999860e-05
2.326828000000000078e-05
2.328317999999999957e-05
2.330180999999999840e-05
2.332042999999999993e-05
2.333905999999999877e-05
2.336141000000000034e-05
2.338003999999999918e-05
2.340239000000000075e-05
2.342846999999999898e-05
2.344709000000000051e-05
2.346571999999999935e-05
2.348807000000000092e-05
2.350296999999999971e-05
2.352159999999999855e-05
2.352905000000000133e-05
2.354023000000000077e-05
2.355139999999999952e-05
2.355884999999999891e-05
2.355884999999999891e-05
2.355884999999999891e-05
2.355884999999999891e-05
2.355884999999999891e-05
2.355512999999999956e-05
2.354768000000000017e-05
2.354023000000000077e-05
2.352905000000000133e-05
2.352159999999999855e-05
2.351041999999999911e-05
2.349552000000000032e-05
2.348435000000000157e-05
2.346944999999999939e-05
2.346198999999999930e-05
2.345082000000000056e-05
2.344337000000000116e-05
2.343591999999999838e-05
2.343218999999999833e-05
2.342473999999999894e-05
2.342101999999999959e-05
2.341728999999999954e-05
2.340984000000000015e-05
2.340612000000000080e-05
2.340239000000000075e-05
2.340239000000000075e-05
2.340239000000000075e-05
2.340239000000000075e-05
2.340239000000000075e-05
2.340239000000000075e-05
2.340239000000000075e-05
2.340239000000000075e-05
2.340239000000000075e-05
2.340612000000000080e-05
2.340612000000000080e-05
2.340612000000000080e-05
2.340984000000000015e-05
2.340984000000000015e-05
2.341357000000000019e-05
2.341357000000000019e-05
2.340984000000000015e-05
2.340612000000000080e-05
2.340239000000000075e-05
2.339494000000000136e-05
2.338375999999999853e-05
2.337258999999999978e-05
2.336141000000000034e-05
2.334651000000000155e-05
2.333532999999999872e-05
2.332042999999999993e-05
2.330553000000000114e-05
2.329062999999999896e-05
2.327573000000000017e-05
2.326828000000000078e-05
2.326083000000000138e-05
2.325337999999999860e-05
2.324964999999999855e-05
2.324592999999999920e-05
2.324592999999999920e-05
2.324964999999999855e-05
2.325710000000000133e-05
2.326455000000000073e-05
2.327200000000000012e-05
2.327573000000000017e-05
2.328690999999999961e-05
2.329435999999999901e-05
2.330553000000000114e-05
2.330926000000000119e-05
2.331671000000000058e-05
2.332415999999999998e-05
2.332787999999999932e-05
2.333160999999999937e-05
2.333160999999999937e-05
2.333160999999999937e-05
2.332787999999999932e-05
2.332415999999999998e-05
2.332042999999999993e-05
2.331298000000000053e-05
2.330553000000000114e-05
2.329807999999999836e-05
2.328690999999999961e-05
2.327573000000000017e-05
2.326828000000000078e-05
2.325337999999999860e-05
2.324592999999999920e-05
2.323847999999999981e-05
2.323103000000000041e-05
2.322358000000000102e-05
2.321985000000000097e-05
2.321240000000000158e-05
2.321240000000000158e-05
2.320867000000000153e-05
2.320121999999999875e-05
2.319749999999999940e-05
2.319376999999999935e-05
2.318631999999999996e-05
2.318260000000000061e-05
2.317887000000000056e-05
2.317887000000000056e-05
2.317515000000000121e-05
2.317515000000000121e-05
2.317515000000000121e-05
2.317142000000000117e-05
2.317515000000000121e-05
2.317515000000000121e-05
2.317515000000000121e-05
2.317515000000000121e-05
2.317515000000000121e-05
2.317515000000000121e-05
2.317515000000000121e-05
2.317515000000000121e-05
2.317515000000000121e-05
2.317142000000000117e-05
2.316396999999999838e-05
2.316024999999999903e-05
2.315279999999999964e-05
2.314535000000000024e-05
2.313417000000000080e-05
2.311926999999999862e-05
2.310808999999999918e-05
2.309319000000000039e-05
2.308202000000000165e-05
2.306710999999999877e-05
2.305220999999999998e-05
2.303731000000000119e-05
2.302240999999999901e-05
2.300378000000000017e-05
2.298888000000000138e-05
2.296652999999999981e-05
2.295163000000000102e-05
2.293299999999999880e-05
2.291810000000000001e-05
2.290320000000000122e-05
2.289202999999999908e-05
2.288456999999999899e-05
2.287711999999999960e-05
2.286967000000000020e-05
2.286595000000000085e-05
2.286595000000000085e-05
2.286595000000000085e-05
2.286222000000000081e-05
2.286222000000000081e-05
2.286222000000000081e-05
2.286222000000000081e-05
2.286595000000000085e-05
2.286595000000000085e-05
2.286595000000000085e-05
2.286967000000000020e-05
2.287340000000000025e-05
2.287711999999999960e-05
2.287711999999999960e-05
2.288084999999999964e-05
2.288456999999999899e-05
2.288456999999999899e-05
2.288456999999999899e-05
2.288084999999999964e-05
2.287711999999999960e-05
2.287340000000000025e-05
2.286222000000000081e-05
2.285477000000000141e-05
2.283986999999999923e-05
2.282870000000000049e-05
2.281007000000000165e-05
2.279516999999999947e-05
2.277282000000000129e-05
2.275790999999999841e-05
2.273556000000000023e-05
2.272066000000000144e-05
2.270575999999999926e-05
2.269086000000000047e-05
2.267596000000000168e-05
2.266850999999999889e-05
2.265732999999999945e-05
2.264988000000000006e-05
2.264243000000000066e-05
2.264243000000000066e-05
2.263498000000000127e-05
2.263125000000000122e-05
2.262752999999999848e-05
2.262007999999999909e-05
2.261634999999999904e-05
2.261262999999999969e-05
2.260889999999999965e-05
2.260889999999999965e-05
2.260518000000000030e-05
2.260145000000000025e-05
2.259773000000000090e-05
2.259773000000000090e-05
2.259400000000000086e-05
2.259028000000000151e-05
2.258282999999999872e-05
2.257909999999999868e-05
2.256792999999999993e-05
2.255675000000000049e-05
2.254557000000000105e-05
2.252694999999999952e-05
2.250832000000000069e-05
2.248968999999999846e-05
2.247107000000000032e-05
2.245244000000000149e-05
2.243008999999999991e-05
2.241519000000000112e-05
2.239655999999999890e-05
2.238166000000000011e-05
2.236303000000000127e-05
2.234812999999999909e-05
2.233323000000000030e-05
2.231833000000000151e-05
2.229969999999999929e-05
2.228480000000000050e-05
2.226617999999999897e-05
2.225128000000000018e-05
2.223637000000000069e-05
2.222519999999999856e-05
2.221029999999999977e-05
2.219912000000000033e-05
2.218795000000000158e-05
2.217303999999999871e-05
2.216558999999999931e-05
2.215069000000000052e-05
2.213951999999999839e-05
2.213578999999999834e-05
2.212461999999999960e-05
2.211344000000000016e-05
2.210226000000000072e-05
2.209481000000000132e-05
2.208363999999999919e-05
2.207618999999999979e-05
2.207245999999999975e-05
2.207245999999999975e-05
2.206874000000000040e-05
2.206874000000000040e-05
2.206874000000000040e-05
2.206874000000000040e-05
2.207245999999999975e-05
2.207245999999999975e-05
2.207245999999999975e-05
2.207245999999999975e-05
2.207245999999999975e-05
2.207618999999999979e-05
2.207618999999999979e-05
2.207990999999999914e-05
2.207990999999999914e-05
2.208363999999999919e-05
2.208363999999999919e-05
2.208735999999999854e-05
2.209108999999999858e-05
2.209108999999999858e-05
2.209481000000000132e-05
2.209854000000000137e-05
2.209854000000000137e-05
2.210226000000000072e-05
2.210226000000000072e-05
2.210599000000000076e-05
2.211344000000000016e-05
2.211715999999999951e-05
2.212088999999999955e-05
2.212833999999999895e-05
2.212833999999999895e-05
2.213206999999999900e-05
2.213206999999999900e-05
2.212833999999999895e-05
2.212461999999999960e-05
2.212088999999999955e-05
2.211344000000000016e-05
2.210971000000000011e-05
2.210226000000000072e-05
2.209481000000000132e-05
2.208735999999999854e-05
2.207990999999999914e-05
2.207245999999999975e-05
2.206129000000000100e-05
2.205011000000000156e-05
2.203892999999999873e-05
2.202775999999999999e-05
2.201286000000000120e-05
2.200167999999999837e-05
2.198677999999999958e-05
2.197560000000000014e-05
2.196443000000000139e-05
2.194952999999999921e-05
2.194207999999999982e-05
2.193090000000000038e-05
2.192345000000000098e-05
2.191600000000000159e-05
2.191600000000000159e-05
2.191227000000000154e-05
2.191227000000000154e-05
2.191227000000000154e-05
2.191227000000000154e-05
2.191227000000000154e-05
2.191227000000000154e-05
2.191227000000000154e-05
2.191227000000000154e-05
2.190854999999999880e-05
2.190481999999999876e-05
2.189736999999999936e-05
2.188991999999999997e-05
2.188247000000000057e-05
2.187502000000000118e-05
2.186384999999999905e-05
2.185266999999999960e-05
2.184149000000000016e-05
2.183032000000000142e-05
2.181913999999999859e-05
2.181168999999999919e-05
2.180423999999999980e-05
2.179679000000000040e-05
2.179306000000000036e-05
2.178934000000000101e-05
2.178934000000000101e-05
2.178934000000000101e-05
2.178561000000000096e-05
2.178561000000000096e-05
2.178561000000000096e-05
2.178189000000000161e-05
2.177816000000000157e-05
2.177070999999999878e-05
2.175954000000000004e-05
2.175209000000000064e-05
2.173718999999999847e-05
2.172600999999999902e-05
2.171482999999999958e-05
2.169993000000000079e-05
2.168502999999999861e-05
2.166268000000000043e-05
2.164405000000000159e-05
2.162543000000000006e-05
2.159934999999999844e-05
2.157327000000000021e-05
2.155091999999999864e-05
2.152484000000000041e-05
2.149503999999999944e-05
2.146896000000000121e-05
2.143916000000000024e-05
2.140935999999999927e-05
2.138701000000000108e-05
2.136092999999999946e-05
2.133485000000000123e-05
2.130878000000000031e-05
2.127896999999999864e-05
2.124917000000000106e-05
2.121937000000000009e-05
2.118956999999999913e-05
2.116722000000000094e-05
2.114113999999999932e-05
2.111879000000000113e-05
2.110388999999999896e-05
2.108897999999999947e-05
2.107408000000000068e-05
2.105917999999999850e-05
2.105172999999999910e-05
2.104056000000000036e-05
2.102565000000000087e-05
2.101074999999999869e-05
2.099213000000000055e-05
2.097722999999999838e-05
2.095486999999999949e-05
2.093252000000000131e-05
2.090645000000000039e-05
2.088782000000000155e-05
2.086546999999999998e-05
2.084684000000000114e-05
2.083193999999999896e-05
2.081704000000000017e-05
2.080586000000000073e-05
2.080214000000000138e-05
2.079468999999999860e-05
2.078350999999999915e-05
2.077605999999999976e-05
2.076488000000000032e-05
2.074625999999999879e-05
2.072762999999999995e-05
2.070154999999999833e-05
2.067548000000000080e-05
2.064194999999999978e-05
2.061214999999999882e-05
2.057489000000000114e-05
2.054509000000000017e-05
2.051528999999999920e-05
2.048549000000000162e-05
2.045941000000000000e-05
2.043705999999999843e-05
2.041842999999999959e-05
2.039608000000000141e-05
2.037744999999999918e-05
2.035883000000000104e-05
2.034019999999999882e-05
2.031785000000000063e-05
2.029549999999999906e-05
2.028060000000000027e-05
2.026197000000000143e-05
2.024706999999999926e-05
2.023217000000000047e-05
2.021354000000000163e-05
2.019863999999999945e-05
2.018001000000000061e-05
2.016138999999999909e-05
2.013904000000000090e-05
2.011295999999999928e-05
2.008688000000000105e-05
2.006079999999999943e-05
2.003099999999999846e-05
2.000493000000000093e-05
1.997511999999999926e-05
1.994904999999999834e-05
1.991924000000000006e-05
1.990061999999999853e-05
1.988198999999999969e-05
1.985964000000000151e-05
1.984100999999999928e-05
1.982239000000000115e-05
1.979630999999999953e-05
1.977396000000000134e-05
1.974414999999999967e-05
1.971434999999999870e-05
1.968082999999999839e-05
1.964730000000000076e-05
1.961003999999999970e-05
1.958023999999999873e-05
1.954671000000000110e-05
1.951691000000000013e-05
1.948337999999999912e-05
1.945358000000000154e-05
1.942378000000000057e-05
1.939769999999999895e-05
1.937163000000000142e-05
1.934554999999999980e-05
1.932320000000000161e-05
1.929711999999999999e-05
1.927849000000000115e-05
1.925613999999999958e-05
1.923752000000000144e-05
1.921888999999999922e-05
1.919654000000000103e-05
1.917790999999999881e-05
1.915927999999999997e-05
1.914065999999999844e-05
1.911831000000000026e-05
1.909595000000000137e-05
1.907359999999999980e-05
1.905125000000000161e-05
1.902890000000000004e-05
1.900281999999999842e-05
1.898047000000000024e-05
1.895811999999999866e-05
1.893204000000000043e-05
1.890223999999999946e-05
1.887989000000000128e-05
1.885753999999999970e-05
1.883891000000000087e-05
1.881282999999999924e-05
1.879421000000000111e-05
1.877557999999999888e-05
1.875695000000000004e-05
1.874205000000000125e-05
1.871969999999999968e-05
1.870480000000000089e-05
1.868616999999999867e-05
1.867126999999999988e-05
1.864892000000000169e-05
1.863401999999999951e-05
1.861539000000000067e-05
1.859303999999999910e-05
1.857814000000000031e-05
1.855578999999999874e-05
1.853715999999999990e-05
1.852226000000000111e-05
1.849990999999999954e-05
1.848128000000000070e-05
1.846265999999999917e-05
1.844403000000000034e-05
1.842540000000000150e-05
1.840304999999999993e-05
1.838442000000000109e-05
1.836206999999999952e-05
1.833972000000000133e-05
1.832108999999999910e-05
1.829874000000000092e-05
1.827267000000000000e-05
1.825031000000000111e-05
1.823168999999999959e-05
1.820934000000000140e-05
1.818697999999999913e-05
1.816836000000000099e-05
1.814600999999999942e-05
1.812738000000000058e-05
1.810874999999999836e-05
1.808640000000000017e-05
1.806777000000000133e-05
1.804541999999999976e-05
1.802307000000000158e-05
1.799698999999999995e-05
1.797091999999999903e-05
1.794484000000000080e-05
1.791875999999999918e-05
1.789269000000000165e-05
1.787032999999999937e-05
1.784798000000000119e-05
1.782562999999999962e-05
1.780700000000000078e-05
1.779209999999999860e-05
1.777348000000000046e-05
1.775858000000000167e-05
1.773621999999999940e-05
1.772132000000000061e-05
1.770269999999999908e-05
1.768407000000000025e-05
1.766917000000000146e-05
1.765053999999999923e-05
1.763192000000000109e-05
1.761328999999999887e-05
1.759839000000000008e-05
1.757603999999999850e-05
1.756112999999999901e-05
1.754251000000000088e-05
1.752387999999999865e-05
1.750153000000000047e-05
1.747917999999999889e-05
1.746055000000000006e-05
1.744192999999999853e-05
1.742329999999999969e-05
1.740467000000000086e-05
1.738604999999999933e-05
1.737115000000000054e-05
1.735251999999999831e-05
1.733761999999999952e-05
1.732272000000000073e-05
1.731154000000000129e-05
1.729663999999999911e-05
1.728918999999999972e-05
1.727429000000000093e-05
1.725938999999999875e-05
1.725193999999999935e-05
1.723702999999999986e-05
1.722586000000000112e-05
1.721095999999999894e-05
1.719233000000000011e-05
1.717743000000000132e-05
1.715879999999999909e-05
1.713273000000000156e-05
1.711036999999999929e-05
1.708056999999999832e-05
1.705077000000000074e-05
1.702096999999999977e-05
1.699116999999999880e-05
1.695764000000000117e-05
1.692784000000000020e-05
1.689802999999999854e-05
1.687196000000000100e-05
1.684587999999999938e-05
1.682353000000000120e-05
1.680117999999999962e-05
1.677882000000000074e-05
1.675646999999999917e-05
1.674157000000000038e-05
1.672294000000000154e-05
1.670803999999999936e-05
1.669314000000000057e-05
1.668569000000000118e-05
1.667823999999999839e-05
1.667451999999999905e-05
1.667823999999999839e-05
1.668569000000000118e-05
1.669687000000000062e-05
1.671548999999999876e-05
1.673040000000000163e-05
1.674901999999999977e-05
1.677137000000000135e-05
1.679000000000000018e-05
1.680862999999999902e-05
1.682353000000000120e-05
1.683842999999999999e-05
1.684959999999999873e-05
1.686078000000000156e-05
1.686823000000000096e-05
1.687568000000000035e-05
1.687568000000000035e-05
1.687941000000000040e-05
1.687941000000000040e-05
1.687568000000000035e-05
1.687568000000000035e-05
1.687196000000000100e-05
1.686451000000000161e-05
1.685705999999999883e-05
1.684959999999999873e-05
1.684214999999999934e-05
1.683469999999999994e-05
1.682353000000000120e-05
1.681234999999999837e-05
1.680117999999999962e-05
1.678627000000000014e-05
1.677510000000000139e-05
1.675646999999999917e-05
1.674157000000000038e-05
1.671921999999999880e-05
1.670432000000000001e-05
1.668569000000000118e-05
1.666706999999999965e-05
1.664844000000000081e-05
1.662235999999999919e-05
1.660374000000000105e-05
1.658137999999999878e-05
1.655903000000000060e-05
1.653667999999999902e-05
1.651433000000000084e-05
1.649569999999999861e-05
1.647335000000000043e-05
1.645099999999999885e-05
1.643237000000000002e-05
1.640628999999999840e-05
1.638767000000000026e-05
1.636904000000000142e-05
1.634295999999999980e-05
1.632434000000000166e-05
1.630570999999999944e-05
1.629081000000000065e-05
1.627590999999999847e-05
1.625727999999999963e-05
1.624238000000000084e-05
1.622747999999999866e-05
1.621630999999999992e-05
1.620140000000000043e-05
1.618650000000000164e-05
1.617532999999999951e-05
1.615670000000000067e-05
1.614552000000000123e-05
1.612689999999999970e-05
1.611200000000000091e-05
1.609336999999999869e-05
1.607846999999999990e-05
1.605611999999999833e-05
1.603748999999999949e-05
1.601514000000000130e-05
1.598905999999999968e-05
1.596298999999999876e-05
1.593691000000000053e-05
1.590710999999999956e-05
1.588103000000000133e-05
1.585494999999999971e-05
1.582514999999999874e-05
1.579907000000000051e-05
1.577299999999999959e-05
1.575064000000000070e-05
1.573201999999999918e-05
1.570967000000000099e-05
1.569103999999999876e-05
1.567240999999999993e-05
1.566124000000000118e-05
1.564633999999999901e-05
1.563515999999999956e-05
1.562026000000000077e-05
1.560908000000000133e-05
1.559417999999999915e-05
1.558301000000000041e-05
1.557183000000000097e-05
1.555319999999999874e-05
1.554203000000000000e-05
1.552340000000000116e-05
1.551222999999999903e-05
1.549731999999999954e-05
1.548242000000000075e-05
1.546751999999999857e-05
1.545261999999999978e-05
1.543399000000000095e-05
1.541908999999999877e-05
1.540418999999999998e-05
1.538929000000000119e-05
1.536693999999999961e-05
1.535204000000000082e-05
1.533340999999999860e-05
1.531477999999999976e-05
1.529616000000000162e-05
1.527752999999999940e-05
1.525891000000000126e-05
1.523650000000000057e-05
1.521787000000000004e-05
1.519923999999999951e-05
1.517688999999999963e-05
1.515453999999999975e-05
1.513590999999999922e-05
1.510983999999999999e-05
1.508747999999999941e-05
1.506885999999999958e-05
1.504277999999999966e-05
1.502042999999999978e-05
1.499807999999999990e-05
1.497573000000000002e-05
1.494592000000000004e-05
1.492730000000000021e-05
1.490493999999999963e-05
1.488258999999999975e-05
1.486396999999999992e-05
1.484533999999999939e-05
1.482298999999999951e-05
1.480809000000000072e-05
1.478946000000000019e-05
1.477082999999999966e-05
1.475592999999999917e-05
1.473357999999999930e-05
1.471495000000000046e-05
1.469260000000000058e-05
1.467398000000000075e-05
1.465535000000000022e-05
1.463300000000000034e-05
1.461436999999999980e-05
1.459201999999999993e-05
1.456967000000000005e-05
1.455103999999999952e-05
1.452868999999999964e-05
1.451006000000000080e-05
1.449143999999999927e-05
1.446908999999999939e-05
1.445046000000000056e-05
1.443183000000000002e-05
1.440948000000000015e-05
1.438713000000000027e-05
1.437222999999999978e-05
1.434987999999999990e-05
1.433124999999999937e-05
1.431262000000000053e-05
1.429027000000000065e-05
1.427165000000000082e-05
1.425302000000000029e-05
1.424183999999999916e-05
1.422321999999999932e-05
1.420832000000000053e-05
1.419340999999999935e-05
1.418224000000000061e-05
1.416734000000000012e-05
1.415243999999999964e-05
1.414126000000000020e-05
1.413008000000000075e-05
1.411891000000000032e-05
1.410772999999999918e-05
1.409283000000000039e-05
1.408165999999999995e-05
1.407048000000000051e-05
1.405929999999999937e-05
1.404440000000000058e-05
1.402950000000000010e-05
1.401832999999999966e-05
1.399970000000000083e-05
1.398480000000000034e-05
1.396245000000000046e-05
1.394381999999999993e-05
1.392147000000000005e-05
1.389539000000000013e-05
1.386931000000000020e-05
1.383578999999999988e-05
1.380226000000000056e-05
1.376872999999999955e-05
1.373147999999999918e-05
1.369050000000000047e-05
1.364952000000000006e-05
1.360482000000000030e-05
1.356010999999999984e-05
1.351541000000000008e-05
1.346698000000000028e-05
1.342228000000000052e-05
1.337012999999999967e-05
1.332169999999999986e-05
1.326582000000000066e-05
1.321366000000000081e-05
1.316150999999999996e-05
1.310935000000000011e-05
1.305347999999999991e-05
1.299760000000000071e-05
1.294171999999999982e-05
1.288584000000000062e-05
1.282622999999999968e-05
1.277035000000000048e-05
1.271819999999999963e-05
1.266232000000000043e-05
1.260272000000000018e-05
1.255056000000000033e-05
1.249467999999999944e-05
1.244253000000000028e-05
1.238291999999999934e-05
1.232704000000000014e-05
1.227115999999999925e-05
1.221901000000000009e-05
1.215940999999999985e-05
1.210725000000000000e-05
1.205137000000000080e-05
1.199921999999999995e-05
1.193961000000000070e-05
1.188745999999999985e-05
1.183531000000000070e-05
1.177942999999999981e-05
1.172726999999999995e-05
1.167512000000000080e-05
1.162295999999999925e-05
1.157454000000000015e-05
1.152611000000000034e-05
1.147395000000000049e-05
1.142552000000000068e-05
1.137708999999999918e-05
1.133238999999999942e-05
1.128395999999999962e-05
1.123925999999999986e-05
1.119456000000000010e-05
1.114984999999999964e-05
1.111259999999999928e-05
1.106789999999999952e-05
1.102692000000000080e-05
1.098594000000000039e-05
1.094869000000000003e-05
1.091143000000000066e-05
1.087418000000000030e-05
1.083692999999999994e-05
1.079967000000000057e-05
1.076615000000000025e-05
1.073261999999999923e-05
1.069908999999999991e-05
1.066556000000000059e-05
1.063204000000000028e-05
1.059850999999999926e-05
1.056497999999999994e-05
1.052772999999999958e-05
1.049047999999999921e-05
1.045321999999999984e-05
1.041596999999999948e-05
1.037872000000000081e-05
1.034145999999999975e-05
1.030420999999999938e-05
1.026696000000000072e-05
1.022598000000000030e-05
1.019244999999999929e-05
1.015520000000000062e-05
1.011795000000000026e-05
1.008068999999999919e-05
1.004717000000000057e-05
1.000990999999999951e-05
9.976385999999999929e-06
9.942857999999999392e-06
9.905604999999999158e-06
9.868352000000000618e-06
9.831099000000000383e-06
9.793846000000000149e-06
9.752868000000000217e-06
9.719341000000000766e-06
9.678361999999999748e-06
9.641110000000000600e-06
9.600130999999999582e-06
9.562877999999999347e-06
9.521899999999999415e-06
9.477196999999999786e-06
9.436218999999999854e-06
9.395240000000000530e-06
9.350536999999999206e-06
9.309558999999999275e-06
9.264855000000000253e-06
9.220152000000000623e-06
9.179174000000000691e-06
9.134469999999999976e-06
9.089767000000000346e-06
9.048787999999999328e-06
9.007809999999999396e-06
8.959381000000000677e-06
8.918403000000000745e-06
8.873699999999999421e-06
8.832721999999999489e-06
8.788018000000000468e-06
8.743315000000000838e-06
8.702335999999999820e-06
8.653908000000000493e-06
8.612928999999999475e-06
8.564501000000000148e-06
8.519796999999999432e-06
8.475093999999999802e-06
8.426664999999999389e-06
8.378236000000000670e-06
8.329807000000000257e-06
8.285104000000000627e-06
8.240399999999999911e-06
8.195697000000000282e-06
8.147267999999999869e-06
8.102565000000000239e-06
8.054135999999999826e-06
8.009432000000000804e-06
7.961003999999999783e-06
7.916300000000000761e-06
7.867871000000000348e-06
7.819442999999999327e-06
7.774739000000000305e-06
7.726309999999999892e-06
7.685331999999999960e-06
7.644354000000000028e-06
7.603346999999999931e-06
7.566093999999999696e-06
7.532566000000000007e-06
7.499038000000000317e-06
7.465511000000000019e-06
7.431983000000000329e-06
7.398456000000000032e-06
7.368653000000000040e-06
7.338851000000000287e-06
7.305322999999999750e-06
7.275520999999999997e-06
7.245719000000000244e-06
7.219642000000000188e-06
7.186113999999999652e-06
7.156311999999999899e-06
7.130234999999999843e-06
7.100431999999999851e-06
7.074354999999999795e-06
7.048277999999999740e-06
7.022200999999999685e-06
6.996123999999999629e-06
6.966321999999999876e-06
6.940244999999999821e-06
6.914167999999999765e-06
6.888090999999999710e-06
6.862013999999999655e-06
6.835936999999999599e-06
6.806133999999999607e-06
6.776331999999999854e-06
6.750254999999999798e-06
6.720453000000000045e-06
6.694375999999999990e-06
6.664572999999999998e-06
6.634771000000000245e-06
6.604968999999999645e-06
6.575165999999999652e-06
6.545363999999999900e-06
6.515562000000000147e-06
6.485760000000000394e-06
6.452231999999999857e-06
6.422430000000000104e-06
6.392627000000000111e-06
6.359099999999999814e-06
6.325572000000000124e-06
6.292043999999999587e-06
6.258517000000000137e-06
6.224988999999999600e-06
6.187736000000000213e-06
6.154208999999999915e-06
6.116955999999999681e-06
6.079703000000000293e-06
6.046174999999999756e-06
6.012648000000000306e-06
5.975395000000000072e-06
5.938141999999999837e-06
5.900888999999999603e-06
5.859910999999999671e-06
5.826382999999999981e-06
5.785405000000000049e-06
5.744427000000000117e-06
5.707173999999999883e-06
5.666195999999999951e-06
5.632668000000000261e-06
5.591690000000000329e-06
5.550712000000000397e-06
5.513459000000000163e-06
5.476205999999999929e-06
5.438952999999999694e-06
5.397974999999999762e-06
5.360722000000000375e-06
5.323469000000000141e-06
5.286215999999999906e-06
5.248962999999999672e-06
5.211710000000000284e-06
5.174457000000000050e-06
5.140929999999999753e-06
5.107402000000000063e-06
5.070148999999999828e-06
5.036622000000000378e-06
5.006819000000000386e-06
4.973292000000000088e-06
4.943489000000000096e-06
4.913687000000000343e-06
4.883884999999999743e-06
4.857807999999999687e-06
4.828004999999999695e-06
4.801927999999999640e-06
4.775850999999999584e-06
4.749774000000000376e-06
4.727422000000000018e-06
4.701344999999999962e-06
4.682719000000000388e-06
4.656642000000000333e-06
4.634289999999999975e-06
4.615664000000000401e-06
4.593312000000000043e-06
4.578411000000000167e-06
4.559784000000000353e-06
4.537433000000000235e-06
4.522532000000000358e-06
4.500180000000000000e-06
4.485279000000000124e-06
4.466652000000000311e-06
4.451750999999999587e-06
4.433125000000000013e-06
4.418222999999999897e-06
4.399597000000000323e-06
4.380969999999999663e-06
4.366068999999999786e-06
4.347443000000000212e-06
4.332542000000000336e-06
4.313914999999999676e-06
4.299013999999999799e-06
4.280388000000000225e-06
4.265486000000000109e-06
4.250585000000000233e-06
4.239409000000000054e-06
4.224508000000000177e-06
4.213331999999999998e-06
4.202157000000000059e-06
4.187254999999999943e-06
4.179804999999999701e-06
4.164903999999999824e-06
4.153727999999999645e-06
4.146277000000000011e-06
4.138826999999999769e-06
4.127650999999999590e-06
4.120199999999999956e-06
4.116475000000000258e-06
4.112749999999999714e-06
4.105299000000000079e-06
4.101574000000000382e-06
4.097847999999999598e-06
4.090398000000000203e-06
4.090398000000000203e-06
4.082946999999999721e-06
4.082946999999999721e-06
4.082946999999999721e-06
4.082946999999999721e-06
4.082946999999999721e-06
4.082946999999999721e-06
4.082946999999999721e-06
4.082946999999999721e-06
4.082946999999999721e-06
4.086672999999999658e-06
4.086672999999999658e-06
4.090398000000000203e-06
4.090398000000000203e-06
4.090398000000000203e-06
4.094122999999999900e-06
4.094122999999999900e-06
4.094122999999999900e-06
4.090398000000000203e-06
4.090398000000000203e-06
4.090398000000000203e-06
4.090398000000000203e-06
4.090398000000000203e-06
4.086672999999999658e-06
4.086672999999999658e-06
4.086672999999999658e-06
4.090398000000000203e-06
4.090398000000000203e-06
4.090398000000000203e-06
4.090398000000000203e-06
4.090398000000000203e-06
4.086672999999999658e-06
4.086672999999999658e-06
4.082946999999999721e-06
4.082946999999999721e-06
4.082946999999999721e-06
4.079222000000000024e-06
4.075497000000000326e-06
4.075497000000000326e-06
4.075497000000000326e-06
4.075497000000000326e-06
4.079222000000000024e-06
4.082946999999999721e-06
4.082946999999999721e-06
4.082946999999999721e-06
4.086672999999999658e-06
4.090398000000000203e-06
4.094122999999999900e-06
4.097847999999999598e-06
4.097847999999999598e-06
4.101574000000000382e-06
4.101574000000000382e-06
4.101574000000000382e-06
4.101574000000000382e-06
4.097847999999999598e-06
4.097847999999999598e-06
4.094122999999999900e-06
4.090398000000000203e-06
4.090398000000000203e-06
4.086672999999999658e-06
4.082946999999999721e-06
4.082946999999999721e-06
4.075497000000000326e-06
4.071771000000000389e-06
4.068045999999999845e-06
4.064321000000000147e-06
4.060595999999999603e-06
4.056869999999999666e-06
4.053144999999999968e-06
4.053144999999999968e-06
4.053144999999999968e-06
4.049420000000000271e-06
4.049420000000000271e-06
4.045694000000000334e-06
4.045694000000000334e-06
4.045694000000000334e-06
4.045694000000000334e-06
4.049420000000000271e-06
4.049420000000000271e-06
4.049420000000000271e-06
4.049420000000000271e-06
4.049420000000000271e-06
4.053144999999999968e-06
4.053144999999999968e-06
4.053144999999999968e-06
4.053144999999999968e-06
4.053144999999999968e-06
4.053144999999999968e-06
4.056869999999999666e-06
4.056869999999999666e-06
4.060595999999999603e-06
4.060595999999999603e-06
4.060595999999999603e-06
4.060595999999999603e-06
4.056869999999999666e-06
4.056869999999999666e-06
4.053144999999999968e-06
4.053144999999999968e-06
4.049420000000000271e-06
4.045694000000000334e-06
4.045694000000000334e-06
4.041968999999999789e-06
4.041968999999999789e-06
4.038244000000000092e-06
4.041968999999999789e-06
4.041968999999999789e-06
4.045694000000000334e-06
4.049420000000000271e-06
4.053144999999999968e-06
4.053144999999999968e-06
4.056869999999999666e-06
4.060595999999999603e-06
4.060595999999999603e-06
4.064321000000000147e-06
4.064321000000000147e-06
4.064321000000000147e-06
4.064321000000000147e-06
4.068045999999999845e-06
4.071771000000000389e-06
4.071771000000000389e-06
4.075497000000000326e-06
4.079222000000000024e-06
4.079222000000000024e-06
4.082946999999999721e-06
4.082946999999999721e-06
4.082946999999999721e-06
4.082946999999999721e-06
4.079222000000000024e-06
4.075497000000000326e-06
4.075497000000000326e-06
4.071771000000000389e-06
4.068045999999999845e-06
4.064321000000000147e-06
4.056869999999999666e-06
4.053144999999999968e-06
4.053144999999999968e-06
4.049420000000000271e-06
4.045694000000000334e-06
4.045694000000000334e-06
4.045694000000000334e-06
4.045694000000000334e-06
4.045694000000000334e-06
4.045694000000000334e-06
4.049420000000000271e-06
4.053144999999999968e-06
4.053144999999999968e-06
4.053144999999999968e-06
4.056869999999999666e-06
4.060595999999999603e-06
4.064321000000000147e-06
4.068045999999999845e-06
4.068045999999999845e-06
4.071771000000000389e-06
4.075497000000000326e-06
4.075497000000000326e-06
4.079222000000000024e-06
4.079222000000000024e-06
4.082946999999999721e-06
4.082946999999999721e-06
4.082946999999999721e-06
4.082946999999999721e-06
4.082946999999999721e-06
4.082946999999999721e-06
4.086672999999999658e-06
4.086672999999999658e-06
4.086672999999999658e-06
4.086672999999999658e-06
4.086672999999999658e-06
4.086672999999999658e-06
4.086672999999999658e-06
4.086672999999999658e-06
4.086672999999999658e-06
4.086672999999999658e-06
4.086672999999999658e-06
4.086672999999999658e-06
4.086672999999999658e-06
4.086672999999999658e-06
4.086672999999999658e-06
4.086672999999999658e-06
4.086672999999999658e-06
4.086672999999999658e-06
4.090398000000000203e-06
4.090398000000000203e-06
4.090398000000000203e-06
4.090398000000000203e-06
4.090398000000000203e-06
4.094122999999999900e-06
4.094122999999999900e-06
4.097847999999999598e-06
4.097847999999999598e-06
4.097847999999999598e-06
4.097847999999999598e-06
4.101574000000000382e-06
4.101574000000000382e-06
4.101574000000000382e-06
4.101574000000000382e-06
4.105299000000000079e-06
4.105299000000000079e-06
4.109023999999999777e-06
4.112749999999999714e-06
4.112749999999999714e-06
4.116475000000000258e-06
4.116475000000000258e-06
4.120199999999999956e-06
4.123924999999999653e-06
4.123924999999999653e-06
4.127650999999999590e-06
4.123924999999999653e-06
4.123924999999999653e-06
4.120199999999999956e-06
4.116475000000000258e-06
4.116475000000000258e-06
4.116475000000000258e-06
4.112749999999999714e-06
4.109023999999999777e-06
4.101574000000000382e-06
4.097847999999999598e-06
4.094122999999999900e-06
4.090398000000000203e-06
4.086672999999999658e-06
4.086672999999999658e-06
4.086672999999999658e-06
4.086672999999999658e-06
4.086672999999999658e-06
4.086672999999999658e-06
4.086672999999999658e-06
4.090398000000000203e-06
4.090398000000000203e-06
4.090398000000000203e-06
4.094122999999999900e-06
4.094122999999999900e-06
4.094122999999999900e-06
4.097847999999999598e-06
4.097847999999999598e-06
4.101574000000000382e-06
4.101574000000000382e-06
4.101574000000000382e-06
4.105299000000000079e-06
4.109023999999999777e-06
4.112749999999999714e-06
4.112749999999999714e-06
4.116475000000000258e-06
4.116475000000000258e-06
4.112749999999999714e-06
4.112749999999999714e-06
4.112749999999999714e-06
4.109023999999999777e-06
4.101574000000000382e-06
4.101574000000000382e-06
4.097847999999999598e-06
4.094122999999999900e-06
4.094122999999999900e-06
4.090398000000000203e-06
4.090398000000000203e-06
4.090398000000000203e-06
4.090398000000000203e-06
4.086672999999999658e-06
4.086672999999999658e-06
4.086672999999999658e-06
4.086672999999999658e-06
4.086672999999999658e-06
4.086672999999999658e-06
4.086672999999999658e-06
4.090398000000000203e-06
4.090398000000000203e-06
4.090398000000000203e-06
4.094122999999999900e-06
4.094122999999999900e-06
4.094122999999999900e-06
4.094122999999999900e-06
4.094122999999999900e-06
4.090398000000000203e-06
4.090398000000000203e-06
4.090398000000000203e-06
4.090398000000000203e-06
4.090398000000000203e-06
4.086672999999999658e-06
4.086672999999999658e-06
4.086672999999999658e-06
4.086672999999999658e-06
4.086672999999999658e-06
4.090398000000000203e-06
4.090398000000000203e-06
4.094122999999999900e-06
4.097847999999999598e-06
4.097847999999999598e-06
4.101574000000000382e-06
4.101574000000000382e-06
4.101574000000000382e-06
4.105299000000000079e-06
4.105299000000000079e-06
4.105299000000000079e-06
4.105299000000000079e-06
4.105299000000000079e-06
4.109023999999999777e-06
4.109023999999999777e-06
4.109023999999999777e-06
4.112749999999999714e-06
4.112749999999999714e-06
4.116475000000000258e-06
4.116475000000000258e-06
4.120199999999999956e-06
4.120199999999999956e-06
4.123924999999999653e-06
4.123924999999999653e-06
4.127650999999999590e-06
4.131376000000000135e-06
4.131376000000000135e-06
4.135100999999999832e-06
4.138826999999999769e-06
4.138826999999999769e-06
4.138826999999999769e-06
4.142552000000000314e-06
4.142552000000000314e-06
4.142552000000000314e-06
4.142552000000000314e-06
4.142552000000000314e-06
4.138826999999999769e-06
4.138826999999999769e-06
4.138826999999999769e-06
4.135100999999999832e-06
4.131376000000000135e-06
4.127650999999999590e-06
4.123924999999999653e-06
4.120199999999999956e-06
4.116475000000000258e-06
4.116475000000000258e-06
4.112749999999999714e-06
4.112749999999999714e-06
4.109023999999999777e-06
4.109023999999999777e-06
4.105299000000000079e-06
4.105299000000000079e-06
4.101574000000000382e-06
4.101574000000000382e-06
4.101574000000000382e-06
4.101574000000000382e-06
4.101574000000000382e-06
4.101574000000000382e-06
4.101574000000000382e-06
4.101574000000000382e-06
4.101574000000000382e-06
4.101574000000000382e-06
4.101574000000000382e-06
4.101574000000000382e-06
4.101574000000000382e-06
4.101574000000000382e-06
4.101574000000000382e-06
4.101574000000000382e-06
4.101574000000000382e-06
4.105299000000000079e-06
4.105299000000000079e-06
4.105299000000000079e-06
4.109023999999999777e-06
4.109023999999999777e-06
4.109023999999999777e-06
4.109023999999999777e-06
4.109023999999999777e-06
4.109023999999999777e-06
4.105299000000000079e-06
4.105299000000000079e-06
4.105299000000000079e-06
4.105299000000000079e-06
4.105299000000000079e-06
4.105299000000000079e-06
4.105299000000000079e-06
4.109023999999999777e-06
4.109023999999999777e-06
4.109023999999999777e-06
4.109023999999999777e-06
4.112749999999999714e-06
4.112749999999999714e-06
4.112749999999999714e-06
4.112749999999999714e-06
4.112749999999999714e-06
4.112749999999999714e-06
4.112749999999999714e-06
4.112749999999999714e-06
4.112749999999999714e-06
4.112749999999999714e-06
4.112749999999999714e-06
4.109023999999999777e-06
4.109023999999999777e-06
4.105299000000000079e-06
4.105299000000000079e-06
4.101574000000000382e-06
4.101574000000000382e-06
4.101574000000000382e-06
4.097847999999999598e-06
4.101574000000000382e-06
4.101574000000000382e-06
4.101574000000000382e-06
4.105299000000000079e-06
4.109023999999999777e-06
4.112749999999999714e-06
4.112749999999999714e-06
4.116475000000000258e-06
4.116475000000000258e-06
4.116475000000000258e-06
4.116475000000000258e-06
4.116475000000000258e-06
4.116475000000000258e-06
4.116475000000000258e-06
4.112749999999999714e-06
4.109023999999999777e-06
4.105299000000000079e-06
4.101574000000000382e-06
4.097847999999999598e-06
4.094122999999999900e-06
4.090398000000000203e-06
4.086672999999999658e-06
4.082946999999999721e-06
4.082946999999999721e-06
4.079222000000000024e-06
4.075497000000000326e-06
4.071771000000000389e-06
4.068045999999999845e-06
4.064321000000000147e-06
4.064321000000000147e-06
4.064321000000000147e-06
4.064321000000000147e-06
4.064321000000000147e-06
4.064321000000000147e-06
4.064321000000000147e-06
4.064321000000000147e-06
4.060595999999999603e-06
4.060595999999999603e-06
4.060595999999999603e-06
4.060595999999999603e-06
4.056869999999999666e-06
4.053144999999999968e-06
4.053144999999999968e-06
4.053144999999999968e-06
4.045694000000000334e-06
4.041968999999999789e-06
4.038244000000000092e-06
4.034518000000000155e-06
4.030792999999999610e-06
4.027067999999999913e-06
4.027067999999999913e-06
4.027067999999999913e-06
4.027067999999999913e-06
4.027067999999999913e-06
4.030792999999999610e-06
4.034518000000000155e-06
4.038244000000000092e-06
4.038244000000000092e-06
4.041968999999999789e-06
4.045694000000000334e-06
4.049420000000000271e-06
4.049420000000000271e-06
4.053144999999999968e-06
4.053144999999999968e-06
4.056869999999999666e-06
4.060595999999999603e-06
4.064321000000000147e-06
4.064321000000000147e-06
4.068045999999999845e-06
4.075497000000000326e-06
4.075497000000000326e-06
4.079222000000000024e-06
4.082946999999999721e-06
4.082946999999999721e-06
4.086672999999999658e-06
4.086672999999999658e-06
4.090398000000000203e-06
4.090398000000000203e-06
4.090398000000000203e-06
4.086672999999999658e-06
4.086672999999999658e-06
4.082946999999999721e-06
4.082946999999999721e-06
4.079222000000000024e-06
4.075497000000000326e-06
4.075497000000000326e-06
4.071771000000000389e-06
4.071771000000000389e-06
4.071771000000000389e-06
4.068045999999999845e-06
4.068045999999999845e-06
4.068045999999999845e-06
4.068045999999999845e-06
4.068045999999999845e-06
4.064321000000000147e-06
4.064321000000000147e-06
4.064321000000000147e-06
4.064321000000000147e-06
4.064321000000000147e-06
4.064321000000000147e-06
4.068045999999999845e-06
4.068045999999999845e-06
4.071771000000000389e-06
4.071771000000000389e-06
4.075497000000000326e-06
4.075497000000000326e-06
4.075497000000000326e-06
4.075497000000000326e-06
4.075497000000000326e-06
4.075497000000000326e-06
4.071771000000000389e-06
4.071771000000000389e-06
4.071771000000000389e-06
4.071771000000000389e-06
4.068045999999999845e-06
4.068045999999999845e-06
4.068045999999999845e-06
4.064321000000000147e-06
4.064321000000000147e-06
4.064321000000000147e-06
4.064321000000000147e-06
4.064321000000000147e-06
4.064321000000000147e-06
4.064321000000000147e-06
4.064321000000000147e-06
4.064321000000000147e-06
4.064321000000000147e-06
4.064321000000000147e-06
4.064321000000000147e-06
4.064321000000000147e-06
4.068045999999999845e-06
4.068045999999999845e-06
4.068045999999999845e-06
4.068045999999999845e-06
4.071771000000000389e-06
4.075497000000000326e-06
4.075497000000000326e-06
4.079222000000000024e-06
4.082946999999999721e-06
4.082946999999999721e-06
4.082946999999999721e-06
4.082946999999999721e-06
4.082946999999999721e-06
4.082946999999999721e-06
4.082946999999999721e-06
4.082946999999999721e-06
4.082946999999999721e-06
4.079222000000000024e-06
4.075497000000000326e-06
4.075497000000000326e-06
4.071771000000000389e-06
4.068045999999999845e-06
4.068045999999999845e-06
4.068045999999999845e-06
4.068045999999999845e-06
4.068045999999999845e-06
4.068045999999999845e-06
4.068045999999999845e-06
4.068045999999999845e-06
4.071771000000000389e-06
4.071771000000000389e-06
4.071771000000000389e-06
4.075497000000000326e-06
4.075497000000000326e-06
4.075497000000000326e-06
4.075497000000000326e-06
4.075497000000000326e-06
4.075497000000000326e-06
4.075497000000000326e-06
4.075497000000000326e-06
4.075497000000000326e-06
4.079222000000000024e-06
4.079222000000000024e-06
4.079222000000000024e-06
4.082946999999999721e-06
4.082946999999999721e-06
4.082946999999999721e-06
4.082946999999999721e-06
4.082946999999999721e-06
4.086672999999999658e-06
4.086672999999999658e-06
4.090398000000000203e-06
4.090398000000000203e-06
4.090398000000000203e-06
