1.087491000000000054e-04
1.086933000000000051e-04
1.086373999999999977e-04
1.085852000000000052e-04
1.085255999999999965e-04
1.084697000000000027e-04
1.084213000000000050e-04
1.083728999999999937e-04
1.083281999999999973e-04
1.082797999999999996e-04
1.082349999999999963e-04
1.081940999999999947e-04
1.081530999999999996e-04
1.081121000000000046e-04
1.080749000000000043e-04
1.080301999999999944e-04
1.079854999999999980e-04
1.079259000000000029e-04
1.078587999999999981e-04
1.077767999999999944e-04
1.076948999999999978e-04
1.076055000000000051e-04
1.075123000000000040e-04
1.074191999999999964e-04
1.073335000000000050e-04
1.072478000000000000e-04
1.071622000000000021e-04
1.070690000000000010e-04
1.069834000000000030e-04
1.068902000000000019e-04
1.067970999999999943e-04
1.067077000000000016e-04
1.066145000000000005e-04
1.065214000000000064e-04
1.064245999999999975e-04
1.063239999999999937e-04
1.062197000000000022e-04
1.061153999999999971e-04
1.059998999999999946e-04
1.058917999999999947e-04
1.057763999999999992e-04
1.056608999999999966e-04
1.055417000000000063e-04
1.054186999999999941e-04
1.052846000000000050e-04
1.051393000000000049e-04
1.049866000000000021e-04
1.048301000000000045e-04
1.046625000000000029e-04
1.045023000000000040e-04
1.043347000000000024e-04
1.041669999999999939e-04
1.040030999999999936e-04
1.038428999999999947e-04
1.036902000000000055e-04
1.035449000000000054e-04
1.034108000000000027e-04
1.032915999999999988e-04
1.031836000000000060e-04
1.030830000000000022e-04
1.030009999999999986e-04
1.029228000000000033e-04
1.028556999999999985e-04
1.027812000000000045e-04
1.027029999999999957e-04
1.026099000000000016e-04
1.025055999999999965e-04
1.023788999999999965e-04
1.022447999999999939e-04
1.020994999999999938e-04
1.019468000000000045e-04
1.017827999999999973e-04
1.016188999999999970e-04
1.014549999999999968e-04
1.012836999999999939e-04
1.011122999999999975e-04
1.009297999999999971e-04
1.007472000000000033e-04
1.005647000000000030e-04
1.003820999999999956e-04
1.001958999999999939e-04
1.000058999999999974e-04
9.982334000000000639e-05
9.964453000000000665e-05
9.947689000000000227e-05
9.931298000000000133e-05
9.915652000000000656e-05
9.901122999999999359e-05
9.886593999999999417e-05
9.873555999999999425e-05
9.859772000000000100e-05
9.845616000000000502e-05
9.831459999999999548e-05
9.817677000000000294e-05
9.804265999999999957e-05
9.791600000000000238e-05
9.779305999999999438e-05
9.766639999999999718e-05
9.753973999999999999e-05
9.741681000000000624e-05
9.730504999999999428e-05
9.720447000000000549e-05
9.711132999999999506e-05
9.702193000000000232e-05
9.692507000000000271e-05
9.682449000000000036e-05
9.671645000000000470e-05
9.661213999999999891e-05
9.650411000000000395e-05
9.639607999999999543e-05
9.627687000000000441e-05
9.615765999999999983e-05
9.603844999999999526e-05
9.591924000000000424e-05
9.580002999999999967e-05
9.568081999999999510e-05
9.555789000000000134e-05
9.542377999999999798e-05
9.529338999999999735e-05
9.516300999999999742e-05
9.503635000000000023e-05
9.491341000000000578e-05
9.478674999999999503e-05
9.466382000000000128e-05
9.454460999999999670e-05
9.443284999999999830e-05
9.432482000000000334e-05
9.422050999999999755e-05
9.411992999999999521e-05
9.402678999999999833e-05
9.394483999999999821e-05
9.385914999999999395e-05
9.376975000000000121e-05
9.368406999999999765e-05
9.360210999999999683e-05
9.351642999999999328e-05
9.343819999999999589e-05
9.335623999999999507e-05
9.327056000000000506e-05
9.318488000000000151e-05
9.309919999999999795e-05
9.300606000000000107e-05
9.290547999999999873e-05
9.280861999999999912e-05
9.270430999999999333e-05
9.260001000000000180e-05
9.249941999999999876e-05
9.239139000000000379e-05
9.227963000000000539e-05
9.216786999999999344e-05
9.205239000000000585e-05
9.192944999999999784e-05
9.180279000000000065e-05
9.167613000000000346e-05
9.154575000000000353e-05
9.141536000000000290e-05
9.128870000000000571e-05
9.116576999999999840e-05
9.104284000000000465e-05
9.092735000000000281e-05
9.081187000000000167e-05
9.069637999999999984e-05
9.058089999999999870e-05
9.046541999999999756e-05
9.034621000000000654e-05
9.022326999999999853e-05
9.010034000000000478e-05
8.998113000000000021e-05
8.985819000000000575e-05
8.973898000000000118e-05
8.962350000000000004e-05
8.951547000000000507e-05
8.941488000000000203e-05
8.932547999999999573e-05
8.923979000000000503e-05
8.916155999999999409e-05
8.908332999999999671e-05
8.901627999999999537e-05
8.894921999999999334e-05
8.888217000000000556e-05
8.880765999999999736e-05
8.873316000000000341e-05
8.865492000000000533e-05
8.857297000000000520e-05
8.848355999999999821e-05
8.839415000000000477e-05
8.830101999999999504e-05
8.820788999999999887e-05
8.810730999999999652e-05
8.800671999999999347e-05
8.790614000000000468e-05
8.779810999999999616e-05
8.769007000000000049e-05
8.757832000000000279e-05
8.746656000000000439e-05
8.734734999999999982e-05
8.722813999999999525e-05
8.711264999999999341e-05
8.699344000000000239e-05
8.687796000000000125e-05
8.676620000000000285e-05
8.666188999999999707e-05
8.655759000000000554e-05
8.645700000000000249e-05
8.636015000000000358e-05
8.626329000000000397e-05
8.616643000000000436e-05
8.606957000000000474e-05
8.596525999999999896e-05
8.586467999999999661e-05
8.576037000000000438e-05
8.565979000000000204e-05
8.555920999999999969e-05
8.545862999999999734e-05
8.535803999999999430e-05
8.525746000000000550e-05
8.515688000000000315e-05
8.505629000000000011e-05
8.494826000000000514e-05
8.484022999999999662e-05
8.473592000000000439e-05
8.462416000000000599e-05
8.451612999999999747e-05
8.440063999999999564e-05
8.429261000000000067e-05
8.418085000000000227e-05
8.407653999999999649e-05
8.398341000000000031e-05
8.389399999999999332e-05
8.381576999999999593e-05
8.374127000000000198e-05
8.367794000000000339e-05
8.361088000000000135e-05
8.354383000000000002e-05
8.347676999999999799e-05
8.340598999999999322e-05
8.333147999999999857e-05
8.324952999999999845e-05
8.315640000000000228e-05
8.306326000000000540e-05
8.296641000000000649e-05
8.286210000000000071e-05
8.276150999999999766e-05
8.265721000000000613e-05
8.255662000000000308e-05
8.245977000000000417e-05
8.236291000000000456e-05
8.226605000000000495e-05
8.217291999999999522e-05
8.207978999999999904e-05
8.198665000000000217e-05
8.188980000000000326e-05
8.179294000000000365e-05
8.169608000000000403e-05
8.159922000000000442e-05
8.149864000000000208e-05
8.139805999999999973e-05
8.129747999999999738e-05
8.119688999999999433e-05
8.110003999999999542e-05
8.099199999999999976e-05
8.088397000000000479e-05
8.077593999999999627e-05
8.066417999999999787e-05
8.055241999999999947e-05
8.043692999999999763e-05
8.031772000000000661e-05
8.019852000000000274e-05
8.007930999999999817e-05
7.995265000000000098e-05
7.982599000000000378e-05
7.969560000000000316e-05
7.956522000000000323e-05
7.943110999999999987e-05
7.930445000000000268e-05
7.917779000000000548e-05
7.905858000000000091e-05
7.894682000000000251e-05
7.884250999999999673e-05
7.873820000000000450e-05
7.864506999999999477e-05
7.855566000000000133e-05
7.846997999999999777e-05
7.839547000000000312e-05
7.832096999999999562e-05
7.825019000000000440e-05
7.818313000000000237e-05
7.811608000000000104e-05
7.804529999999999627e-05
7.797823999999999424e-05
7.790000999999999686e-05
7.782177999999999947e-05
7.774355000000000209e-05
7.765413999999999509e-05
7.756846000000000509e-05
7.748650000000000427e-05
7.740455000000000414e-05
7.732632000000000676e-05
7.725180999999999856e-05
7.717358000000000117e-05
7.710279999999999640e-05
7.702829000000000175e-05
7.695378999999999425e-05
7.688301000000000304e-05
7.680478000000000565e-05
7.673026999999999745e-05
7.664830999999999663e-05
7.656635999999999651e-05
7.647695000000000307e-05
7.639499000000000224e-05
7.631304000000000212e-05
7.623108000000000130e-05
7.615285000000000392e-05
7.607462000000000653e-05
7.600010999999999833e-05
7.591815999999999821e-05
7.583619999999999738e-05
7.574679000000000394e-05
7.566111000000000039e-05
7.557169999999999339e-05
7.548230000000000065e-05
7.539661999999999710e-05
7.531093000000000639e-05
7.522898000000000627e-05
7.515074999999999533e-05
7.507251999999999795e-05
7.499801000000000330e-05
7.492349999999999509e-05
7.485644999999999376e-05
7.478193999999999911e-05
7.471488999999999778e-05
7.464411000000000657e-05
7.457705000000000454e-05
7.451372000000000594e-05
7.445038999999999379e-05
7.438705999999999520e-05
7.432372999999999660e-05
7.426039999999999800e-05
7.419706999999999941e-05
7.412628999999999464e-05
7.405179000000000069e-05
7.397356000000000330e-05
7.388414999999999631e-05
7.379847000000000631e-05
7.370532999999999588e-05
7.360847999999999697e-05
7.351161999999999736e-05
7.340731000000000513e-05
7.330673000000000278e-05
7.320241999999999700e-05
7.309439000000000203e-05
7.299379999999999898e-05
7.288949999999999390e-05
7.279263999999999429e-05
7.269577999999999468e-05
7.259891999999999507e-05
7.250206999999999615e-05
7.240148000000000666e-05
7.230090000000000431e-05
7.219658999999999853e-05
7.208483000000000013e-05
7.197307000000000173e-05
7.185385999999999716e-05
7.172721000000000066e-05
7.160055000000000347e-05
7.147389000000000628e-05
7.134350000000000565e-05
7.121312000000000573e-05
7.108645999999999498e-05
7.096352000000000053e-05
7.084059000000000677e-05
7.073254999999999755e-05
7.063196999999999520e-05
7.053883999999999903e-05
7.045315999999999547e-05
7.037865000000000082e-05
7.031158999999999879e-05
7.025571999999999351e-05
7.019984000000000109e-05
7.014395999999999511e-05
7.009180000000000542e-05
7.003219999999999671e-05
6.996886999999999811e-05
6.989808999999999335e-05
6.981985999999999596e-05
6.973045000000000252e-05
6.963359000000000291e-05
6.951811000000000177e-05
6.939889999999999720e-05
6.926478999999999384e-05
6.912695000000000059e-05
6.897793999999999844e-05
6.883264999999999902e-05
6.868363999999999687e-05
6.852718000000000210e-05
6.837443999999999651e-05
6.822171000000000517e-05
6.807270000000000302e-05
6.792368000000000017e-05
6.777466999999999801e-05
6.763684000000000547e-05
6.749527999999999593e-05
6.735744000000000269e-05
6.722332999999999933e-05
6.709667000000000213e-05
6.697372999999999413e-05
6.685825000000000654e-05
6.675021999999999802e-05
6.664962999999999498e-05
6.655277999999999606e-05
6.646710000000000606e-05
6.638141000000000180e-05
6.630690999999999430e-05
6.623613000000000309e-05
6.617280000000000449e-05
6.611318999999999508e-05
6.605358999999999992e-05
6.599398000000000406e-05
6.593437999999999534e-05
6.586731999999999331e-05
6.580027000000000553e-05
6.571831000000000471e-05
6.563636000000000459e-05
6.554694999999999760e-05
6.545382000000000142e-05
6.536440999999999443e-05
6.527127999999999825e-05
6.517441999999999864e-05
6.507755999999999903e-05
6.498069999999999942e-05
6.488011999999999707e-05
6.477209000000000211e-05
6.466777999999999632e-05
6.455975000000000136e-05
6.444799000000000296e-05
6.433623000000000456e-05
6.422075000000000342e-05
6.410526000000000158e-05
6.398978000000000044e-05
6.387428999999999861e-05
6.376626000000000364e-05
6.365822999999999512e-05
6.355392000000000289e-05
6.345706000000000328e-05
6.336020000000000367e-05
6.326706999999999394e-05
6.317393999999999777e-05
6.308825999999999421e-05
6.300629999999999339e-05
6.292434000000000612e-05
6.284610999999999518e-05
6.276787999999999779e-05
6.269710000000000658e-05
6.262259999999999908e-05
6.254809000000000443e-05
6.247730999999999966e-05
6.240280000000000501e-05
6.232456999999999407e-05
6.224633999999999669e-05
6.216437999999999586e-05
6.208614999999999848e-05
6.200046999999999492e-05
6.191107000000000218e-05
6.182165999999999519e-05
6.173225000000000175e-05
6.163539000000000214e-05
6.153480999999999979e-05
6.143422999999999744e-05
6.132992000000000521e-05
6.121815999999999326e-05
6.111012999999999829e-05
6.099813999999999735e-05
6.089010000000000169e-05
6.077834000000000329e-05
6.066658999999999881e-05
6.055483000000000041e-05
6.044678999999999797e-05
6.033876000000000300e-05
6.023444999999999722e-05
6.013387000000000165e-05
6.003701000000000203e-05
5.994015000000000242e-05
5.984329999999999674e-05
5.975015999999999986e-05
5.966076000000000034e-05
5.956761999999999669e-05
5.948193999999999991e-05
5.939626000000000313e-05
5.931057999999999957e-05
5.922116999999999936e-05
5.913176999999999984e-05
5.904235999999999962e-05
5.894550000000000001e-05
5.884864000000000040e-05
5.874434000000000209e-05
5.864374999999999905e-05
5.853571999999999730e-05
5.842769000000000234e-05
5.831964999999999990e-05
5.821534000000000089e-05
5.811104000000000258e-05
5.801044999999999954e-05
5.790615000000000123e-05
5.780929000000000162e-05
5.771243000000000201e-05
5.761557000000000240e-05
5.751871999999999671e-05
5.742185999999999710e-05
5.732127000000000083e-05
5.722068999999999848e-05
5.711637999999999947e-05
5.700834999999999773e-05
5.690032000000000276e-05
5.678855999999999759e-05
5.668424999999999858e-05
5.657249000000000018e-05
5.646445999999999844e-05
5.636014999999999943e-05
5.625584000000000042e-05
5.615153000000000142e-05
5.605839999999999847e-05
5.596527000000000229e-05
5.587213999999999934e-05
5.578646000000000256e-05
5.570076999999999830e-05
5.561136999999999878e-05
5.552568000000000130e-05
5.544373000000000118e-05
5.536177000000000036e-05
5.528726999999999963e-05
5.521275999999999821e-05
5.514942999999999961e-05
5.509355000000000041e-05
5.504884999999999726e-05
5.500786999999999685e-05
5.497806999999999927e-05
5.494826000000000099e-05
5.491845999999999664e-05
5.488493000000000240e-05
5.484767999999999865e-05
5.480298000000000228e-05
5.474710000000000307e-05
5.468376999999999770e-05
5.461671000000000245e-05
5.453476000000000233e-05
5.445652999999999816e-05
5.437084000000000068e-05
5.427770999999999773e-05
5.418084999999999812e-05
5.408399999999999921e-05
5.397969000000000020e-05
5.386793000000000180e-05
5.375245000000000066e-05
5.362950999999999943e-05
5.350285000000000224e-05
5.336873999999999888e-05
5.323090999999999955e-05
5.309680000000000297e-05
5.295522999999999951e-05
5.282112000000000292e-05
5.268328999999999683e-05
5.254544999999999680e-05
5.241506999999999688e-05
5.229213000000000242e-05
5.217291999999999785e-05
5.206115999999999945e-05
5.196057999999999710e-05
5.186745000000000092e-05
5.177431999999999797e-05
5.168864000000000119e-05
5.161040000000000311e-05
5.153216999999999894e-05
5.145766999999999822e-05
5.138689000000000023e-05
5.131237999999999880e-05
5.124160000000000081e-05
5.117082000000000282e-05
5.110003999999999805e-05
5.102552999999999662e-05
5.095103000000000267e-05
5.087279999999999851e-05
5.079083999999999769e-05
5.069771000000000151e-05
5.060457999999999856e-05
5.050771999999999895e-05
5.041459000000000278e-05
5.031399999999999973e-05
5.020970000000000142e-05
5.009794000000000302e-05
4.998617999999999784e-05
4.986697000000000005e-05
4.974402999999999881e-05
4.961737000000000162e-05
4.948699000000000170e-05
4.936032999999999773e-05
4.923367000000000054e-05
4.911072999999999930e-05
4.899153000000000221e-05
4.887976999999999703e-05
4.877545999999999802e-05
4.867114999999999902e-05
4.857802000000000284e-05
4.849233999999999928e-05
4.841037999999999846e-05
4.832470000000000168e-05
4.824274000000000086e-05
4.816450999999999670e-05
4.807882999999999992e-05
4.799686999999999910e-05
4.791491999999999897e-05
4.783295999999999815e-05
4.775099999999999733e-05
4.766904999999999721e-05
4.759454000000000256e-05
4.752004000000000183e-05
4.744925999999999707e-05
4.738592999999999847e-05
4.732259999999999988e-05
4.725553999999999784e-05
4.719220999999999925e-05
4.712515999999999792e-05
4.705810000000000266e-05
4.699476999999999729e-05
4.692026000000000264e-05
4.684576000000000191e-05
4.677125000000000049e-05
4.669302000000000310e-05
4.661107000000000298e-05
4.652911000000000216e-05
4.644715000000000134e-05
4.636146999999999778e-05
4.628324000000000039e-05
4.620127999999999957e-05
4.611932999999999945e-05
4.603365000000000267e-05
4.594424000000000245e-05
4.585110999999999950e-05
4.575052000000000323e-05
4.564994000000000088e-05
4.554563000000000188e-05
4.544132000000000287e-05
4.534446999999999718e-05
4.524015999999999818e-05
4.513584999999999917e-05
4.503154000000000016e-05
4.491978000000000176e-05
4.480802000000000336e-05
4.469999000000000162e-05
4.458823000000000322e-05
4.447646999999999804e-05
4.436844000000000307e-05
4.426041000000000133e-05
4.415236999999999889e-05
4.404807000000000058e-05
4.393631000000000218e-05
4.382826999999999974e-05
4.372397000000000143e-05
4.361966000000000243e-05
4.351534999999999664e-05
4.341477000000000107e-05
4.331417999999999803e-05
4.321732999999999911e-05
4.311674000000000284e-05
4.302360999999999989e-05
4.293047999999999694e-05
4.284106999999999672e-05
4.275166000000000328e-05
4.266971000000000316e-05
4.259147999999999900e-05
4.251325000000000161e-05
4.243874000000000019e-05
4.236796000000000220e-05
4.230090000000000017e-05
4.223012000000000217e-05
4.216307000000000084e-05
4.209600999999999881e-05
4.203268000000000022e-05
4.196562999999999888e-05
4.190230000000000029e-05
4.183523999999999826e-05
4.176818999999999693e-05
4.169740999999999893e-05
4.162289999999999751e-05
4.154467000000000012e-05
4.146270999999999930e-05
4.137330999999999978e-05
4.128763000000000300e-05
4.119448999999999935e-05
4.110136000000000318e-05
4.100823000000000022e-05
4.091137000000000061e-05
4.081823999999999766e-05
4.072511000000000148e-05
4.063196999999999783e-05
4.053884000000000166e-05
4.045315999999999810e-05
4.036748000000000132e-05
4.027807000000000110e-05
4.019612000000000098e-05
4.011416000000000016e-05
4.002474999999999994e-05
3.993907000000000316e-05
3.985338999999999961e-05
3.976771000000000282e-05
3.968575000000000200e-05
3.961124000000000058e-05
3.953301000000000319e-05
3.946967999999999782e-05
3.940263000000000326e-05
3.934674999999999729e-05
3.929086999999999809e-05
3.923498999999999889e-05
3.918655999999999908e-05
3.913441000000000331e-05
3.907480000000000068e-05
3.902264999999999814e-05
3.896304000000000228e-05
3.890344000000000034e-05
3.884011000000000174e-05
3.878049999999999911e-05
3.872089999999999717e-05
3.866130000000000201e-05
3.860168999999999938e-05
3.854953999999999683e-05
3.849365999999999763e-05
3.844150000000000117e-05
3.838562000000000197e-05
3.832974000000000277e-05
3.827759000000000023e-05
3.822171000000000102e-05
3.816955999999999848e-05
3.811740000000000202e-05
3.806897000000000221e-05
3.802426999999999907e-05
3.797957000000000270e-05
3.793859000000000229e-05
3.790506000000000127e-05
3.787525999999999691e-05
3.784545999999999933e-05
3.781192999999999832e-05
3.777839999999999730e-05
3.774115000000000033e-05
3.769644999999999718e-05
3.765546999999999677e-05
3.761449000000000314e-05
3.756606000000000333e-05
3.752880999999999958e-05
3.749155000000000190e-05
3.746174999999999755e-05
3.743194999999999997e-05
3.740960000000000178e-05
3.739096999999999956e-05
3.737234999999999803e-05
3.736117000000000198e-05
3.734253999999999975e-05
3.732764000000000096e-05
3.730155999999999934e-05
3.727548999999999842e-05
3.724940999999999680e-05
3.721960999999999922e-05
3.719352999999999760e-05
3.716373000000000002e-05
3.713764999999999840e-05
3.711530000000000021e-05
3.709666999999999799e-05
3.708176999999999920e-05
3.707059999999999707e-05
3.706314999999999767e-05
3.705197000000000162e-05
3.704452000000000222e-05
3.703333999999999939e-05
3.702216999999999726e-05
3.700726999999999847e-05
3.698490999999999958e-05
3.697001000000000079e-05
3.694766000000000261e-05
3.692158000000000099e-05
3.689923000000000280e-05
3.688061000000000128e-05
3.685826000000000309e-05
3.684334999999999683e-05
3.682844999999999804e-05
3.682099999999999864e-05
3.681728000000000268e-05
3.681728000000000268e-05
3.682099999999999864e-05
3.682844999999999804e-05
3.683218000000000147e-05
3.684334999999999683e-05
3.684708000000000026e-05
3.684708000000000026e-05
3.684334999999999683e-05
3.683218000000000147e-05
3.682473000000000208e-05
3.680983000000000329e-05
3.680237999999999712e-05
3.679492999999999772e-05
3.679120000000000106e-05
3.679120000000000106e-05
3.678746999999999763e-05
3.678746999999999763e-05
3.678746999999999763e-05
3.678375000000000167e-05
3.678001999999999823e-05
3.676885000000000288e-05
3.676139999999999671e-05
3.674649999999999792e-05
3.672787000000000247e-05
3.670924000000000024e-05
3.669061999999999871e-05
3.666827000000000053e-05
3.664963999999999830e-05
3.662729000000000012e-05
3.660494000000000193e-05
3.657886000000000031e-05
3.654906000000000273e-05
3.652298000000000111e-05
3.649317999999999676e-05
3.646336999999999848e-05
3.643357000000000090e-05
3.640748999999999928e-05
3.638514000000000109e-05
3.636651999999999956e-05
3.635533999999999673e-05
3.635533999999999673e-05
3.636279000000000291e-05
3.637769000000000170e-05
3.639631999999999714e-05
3.641867000000000211e-05
3.644474999999999695e-05
3.647081999999999787e-05
3.650063000000000293e-05
3.652669999999999707e-05
3.655277999999999869e-05
3.657512999999999688e-05
3.659748000000000184e-05
3.661610999999999729e-05
3.663473999999999951e-05
3.664963999999999830e-05
3.666453999999999709e-05
3.667199000000000327e-05
3.668689000000000206e-05
3.670179000000000085e-05
3.671296999999999690e-05
3.672787000000000247e-05
3.673904999999999852e-05
3.675394999999999731e-05
3.677256999999999884e-05
3.679120000000000106e-05
3.680609999999999985e-05
3.682473000000000208e-05
3.684334999999999683e-05
3.686197999999999905e-05
3.688432999999999724e-05
3.690668000000000220e-05
3.692904000000000108e-05
3.695138999999999927e-05
3.697373999999999745e-05
3.699236999999999968e-05
3.701099000000000121e-05
3.702961999999999665e-05
3.704452000000000222e-05
3.705569999999999828e-05
3.706687000000000041e-05
3.707805000000000324e-05
3.708176999999999920e-05
3.708921999999999859e-05
3.710040000000000142e-05
3.711156999999999678e-05
3.711902999999999687e-05
3.712648000000000304e-05
3.713764999999999840e-05
3.714509999999999779e-05
3.715628000000000062e-05
3.716373000000000002e-05
3.717490000000000215e-05
3.717862999999999881e-05
3.718607999999999820e-05
3.719352999999999760e-05
3.720471000000000043e-05
3.720843000000000316e-05
3.721960999999999922e-05
3.723078000000000135e-05
3.723823000000000074e-05
3.725686000000000297e-05
3.727176000000000176e-05
3.729410999999999994e-05
3.731274000000000217e-05
3.733881999999999701e-05
3.736117000000000198e-05
3.738724999999999682e-05
3.740586999999999835e-05
3.742822000000000331e-05
3.745429999999999815e-05
3.747293000000000038e-05
3.749155000000000190e-05
3.751391000000000079e-05
3.753253000000000231e-05
3.755115999999999776e-05
3.756978999999999999e-05
3.758841000000000151e-05
3.761449000000000314e-05
3.764056999999999798e-05
3.766663999999999890e-05
3.769272000000000052e-05
3.772251999999999810e-05
3.775232000000000246e-05
3.777839999999999730e-05
3.780820000000000166e-05
3.783800999999999994e-05
3.786408000000000086e-05
3.788643999999999974e-05
3.790506000000000127e-05
3.792740999999999945e-05
3.794230999999999824e-05
3.796094000000000047e-05
3.797583999999999926e-05
3.799073999999999805e-05
3.800192000000000088e-05
3.801309999999999694e-05
3.802055000000000311e-05
3.802800000000000250e-05
3.803171999999999846e-05
3.804290000000000129e-05
3.805780000000000008e-05
3.807269999999999887e-05
3.809504999999999706e-05
3.811740000000000202e-05
3.814347999999999686e-05
3.817328000000000122e-05
3.819936000000000284e-05
3.822543999999999768e-05
3.825524000000000204e-05
3.828503999999999962e-05
3.830738999999999781e-05
3.832974000000000277e-05
3.834836999999999822e-05
3.836700000000000044e-05
3.838189999999999923e-05
3.840424999999999742e-05
3.841915000000000298e-05
3.844150000000000117e-05
3.845639999999999996e-05
3.847503000000000218e-05
3.848993000000000097e-05
3.850482999999999976e-05
3.851601000000000259e-05
3.853091000000000138e-05
3.854581000000000017e-05
3.856815999999999836e-05
3.859423999999999998e-05
3.862403999999999756e-05
3.865756999999999858e-05
3.869482000000000233e-05
3.873580000000000274e-05
3.878423000000000254e-05
3.882521000000000295e-05
3.887364000000000276e-05
3.891833999999999913e-05
3.896304000000000228e-05
3.901147000000000208e-05
3.904872999999999976e-05
3.908969999999999947e-05
3.913067999999999988e-05
3.916421000000000089e-05
3.919774000000000191e-05
3.923126000000000223e-05
3.926479000000000324e-05
3.929459000000000082e-05
3.932439999999999910e-05
3.935791999999999942e-05
3.938772999999999770e-05
3.941379999999999862e-05
3.944360999999999690e-05
3.946967999999999782e-05
3.949203999999999670e-05
3.951810999999999762e-05
3.954791000000000198e-05
3.957772000000000026e-05
3.960751999999999784e-05
3.963732000000000220e-05
3.967085000000000321e-05
3.970437999999999745e-05
3.973418000000000181e-05
3.976397999999999939e-05
3.979377999999999697e-05
3.981614000000000263e-05
3.983475999999999738e-05
3.985338999999999961e-05
3.986828999999999840e-05
3.987201000000000113e-05
3.987947000000000123e-05
3.987947000000000123e-05
3.987947000000000123e-05
3.987947000000000123e-05
3.987947000000000123e-05
3.987573999999999779e-05
3.987201000000000113e-05
3.987573999999999779e-05
3.987947000000000123e-05
3.989064000000000336e-05
3.990554000000000215e-05
3.992789000000000033e-05
3.995397000000000195e-05
3.998750000000000297e-05
4.002474999999999994e-05
4.006199999999999692e-05
4.010297999999999733e-05
4.014769000000000118e-05
4.018493999999999815e-05
4.022219000000000190e-05
4.026317000000000231e-05
4.030041999999999929e-05
4.033022999999999757e-05
4.036374999999999788e-05
4.038982999999999950e-05
4.041217999999999769e-05
4.043825999999999931e-05
4.046434000000000093e-05
4.048668999999999912e-05
4.050531000000000064e-05
4.053139000000000226e-05
4.055746999999999711e-05
4.058354999999999873e-05
4.060589999999999691e-05
4.063196999999999783e-05
4.065804999999999945e-05
4.068039999999999764e-05
4.069902999999999986e-05
4.072137999999999805e-05
4.074373000000000301e-05
4.076235999999999846e-05
4.078470999999999665e-05
4.080333999999999887e-05
4.082568999999999706e-05
4.084804000000000202e-05
4.087039000000000020e-05
4.089647000000000182e-05
4.092626999999999940e-05
4.095980000000000042e-05
4.099333000000000143e-05
4.103802999999999780e-05
4.107900999999999821e-05
4.113116000000000076e-05
4.117586999999999783e-05
4.122802000000000037e-05
4.128017000000000291e-05
4.132860000000000272e-05
4.138075999999999918e-05
4.142546000000000233e-05
4.147015999999999870e-05
4.151113999999999911e-05
4.154839999999999678e-05
4.158191999999999710e-05
4.161173000000000215e-05
4.164152999999999973e-05
4.167132999999999731e-05
4.169740999999999893e-05
4.172721000000000329e-05
4.175701000000000087e-05
4.179054000000000189e-05
4.182407000000000290e-05
4.186131999999999988e-05
4.189856999999999685e-05
4.193583000000000130e-05
4.197307999999999828e-05
4.201405999999999869e-05
4.205131000000000244e-05
4.208855999999999942e-05
4.212581999999999709e-05
4.216307000000000084e-05
4.219660000000000186e-05
4.223012000000000217e-05
4.225993000000000045e-05
4.228972999999999803e-05
4.231580999999999965e-05
4.233815999999999784e-05
4.236796000000000220e-05
4.238658999999999765e-05
4.240520999999999917e-05
4.243129000000000079e-05
4.244992000000000302e-05
4.247227000000000120e-05
4.249834000000000212e-05
4.252815000000000040e-05
4.255422000000000132e-05
4.258030000000000294e-05
4.261382999999999718e-05
4.264735999999999820e-05
4.268461000000000195e-05
4.272185999999999893e-05
4.275911000000000268e-05
4.280381999999999975e-05
4.284852000000000289e-05
4.290067999999999936e-05
4.295655999999999856e-05
4.301242999999999706e-05
4.306831000000000304e-05
4.312791999999999890e-05
4.318752000000000083e-05
4.324340000000000004e-05
4.329182999999999984e-05
4.334399000000000308e-05
4.338496000000000279e-05
4.342594000000000320e-05
4.346319000000000018e-05
4.350044999999999785e-05
4.353770000000000161e-05
4.357123000000000262e-05
4.360475999999999686e-05
4.364573000000000335e-05
4.368299000000000102e-05
4.372768999999999739e-05
4.376866999999999780e-05
4.381337000000000095e-05
4.385807999999999802e-05
4.390649999999999713e-05
4.395492999999999693e-05
4.399964000000000078e-05
4.404807000000000058e-05
4.409276999999999695e-05
4.414119999999999676e-05
4.418963000000000334e-05
4.423806000000000315e-05
4.429020999999999891e-05
4.433491000000000206e-05
4.438706999999999852e-05
4.443549999999999833e-05
4.448391999999999743e-05
4.452863000000000128e-05
4.457332999999999765e-05
4.461803000000000080e-05
4.465901000000000121e-05
4.469999000000000162e-05
4.473723999999999859e-05
4.477450000000000304e-05
4.480802000000000336e-05
4.484154999999999760e-05
4.487135000000000196e-05
4.489742999999999680e-05
4.492350999999999842e-05
4.494212999999999995e-05
4.496448999999999883e-05
4.497938999999999762e-05
4.499800999999999915e-05
4.500919000000000198e-05
4.502409000000000077e-05
4.503526999999999682e-05
4.505017000000000239e-05
4.506133999999999774e-05
4.507996999999999997e-05
4.510231999999999815e-05
4.512467000000000312e-05
4.515819999999999736e-05
4.518800000000000171e-05
4.522898000000000212e-05
4.527741000000000193e-05
4.532584000000000173e-05
4.538172000000000093e-05
4.544132000000000287e-05
4.550465000000000147e-05
4.556798000000000006e-05
4.563130999999999866e-05
4.569463999999999725e-05
4.576169999999999929e-05
4.582875000000000062e-05
4.589207999999999921e-05
4.595914000000000124e-05
4.602246999999999984e-05
4.608579999999999844e-05
4.614912999999999703e-05
4.621246000000000240e-05
4.627205999999999756e-05
4.633167000000000020e-05
4.639499999999999880e-05
4.645460000000000073e-05
4.651792999999999933e-05
4.657754000000000196e-05
4.664087000000000056e-05
4.670047000000000250e-05
4.676007999999999836e-05
4.681968000000000029e-05
4.687555999999999949e-05
4.693517000000000213e-05
4.699476999999999729e-05
4.705436999999999923e-05
4.711024999999999843e-05
4.716986000000000106e-05
4.722946000000000300e-05
4.728161999999999946e-05
4.734122000000000140e-05
4.739337999999999787e-05
4.744179999999999697e-05
4.749396000000000021e-05
4.753494000000000062e-05
4.757592000000000103e-05
4.761316999999999801e-05
4.764297000000000237e-05
4.766904999999999721e-05
4.769140000000000217e-05
4.770257999999999823e-05
4.770630000000000096e-05
4.770257999999999823e-05
4.769140000000000217e-05
4.767650000000000338e-05
4.764669999999999903e-05
4.760944000000000135e-05
4.756473999999999820e-05
4.750513000000000234e-05
4.743808000000000101e-05
4.736730000000000302e-05
4.728161999999999946e-05
4.719594000000000268e-05
4.710279999999999903e-05
4.700221999999999668e-05
4.689790999999999768e-05
4.678988000000000271e-05
4.667811999999999753e-05
4.656635999999999913e-05
4.645087999999999800e-05
4.633167000000000020e-05
4.621991000000000180e-05
4.610814999999999662e-05
4.599638999999999822e-05
4.588462999999999982e-05
4.577659999999999808e-05
4.566857000000000311e-05
4.556798000000000006e-05
4.547484999999999711e-05
4.538172000000000093e-05
4.528858999999999798e-05
4.520291000000000120e-05
4.512095000000000038e-05
4.503526999999999682e-05
4.495703999999999944e-05
4.487881000000000205e-05
4.480802000000000336e-05
4.473723999999999859e-05
4.467391000000000000e-05
4.461430999999999806e-05
4.455470000000000220e-05
4.450628000000000310e-05
4.446156999999999925e-05
4.442803999999999823e-05
4.439451999999999792e-05
4.436470999999999964e-05
4.433863999999999872e-05
4.431629000000000053e-05
4.430139000000000174e-05
4.428275999999999952e-05
4.427157999999999669e-05
4.426041000000000133e-05
4.425296000000000194e-05
4.424922999999999850e-05
4.424922999999999850e-05
4.425296000000000194e-05
4.426041000000000133e-05
4.427157999999999669e-05
4.428275999999999952e-05
4.430139000000000174e-05
4.433118999999999932e-05
4.436098999999999690e-05
4.439451999999999792e-05
4.443549999999999833e-05
4.448020000000000148e-05
4.453234999999999724e-05
4.458823000000000322e-05
4.465156000000000181e-05
4.472233999999999980e-05
4.479685000000000123e-05
4.487507999999999862e-05
4.496448999999999883e-05
4.505388999999999835e-05
4.515074999999999796e-05
4.524760999999999757e-05
4.534818999999999992e-05
4.545623000000000236e-05
4.556798000000000006e-05
4.567973999999999846e-05
4.579149999999999687e-05
4.591443999999999810e-05
4.603365000000000267e-05
4.615284999999999977e-05
4.627579000000000100e-05
4.639872000000000153e-05
4.652166000000000276e-05
4.664831999999999995e-05
4.677869999999999988e-05
4.690909000000000051e-05
4.703947000000000044e-05
4.716986000000000106e-05
4.730024000000000099e-05
4.742689999999999818e-05
4.755356000000000215e-05
4.767276999999999995e-05
4.778826000000000178e-05
4.790374000000000292e-05
4.800805000000000193e-05
4.811236000000000093e-05
4.820548999999999711e-05
4.829117000000000067e-05
4.836939999999999805e-05
4.844018000000000282e-05
4.849978999999999868e-05
4.854821999999999848e-05
4.858918999999999820e-05
4.861900000000000325e-05
4.864135000000000144e-05
4.864880000000000083e-05
4.864880000000000083e-05
4.864135000000000144e-05
4.862645000000000265e-05
4.860037000000000103e-05
4.857056999999999667e-05
4.853704000000000243e-05
4.849606000000000202e-05
4.845135999999999887e-05
4.840292999999999907e-05
4.835449999999999926e-05
4.830606999999999946e-05
4.825763999999999965e-05
4.820920999999999984e-05
4.816450999999999670e-05
4.812725999999999972e-05
4.809372999999999871e-05
4.806764999999999709e-05
4.804529999999999890e-05
4.803784999999999951e-05
4.803784999999999951e-05
4.804529999999999890e-05
4.807138000000000052e-05
4.810117999999999810e-05
4.814960999999999791e-05
4.820920999999999984e-05
4.827999999999999854e-05
4.836194999999999866e-05
4.845508000000000161e-05
4.855939000000000062e-05
4.867114999999999902e-05
4.879781000000000298e-05
4.893565000000000301e-05
4.908093000000000172e-05
4.923367000000000054e-05
4.939758000000000148e-05
4.956521999999999908e-05
4.974776000000000225e-05
4.993402000000000138e-05
5.012774000000000060e-05
5.033263000000000195e-05
5.054497000000000270e-05
5.076476000000000285e-05
5.099946000000000248e-05
5.123787999999999807e-05
5.149119999999999923e-05
5.174824000000000313e-05
5.201646000000000308e-05
5.228840999999999968e-05
5.256780000000000177e-05
5.285464999999999716e-05
5.314522000000000207e-05
5.344325000000000030e-05
5.374126999999999783e-05
5.404674000000000153e-05
5.435221999999999916e-05
5.465769000000000286e-05
5.496317000000000048e-05
5.526491000000000075e-05
5.556666000000000171e-05
5.586468999999999994e-05
5.616270999999999747e-05
5.645700999999999904e-05
5.674385000000000052e-05
5.702325000000000330e-05
5.730264999999999930e-05
5.757086999999999925e-05
5.784282000000000263e-05
5.810359000000000319e-05
5.836063000000000031e-05
5.861022999999999873e-05
5.885236999999999706e-05
5.909078999999999943e-05
5.932176000000000240e-05
5.954526999999999851e-05
5.975760999999999925e-05
5.996251000000000131e-05
6.015621999999999983e-05
6.033876000000000300e-05
6.051385000000000000e-05
6.067776000000000094e-05
6.083422000000000249e-05
6.098696000000000130e-05
6.113620000000000599e-05
6.127777000000000267e-05
6.142305000000000139e-05
6.156460999999999737e-05
6.171361999999999952e-05
6.186636000000000511e-05
6.202281999999999988e-05
6.219046000000000426e-05
6.236182999999999852e-05
6.254436000000000099e-05
6.273808000000000021e-05
6.294669999999999823e-05
6.315903999999999898e-05
6.338254999999999508e-05
6.361725000000000149e-05
6.385193999999999365e-05
6.409409000000000623e-05
6.434367999999999717e-05
6.458581999999999550e-05
6.482424000000000465e-05
6.505893999999999751e-05
6.528617999999999704e-05
6.549851999999999779e-05
6.569969000000000319e-05
6.588967999999999897e-05
6.606104000000000609e-05
6.622123000000000430e-05
6.637024000000000645e-05
6.650062000000000638e-05
6.662356000000000083e-05
6.672787000000000661e-05
6.682100000000000279e-05
6.691039999999999553e-05
6.698119000000000100e-05
6.704451999999999959e-05
6.710411999999999475e-05
6.714882000000000468e-05
6.718979999999999831e-05
6.721959999999999589e-05
6.724196000000000155e-05
6.726058000000000308e-05
6.727175999999999913e-05
6.727921000000000530e-05
6.727921000000000530e-05
6.727548000000000187e-05
6.726802999999999570e-05
6.726058000000000308e-05
6.724568000000000429e-05
6.723078000000000550e-05
6.721588000000000671e-05
6.719725000000000448e-05
6.717863000000000296e-05
6.716372000000000347e-05
6.714136999999999850e-05
6.712646999999999971e-05
6.710784999999999819e-05
6.709667000000000213e-05
6.707803999999999991e-05
6.707058999999999374e-05
6.705941999999999838e-05
6.704824000000000233e-05
6.704451999999999959e-05
6.704078999999999616e-05
6.704078999999999616e-05
6.703706000000000627e-05
6.703706000000000627e-05
6.703334000000000354e-05
6.703334000000000354e-05
6.703334000000000354e-05
6.703334000000000354e-05
6.703706000000000627e-05
6.703706000000000627e-05
6.704078999999999616e-05
6.704078999999999616e-05
6.704078999999999616e-05
6.704078999999999616e-05
6.704078999999999616e-05
6.704078999999999616e-05
6.704078999999999616e-05
6.704078999999999616e-05
6.704078999999999616e-05
6.704078999999999616e-05
6.703706000000000627e-05
6.703334000000000354e-05
6.702961000000000010e-05
6.702588999999999737e-05
6.701844000000000475e-05
6.701471000000000131e-05
6.701098999999999858e-05
6.700725999999999514e-05
6.700725999999999514e-05
6.700725999999999514e-05
6.700354000000000596e-05
6.700354000000000596e-05
6.699981000000000252e-05
6.699608999999999979e-05
6.699235999999999635e-05
6.698863999999999362e-05
6.698863999999999362e-05
6.698491000000000373e-05
6.698119000000000100e-05
6.698119000000000100e-05
6.697745999999999756e-05
6.697745999999999756e-05
6.697745999999999756e-05
6.697745999999999756e-05
6.697745999999999756e-05
6.698119000000000100e-05
6.698491000000000373e-05
6.698863999999999362e-05
6.699235999999999635e-05
6.699608999999999979e-05
6.699981000000000252e-05
6.699981000000000252e-05
6.700354000000000596e-05
6.699981000000000252e-05
6.699981000000000252e-05
6.699608999999999979e-05
6.699608999999999979e-05
6.699608999999999979e-05
6.699608999999999979e-05
6.699608999999999979e-05
6.699608999999999979e-05
6.699608999999999979e-05
6.699608999999999979e-05
6.699608999999999979e-05
6.699235999999999635e-05
6.698863999999999362e-05
6.698491000000000373e-05
6.697745999999999756e-05
6.697372999999999413e-05
6.697001000000000494e-05
6.696255999999999877e-05
6.695511000000000615e-05
6.694392999999999655e-05
6.694020999999999381e-05
6.693276000000000119e-05
6.692530999999999502e-05
6.691786000000000240e-05
6.691412999999999897e-05
6.691039999999999553e-05
6.691039999999999553e-05
6.690668000000000635e-05
6.690668000000000635e-05
6.690668000000000635e-05
6.690668000000000635e-05
6.690668000000000635e-05
6.690668000000000635e-05
6.690668000000000635e-05
6.690668000000000635e-05
6.690668000000000635e-05
6.690295000000000291e-05
6.690295000000000291e-05
6.690295000000000291e-05
6.689923000000000018e-05
6.689923000000000018e-05
6.689923000000000018e-05
6.689549999999999674e-05
6.689177999999999400e-05
6.688805000000000412e-05
6.688059999999999795e-05
6.687687999999999521e-05
6.686943000000000260e-05
6.686197999999999642e-05
6.685825000000000654e-05
6.685080000000000037e-05
6.685080000000000037e-05
6.684706999999999693e-05
6.684706999999999693e-05
6.684706999999999693e-05
6.685080000000000037e-05
6.685080000000000037e-05
6.685825000000000654e-05
6.686197999999999642e-05
6.686943000000000260e-05
6.687687999999999521e-05
6.688059999999999795e-05
6.688433000000000139e-05
6.688805000000000412e-05
6.689177999999999400e-05
6.689177999999999400e-05
6.689549999999999674e-05
6.689549999999999674e-05
6.689923000000000018e-05
6.689923000000000018e-05
6.689923000000000018e-05
6.690295000000000291e-05
6.690295000000000291e-05
6.690668000000000635e-05
6.690668000000000635e-05
6.690668000000000635e-05
6.690295000000000291e-05
6.689923000000000018e-05
6.689549999999999674e-05
6.688805000000000412e-05
6.688059999999999795e-05
6.688059999999999795e-05
6.686943000000000260e-05
6.686569999999999916e-05
6.685825000000000654e-05
6.685453000000000381e-05
6.685080000000000037e-05
6.685080000000000037e-05
6.685080000000000037e-05
6.684706999999999693e-05
6.684706999999999693e-05
6.684706999999999693e-05
6.684706999999999693e-05
6.684706999999999693e-05
6.684706999999999693e-05
6.684334999999999420e-05
6.684334999999999420e-05
6.684334999999999420e-05
6.684334999999999420e-05
6.684334999999999420e-05
6.684334999999999420e-05
6.684334999999999420e-05
6.684334999999999420e-05
6.684334999999999420e-05
6.683962000000000432e-05
6.683962000000000432e-05
6.683962000000000432e-05
6.683962000000000432e-05
6.683962000000000432e-05
6.683962000000000432e-05
6.683590000000000158e-05
6.683216999999999814e-05
6.683216999999999814e-05
6.682844999999999541e-05
6.682100000000000279e-05
6.682100000000000279e-05
6.681726999999999935e-05
6.681354999999999662e-05
6.680982000000000674e-05
6.680610000000000400e-05
6.679864999999999783e-05
6.679491999999999439e-05
6.679120000000000521e-05
6.678747000000000177e-05
6.678747000000000177e-05
6.678747000000000177e-05
6.678747000000000177e-05
6.678747000000000177e-05
6.678747000000000177e-05
6.678747000000000177e-05
6.678747000000000177e-05
6.678747000000000177e-05
6.678747000000000177e-05
6.678747000000000177e-05
6.678747000000000177e-05
6.678747000000000177e-05
6.678373999999999834e-05
6.678001999999999560e-05
6.678001999999999560e-05
6.677629000000000572e-05
6.677629000000000572e-05
6.677257000000000298e-05
6.677257000000000298e-05
6.676883999999999955e-05
6.676883999999999955e-05
6.676883999999999955e-05
6.676883999999999955e-05
6.676883999999999955e-05
6.676883999999999955e-05
6.676883999999999955e-05
6.676883999999999955e-05
6.676883999999999955e-05
6.676883999999999955e-05
6.676883999999999955e-05
6.676883999999999955e-05
6.676883999999999955e-05
6.676883999999999955e-05
6.676511999999999681e-05
6.676138999999999338e-05
6.675767000000000419e-05
6.675767000000000419e-05
6.675394000000000076e-05
6.675394000000000076e-05
6.675394000000000076e-05
6.675767000000000419e-05
6.675767000000000419e-05
6.676138999999999338e-05
6.676883999999999955e-05
6.676883999999999955e-05
6.677257000000000298e-05
6.676883999999999955e-05
6.676883999999999955e-05
6.676511999999999681e-05
6.675767000000000419e-05
6.675394000000000076e-05
6.674648999999999459e-05
6.673904000000000197e-05
6.673158999999999580e-05
6.672414000000000318e-05
6.672414000000000318e-05
6.671668999999999701e-05
6.671295999999999357e-05
6.671295999999999357e-05
6.671668999999999701e-05
6.671668999999999701e-05
6.672414000000000318e-05
6.672414000000000318e-05
6.672414000000000318e-05
6.672787000000000661e-05
6.673158999999999580e-05
6.673158999999999580e-05
6.673531999999999923e-05
6.673531999999999923e-05
6.673531999999999923e-05
6.673531999999999923e-05
6.673904000000000197e-05
6.673904000000000197e-05
6.674277000000000540e-05
6.674277000000000540e-05
6.674277000000000540e-05
6.674277000000000540e-05
6.674277000000000540e-05
6.674277000000000540e-05
6.674277000000000540e-05
6.673904000000000197e-05
6.673904000000000197e-05
6.673531999999999923e-05
6.673531999999999923e-05
6.673158999999999580e-05
6.673158999999999580e-05
6.673158999999999580e-05
6.672787000000000661e-05
6.672787000000000661e-05
6.672414000000000318e-05
6.672414000000000318e-05
6.672414000000000318e-05
6.672414000000000318e-05
6.672414000000000318e-05
6.672414000000000318e-05
6.672414000000000318e-05
6.672414000000000318e-05
6.672414000000000318e-05
6.672414000000000318e-05
6.672414000000000318e-05
6.672414000000000318e-05
6.672414000000000318e-05
6.672414000000000318e-05
6.672414000000000318e-05
6.672414000000000318e-05
6.672414000000000318e-05
6.672414000000000318e-05
6.672414000000000318e-05
6.672414000000000318e-05
6.672787000000000661e-05
6.672787000000000661e-05
6.673158999999999580e-05
6.673531999999999923e-05
6.673904000000000197e-05
6.673904000000000197e-05
6.674277000000000540e-05
6.674277000000000540e-05
6.674648999999999459e-05
6.674648999999999459e-05
6.675021999999999802e-05
6.675021999999999802e-05
6.675021999999999802e-05
6.675021999999999802e-05
6.675021999999999802e-05
6.675394000000000076e-05
6.675394000000000076e-05
6.675394000000000076e-05
6.675394000000000076e-05
6.675767000000000419e-05
6.675767000000000419e-05
6.675767000000000419e-05
6.675767000000000419e-05
6.675767000000000419e-05
6.675767000000000419e-05
6.675394000000000076e-05
6.675394000000000076e-05
6.674648999999999459e-05
6.673904000000000197e-05
6.673531999999999923e-05
6.672787000000000661e-05
6.672414000000000318e-05
6.672040999999999974e-05
6.671295999999999357e-05
6.670924000000000439e-05
6.670551000000000095e-05
6.670178999999999822e-05
6.669805999999999478e-05
6.669434000000000560e-05
6.669061000000000216e-05
6.669061000000000216e-05
6.668688999999999943e-05
6.668315999999999599e-05
6.667571000000000337e-05
6.666825999999999720e-05
6.666081000000000458e-05
6.665708000000000115e-05
6.664962999999999498e-05
6.664218000000000236e-05
6.663472999999999619e-05
6.663100999999999345e-05
6.662728000000000357e-05
6.662356000000000083e-05
6.661982999999999740e-05
6.661238000000000478e-05
6.660492999999999861e-05
6.659748000000000599e-05
6.659376000000000325e-05
6.659002999999999982e-05
6.658257999999999364e-05
6.658257999999999364e-05
6.657885000000000376e-05
6.657885000000000376e-05
6.657885000000000376e-05
6.657885000000000376e-05
6.657885000000000376e-05
6.657885000000000376e-05
6.657513000000000103e-05
6.657513000000000103e-05
6.657513000000000103e-05
6.657513000000000103e-05
6.657513000000000103e-05
6.657139999999999759e-05
6.656767999999999485e-05
6.656395000000000497e-05
6.656395000000000497e-05
6.656395000000000497e-05
6.656023000000000224e-05
6.656023000000000224e-05
6.656023000000000224e-05
6.656023000000000224e-05
6.656395000000000497e-05
6.656395000000000497e-05
6.656395000000000497e-05
6.656395000000000497e-05
6.656395000000000497e-05
6.656395000000000497e-05
6.656395000000000497e-05
6.656395000000000497e-05
6.656395000000000497e-05
6.656395000000000497e-05
6.656767999999999485e-05
6.657139999999999759e-05
6.657139999999999759e-05
6.657139999999999759e-05
6.657513000000000103e-05
6.657513000000000103e-05
6.657513000000000103e-05
6.657513000000000103e-05
6.657513000000000103e-05
6.657513000000000103e-05
6.657513000000000103e-05
6.657139999999999759e-05
6.656767999999999485e-05
6.656395000000000497e-05
6.656395000000000497e-05
6.656395000000000497e-05
6.656023000000000224e-05
6.655649999999999880e-05
6.655649999999999880e-05
6.655277999999999606e-05
6.655277999999999606e-05
6.655277999999999606e-05
6.654905000000000618e-05
6.654905000000000618e-05
6.654533000000000345e-05
6.654533000000000345e-05
6.654160000000000001e-05
6.654533000000000345e-05
6.654533000000000345e-05
6.654905000000000618e-05
6.655277999999999606e-05
6.655649999999999880e-05
6.656395000000000497e-05
6.656395000000000497e-05
6.656767999999999485e-05
6.657139999999999759e-05
6.657885000000000376e-05
6.658257999999999364e-05
6.658257999999999364e-05
6.658629999999999638e-05
6.659002999999999982e-05
6.659002999999999982e-05
6.659002999999999982e-05
6.659002999999999982e-05
6.659002999999999982e-05
6.659376000000000325e-05
6.659376000000000325e-05
6.659376000000000325e-05
6.659748000000000599e-05
6.659748000000000599e-05
6.660120999999999587e-05
6.660866000000000204e-05
6.661238000000000478e-05
6.661982999999999740e-05
6.662356000000000083e-05
6.662728000000000357e-05
6.663100999999999345e-05
6.663472999999999619e-05
6.663845999999999962e-05
6.664218000000000236e-05
6.664591000000000579e-05
6.664962999999999498e-05
6.664962999999999498e-05
6.664962999999999498e-05
6.664962999999999498e-05
6.664962999999999498e-05
6.664591000000000579e-05
6.664591000000000579e-05
6.664218000000000236e-05
6.664218000000000236e-05
6.664218000000000236e-05
6.664218000000000236e-05
6.664218000000000236e-05
6.664591000000000579e-05
6.664591000000000579e-05
6.664591000000000579e-05
6.664218000000000236e-05
6.664218000000000236e-05
6.663845999999999962e-05
6.663472999999999619e-05
6.662728000000000357e-05
6.662728000000000357e-05
6.661982999999999740e-05
6.661610999999999466e-05
6.661238000000000478e-05
6.660866000000000204e-05
6.660120999999999587e-05
6.659748000000000599e-05
6.659748000000000599e-05
6.659376000000000325e-05
6.659002999999999982e-05
6.659002999999999982e-05
6.659002999999999982e-05
6.659002999999999982e-05
6.659002999999999982e-05
6.659376000000000325e-05
6.659748000000000599e-05
6.659748000000000599e-05
6.659748000000000599e-05
6.659748000000000599e-05
6.659748000000000599e-05
6.659748000000000599e-05
6.659748000000000599e-05
6.659748000000000599e-05
6.659748000000000599e-05
6.659748000000000599e-05
6.659748000000000599e-05
6.659376000000000325e-05
6.659376000000000325e-05
6.659002999999999982e-05
6.659002999999999982e-05
6.658629999999999638e-05
6.658629999999999638e-05
6.658257999999999364e-05
6.658629999999999638e-05
6.658629999999999638e-05
6.658629999999999638e-05
6.659002999999999982e-05
6.659002999999999982e-05
6.659002999999999982e-05
6.659376000000000325e-05
6.659376000000000325e-05
6.659748000000000599e-05
6.659748000000000599e-05
6.660120999999999587e-05
6.660492999999999861e-05
6.660866000000000204e-05
6.660866000000000204e-05
6.661238000000000478e-05
6.661238000000000478e-05
6.661610999999999466e-05
6.661610999999999466e-05
6.661982999999999740e-05
6.661982999999999740e-05
6.661982999999999740e-05
6.661982999999999740e-05
6.662356000000000083e-05
6.662356000000000083e-05
6.662728000000000357e-05
6.662728000000000357e-05
6.662728000000000357e-05
6.663100999999999345e-05
6.663100999999999345e-05
6.663100999999999345e-05
6.663472999999999619e-05
6.663472999999999619e-05
6.663100999999999345e-05
6.663100999999999345e-05
6.663100999999999345e-05
6.662728000000000357e-05
6.662728000000000357e-05
6.662728000000000357e-05
6.662728000000000357e-05
6.662728000000000357e-05
6.662728000000000357e-05
6.663100999999999345e-05
6.663100999999999345e-05
6.663100999999999345e-05
6.663100999999999345e-05
6.663100999999999345e-05
6.662728000000000357e-05
6.662728000000000357e-05
6.662728000000000357e-05
6.662728000000000357e-05
6.662728000000000357e-05
6.662728000000000357e-05
6.662728000000000357e-05
6.663100999999999345e-05
6.663472999999999619e-05
6.664591000000000579e-05
6.665335999999999841e-05
6.666081000000000458e-05
6.666825999999999720e-05
