-6.938772000000000115e-05
-6.935420000000000083e-05
-6.931693999999999638e-05
-6.927224000000000001e-05
-6.922754000000000364e-05
-6.918655999999999645e-05
-6.914930000000000555e-05
-6.911578000000000524e-05
-6.908969999999999684e-05
-6.907106999999999461e-05
-6.906362000000000200e-05
-6.905616999999999582e-05
-6.905245000000000664e-05
-6.904872000000000321e-05
-6.905245000000000664e-05
-6.905616999999999582e-05
-6.905616999999999582e-05
-6.904500000000000047e-05
-6.903754999999999430e-05
-6.901892000000000563e-05
-6.900029000000000340e-05
-6.897421999999999570e-05
-6.894440999999999742e-05
-6.891088999999999711e-05
-6.887363000000000621e-05
-6.882892999999999629e-05
-6.878422999999999992e-05
-6.873952000000000285e-05
-6.869109000000000304e-05
-6.864266000000000323e-05
-6.859051000000000069e-05
-6.854208000000000089e-05
-6.848992999999999835e-05
-6.843776999999999510e-05
-6.839306999999999873e-05
-6.834463999999999893e-05
-6.829994000000000256e-05
-6.825523000000000549e-05
-6.821425999999999900e-05
-6.818072999999999799e-05
-6.813603000000000162e-05
-6.809132000000000455e-05
-6.804661999999999462e-05
-6.799446000000000493e-05
-6.793857999999999896e-05
-6.788270999999999368e-05
-6.783055000000000399e-05
-6.777094999999999528e-05
-6.771507000000000285e-05
-6.766664000000000305e-05
-6.761447999999999981e-05
-6.756232999999999727e-05
-6.752135000000000363e-05
-6.748409999999999988e-05
-6.744312000000000625e-05
-6.740587000000000249e-05
-6.737234000000000148e-05
-6.733881000000000046e-05
-6.730529000000000015e-05
-6.727548000000000187e-05
-6.724568000000000429e-05
-6.720843000000000054e-05
-6.717489999999999952e-05
-6.713764999999999577e-05
-6.709667000000000213e-05
-6.704451999999999959e-05
-6.699608999999999979e-05
-6.694020999999999381e-05
-6.688433000000000139e-05
-6.682100000000000279e-05
-6.675021999999999802e-05
-6.667943999999999326e-05
-6.660866000000000204e-05
-6.653787999999999727e-05
-6.646710000000000606e-05
-6.639631000000000059e-05
-6.633298000000000200e-05
-6.627337999999999328e-05
-6.621750000000000086e-05
-6.615417000000000226e-05
-6.608338999999999750e-05
-6.600888000000000285e-05
-6.593809999999999808e-05
-6.586731999999999331e-05
-6.578164000000000331e-05
-6.569969000000000319e-05
-6.561773000000000237e-05
-6.553204999999999881e-05
-6.545008999999999799e-05
-6.536440999999999443e-05
-6.527873000000000443e-05
-6.520794999999999966e-05
-6.514834000000000380e-05
-6.510363999999999388e-05
-6.505520999999999407e-05
-6.500677999999999426e-05
-6.495090000000000184e-05
-6.489501999999999586e-05
-6.485031999999999949e-05
-6.481678999999999848e-05
-6.479071000000000363e-05
-6.476091000000000605e-05
-6.473110999999999492e-05
-6.469013000000000129e-05
-6.464170000000000148e-05
-6.460071999999999429e-05
-6.455975000000000136e-05
-6.451132000000000155e-05
-6.446661000000000448e-05
-6.440700999999999577e-05
-6.435113000000000335e-05
-6.429898000000000080e-05
-6.425427000000000373e-05
-6.420212000000000119e-05
-6.414995999999999795e-05
-6.409409000000000623e-05
-6.403447999999999681e-05
-6.398232999999999427e-05
-6.393761999999999720e-05
-6.388174000000000478e-05
-6.382213999999999607e-05
-6.375507999999999403e-05
-6.368430000000000282e-05
-6.362097000000000422e-05
-6.355764000000000563e-05
-6.349430999999999348e-05
-6.343097999999999488e-05
-6.337510000000000246e-05
-6.332294999999999992e-05
-6.326706999999999394e-05
-6.321119000000000152e-05
-6.314786000000000292e-05
-6.308453000000000433e-05
-6.303238000000000178e-05
-6.297649999999999581e-05
-6.292062000000000338e-05
-6.286100999999999397e-05
-6.281258999999999486e-05
-6.276415999999999506e-05
-6.271572999999999525e-05
-6.267101999999999818e-05
-6.263005000000000525e-05
-6.259279000000000080e-05
-6.255927000000000048e-05
-6.252946000000000220e-05
-6.250710999999999724e-05
-6.248103000000000240e-05
-6.245495999999999470e-05
-6.243261000000000329e-05
-6.240280000000000501e-05
-6.237299999999999388e-05
-6.234691999999999903e-05
-6.231712000000000145e-05
-6.228732000000000387e-05
-6.225379000000000286e-05
-6.222399000000000528e-05
-6.219418999999999414e-05
-6.216437999999999586e-05
-6.214203000000000446e-05
-6.211595999999999676e-05
-6.208988000000000191e-05
-6.206379999999999352e-05
-6.202655000000000332e-05
-6.198929999999999957e-05
-6.194832000000000593e-05
-6.190733999999999875e-05
-6.185890999999999894e-05
-6.181047999999999913e-05
-6.175460000000000671e-05
-6.170245000000000417e-05
-6.164656999999999819e-05
-6.159441999999999565e-05
-6.153480999999999979e-05
-6.147892999999999381e-05
-6.142305000000000139e-05
-6.136345000000000623e-05
-6.130757000000000025e-05
-6.124796000000000439e-05
-6.118835999999999568e-05
-6.112874999999999982e-05
-6.106542000000000122e-05
-6.100186000000000009e-05
-6.093480999999999876e-05
-6.087148000000000016e-05
-6.080815000000000157e-05
-6.074482000000000297e-05
-6.067776000000000094e-05
-6.061815999999999900e-05
-6.055483000000000041e-05
-6.049895000000000121e-05
-6.043933999999999857e-05
-6.038345999999999937e-05
-6.032758000000000017e-05
-6.027170000000000097e-05
-6.021954999999999843e-05
-6.016366999999999923e-05
-6.010779000000000003e-05
-6.004446000000000143e-05
-5.998113000000000283e-05
-5.992153000000000090e-05
-5.985820000000000230e-05
-5.979486999999999693e-05
-5.973898999999999773e-05
-5.968310999999999853e-05
-5.963095000000000206e-05
-5.958253000000000296e-05
-5.953781999999999911e-05
-5.949683999999999870e-05
-5.945586999999999899e-05
-5.941488999999999858e-05
-5.937763000000000090e-05
-5.934783000000000332e-05
-5.931430000000000231e-05
-5.928449999999999795e-05
-5.925097999999999764e-05
-5.922861999999999875e-05
-5.920999999999999723e-05
-5.919137000000000178e-05
-5.918392000000000238e-05
-5.917273999999999955e-05
-5.916529000000000016e-05
-5.915784000000000076e-05
-5.915039000000000137e-05
-5.914294000000000197e-05
-5.913176999999999984e-05
-5.912432000000000044e-05
-5.911313999999999761e-05
-5.910196000000000156e-05
-5.909451000000000216e-05
-5.907961000000000337e-05
-5.906470999999999781e-05
-5.905353000000000175e-05
-5.903117999999999679e-05
-5.901256000000000204e-05
-5.899392999999999982e-05
-5.896784999999999820e-05
-5.893805000000000062e-05
-5.890825000000000304e-05
-5.887099999999999929e-05
-5.884119000000000101e-05
-5.880393999999999725e-05
-5.876669000000000028e-05
-5.872943000000000260e-05
-5.868846000000000289e-05
-5.864748000000000248e-05
-5.860276999999999864e-05
-5.855807000000000227e-05
-5.850964000000000246e-05
-5.846121000000000265e-05
-5.840532999999999668e-05
-5.835318000000000091e-05
-5.830102999999999837e-05
-5.824514999999999917e-05
-5.818926999999999997e-05
-5.812965999999999733e-05
-5.807006000000000217e-05
-5.801418000000000297e-05
-5.795829999999999700e-05
-5.790615000000000123e-05
-5.785398999999999799e-05
-5.779810999999999879e-05
-5.774967999999999898e-05
-5.769379999999999978e-05
-5.763792000000000058e-05
-5.757831999999999864e-05
-5.751871999999999671e-05
-5.745911000000000085e-05
-5.739950999999999891e-05
-5.734362999999999971e-05
-5.728775000000000051e-05
-5.722813999999999787e-05
-5.717599000000000211e-05
-5.712756000000000230e-05
-5.707540999999999976e-05
-5.702697999999999996e-05
-5.697481999999999671e-05
-5.693384000000000308e-05
-5.688541999999999720e-05
-5.684443999999999679e-05
-5.680346000000000315e-05
-5.676248000000000274e-05
-5.672522999999999899e-05
-5.669169999999999798e-05
-5.665816999999999696e-05
-5.663210000000000281e-05
-5.660602000000000119e-05
-5.658738999999999897e-05
-5.656504000000000078e-05
-5.654640999999999856e-05
-5.652778999999999703e-05
-5.650543999999999885e-05
-5.648307999999999996e-05
-5.645700999999999904e-05
-5.642347999999999803e-05
-5.638249999999999762e-05
-5.633780000000000125e-05
-5.629682000000000083e-05
-5.624466999999999829e-05
-5.619623999999999849e-05
-5.614780999999999868e-05
-5.609565000000000222e-05
-5.604723000000000311e-05
-5.599134999999999713e-05
-5.594291999999999733e-05
-5.589076000000000086e-05
-5.583488000000000166e-05
-5.578272999999999912e-05
-5.572312999999999718e-05
-5.565979999999999859e-05
-5.559646999999999999e-05
-5.553314000000000140e-05
-5.547352999999999876e-05
-5.541392999999999682e-05
-5.535059999999999823e-05
-5.529099000000000237e-05
-5.522765999999999700e-05
-5.516432999999999840e-05
-5.509727999999999707e-05
-5.503022000000000181e-05
-5.495572000000000109e-05
-5.488493000000000240e-05
-5.481414999999999763e-05
-5.473964999999999690e-05
-5.466514000000000225e-05
-5.459064000000000153e-05
-5.451613000000000010e-05
-5.444535000000000211e-05
-5.437830000000000078e-05
-5.431868999999999814e-05
-5.425909000000000298e-05
-5.420692999999999974e-05
-5.415477999999999720e-05
-5.411007000000000013e-05
-5.406910000000000042e-05
-5.403184000000000274e-05
-5.399832000000000243e-05
-5.396479000000000141e-05
-5.393126000000000040e-05
-5.389772999999999938e-05
-5.386420999999999906e-05
-5.382695000000000139e-05
-5.378597000000000098e-05
-5.374500000000000127e-05
-5.370402000000000086e-05
-5.365559000000000105e-05
-5.361088999999999791e-05
-5.355500999999999870e-05
-5.350285000000000224e-05
-5.345069999999999970e-05
-5.339482000000000050e-05
-5.334265999999999726e-05
-5.329051000000000149e-05
-5.323835999999999895e-05
-5.318992999999999914e-05
-5.314149999999999934e-05
-5.308934000000000287e-05
-5.303719000000000033e-05
-5.298503999999999779e-05
-5.292915999999999859e-05
-5.287327999999999939e-05
-5.282112000000000292e-05
-5.276152000000000099e-05
-5.270190999999999835e-05
-5.264231000000000319e-05
-5.258642999999999721e-05
-5.252683000000000205e-05
-5.247095000000000285e-05
-5.241506999999999688e-05
-5.236291000000000041e-05
-5.231448000000000061e-05
-5.226606000000000150e-05
-5.222134999999999765e-05
-5.218410000000000068e-05
-5.214312000000000027e-05
-5.210587000000000329e-05
-5.207234000000000228e-05
-5.203508999999999853e-05
-5.200155999999999751e-05
-5.196431000000000053e-05
-5.192705000000000286e-05
-5.188979999999999911e-05
-5.185255000000000213e-05
-5.181529999999999838e-05
-5.177804000000000071e-05
-5.174078999999999696e-05
-5.170353999999999998e-05
-5.166255999999999957e-05
-5.162531000000000259e-05
-5.159178000000000158e-05
-5.156197999999999722e-05
-5.153216999999999894e-05
-5.150982000000000076e-05
-5.148747000000000257e-05
-5.146511999999999761e-05
-5.144276999999999943e-05
-5.142413999999999720e-05
-5.139806000000000236e-05
-5.137199000000000144e-05
-5.134963000000000255e-05
-5.132356000000000163e-05
-5.129748000000000001e-05
-5.126768000000000243e-05
-5.123787999999999807e-05
-5.120806999999999979e-05
-5.117454999999999948e-05
-5.114474000000000120e-05
-5.111493999999999684e-05
-5.108141000000000260e-05
-5.105160999999999824e-05
-5.101807999999999723e-05
-5.098827999999999965e-05
-5.096219999999999803e-05
-5.093240000000000045e-05
-5.089886999999999943e-05
-5.086907000000000185e-05
-5.083926999999999750e-05
-5.080574000000000326e-05
-5.077221000000000224e-05
-5.073869000000000193e-05
-5.070142999999999747e-05
-5.066790999999999716e-05
-5.062692999999999675e-05
-5.058595000000000311e-05
-5.054497000000000270e-05
-5.049654000000000290e-05
-5.044811000000000309e-05
-5.040340999999999994e-05
-5.035498000000000014e-05
-5.031027999999999699e-05
-5.026556999999999992e-05
-5.022460000000000021e-05
-5.017989000000000314e-05
-5.013519000000000000e-05
-5.009048999999999685e-05
-5.004577999999999978e-05
-5.000479999999999937e-05
-4.995638000000000026e-05
-4.991167000000000319e-05
-4.986324000000000339e-05
-4.981109000000000085e-05
-4.975521000000000164e-05
-4.969560999999999971e-05
-4.963599999999999707e-05
-4.956521999999999908e-05
-4.949816999999999775e-05
-4.942366000000000310e-05
-4.934542999999999894e-05
-4.927465000000000095e-05
-4.920013999999999952e-05
-4.912191000000000213e-05
-4.905112999999999737e-05
-4.898034999999999938e-05
-4.890957000000000139e-05
-4.884250999999999935e-05
-4.877918000000000076e-05
-4.871585000000000216e-05
-4.865997000000000296e-05
-4.860409999999999769e-05
-4.855194000000000122e-05
-4.850723999999999807e-05
-4.846253000000000100e-05
-4.842156000000000129e-05
-4.838058000000000088e-05
-4.834332999999999713e-05
-4.830234999999999672e-05
-4.826508999999999905e-05
-4.822039000000000268e-05
-4.817196000000000287e-05
-4.812353000000000306e-05
-4.807138000000000052e-05
-4.801550000000000132e-05
-4.795962000000000212e-05
-4.790002000000000018e-05
-4.784414000000000098e-05
-4.778452999999999835e-05
-4.772493000000000319e-05
-4.766532000000000055e-05
-4.760571999999999861e-05
-4.754983999999999941e-05
-4.749022999999999678e-05
-4.743434999999999758e-05
-4.737475000000000242e-05
-4.731513999999999978e-05
-4.725553999999999784e-05
-4.719965999999999864e-05
-4.714751000000000288e-05
-4.709162999999999690e-05
-4.704691999999999983e-05
-4.699850000000000073e-05
-4.696124000000000305e-05
-4.692398999999999930e-05
-4.688674000000000232e-05
-4.684576000000000191e-05
-4.680850999999999816e-05
-4.676752999999999775e-05
-4.672282000000000068e-05
-4.668185000000000097e-05
-4.663342000000000116e-05
-4.659244000000000075e-05
-4.655146000000000034e-05
-4.651421000000000337e-05
-4.647694999999999892e-05
-4.644342999999999860e-05
-4.641362000000000032e-05
-4.638754999999999940e-05
-4.636520000000000122e-05
-4.633911999999999959e-05
-4.631677000000000141e-05
-4.629442000000000322e-05
-4.626834000000000160e-05
-4.624225999999999998e-05
-4.621617999999999836e-05
-4.619383000000000018e-05
-4.616775999999999926e-05
-4.614167999999999764e-05
-4.611560000000000279e-05
-4.608952000000000117e-05
-4.605971999999999681e-05
-4.602991999999999923e-05
-4.599638999999999822e-05
-4.596285999999999720e-05
-4.592561000000000023e-05
-4.588836000000000325e-05
-4.584738000000000284e-05
-4.580640000000000243e-05
-4.576542000000000202e-05
-4.572445000000000231e-05
-4.567973999999999846e-05
-4.563504000000000209e-05
-4.558287999999999885e-05
-4.553445999999999975e-05
-4.548230000000000328e-05
-4.543015000000000074e-05
-4.538172000000000093e-05
-4.532956999999999839e-05
-4.528486000000000132e-05
-4.524388000000000091e-05
-4.519917999999999777e-05
-4.516193000000000079e-05
-4.512467000000000312e-05
-4.508741999999999936e-05
-4.505388999999999835e-05
-4.501291999999999864e-05
-4.497193999999999823e-05
-4.493468000000000055e-05
-4.488626000000000145e-05
-4.483409999999999821e-05
-4.478195000000000244e-05
-4.472233999999999980e-05
-4.465901000000000121e-05
-4.459568000000000261e-05
-4.452863000000000128e-05
-4.446156999999999925e-05
-4.439079000000000126e-05
-4.432001000000000327e-05
-4.424922999999999850e-05
-4.417845000000000051e-05
-4.411512000000000191e-05
-4.405179000000000332e-05
-4.398845999999999795e-05
-4.392886000000000279e-05
-4.387297999999999681e-05
-4.381709999999999761e-05
-4.376494000000000114e-05
-4.370906000000000194e-05
-4.366064000000000284e-05
-4.360847999999999960e-05
-4.355260000000000040e-05
-4.350044999999999785e-05
-4.344829000000000139e-05
-4.339241000000000219e-05
-4.334025999999999965e-05
-4.328810999999999710e-05
-4.322850000000000125e-05
-4.317262000000000204e-05
-4.311674000000000284e-05
-4.306085999999999687e-05
-4.300497999999999767e-05
-4.294538000000000251e-05
-4.288950000000000330e-05
-4.284106999999999672e-05
-4.278518999999999752e-05
-4.274049000000000115e-05
-4.269206000000000135e-05
-4.264735999999999820e-05
-4.259892999999999839e-05
-4.255422000000000132e-05
-4.250580000000000222e-05
-4.245737000000000241e-05
-4.240894000000000261e-05
-4.236422999999999876e-05
-4.231953000000000239e-05
-4.227855000000000198e-05
-4.223012000000000217e-05
-4.218541999999999903e-05
-4.214072000000000266e-05
-4.209600999999999881e-05
-4.205131000000000244e-05
-4.200660999999999929e-05
-4.196190000000000223e-05
-4.191719999999999908e-05
-4.187250000000000271e-05
-4.183152000000000230e-05
-4.179054000000000189e-05
-4.174583999999999874e-05
-4.170485999999999833e-05
-4.166015000000000126e-05
-4.161173000000000215e-05
-4.155956999999999891e-05
-4.150742000000000315e-05
-4.144781000000000051e-05
-4.138448000000000192e-05
-4.131743000000000058e-05
-4.125410000000000199e-05
-4.118703999999999996e-05
-4.111998999999999863e-05
-4.105666000000000003e-05
-4.099704999999999739e-05
-4.093371999999999880e-05
-4.087411999999999686e-05
-4.081451000000000100e-05
-4.075490999999999906e-05
-4.069530000000000320e-05
-4.063941999999999723e-05
-4.058354999999999873e-05
-4.052766999999999953e-05
-4.047179000000000033e-05
-4.041962999999999708e-05
-4.036748000000000132e-05
-4.031905000000000151e-05
-4.028179999999999776e-05
-4.024081999999999735e-05
-4.020357000000000038e-05
-4.017003999999999936e-05
-4.013279000000000239e-05
-4.009926000000000137e-05
-4.006199999999999692e-05
-4.002848000000000338e-05
-3.999121999999999893e-05
-3.994652000000000256e-05
-3.990554000000000215e-05
-3.986456000000000174e-05
-3.982359000000000203e-05
-3.977887999999999818e-05
-3.973789999999999777e-05
-3.969692999999999806e-05
-3.965594999999999765e-05
-3.961870000000000067e-05
-3.958144000000000300e-05
-3.954418999999999925e-05
-3.950320999999999883e-05
-3.946596000000000186e-05
-3.942870999999999811e-05
-3.939517999999999709e-05
-3.935791999999999942e-05
-3.932067000000000244e-05
-3.928714000000000143e-05
-3.925733999999999707e-05
-3.922381000000000283e-05
-3.919400999999999847e-05
-3.916047999999999746e-05
-3.912695999999999714e-05
-3.908969999999999947e-05
-3.904872999999999976e-05
-3.901147000000000208e-05
-3.897049000000000167e-05
-3.892952000000000196e-05
-3.888854000000000155e-05
-3.884756000000000114e-05
-3.880658000000000073e-05
-3.876560000000000032e-05
-3.872835000000000334e-05
-3.868365000000000020e-05
-3.864266999999999979e-05
-3.860168999999999938e-05
-3.855699000000000301e-05
-3.850856000000000320e-05
-3.846386000000000005e-05
-3.841915000000000298e-05
-3.837444999999999984e-05
-3.833346999999999943e-05
-3.829248999999999902e-05
-3.825524000000000204e-05
-3.822171000000000102e-05
-3.819190999999999667e-05
-3.816583000000000182e-05
-3.814347999999999686e-05
-3.812857999999999807e-05
-3.810995000000000262e-05
-3.809133000000000110e-05
-3.807269999999999887e-05
-3.804661999999999725e-05
-3.801681999999999967e-05
-3.797957000000000270e-05
-3.793859000000000229e-05
-3.789388999999999914e-05
-3.784545999999999933e-05
-3.779330000000000287e-05
-3.774115000000000033e-05
-3.768527000000000113e-05
-3.762939000000000193e-05
-3.757351000000000272e-05
-3.752136000000000018e-05
-3.746548000000000098e-05
-3.741705000000000118e-05
-3.736862000000000137e-05
-3.732391999999999822e-05
-3.727921000000000115e-05
-3.723823000000000074e-05
-3.719352999999999760e-05
-3.714883000000000123e-05
-3.710785000000000082e-05
-3.706314999999999767e-05
-3.702216999999999726e-05
-3.698118999999999685e-05
-3.693649000000000048e-05
-3.689923000000000280e-05
-3.686197999999999905e-05
-3.682844999999999804e-05
-3.679492999999999772e-05
-3.675767000000000005e-05
-3.672413999999999903e-05
-3.669434000000000145e-05
-3.666081000000000043e-05
-3.662729000000000012e-05
-3.659375999999999910e-05
-3.656396000000000152e-05
-3.653415000000000324e-05
-3.650808000000000232e-05
-3.647827999999999797e-05
-3.645220000000000312e-05
-3.642239999999999877e-05
-3.639631999999999714e-05
-3.636651999999999956e-05
-3.634043999999999794e-05
-3.631436000000000310e-05
-3.628829000000000218e-05
-3.625847999999999712e-05
-3.622867999999999954e-05
-3.619888000000000196e-05
-3.617280000000000034e-05
-3.613926999999999933e-05
-3.610202000000000235e-05
-3.606476999999999860e-05
-3.601633999999999879e-05
-3.597535999999999838e-05
-3.593066000000000201e-05
-3.589339999999999756e-05
-3.586359999999999998e-05
-3.583380000000000240e-05
-3.581144999999999744e-05
-3.578537000000000260e-05
-3.576674000000000037e-05
-3.574066999999999945e-05
-3.571458999999999783e-05
-3.568479000000000025e-05
-3.565125999999999923e-05
-3.561772999999999822e-05
-3.558048000000000124e-05
-3.554695000000000023e-05
-3.551342999999999991e-05
-3.548362000000000163e-05
-3.546126999999999667e-05
-3.543891999999999848e-05
-3.542774000000000243e-05
-3.541657000000000030e-05
-3.540912000000000090e-05
-3.540538999999999747e-05
-3.539793999999999807e-05
-3.538677000000000272e-05
-3.537186000000000323e-05
-3.534205999999999887e-05
-3.530852999999999786e-05
-3.526010999999999875e-05
-3.520795000000000229e-05
-3.514461999999999691e-05
-3.507757000000000236e-05
-3.501423999999999699e-05
-3.495090999999999839e-05
-3.489875000000000193e-05
-3.484659999999999939e-05
-3.480561999999999897e-05
-3.477208999999999796e-05
-3.474229000000000038e-05
-3.471249000000000280e-05
-3.468641000000000118e-05
-3.466032999999999956e-05
-3.463053000000000198e-05
-3.459327999999999823e-05
-3.455229999999999782e-05
-3.451131999999999740e-05
-3.446662000000000103e-05
-3.442564000000000062e-05
-3.439210999999999961e-05
-3.436231000000000203e-05
-3.432878000000000101e-05
-3.429897999999999666e-05
-3.426917999999999908e-05
-3.423564999999999806e-05
-3.419095000000000169e-05
-3.414623999999999784e-05
-3.409780999999999804e-05
-3.404566000000000227e-05
-3.398978000000000307e-05
-3.394135000000000327e-05
-3.388546999999999729e-05
-3.384077000000000092e-05
-3.379234000000000111e-05
-3.375508999999999736e-05
-3.371784000000000039e-05
-3.368430999999999937e-05
-3.365077999999999836e-05
-3.361724999999999734e-05
-3.358372000000000310e-05
-3.354274999999999661e-05
-3.350177000000000298e-05
-3.344960999999999974e-05
-3.340119000000000063e-05
-3.334902999999999739e-05
-3.330059999999999759e-05
-3.325961999999999717e-05
-3.322237000000000020e-05
-3.319257000000000262e-05
-3.316649000000000100e-05
-3.314042000000000008e-05
-3.311061000000000180e-05
-3.308080999999999744e-05
-3.304356000000000047e-05
-3.299884999999999662e-05
-3.296159999999999965e-05
-3.291690000000000327e-05
-3.287218999999999943e-05
-3.282749000000000306e-05
-3.277906000000000325e-05
-3.272317999999999728e-05
-3.266729999999999808e-05
-3.261515000000000231e-05
-3.255553999999999967e-05
-3.249967000000000117e-05
-3.244379000000000197e-05
-3.239162999999999873e-05
-3.233574999999999953e-05
-3.227987000000000033e-05
-3.223144000000000052e-05
-3.217557000000000202e-05
-3.213085999999999818e-05
-3.208616000000000181e-05
-3.204890999999999805e-05
-3.200792999999999764e-05
-3.197066999999999997e-05
-3.193342000000000299e-05
-3.189616999999999924e-05
-3.186263999999999823e-05
-3.182910999999999721e-05
-3.179558999999999690e-05
-3.176577999999999862e-05
-3.173225999999999830e-05
-3.169500000000000063e-05
-3.165774999999999687e-05
-3.161677000000000324e-05
-3.157579000000000283e-05
-3.153482000000000312e-05
-3.149384000000000271e-05
-3.144912999999999886e-05
-3.140443000000000249e-05
-3.135600000000000268e-05
-3.130757000000000288e-05
-3.125914000000000307e-05
-3.121443999999999993e-05
-3.116973999999999678e-05
-3.112876000000000315e-05
-3.108778000000000274e-05
-3.105052999999999898e-05
-3.101327000000000131e-05
-3.097601999999999756e-05
-3.094249000000000332e-05
-3.090523999999999957e-05
-3.086799000000000259e-05
-3.083446000000000158e-05
-3.079720999999999782e-05
-3.076367999999999681e-05
-3.073015000000000257e-05
-3.069289999999999882e-05
-3.065565000000000184e-05
-3.061838999999999739e-05
-3.057741999999999768e-05
-3.053643999999999727e-05
-3.049533999999999863e-05
-3.044318999999999948e-05
-3.039848999999999972e-05
-3.034261000000000052e-05
-3.029790000000000006e-05
-3.024947000000000025e-05
-3.020850000000000054e-05
-3.016752000000000013e-05
-3.012280999999999967e-05
-3.008183999999999996e-05
-3.004085999999999955e-05
-2.999987999999999914e-05
-2.996635000000000151e-05
-2.993655000000000055e-05
-2.991046999999999893e-05
-2.988812000000000074e-05
-2.986576999999999917e-05
-2.983597000000000159e-05
-2.980244000000000057e-05
-2.976890999999999956e-05
-2.973165999999999919e-05
-2.968694999999999873e-05
-2.964224999999999898e-05
-2.959009999999999982e-05
-2.953793999999999997e-05
-2.948206000000000077e-05
-2.941872999999999879e-05
-2.935913000000000024e-05
-2.929207000000000159e-05
-2.922502000000000026e-05
-2.915796000000000162e-05
-2.909091000000000029e-05
-2.902385000000000164e-05
-2.896051999999999966e-05
-2.889719000000000106e-05
-2.883758999999999913e-05
-2.877797999999999988e-05
-2.872210000000000068e-05
-2.866249999999999874e-05
-2.860661999999999954e-05
-2.856191999999999978e-05
-2.851348999999999998e-05
-2.847623999999999961e-05
-2.844270999999999860e-05
-2.840918000000000097e-05
-2.838309999999999935e-05
-2.835329999999999838e-05
-2.832350000000000080e-05
-2.828996999999999979e-05
-2.825643999999999877e-05
-2.821918999999999841e-05
-2.818566000000000078e-05
-2.814468000000000037e-05
-2.810371000000000066e-05
-2.805900000000000020e-05
-2.801801999999999979e-05
-2.796960000000000068e-05
-2.792117000000000088e-05
-2.786901000000000103e-05
-2.782431000000000127e-05
-2.777588000000000146e-05
-2.773117999999999832e-05
-2.769020000000000129e-05
-2.765295000000000093e-05
-2.761941999999999991e-05
-2.759334000000000168e-05
-2.756726000000000006e-05
-2.754863999999999853e-05
-2.752256000000000030e-05
-2.750393000000000146e-05
-2.747786000000000054e-05
-2.745550999999999897e-05
-2.742943000000000074e-05
-2.740707999999999916e-05
-2.738473000000000098e-05
-2.735864999999999936e-05
-2.732884999999999839e-05
-2.729532000000000076e-05
-2.725807000000000040e-05
-2.721708999999999999e-05
-2.717237999999999953e-05
-2.711278000000000098e-05
-2.704571999999999895e-05
-2.697494000000000096e-05
-2.689299000000000084e-05
-2.681103000000000002e-05
-2.672906999999999920e-05
-2.663966999999999968e-05
-2.655398999999999951e-05
-2.646457999999999929e-05
-2.637889999999999913e-05
-2.628948999999999891e-05
-2.620380999999999874e-05
-2.611812999999999857e-05
-2.603244999999999840e-05
-2.595421000000000032e-05
-2.587597999999999954e-05
-2.580147999999999882e-05
-2.573070000000000083e-05
-2.566363999999999879e-05
-2.560031000000000020e-05
-2.554071000000000165e-05
-2.548482999999999906e-05
-2.543266999999999921e-05
-2.538052000000000006e-05
-2.533209000000000025e-05
-2.528739000000000049e-05
-2.524268000000000003e-05
-2.520542999999999967e-05
-2.516444999999999926e-05
-2.513092000000000163e-05
-2.509367000000000127e-05
-2.506014000000000025e-05
-2.502661999999999994e-05
-2.499681000000000166e-05
-2.496329000000000134e-05
-2.493347999999999967e-05
-2.490367999999999871e-05
-2.487388000000000112e-05
-2.484408000000000016e-05
-2.481427999999999919e-05
-2.478447000000000091e-05
-2.475466999999999994e-05
-2.472858999999999832e-05
-2.469879000000000074e-05
-2.467270999999999912e-05
-2.465036000000000093e-05
-2.463173999999999941e-05
-2.461311000000000057e-05
-2.459820999999999839e-05
-2.457586000000000021e-05
-2.456096000000000142e-05
-2.454232999999999919e-05
-2.451998000000000101e-05
-2.449389999999999939e-05
-2.446782000000000115e-05
-2.443802000000000019e-05
-2.440821999999999922e-05
-2.437096999999999885e-05
-2.433371000000000118e-05
-2.429273000000000077e-05
-2.425548000000000040e-05
-2.421449999999999999e-05
-2.416980000000000024e-05
-2.413254999999999987e-05
-2.409528999999999881e-05
-2.405803999999999845e-05
-2.402451000000000082e-05
-2.399099000000000050e-05
-2.396117999999999884e-05
-2.392392999999999847e-05
-2.389040000000000084e-05
-2.385688000000000053e-05
-2.381961999999999947e-05
-2.378236999999999910e-05
-2.374138999999999869e-05
-2.370041000000000167e-05
-2.366689000000000135e-05
-2.363336000000000034e-05
-2.360355999999999937e-05
-2.357748000000000114e-05
-2.355512999999999956e-05
-2.353278000000000138e-05
-2.351786999999999850e-05
-2.350296999999999971e-05
-2.349180000000000097e-05
-2.347689999999999879e-05
-2.346571999999999935e-05
-2.344709000000000051e-05
-2.343218999999999833e-05
-2.340984000000000015e-05
-2.339121000000000131e-05
-2.336885999999999974e-05
-2.334278999999999881e-05
-2.331671000000000058e-05
-2.329062999999999896e-05
-2.326083000000000138e-05
-2.323103000000000041e-05
-2.319749999999999940e-05
-2.316396999999999838e-05
-2.312672000000000141e-05
-2.308947000000000104e-05
-2.305220999999999998e-05
-2.301122999999999957e-05
-2.296652999999999981e-05
-2.292927999999999945e-05
-2.289202999999999908e-05
-2.285477000000000141e-05
-2.282124000000000039e-05
-2.278772000000000008e-05
-2.276163999999999846e-05
-2.273556000000000023e-05
-2.270948999999999930e-05
-2.268341000000000107e-05
-2.265732999999999945e-05
-2.263125000000000122e-05
-2.260145000000000025e-05
-2.256792999999999993e-05
-2.252694999999999952e-05
-2.248596999999999911e-05
-2.244126999999999936e-05
-2.239655999999999890e-05
-2.235185999999999914e-05
-2.230342999999999933e-05
-2.225872999999999957e-05
-2.220656999999999972e-05
-2.216186999999999996e-05
-2.211715999999999951e-05
-2.207618999999999979e-05
-2.203892999999999873e-05
-2.199422999999999897e-05
-2.195324999999999856e-05
-2.191227000000000154e-05
-2.186384999999999905e-05
-2.181913999999999859e-05
-2.177443999999999883e-05
-2.172972999999999837e-05
-2.168502999999999861e-05
-2.163659999999999881e-05
-2.159561999999999840e-05
-2.155464999999999869e-05
-2.151367000000000166e-05
-2.147269000000000125e-05
-2.143544000000000089e-05
-2.139817999999999983e-05
-2.135721000000000012e-05
-2.131994999999999905e-05
-2.128269999999999869e-05
-2.124172000000000167e-05
-2.120074000000000126e-05
-2.115977000000000155e-05
-2.111879000000000113e-05
-2.107408000000000068e-05
-2.102938000000000092e-05
-2.098840000000000051e-05
-2.094742000000000010e-05
-2.090645000000000039e-05
-2.087291999999999937e-05
-2.083938999999999835e-05
-2.080586000000000073e-05
-2.077605999999999976e-05
-2.074625999999999879e-05
-2.071646000000000121e-05
-2.068664999999999954e-05
-2.066057999999999862e-05
-2.062705000000000099e-05
-2.059725000000000003e-05
-2.056371999999999901e-05
-2.052646999999999865e-05
-2.048921000000000097e-05
-2.045569000000000066e-05
-2.041842999999999959e-05
-2.038117999999999923e-05
-2.034392999999999887e-05
-2.031040000000000124e-05
-2.027687000000000022e-05
-2.024333999999999921e-05
-2.020981999999999889e-05
-2.018001000000000061e-05
-2.014649000000000030e-05
-2.010922999999999923e-05
-2.007570999999999892e-05
-2.003472999999999851e-05
-1.999375000000000148e-05
-1.995277000000000107e-05
-1.991179000000000066e-05
-1.986709000000000090e-05
-1.982239000000000115e-05
-1.977396000000000134e-05
-1.972180000000000149e-05
-1.966591999999999890e-05
-1.960259000000000030e-05
-1.953925999999999832e-05
-1.946848000000000033e-05
-1.940142999999999900e-05
-1.932692000000000096e-05
-1.925613999999999958e-05
-1.918163999999999885e-05
-1.910341000000000147e-05
-1.902890000000000004e-05
-1.895066999999999927e-05
-1.887243999999999849e-05
-1.878675999999999832e-05
-1.870480000000000089e-05
-1.862284000000000007e-05
-1.853344000000000055e-05
-1.845147999999999973e-05
-1.836579999999999956e-05
-1.827267000000000000e-05
-1.818697999999999913e-05
-1.809757999999999961e-05
-1.800816999999999940e-05
-1.791503999999999983e-05
-1.781818000000000022e-05
-1.772132000000000061e-05
-1.762446000000000100e-05
-1.752015999999999930e-05
-1.741956999999999965e-05
-1.731527000000000134e-05
-1.720722999999999890e-05
-1.710291999999999989e-05
-1.699862000000000158e-05
-1.689057999999999914e-05
-1.678627000000000014e-05
-1.668942000000000122e-05
-1.658510999999999883e-05
-1.648452999999999987e-05
-1.638022000000000086e-05
-1.627963999999999852e-05
-1.618277999999999890e-05
-1.608218999999999925e-05
-1.597789000000000094e-05
-1.587357999999999854e-05
-1.576926999999999954e-05
-1.565751000000000114e-05
-1.554947999999999939e-05
-1.543772000000000099e-05
-1.532595999999999920e-05
-1.521042000000000065e-05
-1.509493000000000050e-05
-1.497944999999999937e-05
-1.486396999999999992e-05
-1.475220999999999983e-05
-1.463671999999999968e-05
-1.452868999999999964e-05
-1.442065999999999959e-05
-1.431635000000000058e-05
-1.421576999999999993e-05
-1.411518000000000027e-05
-1.401088000000000027e-05
-1.391402000000000066e-05
-1.381342999999999930e-05
-1.372029999999999974e-05
-1.362344000000000013e-05
-1.353031000000000057e-05
-1.343717999999999931e-05
-1.334404999999999974e-05
-1.325463999999999953e-05
-1.316522999999999931e-05
-1.307955000000000084e-05
-1.299760000000000071e-05
-1.291935999999999924e-05
-1.283741000000000081e-05
-1.276289999999999939e-05
-1.268094999999999926e-05
-1.260643999999999953e-05
-1.252448000000000041e-05
-1.244624999999999963e-05
-1.235685000000000011e-05
-1.227115999999999925e-05
-1.218548000000000077e-05
-1.209980000000000060e-05
-1.200293999999999930e-05
-1.190980999999999973e-05
-1.181668000000000017e-05
-1.172355000000000060e-05
-1.162668999999999930e-05
-1.152982999999999969e-05
-1.143297000000000008e-05
-1.133984000000000051e-05
-1.124297999999999921e-05
-1.114984999999999964e-05
-1.105672000000000008e-05
-1.096730999999999986e-05
-1.087418000000000030e-05
-1.078477000000000008e-05
-1.069537000000000057e-05
-1.060596000000000035e-05
-1.051655000000000013e-05
-1.042715000000000062e-05
-1.033774000000000040e-05
-1.024461000000000084e-05
-1.015520000000000062e-05
-1.005833999999999931e-05
-9.965209999999999750e-06
-9.864626999999999226e-06
-9.764044000000000396e-06
-9.663460999999999872e-06
-9.566604000000000131e-06
-9.469745999999999305e-06
-9.372888999999999564e-06
-9.272306000000000734e-06
-9.175447999999999908e-06
-9.074864999999999383e-06
-8.974282999999999946e-06
-8.869974000000000331e-06
-8.765666000000000110e-06
-8.657633000000000191e-06
-8.553324999999999969e-06
-8.456467000000000836e-06
-8.355884000000000312e-06
-8.259027000000000572e-06
-8.162168999999999745e-06
-8.065312000000000005e-06
-7.968453999999999178e-06
-7.867871000000000348e-06
-7.763563000000000126e-06
-7.659254999999999904e-06
-7.551192999999999820e-06
-7.439433999999999964e-06
-7.323950000000000410e-06
-7.212190999999999707e-06
-7.096707000000000153e-06
-6.977498000000000055e-06
-6.865739000000000199e-06
-6.746530000000000101e-06
-6.631045999999999700e-06
-6.515562000000000147e-06
-6.400077999999999746e-06
-6.288318999999999890e-06
-6.176560000000000034e-06
-6.068527000000000114e-06
-5.964218999999999893e-06
-5.863636000000000216e-06
-5.766778000000000236e-06
-5.677372000000000130e-06
-5.591690000000000329e-06
-5.506007999999999682e-06
-5.420325999999999881e-06
-5.338370000000000017e-06
-5.256414000000000153e-06
-5.170732000000000353e-06
-5.092501000000000186e-06
-5.010545000000000322e-06
-4.932312999999999917e-06
-4.850357000000000053e-06
-4.772125999999999887e-06
-4.693894999999999720e-06
-4.615664000000000401e-06
-4.537433000000000235e-06
-4.459202000000000069e-06
-4.380969999999999663e-06
-4.302739000000000344e-06
-4.224508000000000177e-06
-4.146277000000000011e-06
-4.068045999999999845e-06
-3.993540000000000223e-06
-3.915309000000000057e-06
-3.840802999999999588e-06
-3.766283000000000003e-06
-3.691776999999999958e-06
-3.617270999999999913e-06
-3.542766000000000107e-06
-3.460809000000000004e-06
-3.378853000000000140e-06
-3.296896000000000037e-06
-3.203763999999999994e-06
-3.110631999999999951e-06
-3.017499999999999908e-06
-2.924367000000000050e-06
-2.827509999999999886e-06
-2.726927000000000209e-06
-2.630070000000000045e-06
-2.533212000000000065e-06
-2.436354000000000086e-06
-2.335771999999999801e-06
-2.238913999999999821e-06
-2.142055999999999842e-06
-2.045199000000000101e-06
-1.944616000000000001e-06
-1.847751000000000040e-06
-1.750894000000000088e-06
-1.657761000000000017e-06
-1.560904000000000065e-06
-1.467772000000000022e-06
-1.374638999999999952e-06
-1.281506999999999909e-06
-1.188375000000000078e-06
-1.091517000000000099e-06
-9.983850999999999950e-07
-9.052491999999999928e-07
-8.121169000000000265e-07
-7.189846999999999993e-07
-6.258524000000000330e-07
-5.289948999999999613e-07
-4.395861000000000216e-07
-3.464538000000000023e-07
-2.570467999999999747e-07
-1.676390000000000097e-07
-8.195683999999999923e-08
3.725319000000000213e-09
9.313270999999999778e-08
1.750895999999999931e-07
2.533215999999999752e-07
3.352778999999999744e-07
4.135089999999999740e-07
4.954671999999999833e-07
5.699730999999999834e-07
6.444789000000000443e-07
7.152593999999999547e-07
7.897652000000000156e-07
8.530951000000000486e-07
9.201503000000000203e-07
9.872091999999999670e-07
1.054264000000000076e-06
1.117593999999999942e-06
1.180924000000000020e-06
1.247980000000000035e-06
1.311309000000000086e-06
1.374638999999999952e-06
1.434243999999999909e-06
1.497573999999999987e-06
1.564628999999999974e-06
1.627959000000000052e-06
1.687564000000000009e-06
1.747167999999999939e-06
1.806772999999999896e-06
1.866378000000000065e-06
1.918538999999999945e-06
1.974418000000000177e-06
2.030297999999999801e-06
2.086177000000000033e-06
2.138331000000000144e-06
2.190484999999999831e-06
2.246364999999999879e-06
2.298518999999999990e-06
2.346947000000000164e-06
2.402826999999999788e-06
2.451256000000000202e-06
2.499683999999999952e-06
2.540663000000000123e-06
2.581641000000000055e-06
2.618893999999999866e-06
2.652421000000000164e-06
2.682224000000000156e-06
2.704574999999999851e-06
2.726927000000000209e-06
2.745554000000000022e-06
2.753003999999999841e-06
2.764180000000000020e-06
2.767905000000000141e-06
2.775356000000000199e-06
2.779080999999999896e-06
2.786531999999999954e-06
2.790257000000000075e-06
2.793982000000000196e-06
2.793982000000000196e-06
2.797708000000000133e-06
2.793982000000000196e-06
2.790257000000000075e-06
2.786531999999999954e-06
2.775356000000000199e-06
2.764180000000000020e-06
2.753003999999999841e-06
2.745554000000000022e-06
2.730651999999999906e-06
2.723202000000000088e-06
2.712025999999999909e-06
2.704574999999999851e-06
2.693399000000000096e-06
2.689673999999999974e-06
2.682224000000000156e-06
2.674773000000000098e-06
2.667322000000000040e-06
2.663596999999999919e-06
2.656147000000000100e-06
2.652421000000000164e-06
2.648696000000000043e-06
2.641244999999999985e-06
2.637519999999999864e-06
2.633795000000000166e-06
2.630070000000000045e-06
2.630070000000000045e-06
2.626344000000000108e-06
2.626344000000000108e-06
2.622618999999999987e-06
2.618893999999999866e-06
2.618893999999999866e-06
2.618893999999999866e-06
2.618893999999999866e-06
2.622618999999999987e-06
2.626344000000000108e-06
2.626344000000000108e-06
2.633795000000000166e-06
2.644970999999999922e-06
2.656147000000000100e-06
2.659871999999999798e-06
2.667322000000000040e-06
2.674773000000000098e-06
2.674773000000000098e-06
2.682224000000000156e-06
2.685948999999999853e-06
2.685948999999999853e-06
2.689673999999999974e-06
2.689673999999999974e-06
2.689673999999999974e-06
2.689673999999999974e-06
2.685948999999999853e-06
2.685948999999999853e-06
2.682224000000000156e-06
2.674773000000000098e-06
2.674773000000000098e-06
2.671047999999999977e-06
2.671047999999999977e-06
2.667322000000000040e-06
2.671047999999999977e-06
2.674773000000000098e-06
2.678497999999999796e-06
2.685948999999999853e-06
2.689673999999999974e-06
2.697125000000000032e-06
2.704574999999999851e-06
2.712025999999999909e-06
2.719476000000000151e-06
2.723202000000000088e-06
2.723202000000000088e-06
2.723202000000000088e-06
2.726927000000000209e-06
2.726927000000000209e-06
2.726927000000000209e-06
2.726927000000000209e-06
2.726927000000000209e-06
2.726927000000000209e-06
2.730651999999999906e-06
2.730651999999999906e-06
2.738102999999999964e-06
2.741828000000000085e-06
2.741828000000000085e-06
2.738102999999999964e-06
2.734377999999999843e-06
2.730651999999999906e-06
2.723202000000000088e-06
2.723202000000000088e-06
2.719476000000000151e-06
2.715751000000000030e-06
2.712025999999999909e-06
2.712025999999999909e-06
2.712025999999999909e-06
2.712025999999999909e-06
2.715751000000000030e-06
2.715751000000000030e-06
2.715751000000000030e-06
2.712025999999999909e-06
2.704574999999999851e-06
2.697125000000000032e-06
2.689673999999999974e-06
2.682224000000000156e-06
2.671047999999999977e-06
2.663596999999999919e-06
2.656147000000000100e-06
2.652421000000000164e-06
2.648696000000000043e-06
2.648696000000000043e-06
2.648696000000000043e-06
2.652421000000000164e-06
2.659871999999999798e-06
2.663596999999999919e-06
2.674773000000000098e-06
2.685948999999999853e-06
2.693399000000000096e-06
2.700850000000000153e-06
2.708301000000000211e-06
2.715751000000000030e-06
2.723202000000000088e-06
2.726927000000000209e-06
2.730651999999999906e-06
2.738102999999999964e-06
2.741828000000000085e-06
2.745554000000000022e-06
2.749279000000000143e-06
2.749279000000000143e-06
2.753003999999999841e-06
2.753003999999999841e-06
2.753003999999999841e-06
2.753003999999999841e-06
2.753003999999999841e-06
2.753003999999999841e-06
2.753003999999999841e-06
2.753003999999999841e-06
2.756728999999999962e-06
2.764180000000000020e-06
2.771631000000000078e-06
2.779080999999999896e-06
2.786531999999999954e-06
2.793982000000000196e-06
2.801432999999999831e-06
2.805157999999999952e-06
2.812609000000000010e-06
2.816334000000000131e-06
2.816334000000000131e-06
2.816334000000000131e-06
2.816334000000000131e-06
2.808883000000000073e-06
2.805157999999999952e-06
2.797708000000000133e-06
2.793982000000000196e-06
2.786531999999999954e-06
2.779080999999999896e-06
2.771631000000000078e-06
2.764180000000000020e-06
2.756728999999999962e-06
2.753003999999999841e-06
2.749279000000000143e-06
2.741828000000000085e-06
2.738102999999999964e-06
2.734377999999999843e-06
2.730651999999999906e-06
2.730651999999999906e-06
2.730651999999999906e-06
2.738102999999999964e-06
2.749279000000000143e-06
2.760454999999999899e-06
2.775356000000000199e-06
2.786531999999999954e-06
2.797708000000000133e-06
2.805157999999999952e-06
2.812609000000000010e-06
2.816334000000000131e-06
2.820058999999999828e-06
2.823785000000000189e-06
2.827509999999999886e-06
2.834960000000000128e-06
2.838686000000000065e-06
2.838686000000000065e-06
2.842411000000000186e-06
2.842411000000000186e-06
2.842411000000000186e-06
2.842411000000000186e-06
2.842411000000000186e-06
2.842411000000000186e-06
2.842411000000000186e-06
2.846135999999999884e-06
2.849861999999999820e-06
2.849861999999999820e-06
2.849861999999999820e-06
2.849861999999999820e-06
2.857312000000000063e-06
2.861037999999999999e-06
2.864763000000000120e-06
2.872212999999999939e-06
2.875938999999999876e-06
2.879663999999999997e-06
2.879663999999999997e-06
2.879663999999999997e-06
2.875938999999999876e-06
2.872212999999999939e-06
2.864763000000000120e-06
2.861037999999999999e-06
2.857312000000000063e-06
2.857312000000000063e-06
2.857312000000000063e-06
2.861037999999999999e-06
2.872212999999999939e-06
2.879663999999999997e-06
2.890840000000000176e-06
2.902015999999999931e-06
2.913192000000000110e-06
2.920641999999999929e-06
2.928092999999999987e-06
2.935542999999999805e-06
2.939269000000000166e-06
2.935542999999999805e-06
2.935542999999999805e-06
2.931818000000000108e-06
2.924367000000000050e-06
2.916916999999999808e-06
2.913192000000000110e-06
2.902015999999999931e-06
2.894564999999999873e-06
2.883389000000000118e-06
2.875938999999999876e-06
2.864763000000000120e-06
2.857312000000000063e-06
2.849861999999999820e-06
2.842411000000000186e-06
2.834960000000000128e-06
2.831235000000000007e-06
2.831235000000000007e-06
2.827509999999999886e-06
2.831235000000000007e-06
2.834960000000000128e-06
2.842411000000000186e-06
2.846135999999999884e-06
2.853586999999999941e-06
2.864763000000000120e-06
2.875938999999999876e-06
2.887115000000000055e-06
2.902015999999999931e-06
2.916916999999999808e-06
2.935542999999999805e-06
2.950444000000000105e-06
2.965345999999999798e-06
2.980247000000000098e-06
2.991422999999999853e-06
2.998873000000000095e-06
3.002599000000000032e-06
3.002599000000000032e-06
2.995147999999999974e-06
2.987696999999999916e-06
2.976521999999999977e-06
2.965345999999999798e-06
2.950444000000000105e-06
2.939269000000000166e-06
2.928092999999999987e-06
2.916916999999999808e-06
2.909466000000000173e-06
2.905741000000000052e-06
2.898289999999999994e-06
2.887115000000000055e-06
2.879663999999999997e-06
2.879663999999999997e-06
2.875938999999999876e-06
2.875938999999999876e-06
2.875938999999999876e-06
2.879663999999999997e-06
2.887115000000000055e-06
2.894564999999999873e-06
2.905741000000000052e-06
2.913192000000000110e-06
2.913192000000000110e-06
2.916916999999999808e-06
2.913192000000000110e-06
2.913192000000000110e-06
2.909466000000000173e-06
2.905741000000000052e-06
2.898289999999999994e-06
2.898289999999999994e-06
2.894564999999999873e-06
2.890840000000000176e-06
2.887115000000000055e-06
2.883389000000000118e-06
2.879663999999999997e-06
2.879663999999999997e-06
2.879663999999999997e-06
2.883389000000000118e-06
2.887115000000000055e-06
2.890840000000000176e-06
2.898289999999999994e-06
2.905741000000000052e-06
2.913192000000000110e-06
2.916916999999999808e-06
2.920641999999999929e-06
2.924367000000000050e-06
2.928092999999999987e-06
2.935542999999999805e-06
2.939269000000000166e-06
2.942993999999999863e-06
2.950444000000000105e-06
2.954170000000000042e-06
2.957895000000000163e-06
2.957895000000000163e-06
2.957895000000000163e-06
2.957895000000000163e-06
2.954170000000000042e-06
2.954170000000000042e-06
2.950444000000000105e-06
2.946718999999999984e-06
2.942993999999999863e-06
2.942993999999999863e-06
2.942993999999999863e-06
2.942993999999999863e-06
2.942993999999999863e-06
2.942993999999999863e-06
2.942993999999999863e-06
2.942993999999999863e-06
2.942993999999999863e-06
2.939269000000000166e-06
2.935542999999999805e-06
2.931818000000000108e-06
2.928092999999999987e-06
2.924367000000000050e-06
2.920641999999999929e-06
2.916916999999999808e-06
2.916916999999999808e-06
2.913192000000000110e-06
2.916916999999999808e-06
2.920641999999999929e-06
2.924367000000000050e-06
2.928092999999999987e-06
2.935542999999999805e-06
2.942993999999999863e-06
2.950444000000000105e-06
2.957895000000000163e-06
2.965345999999999798e-06
2.969070999999999919e-06
2.976521999999999977e-06
2.976521999999999977e-06
2.976521999999999977e-06
2.976521999999999977e-06
2.976521999999999977e-06
2.980247000000000098e-06
2.980247000000000098e-06
2.983971999999999795e-06
2.983971999999999795e-06
2.983971999999999795e-06
2.983971999999999795e-06
2.983971999999999795e-06
2.983971999999999795e-06
2.983971999999999795e-06
2.983971999999999795e-06
2.983971999999999795e-06
2.983971999999999795e-06
2.980247000000000098e-06
2.976521999999999977e-06
2.976521999999999977e-06
2.969070999999999919e-06
2.969070999999999919e-06
2.969070999999999919e-06
2.976521999999999977e-06
2.976521999999999977e-06
2.983971999999999795e-06
2.991422999999999853e-06
2.995147999999999974e-06
2.998873000000000095e-06
2.998873000000000095e-06
2.998873000000000095e-06
2.998873000000000095e-06
2.998873000000000095e-06
2.995147999999999974e-06
2.995147999999999974e-06
2.991422999999999853e-06
2.991422999999999853e-06
2.991422999999999853e-06
2.991422999999999853e-06
2.995147999999999974e-06
2.998873000000000095e-06
3.002599000000000032e-06
3.002599000000000032e-06
3.006324000000000153e-06
3.006324000000000153e-06
3.006324000000000153e-06
3.006324000000000153e-06
3.002599000000000032e-06
2.998873000000000095e-06
2.995147999999999974e-06
2.991422999999999853e-06
2.983971999999999795e-06
2.980247000000000098e-06
2.980247000000000098e-06
2.983971999999999795e-06
2.987696999999999916e-06
2.991422999999999853e-06
3.002599000000000032e-06
3.006324000000000153e-06
3.017499999999999908e-06
3.028676000000000087e-06
3.039851000000000027e-06
3.043576999999999964e-06
3.054753000000000143e-06
3.062202999999999961e-06
3.069654000000000019e-06
3.073379000000000140e-06
3.080830000000000198e-06
3.084554999999999896e-06
3.084554999999999896e-06
3.084554999999999896e-06
3.077103999999999838e-06
3.069654000000000019e-06
3.058477999999999840e-06
3.043576999999999964e-06
3.028676000000000087e-06
3.013773999999999972e-06
2.998873000000000095e-06
2.980247000000000098e-06
2.965345999999999798e-06
2.950444000000000105e-06
2.942993999999999863e-06
2.939269000000000166e-06
2.935542999999999805e-06
2.935542999999999805e-06
2.939269000000000166e-06
2.939269000000000166e-06
2.942993999999999863e-06
2.942993999999999863e-06
2.942993999999999863e-06
2.942993999999999863e-06
2.942993999999999863e-06
2.942993999999999863e-06
2.942993999999999863e-06
2.939269000000000166e-06
2.939269000000000166e-06
2.939269000000000166e-06
2.935542999999999805e-06
2.935542999999999805e-06
2.935542999999999805e-06
2.935542999999999805e-06
2.935542999999999805e-06
2.931818000000000108e-06
2.928092999999999987e-06
2.928092999999999987e-06
2.924367000000000050e-06
2.920641999999999929e-06
2.920641999999999929e-06
2.924367000000000050e-06
2.928092999999999987e-06
2.935542999999999805e-06
2.942993999999999863e-06
2.954170000000000042e-06
2.972796000000000040e-06
2.983971999999999795e-06
3.002599000000000032e-06
3.017499999999999908e-06
3.036125999999999906e-06
3.047302000000000085e-06
3.065928000000000082e-06
3.077103999999999838e-06
3.092005000000000138e-06
3.103180999999999893e-06
3.114357000000000072e-06
3.125532999999999828e-06
3.132983999999999886e-06
3.140434000000000128e-06
3.147885000000000186e-06
3.151609999999999883e-06
3.159060999999999941e-06
3.159060999999999941e-06
3.155335000000000004e-06
3.151609999999999883e-06
3.140434000000000128e-06
3.132983999999999886e-06
3.121808000000000130e-06
3.114357000000000072e-06
3.106906999999999830e-06
3.103180999999999893e-06
3.103180999999999893e-06
3.099456000000000196e-06
3.095731000000000075e-06
3.092005000000000138e-06
3.088280000000000017e-06
3.084554999999999896e-06
3.077103999999999838e-06
3.073379000000000140e-06
3.069654000000000019e-06
3.058477999999999840e-06
3.054753000000000143e-06
3.047302000000000085e-06
3.043576999999999964e-06
3.039851000000000027e-06
3.039851000000000027e-06
3.036125999999999906e-06
3.032401000000000208e-06
3.032401000000000208e-06
3.032401000000000208e-06
3.032401000000000208e-06
3.036125999999999906e-06
3.039851000000000027e-06
3.039851000000000027e-06
3.039851000000000027e-06
3.043576999999999964e-06
3.047302000000000085e-06
3.051027000000000206e-06
3.054753000000000143e-06
3.058477999999999840e-06
3.062202999999999961e-06
3.065928000000000082e-06
3.069654000000000019e-06
3.069654000000000019e-06
3.073379000000000140e-06
3.077103999999999838e-06
3.077103999999999838e-06
3.080830000000000198e-06
3.080830000000000198e-06
3.084554999999999896e-06
3.084554999999999896e-06
3.084554999999999896e-06
3.084554999999999896e-06
3.084554999999999896e-06
3.088280000000000017e-06
3.095731000000000075e-06
3.095731000000000075e-06
3.095731000000000075e-06
3.092005000000000138e-06
3.088280000000000017e-06
3.084554999999999896e-06
3.080830000000000198e-06
3.077103999999999838e-06
3.077103999999999838e-06
3.077103999999999838e-06
3.077103999999999838e-06
3.073379000000000140e-06
3.073379000000000140e-06
3.069654000000000019e-06
3.065928000000000082e-06
3.062202999999999961e-06
3.054753000000000143e-06
3.047302000000000085e-06
3.047302000000000085e-06
3.043576999999999964e-06
3.039851000000000027e-06
3.039851000000000027e-06
3.039851000000000027e-06
3.043576999999999964e-06
3.047302000000000085e-06
3.047302000000000085e-06
3.047302000000000085e-06
3.051027000000000206e-06
3.051027000000000206e-06
3.051027000000000206e-06
3.051027000000000206e-06
3.051027000000000206e-06
3.051027000000000206e-06
3.054753000000000143e-06
3.054753000000000143e-06
3.051027000000000206e-06
3.051027000000000206e-06
3.051027000000000206e-06
3.051027000000000206e-06
3.051027000000000206e-06
3.051027000000000206e-06
3.047302000000000085e-06
3.047302000000000085e-06
3.043576999999999964e-06
3.039851000000000027e-06
3.039851000000000027e-06
3.036125999999999906e-06
3.028676000000000087e-06
3.028676000000000087e-06
3.024950000000000151e-06
3.021225000000000029e-06
3.021225000000000029e-06
3.021225000000000029e-06
3.024950000000000151e-06
3.028676000000000087e-06
3.039851000000000027e-06
3.047302000000000085e-06
