1.557183000000000097e-05
1.557183000000000097e-05
1.557556000000000102e-05
1.558301000000000041e-05
1.559045999999999981e-05
1.560162999999999855e-05
1.560908000000000133e-05
1.562026000000000077e-05
1.563515999999999956e-05
1.564633999999999901e-05
1.566124000000000118e-05
1.567240999999999993e-05
1.568358999999999937e-05
1.569476000000000150e-05
1.570594000000000094e-05
1.572083999999999973e-05
1.573201999999999918e-05
1.573946999999999857e-05
1.575064000000000070e-05
1.576553999999999949e-05
1.577299999999999959e-05
1.578416999999999833e-05
1.579535000000000116e-05
1.580651999999999990e-05
1.582141999999999869e-05
1.583260000000000152e-05
1.584378000000000096e-05
1.585867999999999975e-05
1.586612999999999915e-05
1.587730000000000128e-05
1.588848000000000072e-05
1.589593000000000012e-05
1.590337999999999951e-05
1.591082999999999891e-05
1.591082999999999891e-05
1.591455999999999896e-05
1.591455999999999896e-05
1.591082999999999891e-05
1.590710999999999956e-05
1.589966000000000017e-05
1.589593000000000012e-05
1.588848000000000072e-05
1.588103000000000133e-05
1.588103000000000133e-05
1.587730000000000128e-05
1.587730000000000128e-05
1.588103000000000133e-05
1.589220000000000007e-05
1.590337999999999951e-05
1.591828000000000169e-05
1.593691000000000053e-05
1.595925999999999871e-05
1.598161000000000029e-05
1.600023999999999912e-05
1.602259000000000070e-05
1.604866999999999893e-05
1.606729000000000046e-05
1.608591999999999929e-05
1.611200000000000091e-05
1.613434999999999910e-05
1.615298000000000132e-05
1.617904999999999886e-05
1.620140000000000043e-05
1.622002999999999927e-05
1.623866000000000149e-05
1.625356000000000028e-05
1.626472999999999903e-05
1.627590999999999847e-05
1.628336000000000125e-05
1.629454000000000069e-05
1.630199000000000009e-05
1.630943999999999948e-05
1.631688999999999888e-05
1.632434000000000166e-05
1.632806000000000101e-05
1.633179000000000106e-05
1.633179000000000106e-05
1.633179000000000106e-05
1.633551000000000041e-05
1.633924000000000045e-05
1.634295999999999980e-05
1.635413999999999924e-05
1.636904000000000142e-05
1.638022000000000086e-05
1.640256999999999905e-05
1.642120000000000127e-05
1.643981999999999941e-05
1.646217000000000099e-05
1.647708000000000047e-05
1.649569999999999861e-05
1.651433000000000084e-05
1.652922999999999963e-05
1.654040999999999907e-05
1.655531000000000125e-05
1.656647999999999999e-05
1.658137999999999878e-05
1.659256000000000161e-05
1.660374000000000105e-05
1.661863999999999984e-05
1.662608999999999924e-05
1.664099000000000142e-05
1.665589000000000021e-05
1.667078999999999900e-05
1.668569000000000118e-05
1.670058999999999997e-05
1.671548999999999876e-05
1.673040000000000163e-05
1.674530000000000042e-05
1.675646999999999917e-05
1.677137000000000135e-05
1.678255000000000079e-05
1.679744999999999958e-05
1.681234999999999837e-05
1.682725000000000055e-05
1.684587999999999938e-05
1.686078000000000156e-05
1.687941000000000040e-05
1.690175999999999858e-05
1.692411000000000016e-05
1.694273999999999899e-05
1.697253999999999996e-05
1.699489000000000154e-05
1.701352000000000037e-05
1.703586999999999856e-05
1.705822000000000013e-05
1.707311999999999892e-05
1.709175000000000115e-05
1.710291999999999989e-05
1.712154999999999873e-05
1.712900000000000151e-05
1.714390000000000030e-05
1.715879999999999909e-05
1.716997999999999853e-05
1.718488000000000071e-05
1.719606000000000015e-05
1.721095999999999894e-05
1.722586000000000112e-05
1.723702999999999986e-05
1.725193999999999935e-05
1.726311000000000149e-05
1.727429000000000093e-05
1.728545999999999967e-05
1.729290999999999907e-05
1.730408999999999851e-05
1.730781999999999856e-05
1.731527000000000134e-05
1.731899000000000069e-05
1.732272000000000073e-05
1.732644000000000008e-05
1.732644000000000008e-05
1.733388999999999948e-05
1.733761999999999952e-05
1.734506999999999892e-05
1.735251999999999831e-05
1.736369000000000044e-05
1.737859999999999993e-05
1.738976999999999868e-05
1.740840000000000090e-05
1.742329999999999969e-05
1.744565000000000127e-05
1.746428000000000010e-05
1.747917999999999889e-05
1.749780000000000042e-05
1.751270999999999991e-05
1.752760999999999870e-05
1.753878000000000083e-05
1.754996000000000027e-05
1.755740999999999967e-05
1.756858999999999911e-05
1.757603999999999850e-05
1.758349000000000129e-05
1.759094000000000068e-05
1.759839000000000008e-05
1.760583999999999947e-05
1.760955999999999882e-05
1.761328999999999887e-05
1.761701000000000160e-05
1.762446000000000100e-05
1.762446000000000100e-05
1.762819000000000105e-05
1.763192000000000109e-05
1.763192000000000109e-05
1.763564000000000044e-05
1.763937000000000049e-05
1.764681999999999988e-05
1.765426999999999928e-05
1.766544000000000141e-05
1.767662000000000085e-05
1.768778999999999959e-05
1.769896999999999904e-05
1.771387000000000122e-05
1.772877000000000001e-05
1.773994999999999945e-05
1.775485000000000163e-05
1.776603000000000107e-05
1.778092999999999986e-05
1.779582999999999865e-05
1.780328000000000143e-05
1.781818000000000022e-05
1.782935999999999966e-05
1.784425999999999845e-05
1.785916000000000063e-05
1.787405999999999942e-05
1.788896000000000160e-05
1.790759000000000044e-05
1.792620999999999858e-05
1.794857000000000085e-05
1.796718999999999899e-05
1.798582000000000121e-05
1.800816999999999940e-05
1.803052000000000097e-05
1.804914999999999981e-05
1.807522000000000073e-05
1.809013000000000022e-05
1.811247999999999840e-05
1.813109999999999993e-05
1.814600999999999942e-05
1.816836000000000099e-05
1.818325999999999978e-05
1.820561000000000136e-05
1.821679000000000080e-05
1.823540999999999894e-05
1.825031000000000111e-05
1.826520999999999990e-05
1.827638999999999935e-05
1.829129000000000152e-05
1.830619000000000031e-05
1.832481999999999915e-05
1.833972000000000133e-05
1.836206999999999952e-05
1.838069999999999835e-05
1.839933000000000058e-05
1.842167999999999876e-05
1.844030000000000029e-05
1.845892999999999913e-05
1.847756000000000135e-05
1.849246000000000014e-05
1.851108000000000167e-05
1.852226000000000111e-05
1.853715999999999990e-05
1.854833999999999934e-05
1.855578999999999874e-05
1.856324000000000152e-05
1.856696000000000087e-05
1.857069000000000092e-05
1.857441000000000026e-05
1.857441000000000026e-05
1.857441000000000026e-05
1.857441000000000026e-05
1.857441000000000026e-05
1.857441000000000026e-05
1.857441000000000026e-05
1.857814000000000031e-05
1.857814000000000031e-05
1.857814000000000031e-05
1.858185999999999966e-05
1.858558999999999971e-05
1.858558999999999971e-05
1.858558999999999971e-05
1.859303999999999910e-05
1.859676999999999915e-05
1.860048999999999850e-05
1.860794000000000128e-05
1.861539000000000067e-05
1.861912000000000072e-05
1.862657000000000012e-05
1.863773999999999886e-05
1.864892000000000169e-05
1.865637000000000109e-05
1.866755000000000053e-05
1.868244999999999932e-05
1.868989999999999871e-05
1.870107000000000084e-05
1.871225000000000029e-05
1.872342999999999973e-05
1.873459999999999847e-05
1.874578000000000130e-05
1.874950000000000065e-05
1.875695000000000004e-05
1.876439999999999944e-05
1.877184999999999883e-05
1.877557999999999888e-05
1.877557999999999888e-05
1.877557999999999888e-05
1.877930000000000162e-05
1.877930000000000162e-05
1.877930000000000162e-05
1.877930000000000162e-05
1.877930000000000162e-05
1.877930000000000162e-05
1.877930000000000162e-05
1.878303000000000166e-05
1.878675999999999832e-05
1.879048000000000106e-05
1.879793000000000045e-05
1.880537999999999985e-05
1.880910999999999990e-05
1.881282999999999924e-05
1.882027999999999864e-05
1.882773000000000142e-05
1.883518000000000082e-05
1.883891000000000087e-05
1.884636000000000026e-05
1.885380999999999966e-05
1.886125999999999905e-05
1.886870999999999845e-05
1.887243999999999849e-05
1.888361000000000062e-05
1.889479000000000007e-05
1.890223999999999946e-05
1.891341999999999890e-05
1.892087000000000169e-05
1.893204000000000043e-05
1.893948999999999982e-05
1.895066999999999927e-05
1.896184000000000140e-05
1.896557000000000145e-05
1.897675000000000089e-05
1.898420000000000028e-05
1.899164999999999968e-05
1.899909999999999907e-05
1.900654999999999847e-05
1.901772000000000060e-05
1.902516999999999999e-05
1.903261999999999939e-05
1.904752999999999888e-05
1.905870000000000101e-05
1.906988000000000045e-05
1.908477999999999924e-05
1.909222999999999864e-05
1.910341000000000147e-05
1.911458000000000021e-05
1.912575999999999965e-05
1.912575999999999965e-05
1.913320999999999905e-05
1.913692999999999840e-05
1.914065999999999844e-05
1.914065999999999844e-05
1.913692999999999840e-05
1.913692999999999840e-05
1.913692999999999840e-05
1.913320999999999905e-05
1.913320999999999905e-05
1.913692999999999840e-05
1.914065999999999844e-05
1.914438000000000118e-05
1.915183000000000057e-05
1.915927999999999997e-05
1.916674000000000006e-05
1.917790999999999881e-05
1.918909000000000164e-05
1.920026000000000038e-05
1.921515999999999917e-05
1.922633999999999861e-05
1.924124000000000079e-05
1.925242000000000023e-05
1.926731999999999902e-05
1.928222000000000120e-05
1.929711999999999999e-05
1.931574999999999883e-05
1.932692000000000096e-05
1.934181999999999975e-05
1.935671999999999854e-05
1.937163000000000142e-05
1.937908000000000081e-05
1.939397999999999960e-05
1.940514999999999834e-05
1.941260000000000113e-05
1.942378000000000057e-05
1.943496000000000001e-05
1.944240999999999941e-05
1.945358000000000154e-05
1.946476000000000098e-05
1.947592999999999972e-05
1.948710999999999917e-05
1.950201000000000134e-05
1.950946000000000074e-05
1.952435999999999953e-05
1.953553999999999897e-05
1.954671000000000110e-05
1.955417000000000120e-05
1.956533999999999994e-05
1.956906999999999999e-05
1.958023999999999873e-05
1.958769000000000151e-05
1.959887000000000096e-05
1.960632000000000035e-05
1.961749999999999979e-05
1.962866999999999854e-05
1.963612000000000132e-05
1.965102000000000011e-05
1.966219999999999955e-05
1.966964999999999895e-05
1.968082999999999839e-05
1.969573000000000057e-05
1.969944999999999991e-05
1.971062999999999936e-05
1.971807999999999875e-05
1.972553000000000153e-05
1.973298000000000093e-05
1.973670000000000028e-05
1.974414999999999967e-05
1.974414999999999967e-05
1.975160999999999977e-05
1.975160999999999977e-05
1.975532999999999911e-05
1.975532999999999911e-05
1.975905999999999916e-05
1.975905999999999916e-05
1.975905999999999916e-05
1.976650999999999856e-05
1.977023000000000129e-05
1.977396000000000134e-05
1.978141000000000074e-05
1.978513000000000008e-05
1.978886000000000013e-05
1.979257999999999948e-05
1.979630999999999953e-05
1.980375999999999892e-05
1.980748000000000166e-05
1.981120999999999832e-05
1.981493999999999836e-05
1.981866000000000110e-05
1.981866000000000110e-05
1.982239000000000115e-05
1.982239000000000115e-05
1.982984000000000054e-05
1.983728999999999994e-05
1.984473999999999933e-05
1.985218999999999873e-05
1.985964000000000151e-05
1.987081000000000025e-05
1.987827000000000035e-05
1.988571999999999974e-05
1.989316999999999914e-05
1.990061999999999853e-05
1.990434000000000127e-05
1.991179000000000066e-05
1.991552000000000071e-05
1.991552000000000071e-05
1.991924000000000006e-05
1.992297000000000011e-05
1.992668999999999945e-05
1.993041999999999950e-05
1.993413999999999885e-05
1.993786999999999890e-05
1.994159999999999894e-05
1.994532000000000168e-05
1.994904999999999834e-05
1.994904999999999834e-05
1.994904999999999834e-05
1.995277000000000107e-05
1.995650000000000112e-05
1.996022000000000047e-05
1.996022000000000047e-05
1.996395000000000052e-05
1.996395000000000052e-05
1.996395000000000052e-05
1.996395000000000052e-05
1.996766999999999986e-05
1.996766999999999986e-05
1.996766999999999986e-05
1.997139999999999991e-05
1.997884999999999931e-05
1.997884999999999931e-05
1.998256999999999865e-05
1.999002000000000144e-05
1.999375000000000148e-05
2.000120000000000088e-05
2.000493000000000093e-05
2.000865000000000027e-05
2.001238000000000032e-05
2.001609999999999967e-05
2.001982999999999972e-05
2.002354999999999906e-05
2.002727999999999911e-05
2.003099999999999846e-05
2.003099999999999846e-05
2.003472999999999851e-05
2.003472999999999851e-05
2.003845000000000124e-05
2.003472999999999851e-05
2.003472999999999851e-05
2.003472999999999851e-05
2.003099999999999846e-05
2.003099999999999846e-05
2.003099999999999846e-05
2.002727999999999911e-05
2.002727999999999911e-05
2.002727999999999911e-05
2.002727999999999911e-05
2.003099999999999846e-05
2.003099999999999846e-05
2.003099999999999846e-05
2.003472999999999851e-05
2.003472999999999851e-05
2.003472999999999851e-05
2.003472999999999851e-05
2.003099999999999846e-05
2.002354999999999906e-05
2.001982999999999972e-05
2.001238000000000032e-05
2.000865000000000027e-05
2.000493000000000093e-05
1.999375000000000148e-05
1.999002000000000144e-05
1.998629999999999870e-05
1.998256999999999865e-05
1.997884999999999931e-05
1.997884999999999931e-05
1.997884999999999931e-05
1.997884999999999931e-05
1.997511999999999926e-05
1.997511999999999926e-05
1.997511999999999926e-05
1.997511999999999926e-05
1.997884999999999931e-05
1.997884999999999931e-05
1.997884999999999931e-05
1.997884999999999931e-05
1.998256999999999865e-05
1.998256999999999865e-05
1.998629999999999870e-05
1.999002000000000144e-05
1.999375000000000148e-05
2.000120000000000088e-05
2.000865000000000027e-05
2.001238000000000032e-05
2.001982999999999972e-05
2.003099999999999846e-05
2.003845000000000124e-05
2.004590000000000064e-05
2.005335000000000003e-05
2.006452999999999947e-05
2.007197999999999887e-05
2.007943000000000165e-05
2.008688000000000105e-05
2.009433000000000044e-05
2.009806000000000049e-05
2.010177999999999984e-05
2.010550999999999989e-05
2.010550999999999989e-05
2.010550999999999989e-05
2.010550999999999989e-05
2.010177999999999984e-05
2.009806000000000049e-05
2.009061000000000110e-05
2.008688000000000105e-05
2.007943000000000165e-05
2.007570999999999892e-05
2.006825999999999952e-05
2.006079999999999943e-05
2.004963000000000068e-05
2.004218000000000129e-05
2.003472999999999851e-05
2.002727999999999911e-05
2.001609999999999967e-05
2.000865000000000027e-05
2.000120000000000088e-05
1.999375000000000148e-05
1.998629999999999870e-05
1.997884999999999931e-05
1.997884999999999931e-05
1.997139999999999991e-05
1.996766999999999986e-05
1.996022000000000047e-05
1.995650000000000112e-05
1.994904999999999834e-05
1.994904999999999834e-05
1.994159999999999894e-05
1.993786999999999890e-05
1.993413999999999885e-05
1.993041999999999950e-05
1.992668999999999945e-05
1.992297000000000011e-05
1.992297000000000011e-05
1.991924000000000006e-05
1.991924000000000006e-05
1.992297000000000011e-05
1.992297000000000011e-05
1.992297000000000011e-05
1.992668999999999945e-05
1.992668999999999945e-05
1.992668999999999945e-05
1.992668999999999945e-05
1.993041999999999950e-05
1.993041999999999950e-05
1.993041999999999950e-05
1.993041999999999950e-05
1.993041999999999950e-05
1.992668999999999945e-05
1.992297000000000011e-05
1.991924000000000006e-05
1.991552000000000071e-05
1.991179000000000066e-05
1.990434000000000127e-05
1.989688999999999848e-05
1.988943999999999909e-05
1.988198999999999969e-05
1.987454000000000030e-05
1.986336000000000086e-05
1.985218999999999873e-05
1.984473999999999933e-05
1.983355999999999989e-05
1.982611000000000049e-05
1.981866000000000110e-05
1.980748000000000166e-05
1.979630999999999953e-05
1.978886000000000013e-05
1.978141000000000074e-05
1.977396000000000134e-05
1.976277999999999851e-05
1.975905999999999916e-05
1.975160999999999977e-05
1.974414999999999967e-05
1.973298000000000093e-05
1.972553000000000153e-05
1.972180000000000149e-05
1.971434999999999870e-05
1.971062999999999936e-05
1.970317999999999996e-05
1.969944999999999991e-05
1.969573000000000057e-05
1.969200000000000052e-05
1.968455000000000112e-05
1.967709999999999834e-05
1.966964999999999895e-05
1.966219999999999955e-05
1.965475000000000016e-05
1.964730000000000076e-05
1.963612000000000132e-05
1.963239999999999858e-05
1.962494999999999919e-05
1.961749999999999979e-05
1.961003999999999970e-05
1.960259000000000030e-05
1.959887000000000096e-05
1.959514000000000091e-05
1.958396999999999878e-05
1.958023999999999873e-05
1.957278999999999933e-05
1.956906999999999999e-05
1.956533999999999994e-05
1.956162000000000059e-05
1.955417000000000120e-05
1.955044000000000115e-05
1.954671000000000110e-05
1.953925999999999832e-05
1.953553999999999897e-05
1.952808999999999958e-05
1.952435999999999953e-05
1.951691000000000013e-05
1.951319000000000079e-05
1.950946000000000074e-05
1.950574000000000139e-05
1.950201000000000134e-05
1.949828999999999861e-05
1.949083999999999921e-05
1.948337999999999912e-05
1.947592999999999972e-05
1.946848000000000033e-05
1.946103000000000093e-05
1.944985999999999880e-05
1.944240999999999941e-05
1.942751000000000062e-05
1.941633000000000117e-05
1.940887999999999839e-05
1.939397999999999960e-05
1.937908000000000081e-05
1.936790000000000137e-05
1.935299999999999919e-05
1.934181999999999975e-05
1.932320000000000161e-05
1.931201999999999878e-05
1.929711999999999999e-05
1.928222000000000120e-05
1.927476999999999842e-05
1.926358999999999897e-05
1.925242000000000023e-05
1.924124000000000079e-05
1.923006000000000135e-05
1.921888999999999922e-05
1.921143999999999982e-05
1.920026000000000038e-05
1.918909000000000164e-05
1.918163999999999885e-05
1.916674000000000006e-05
1.915556000000000062e-05
1.914438000000000118e-05
1.913320999999999905e-05
1.912202999999999960e-05
1.910713000000000081e-05
1.909222999999999864e-05
1.908104999999999919e-05
1.906988000000000045e-05
1.906243000000000106e-05
1.905125000000000161e-05
1.903634999999999944e-05
1.902516999999999999e-05
1.901027000000000120e-05
1.899909999999999907e-05
1.898420000000000028e-05
1.896929000000000079e-05
1.896184000000000140e-05
1.894693999999999922e-05
1.893577000000000048e-05
1.892832000000000108e-05
1.891714000000000164e-05
1.890595999999999881e-05
1.889850999999999941e-05
1.889106000000000002e-05
1.887989000000000128e-05
1.887243999999999849e-05
1.886125999999999905e-05
1.884636000000000026e-05
1.883891000000000087e-05
1.882773000000000142e-05
1.881282999999999924e-05
1.880537999999999985e-05
1.879048000000000106e-05
1.877930000000000162e-05
1.877184999999999883e-05
1.876068000000000009e-05
1.875323000000000070e-05
1.874578000000000130e-05
1.873459999999999847e-05
1.872714999999999908e-05
1.871969999999999968e-05
1.871225000000000029e-05
1.870480000000000089e-05
1.869362000000000145e-05
1.868244999999999932e-05
1.867499999999999992e-05
1.866010000000000113e-05
1.864892000000000169e-05
1.863773999999999886e-05
1.862284000000000007e-05
1.861539000000000067e-05
1.859676999999999915e-05
1.858558999999999971e-05
1.856696000000000087e-05
1.855578999999999874e-05
1.854088999999999995e-05
1.852599000000000116e-05
1.851108000000000167e-05
1.849617999999999949e-05
1.848501000000000075e-05
1.847010999999999857e-05
1.845892999999999913e-05
1.844774999999999968e-05
1.843658000000000094e-05
1.842540000000000150e-05
1.841049999999999932e-05
1.839560000000000053e-05
1.838442000000000109e-05
1.836951999999999891e-05
1.835462000000000012e-05
1.833972000000000133e-05
1.832481999999999915e-05
1.830619000000000031e-05
1.828756999999999879e-05
1.826893999999999995e-05
1.825031000000000111e-05
1.823168999999999959e-05
1.820934000000000140e-05
1.819070999999999918e-05
1.817208000000000034e-05
1.814972999999999877e-05
1.813109999999999993e-05
1.811247999999999840e-05
1.809013000000000022e-05
1.807522000000000073e-05
1.805286999999999916e-05
1.803797000000000037e-05
1.801561999999999879e-05
1.799698999999999995e-05
1.798209000000000116e-05
1.796346999999999964e-05
1.795229000000000020e-05
1.793739000000000141e-05
1.792248999999999923e-05
1.791503999999999983e-05
1.790014000000000104e-05
1.788896000000000160e-05
1.788150999999999882e-05
1.786661000000000003e-05
1.785916000000000063e-05
1.784425999999999845e-05
1.782935999999999966e-05
1.781445000000000017e-05
1.779582999999999865e-05
1.778092999999999986e-05
1.776230000000000102e-05
1.774366999999999880e-05
1.772505000000000066e-05
1.770269999999999908e-05
1.768407000000000025e-05
1.766544000000000141e-05
1.764308999999999984e-05
1.762446000000000100e-05
1.760583999999999947e-05
1.758349000000000129e-05
1.756112999999999901e-05
1.754251000000000088e-05
1.752387999999999865e-05
1.750526000000000051e-05
1.748290000000000163e-05
1.746799999999999945e-05
1.744565000000000127e-05
1.743074999999999909e-05
1.741585000000000030e-05
1.739349999999999872e-05
1.737859999999999993e-05
1.735997000000000110e-05
1.734506999999999892e-05
1.732644000000000008e-05
1.731154000000000129e-05
1.729663999999999911e-05
1.728174000000000032e-05
1.726684000000000153e-05
1.725193999999999935e-05
1.723702999999999986e-05
1.722586000000000112e-05
1.720722999999999890e-05
1.719606000000000015e-05
1.718488000000000071e-05
1.717370000000000127e-05
1.716252999999999914e-05
1.715879999999999909e-05
1.715134999999999970e-05
1.714390000000000030e-05
1.713645000000000091e-05
1.712900000000000151e-05
1.712900000000000151e-05
1.712154999999999873e-05
1.711036999999999929e-05
1.709920000000000054e-05
1.708802000000000110e-05
1.707311999999999892e-05
1.705822000000000013e-05
1.703586999999999856e-05
1.701723999999999972e-05
1.699489000000000154e-05
1.697253999999999996e-05
1.695018999999999839e-05
1.692784000000000020e-05
1.690921000000000137e-05
1.688685999999999979e-05
1.686823000000000096e-05
1.684587999999999938e-05
1.682725000000000055e-05
1.681234999999999837e-05
1.679373000000000023e-05
1.677882000000000074e-05
1.675646999999999917e-05
1.674530000000000042e-05
1.672667000000000159e-05
1.671176999999999941e-05
1.669687000000000062e-05
1.668196999999999844e-05
1.666333999999999960e-05
1.665216000000000016e-05
1.663353999999999863e-05
1.661863999999999984e-05
1.660001000000000101e-05
1.658510999999999883e-05
1.656276000000000064e-05
1.654412999999999842e-05
1.652549999999999958e-05
1.650688000000000144e-05
1.648824999999999922e-05
1.646590000000000103e-05
1.644354999999999946e-05
1.642120000000000127e-05
1.639883999999999900e-05
1.637277000000000147e-05
1.635413999999999924e-05
1.633179000000000106e-05
1.630570999999999944e-05
1.628336000000000125e-05
1.626472999999999903e-05
1.624238000000000084e-05
1.622002999999999927e-05
1.619768000000000108e-05
1.617904999999999886e-05
1.615670000000000067e-05
1.613434999999999910e-05
1.611572000000000026e-05
1.609336999999999869e-05
1.607473999999999985e-05
1.605239000000000167e-05
1.603004000000000009e-05
1.601141000000000126e-05
1.598905999999999968e-05
1.597044000000000154e-05
1.594807999999999927e-05
1.592946000000000113e-05
1.591082999999999891e-05
1.589593000000000012e-05
1.587730000000000128e-05
1.586239999999999910e-05
1.584378000000000096e-05
1.582887000000000148e-05
1.581024999999999995e-05
1.579535000000000116e-05
1.577671999999999893e-05
1.576182000000000014e-05
1.574319000000000131e-05
1.573201999999999918e-05
1.571339000000000034e-05
1.570222000000000160e-05
1.568358999999999937e-05
1.566869000000000058e-05
1.565378999999999840e-05
1.563888999999999961e-05
1.562398000000000012e-05
1.560908000000000133e-05
1.559417999999999915e-05
1.557928000000000036e-05
1.556810000000000092e-05
1.555319999999999874e-05
1.553829999999999995e-05
1.552713000000000121e-05
1.551594999999999838e-05
1.550104999999999959e-05
1.548987000000000015e-05
1.548242000000000075e-05
1.546751999999999857e-05
1.545261999999999978e-05
1.544517000000000039e-05
1.543399000000000095e-05
1.541908999999999877e-05
1.540792000000000003e-05
1.539674000000000058e-05
1.538556999999999845e-05
1.537065999999999896e-05
1.535576000000000017e-05
1.534831000000000078e-05
1.533340999999999860e-05
1.532223999999999986e-05
1.530733000000000037e-05
1.529243000000000158e-05
1.528125999999999945e-05
1.526263000000000061e-05
1.525139999999999936e-05
1.523650000000000057e-05
1.522158999999999939e-05
1.520669000000000060e-05
1.519179000000000011e-05
1.517317000000000028e-05
1.515826000000000079e-05
1.513963999999999927e-05
1.512474000000000048e-05
1.510610999999999995e-05
1.509120999999999946e-05
1.507258000000000062e-05
1.505768000000000014e-05
1.503906000000000031e-05
1.502787999999999917e-05
1.500925000000000033e-05
1.499434999999999985e-05
1.497573000000000002e-05
1.496455000000000058e-05
1.494592000000000004e-05
1.493101999999999956e-05
1.491239999999999973e-05
1.489749000000000024e-05
1.488258999999999975e-05
1.486396999999999992e-05
1.484906999999999944e-05
1.483789000000000000e-05
1.481925999999999946e-05
1.480809000000000072e-05
1.478946000000000019e-05
1.477828000000000075e-05
1.476338000000000026e-05
1.475592999999999917e-05
1.474103000000000038e-05
1.472612999999999990e-05
1.471495000000000046e-05
1.469633000000000063e-05
1.468514999999999949e-05
1.466652999999999966e-05
1.465535000000000022e-05
1.463671999999999968e-05
1.462181999999999920e-05
1.460692000000000041e-05
1.459201999999999993e-05
1.457711999999999944e-05
1.456222000000000065e-05
1.454359000000000012e-05
1.452868999999999964e-05
1.451379000000000085e-05
1.449889000000000036e-05
1.448025999999999983e-05
1.446908999999999939e-05
1.445046000000000056e-05
1.443927999999999942e-05
1.442438000000000063e-05
1.440948000000000015e-05
1.439830999999999971e-05
1.438713000000000027e-05
1.437595000000000082e-05
1.436105000000000034e-05
1.434614999999999986e-05
1.433497999999999942e-05
1.432006999999999993e-05
1.430516999999999944e-05
1.429400000000000070e-05
1.427910000000000022e-05
1.426792000000000078e-05
1.425673999999999964e-05
1.424929000000000024e-05
1.423438999999999976e-05
1.422321999999999932e-05
1.421576999999999993e-05
1.420459000000000049e-05
1.419340999999999935e-05
1.418595999999999995e-05
1.417478999999999952e-05
1.416361000000000008e-05
1.415243999999999964e-05
1.414126000000000020e-05
1.412635999999999971e-05
1.411518000000000027e-05
1.410027999999999979e-05
1.408910999999999935e-05
1.407419999999999986e-05
1.405929999999999937e-05
1.404813000000000063e-05
1.403323000000000015e-05
1.401832999999999966e-05
1.400715000000000022e-05
1.399224999999999974e-05
1.397734999999999925e-05
1.396245000000000046e-05
1.395126999999999933e-05
1.393637000000000054e-05
1.392518999999999940e-05
1.390656999999999957e-05
1.389539000000000013e-05
1.388048999999999964e-05
1.386931000000000020e-05
1.385813999999999976e-05
1.384323999999999928e-05
1.383205999999999984e-05
1.381715999999999935e-05
1.380226000000000056e-05
1.378363000000000003e-05
1.376872999999999955e-05
1.374637999999999967e-05
1.372775000000000083e-05
1.370912999999999930e-05
1.368677000000000042e-05
1.366442000000000054e-05
1.364580000000000071e-05
1.362344000000000013e-05
1.360109000000000025e-05
1.357874000000000037e-05
1.355266000000000044e-05
1.353031000000000057e-05
1.350423999999999964e-05
1.347815999999999972e-05
1.345207999999999979e-05
1.342599999999999986e-05
1.339993000000000064e-05
1.337012999999999967e-05
1.334404999999999974e-05
1.331796999999999982e-05
1.329561999999999994e-05
1.326582000000000066e-05
1.324347000000000078e-05
1.322484000000000025e-05
1.320249000000000037e-05
1.318014000000000049e-05
1.316150999999999996e-05
1.313916000000000008e-05
1.312425999999999960e-05
1.310935000000000011e-05
1.309444999999999963e-05
1.307582999999999979e-05
1.306465000000000035e-05
1.304974999999999987e-05
1.303857000000000042e-05
1.302366999999999994e-05
1.301249999999999950e-05
1.300505000000000011e-05
1.299014999999999962e-05
1.298268999999999953e-05
1.297152000000000079e-05
1.296033999999999965e-05
1.294916999999999921e-05
1.294171999999999982e-05
1.293054000000000038e-05
1.291935999999999924e-05
1.290819000000000050e-05
1.289700999999999936e-05
1.288584000000000062e-05
1.287465999999999948e-05
1.286349000000000074e-05
1.285230999999999960e-05
1.284113000000000016e-05
1.282622999999999968e-05
1.281878000000000028e-05
1.280387999999999980e-05
1.279270999999999936e-05
1.278524999999999927e-05
1.277035000000000048e-05
1.275918000000000004e-05
1.275173000000000064e-05
1.273683000000000016e-05
1.272938000000000076e-05
1.272192000000000067e-05
1.270702000000000019e-05
1.269584999999999975e-05
1.268840000000000035e-05
1.267721999999999922e-05
1.266605000000000047e-05
1.265859000000000038e-05
1.264368999999999990e-05
1.263251999999999946e-05
1.262134000000000002e-05
1.260643999999999953e-05
1.259526000000000009e-05
1.258035999999999961e-05
1.256918999999999917e-05
1.255800999999999973e-05
1.254310999999999924e-05
1.253565999999999985e-05
1.252075999999999936e-05
1.250586000000000057e-05
1.249840999999999948e-05
1.248723000000000004e-05
1.247605999999999961e-05
1.246488000000000016e-05
1.245370000000000072e-05
1.244253000000000028e-05
1.243135000000000084e-05
1.242018000000000040e-05
1.241272999999999932e-05
1.239410000000000048e-05
1.237919999999999999e-05
1.236802000000000055e-05
1.234940000000000072e-05
1.233821999999999958e-05
1.231959000000000075e-05
1.230469000000000026e-05
1.228607000000000043e-05
1.226743999999999990e-05
1.224880999999999937e-05
1.222645999999999949e-05
1.220783000000000065e-05
1.218548000000000077e-05
1.215940999999999985e-05
1.213332999999999992e-05
1.210353000000000065e-05
1.207745000000000072e-05
1.204764999999999975e-05
1.201412000000000043e-05
1.198058999999999942e-05
1.194706000000000010e-05
1.190980999999999973e-05
1.187628000000000041e-05
1.184276000000000010e-05
1.180550000000000073e-05
1.176825000000000036e-05
1.172726999999999995e-05
1.169001999999999959e-05
1.165276999999999923e-05
1.161923999999999990e-05
1.158198999999999954e-05
1.154473000000000017e-05
1.150374999999999976e-05
1.146649999999999940e-05
1.142925000000000073e-05
1.139200000000000037e-05
1.135473999999999930e-05
1.131376000000000059e-05
1.127651000000000022e-05
1.123925999999999986e-05
1.120200999999999950e-05
1.116103000000000078e-05
1.112378000000000042e-05
1.108280000000000001e-05
1.104554000000000064e-05
1.100829000000000027e-05
1.096730999999999986e-05
1.093005999999999950e-05
1.089281000000000083e-05
1.085927999999999981e-05
1.082575000000000049e-05
1.078850000000000013e-05
1.075124999999999977e-05
1.071399000000000040e-05
1.067674000000000003e-05
1.063948999999999967e-05
1.060596000000000035e-05
1.057615999999999938e-05
1.053890000000000001e-05
1.050537999999999970e-05
1.047185000000000037e-05
1.043831999999999936e-05
1.040852000000000008e-05
1.037872000000000081e-05
1.035263999999999919e-05
1.032655999999999926e-05
1.031166000000000047e-05
1.029675999999999999e-05
1.028931000000000059e-05
1.028931000000000059e-05
1.028931000000000059e-05
1.028931000000000059e-05
1.029304000000000064e-05
1.029675999999999999e-05
1.030049000000000004e-05
1.030420999999999938e-05
1.030420999999999938e-05
1.030420999999999938e-05
1.029675999999999999e-05
1.028931000000000059e-05
1.028558000000000055e-05
1.027068000000000006e-05
1.025950999999999963e-05
1.024088000000000079e-05
1.022225000000000026e-05
1.019990000000000038e-05
1.017755000000000050e-05
1.015147000000000057e-05
1.012539999999999965e-05
1.009931999999999972e-05
1.006952000000000045e-05
1.003598999999999943e-05
1.000619000000000016e-05
9.972660000000000839e-06
9.942857999999999392e-06
9.905604999999999158e-06
9.872077000000000315e-06
9.838549999999999170e-06
9.801297000000000630e-06
9.764044000000000396e-06
9.726791000000000161e-06
9.689537999999999927e-06
9.656011000000000477e-06
9.618758000000000242e-06
9.581505000000000008e-06
9.544251999999999773e-06
9.506998999999999539e-06
9.469745999999999305e-06
9.436218999999999854e-06
9.402690999999999317e-06
9.365438000000000777e-06
9.328185000000000543e-06
9.287207000000000611e-06
9.249954000000000376e-06
9.212701000000000142e-06
9.175447999999999908e-06
9.134469999999999976e-06
9.089767000000000346e-06
9.052514000000000112e-06
9.007809999999999396e-06
8.963106999999999767e-06
8.922128000000000442e-06
8.873699999999999421e-06
8.832721999999999489e-06
8.784293000000000770e-06
8.739589000000000054e-06
8.691159999999999641e-06
8.642732000000000314e-06
8.594302999999999901e-06
8.549598999999999185e-06
8.501170999999999858e-06
8.452741999999999445e-06
8.408038000000000423e-06
8.359609999999999402e-06
8.314906000000000380e-06
8.266476999999999967e-06
8.218049000000000640e-06
8.169620000000000226e-06
8.121190999999999813e-06
8.072761999999999400e-06
8.020607999999999289e-06
7.972179000000000570e-06
7.923750999999999549e-06
7.875322000000000829e-06
7.823168000000000718e-06
7.778464000000000003e-06
7.730036000000000676e-06
7.685331999999999960e-06
7.636902999999999547e-06
7.595896000000000296e-06
7.551192999999999820e-06
7.506488999999999951e-06
7.469235999999999717e-06
7.431983000000000329e-06
7.398456000000000032e-06
7.364928000000000342e-06
7.335125999999999742e-06
7.301598000000000052e-06
7.275520999999999997e-06
7.241993000000000307e-06
7.208466000000000010e-06
7.167488000000000078e-06
7.122784000000000209e-06
7.074354999999999795e-06
7.022200999999999685e-06
6.966321999999999876e-06
6.902991999999999586e-06
6.843386999999999841e-06
6.780057000000000398e-06
6.720453000000000045e-06
6.657122999999999756e-06
6.601243999999999947e-06
6.545363999999999900e-06
6.489485000000000091e-06
6.433605000000000043e-06
6.385176999999999869e-06
6.333022999999999759e-06
6.288318999999999890e-06
6.243616000000000260e-06
6.202637000000000089e-06
6.157933999999999613e-06
6.116955999999999681e-06
6.079703000000000293e-06
6.038725000000000361e-06
6.001472000000000127e-06
5.964218999999999893e-06
5.923240999999999961e-06
5.889713000000000271e-06
5.856184999999999734e-06
5.818932999999999739e-06
5.781680000000000352e-06
5.744427000000000117e-06
5.710898999999999580e-06
5.677372000000000130e-06
5.640118999999999896e-06
5.606591000000000206e-06
5.573062999999999669e-06
5.535810000000000282e-06
5.498558000000000287e-06
5.461305000000000052e-06
5.424051999999999818e-06
5.386798999999999583e-06
5.349546000000000196e-06
5.308568000000000264e-06
5.267590000000000332e-06
5.230337000000000098e-06
5.193083999999999863e-06
5.148379999999999995e-06
5.107402000000000063e-06
5.066424000000000131e-06
5.025446000000000199e-06
4.980742000000000330e-06
4.939764000000000398e-06
4.898785999999999619e-06
4.854081999999999751e-06
4.813103999999999819e-06
4.772125999999999887e-06
4.727422000000000018e-06
4.686444000000000086e-06
4.641740999999999610e-06
4.600762999999999678e-06
4.559784000000000353e-06
4.522532000000000358e-06
4.485279000000000124e-06
4.444299999999999953e-06
4.407047999999999958e-06
4.369794999999999723e-06
4.336267000000000033e-06
4.306465000000000281e-06
4.272936999999999744e-06
4.243134999999999991e-06
4.213331999999999998e-06
4.183530000000000245e-06
4.157453000000000190e-06
4.127650999999999590e-06
4.101574000000000382e-06
4.075497000000000326e-06
4.053144999999999968e-06
4.023343000000000215e-06
4.000990999999999857e-06
3.978639000000000347e-06
3.956286999999999989e-06
3.933935999999999870e-06
3.915309000000000057e-06
3.892956999999999699e-06
3.874331000000000125e-06
3.859430000000000248e-06
3.844529000000000372e-06
3.829627999999999648e-06
3.822177000000000014e-06
3.810986999999999872e-06
3.803535999999999814e-06
3.799811000000000117e-06
3.792360000000000059e-06
3.784909000000000001e-06
3.777459000000000182e-06
3.770008000000000124e-06
3.762557999999999882e-06
3.751382000000000127e-06
3.736480999999999827e-06
3.729030000000000192e-06
3.714128999999999892e-06
3.702953000000000137e-06
3.688051999999999837e-06
3.673150999999999961e-06
3.665699999999999903e-06
3.647073999999999905e-06
3.635898000000000150e-06
3.624721999999999971e-06
3.609821000000000094e-06
3.602370000000000036e-06
3.591193999999999857e-06
3.580018999999999918e-06
3.576292999999999981e-06
3.568843000000000162e-06
3.561392000000000104e-06
3.557666999999999983e-06
3.550215999999999925e-06
3.546490999999999804e-06
3.542766000000000107e-06
3.539040000000000170e-06
3.531589999999999928e-06
3.531589999999999928e-06
3.527863999999999991e-06
3.524138999999999870e-06
3.524138999999999870e-06
3.524138999999999870e-06
3.524138999999999870e-06
3.524138999999999870e-06
3.527863999999999991e-06
3.527863999999999991e-06
3.531589999999999928e-06
3.535315000000000049e-06
3.539040000000000170e-06
3.542766000000000107e-06
3.546490999999999804e-06
3.550215999999999925e-06
3.557666999999999983e-06
3.561392000000000104e-06
3.565116999999999802e-06
3.572567999999999860e-06
3.572567999999999860e-06
3.576292999999999981e-06
3.576292999999999981e-06
3.576292999999999981e-06
3.576292999999999981e-06
3.576292999999999981e-06
3.576292999999999981e-06
3.580018999999999918e-06
3.580018999999999918e-06
3.583744000000000039e-06
3.583744000000000039e-06
3.587469000000000160e-06
3.591193999999999857e-06
3.594919999999999794e-06
3.598644999999999915e-06
3.606095999999999973e-06
3.609821000000000094e-06
3.617270999999999913e-06
3.624721999999999971e-06
3.632173000000000029e-06
3.635898000000000150e-06
3.639622999999999847e-06
3.643347999999999968e-06
3.647073999999999905e-06
3.650799000000000026e-06
3.654524000000000147e-06
3.654524000000000147e-06
3.654524000000000147e-06
3.654524000000000147e-06
3.654524000000000147e-06
3.654524000000000147e-06
3.650799000000000026e-06
3.650799000000000026e-06
3.647073999999999905e-06
3.647073999999999905e-06
3.643347999999999968e-06
3.643347999999999968e-06
3.643347999999999968e-06
3.639622999999999847e-06
3.639622999999999847e-06
3.639622999999999847e-06
3.635898000000000150e-06
3.635898000000000150e-06
3.635898000000000150e-06
3.632173000000000029e-06
3.632173000000000029e-06
3.632173000000000029e-06
3.632173000000000029e-06
3.632173000000000029e-06
3.635898000000000150e-06
3.635898000000000150e-06
3.639622999999999847e-06
3.639622999999999847e-06
3.643347999999999968e-06
3.647073999999999905e-06
3.650799000000000026e-06
3.654524000000000147e-06
3.661975000000000205e-06
3.665699999999999903e-06
3.669425000000000024e-06
3.673150999999999961e-06
3.673150999999999961e-06
3.673150999999999961e-06
3.676876000000000082e-06
3.676876000000000082e-06
3.676876000000000082e-06
3.676876000000000082e-06
3.676876000000000082e-06
3.673150999999999961e-06
3.673150999999999961e-06
3.673150999999999961e-06
3.673150999999999961e-06
3.669425000000000024e-06
3.669425000000000024e-06
3.669425000000000024e-06
3.669425000000000024e-06
3.665699999999999903e-06
3.665699999999999903e-06
3.665699999999999903e-06
3.665699999999999903e-06
3.665699999999999903e-06
3.665699999999999903e-06
3.661975000000000205e-06
3.661975000000000205e-06
3.661975000000000205e-06
3.661975000000000205e-06
3.661975000000000205e-06
3.665699999999999903e-06
3.665699999999999903e-06
3.665699999999999903e-06
3.669425000000000024e-06
3.669425000000000024e-06
3.673150999999999961e-06
3.673150999999999961e-06
3.676876000000000082e-06
3.680601000000000203e-06
3.684327000000000139e-06
3.688051999999999837e-06
3.691776999999999958e-06
3.695502999999999895e-06
3.699228000000000016e-06
3.702953000000000137e-06
3.702953000000000137e-06
3.702953000000000137e-06
3.702953000000000137e-06
3.702953000000000137e-06
3.702953000000000137e-06
3.702953000000000137e-06
3.702953000000000137e-06
3.699228000000000016e-06
3.699228000000000016e-06
3.699228000000000016e-06
3.699228000000000016e-06
3.699228000000000016e-06
3.699228000000000016e-06
3.702953000000000137e-06
3.702953000000000137e-06
3.702953000000000137e-06
3.702953000000000137e-06
3.702953000000000137e-06
3.702953000000000137e-06
3.702953000000000137e-06
3.702953000000000137e-06
3.702953000000000137e-06
3.702953000000000137e-06
3.702953000000000137e-06
3.702953000000000137e-06
3.702953000000000137e-06
3.702953000000000137e-06
3.702953000000000137e-06
3.702953000000000137e-06
3.702953000000000137e-06
3.702953000000000137e-06
3.702953000000000137e-06
3.702953000000000137e-06
3.702953000000000137e-06
3.702953000000000137e-06
3.702953000000000137e-06
3.702953000000000137e-06
3.702953000000000137e-06
3.702953000000000137e-06
3.699228000000000016e-06
3.699228000000000016e-06
3.695502999999999895e-06
3.695502999999999895e-06
3.691776999999999958e-06
3.691776999999999958e-06
3.688051999999999837e-06
3.688051999999999837e-06
3.688051999999999837e-06
3.688051999999999837e-06
3.688051999999999837e-06
3.684327000000000139e-06
3.684327000000000139e-06
3.680601000000000203e-06
3.680601000000000203e-06
3.680601000000000203e-06
3.676876000000000082e-06
3.676876000000000082e-06
3.673150999999999961e-06
3.673150999999999961e-06
3.673150999999999961e-06
3.673150999999999961e-06
3.673150999999999961e-06
3.673150999999999961e-06
3.676876000000000082e-06
3.676876000000000082e-06
3.676876000000000082e-06
3.676876000000000082e-06
3.676876000000000082e-06
3.680601000000000203e-06
3.680601000000000203e-06
3.680601000000000203e-06
3.684327000000000139e-06
3.688051999999999837e-06
3.688051999999999837e-06
3.691776999999999958e-06
3.691776999999999958e-06
3.691776999999999958e-06
3.695502999999999895e-06
3.695502999999999895e-06
3.695502999999999895e-06
3.695502999999999895e-06
3.699228000000000016e-06
3.699228000000000016e-06
3.699228000000000016e-06
3.695502999999999895e-06
3.699228000000000016e-06
3.699228000000000016e-06
3.699228000000000016e-06
3.699228000000000016e-06
3.699228000000000016e-06
3.702953000000000137e-06
3.702953000000000137e-06
3.702953000000000137e-06
3.702953000000000137e-06
3.702953000000000137e-06
3.702953000000000137e-06
3.702953000000000137e-06
3.702953000000000137e-06
3.702953000000000137e-06
3.702953000000000137e-06
3.702953000000000137e-06
3.702953000000000137e-06
3.702953000000000137e-06
3.699228000000000016e-06
3.699228000000000016e-06
3.695502999999999895e-06
3.695502999999999895e-06
3.695502999999999895e-06
3.695502999999999895e-06
3.691776999999999958e-06
3.691776999999999958e-06
3.691776999999999958e-06
3.691776999999999958e-06
3.691776999999999958e-06
3.688051999999999837e-06
3.688051999999999837e-06
3.688051999999999837e-06
3.688051999999999837e-06
3.691776999999999958e-06
3.691776999999999958e-06
3.691776999999999958e-06
3.691776999999999958e-06
3.691776999999999958e-06
3.691776999999999958e-06
3.691776999999999958e-06
3.691776999999999958e-06
3.691776999999999958e-06
3.688051999999999837e-06
3.688051999999999837e-06
3.684327000000000139e-06
3.680601000000000203e-06
3.680601000000000203e-06
3.676876000000000082e-06
3.673150999999999961e-06
3.673150999999999961e-06
3.673150999999999961e-06
3.669425000000000024e-06
3.665699999999999903e-06
3.665699999999999903e-06
3.661975000000000205e-06
3.658250000000000084e-06
3.654524000000000147e-06
3.654524000000000147e-06
3.654524000000000147e-06
3.654524000000000147e-06
3.654524000000000147e-06
3.654524000000000147e-06
3.650799000000000026e-06
3.650799000000000026e-06
3.650799000000000026e-06
3.650799000000000026e-06
3.650799000000000026e-06
3.650799000000000026e-06
3.650799000000000026e-06
3.654524000000000147e-06
3.654524000000000147e-06
3.654524000000000147e-06
3.654524000000000147e-06
3.654524000000000147e-06
3.654524000000000147e-06
3.654524000000000147e-06
3.654524000000000147e-06
3.654524000000000147e-06
3.654524000000000147e-06
3.658250000000000084e-06
3.658250000000000084e-06
3.654524000000000147e-06
3.654524000000000147e-06
3.654524000000000147e-06
3.654524000000000147e-06
3.654524000000000147e-06
3.654524000000000147e-06
3.654524000000000147e-06
3.654524000000000147e-06
3.658250000000000084e-06
3.658250000000000084e-06
3.658250000000000084e-06
3.661975000000000205e-06
3.661975000000000205e-06
3.665699999999999903e-06
3.665699999999999903e-06
3.665699999999999903e-06
3.665699999999999903e-06
3.665699999999999903e-06
3.665699999999999903e-06
3.665699999999999903e-06
3.665699999999999903e-06
3.665699999999999903e-06
3.665699999999999903e-06
3.661975000000000205e-06
3.661975000000000205e-06
3.661975000000000205e-06
3.658250000000000084e-06
3.654524000000000147e-06
3.650799000000000026e-06
3.647073999999999905e-06
3.643347999999999968e-06
3.643347999999999968e-06
3.639622999999999847e-06
3.639622999999999847e-06
3.635898000000000150e-06
3.632173000000000029e-06
3.632173000000000029e-06
3.628447000000000092e-06
3.628447000000000092e-06
3.628447000000000092e-06
3.628447000000000092e-06
3.628447000000000092e-06
3.628447000000000092e-06
3.628447000000000092e-06
3.628447000000000092e-06
3.628447000000000092e-06
3.628447000000000092e-06
3.628447000000000092e-06
3.628447000000000092e-06
3.628447000000000092e-06
3.628447000000000092e-06
3.628447000000000092e-06
3.628447000000000092e-06
3.632173000000000029e-06
3.632173000000000029e-06
3.632173000000000029e-06
3.628447000000000092e-06
3.628447000000000092e-06
3.628447000000000092e-06
3.628447000000000092e-06
3.628447000000000092e-06
3.624721999999999971e-06
3.624721999999999971e-06
3.624721999999999971e-06
3.620996999999999850e-06
3.617270999999999913e-06
3.617270999999999913e-06
3.613545999999999792e-06
3.609821000000000094e-06
3.609821000000000094e-06
3.609821000000000094e-06
3.606095999999999973e-06
3.602370000000000036e-06
3.598644999999999915e-06
3.598644999999999915e-06
3.594919999999999794e-06
3.591193999999999857e-06
3.587469000000000160e-06
3.587469000000000160e-06
3.587469000000000160e-06
3.583744000000000039e-06
3.583744000000000039e-06
3.583744000000000039e-06
3.587469000000000160e-06
3.587469000000000160e-06
3.591193999999999857e-06
3.594919999999999794e-06
3.602370000000000036e-06
3.609821000000000094e-06
3.613545999999999792e-06
3.617270999999999913e-06
3.624721999999999971e-06
3.632173000000000029e-06
3.635898000000000150e-06
3.639622999999999847e-06
3.639622999999999847e-06
3.639622999999999847e-06
3.639622999999999847e-06
3.643347999999999968e-06
3.643347999999999968e-06
3.643347999999999968e-06
3.639622999999999847e-06
3.639622999999999847e-06
3.639622999999999847e-06
3.635898000000000150e-06
3.632173000000000029e-06
3.628447000000000092e-06
3.624721999999999971e-06
3.624721999999999971e-06
3.620996999999999850e-06
3.617270999999999913e-06
3.613545999999999792e-06
3.609821000000000094e-06
3.609821000000000094e-06
3.609821000000000094e-06
3.606095999999999973e-06
3.602370000000000036e-06
3.602370000000000036e-06
3.598644999999999915e-06
3.598644999999999915e-06
3.598644999999999915e-06
3.598644999999999915e-06
3.598644999999999915e-06
3.594919999999999794e-06
3.594919999999999794e-06
3.594919999999999794e-06
3.594919999999999794e-06
3.594919999999999794e-06
3.594919999999999794e-06
3.594919999999999794e-06
3.594919999999999794e-06
3.594919999999999794e-06
3.594919999999999794e-06
3.591193999999999857e-06
3.591193999999999857e-06
3.587469000000000160e-06
3.587469000000000160e-06
3.583744000000000039e-06
3.580018999999999918e-06
3.576292999999999981e-06
3.576292999999999981e-06
3.576292999999999981e-06
3.572567999999999860e-06
3.572567999999999860e-06
3.572567999999999860e-06
3.572567999999999860e-06
3.572567999999999860e-06
3.572567999999999860e-06
3.572567999999999860e-06
3.572567999999999860e-06
3.576292999999999981e-06
3.576292999999999981e-06
3.576292999999999981e-06
3.576292999999999981e-06
3.576292999999999981e-06
3.576292999999999981e-06
3.580018999999999918e-06
3.580018999999999918e-06
3.583744000000000039e-06
3.583744000000000039e-06
3.587469000000000160e-06
3.587469000000000160e-06
3.587469000000000160e-06
3.587469000000000160e-06
3.591193999999999857e-06
3.591193999999999857e-06
3.591193999999999857e-06
3.594919999999999794e-06
3.594919999999999794e-06
3.598644999999999915e-06
3.598644999999999915e-06
3.598644999999999915e-06
3.598644999999999915e-06
3.598644999999999915e-06
3.598644999999999915e-06
3.594919999999999794e-06
3.594919999999999794e-06
3.594919999999999794e-06
3.594919999999999794e-06
3.594919999999999794e-06
3.594919999999999794e-06
3.594919999999999794e-06
3.591193999999999857e-06
3.594919999999999794e-06
3.594919999999999794e-06
3.594919999999999794e-06
3.594919999999999794e-06
3.594919999999999794e-06
3.598644999999999915e-06
3.598644999999999915e-06
3.602370000000000036e-06
3.606095999999999973e-06
3.609821000000000094e-06
3.609821000000000094e-06
3.609821000000000094e-06
3.613545999999999792e-06
3.613545999999999792e-06
3.613545999999999792e-06
3.617270999999999913e-06
3.617270999999999913e-06
3.617270999999999913e-06
3.617270999999999913e-06
3.617270999999999913e-06
3.620996999999999850e-06
3.620996999999999850e-06
3.620996999999999850e-06
3.624721999999999971e-06
3.624721999999999971e-06
3.624721999999999971e-06
3.624721999999999971e-06
3.624721999999999971e-06
3.624721999999999971e-06
3.620996999999999850e-06
3.620996999999999850e-06
3.620996999999999850e-06
3.620996999999999850e-06
3.624721999999999971e-06
3.624721999999999971e-06
3.624721999999999971e-06
3.624721999999999971e-06
3.624721999999999971e-06
3.628447000000000092e-06
3.628447000000000092e-06
3.632173000000000029e-06
3.632173000000000029e-06
3.635898000000000150e-06
3.635898000000000150e-06
3.635898000000000150e-06
3.635898000000000150e-06
3.639622999999999847e-06
3.639622999999999847e-06
3.639622999999999847e-06
3.643347999999999968e-06
3.643347999999999968e-06
3.647073999999999905e-06
3.647073999999999905e-06
3.647073999999999905e-06
3.647073999999999905e-06
3.647073999999999905e-06
3.643347999999999968e-06
3.643347999999999968e-06
3.639622999999999847e-06
3.639622999999999847e-06
3.635898000000000150e-06
3.632173000000000029e-06
3.632173000000000029e-06
3.628447000000000092e-06
3.624721999999999971e-06
3.624721999999999971e-06
3.620996999999999850e-06
3.620996999999999850e-06
3.620996999999999850e-06
3.617270999999999913e-06
3.617270999999999913e-06
3.620996999999999850e-06
3.620996999999999850e-06
3.620996999999999850e-06
3.620996999999999850e-06
3.624721999999999971e-06
3.624721999999999971e-06
3.628447000000000092e-06
3.628447000000000092e-06
3.632173000000000029e-06
3.632173000000000029e-06
3.635898000000000150e-06
3.635898000000000150e-06
3.635898000000000150e-06
3.635898000000000150e-06
3.635898000000000150e-06
3.635898000000000150e-06
3.635898000000000150e-06
3.632173000000000029e-06
3.628447000000000092e-06
3.624721999999999971e-06
3.624721999999999971e-06
3.620996999999999850e-06
3.620996999999999850e-06
3.617270999999999913e-06
3.617270999999999913e-06
3.617270999999999913e-06
3.613545999999999792e-06
3.613545999999999792e-06
3.613545999999999792e-06
3.613545999999999792e-06
3.617270999999999913e-06
3.617270999999999913e-06
3.620996999999999850e-06
3.620996999999999850e-06
3.624721999999999971e-06
3.624721999999999971e-06
3.624721999999999971e-06
3.628447000000000092e-06
3.628447000000000092e-06
3.628447000000000092e-06
