-1.965475000000000016e-05
-1.965475000000000016e-05
-1.965475000000000016e-05
-1.965475000000000016e-05
-1.965475000000000016e-05
-1.965475000000000016e-05
-1.964730000000000076e-05
-1.964730000000000076e-05
-1.964730000000000076e-05
-1.964730000000000076e-05
-1.964730000000000076e-05
-1.964730000000000076e-05
-1.964730000000000076e-05
-1.965475000000000016e-05
-1.965475000000000016e-05
-1.965475000000000016e-05
-1.965475000000000016e-05
-1.965475000000000016e-05
-1.965475000000000016e-05
-1.965475000000000016e-05
-1.965475000000000016e-05
-1.965475000000000016e-05
-1.965475000000000016e-05
-1.965475000000000016e-05
-1.965475000000000016e-05
-1.965475000000000016e-05
-1.966219999999999955e-05
-1.966219999999999955e-05
-1.966219999999999955e-05
-1.966219999999999955e-05
-1.966964999999999895e-05
-1.966964999999999895e-05
-1.966964999999999895e-05
-1.967709999999999834e-05
-1.967709999999999834e-05
-1.968455000000000112e-05
-1.968455000000000112e-05
-1.969200000000000052e-05
-1.969200000000000052e-05
-1.969944999999999991e-05
-1.969944999999999991e-05
-1.969944999999999991e-05
-1.970689999999999931e-05
-1.971434999999999870e-05
-1.972180000000000149e-05
-1.972180000000000149e-05
-1.972925000000000088e-05
-1.973670000000000028e-05
-1.974414999999999967e-05
-1.975160999999999977e-05
-1.975905999999999916e-05
-1.976650999999999856e-05
-1.976650999999999856e-05
-1.977396000000000134e-05
-1.978141000000000074e-05
-1.978886000000000013e-05
-1.979630999999999953e-05
-1.980375999999999892e-05
-1.981120999999999832e-05
-1.982611000000000049e-05
-1.982611000000000049e-05
-1.983355999999999989e-05
-1.984100999999999928e-05
-1.984845999999999868e-05
-1.986336000000000086e-05
-1.987081000000000025e-05
-1.987827000000000035e-05
-1.988571999999999974e-05
-1.989316999999999914e-05
-1.990061999999999853e-05
-1.990807000000000132e-05
-1.991552000000000071e-05
-1.992297000000000011e-05
-1.993786999999999890e-05
-1.994532000000000168e-05
-1.995277000000000107e-05
-1.996022000000000047e-05
-1.996766999999999986e-05
-1.997511999999999926e-05
-1.999002000000000144e-05
-1.999747000000000083e-05
-2.000493000000000093e-05
-2.001982999999999972e-05
-2.001982999999999972e-05
-2.002727999999999911e-05
-2.004218000000000129e-05
-2.004963000000000068e-05
-2.005708000000000008e-05
-2.007197999999999887e-05
-2.007943000000000165e-05
-2.008688000000000105e-05
-2.009433000000000044e-05
-2.010922999999999923e-05
-2.011667999999999863e-05
-2.013159000000000151e-05
-2.013904000000000090e-05
-2.014649000000000030e-05
-2.015393999999999969e-05
-2.016883999999999848e-05
-2.017629000000000126e-05
-2.019119000000000005e-05
-2.019863999999999945e-05
-2.020608999999999884e-05
-2.022099000000000102e-05
-2.022844000000000042e-05
-2.024333999999999921e-05
-2.025078999999999860e-05
-2.026570000000000148e-05
-2.027315000000000088e-05
-2.028060000000000027e-05
-2.029549999999999906e-05
-2.031040000000000124e-05
-2.031785000000000063e-05
-2.033274999999999942e-05
-2.034019999999999882e-05
-2.034765000000000160e-05
-2.036255000000000039e-05
-2.037744999999999918e-05
-2.038489999999999858e-05
-2.039981000000000146e-05
-2.040726000000000085e-05
-2.042215999999999964e-05
-2.042960999999999904e-05
-2.044451000000000121e-05
-2.045941000000000000e-05
-2.045941000000000000e-05
-2.047430999999999879e-05
-2.048176000000000158e-05
-2.049666000000000037e-05
-2.051155999999999916e-05
-2.052646999999999865e-05
-2.052646999999999865e-05
-2.054137000000000083e-05
-2.055626999999999962e-05
-2.056371999999999901e-05
-2.057862000000000119e-05
-2.058607000000000058e-05
-2.059351999999999998e-05
-2.060841999999999877e-05
-2.062332000000000095e-05
-2.063821999999999974e-05
-2.064567999999999983e-05
-2.065312999999999923e-05
-2.066057999999999862e-05
-2.067548000000000080e-05
-2.069037999999999959e-05
-2.069782999999999898e-05
-2.071273000000000116e-05
-2.072018000000000056e-05
-2.073507999999999935e-05
-2.074252999999999874e-05
-2.075743000000000092e-05
-2.077234000000000041e-05
-2.077978999999999981e-05
-2.078723999999999920e-05
-2.080214000000000138e-05
-2.081704000000000017e-05
-2.082448999999999956e-05
-2.083938999999999835e-05
-2.084684000000000114e-05
-2.085429000000000053e-05
-2.086918999999999932e-05
-2.088409000000000150e-05
-2.089154000000000090e-05
-2.090645000000000039e-05
-2.091389999999999978e-05
-2.092134999999999918e-05
-2.093625000000000135e-05
-2.094370000000000075e-05
-2.095859999999999954e-05
-2.096604999999999893e-05
-2.097349999999999833e-05
-2.098095000000000111e-05
-2.099584999999999990e-05
-2.101074999999999869e-05
-2.101820000000000148e-05
-2.102565000000000087e-05
-2.103311000000000097e-05
-2.104056000000000036e-05
-2.105545999999999915e-05
-2.106290999999999855e-05
-2.107781000000000072e-05
-2.108526000000000012e-05
-2.109270999999999951e-05
-2.110015999999999891e-05
-2.111506000000000109e-05
-2.112251000000000048e-05
-2.113740999999999927e-05
-2.114485999999999867e-05
-2.115977000000000155e-05
-2.115977000000000155e-05
-2.117467000000000034e-05
-2.118211999999999973e-05
-2.119701999999999852e-05
-2.120447000000000130e-05
-2.121192000000000070e-05
-2.121937000000000009e-05
-2.122681999999999949e-05
-2.124172000000000167e-05
-2.124917000000000106e-05
-2.126406999999999985e-05
-2.127151999999999925e-05
-2.128642999999999874e-05
-2.128642999999999874e-05
-2.130133000000000091e-05
-2.130878000000000031e-05
-2.132367999999999910e-05
-2.133112999999999849e-05
-2.134603000000000067e-05
-2.134603000000000067e-05
-2.136092999999999946e-05
-2.136837999999999886e-05
-2.138328000000000104e-05
-2.139073000000000043e-05
-2.139817999999999983e-05
-2.141308999999999932e-05
-2.141308999999999932e-05
-2.142799000000000149e-05
-2.143544000000000089e-05
-2.144289000000000028e-05
-2.145778999999999907e-05
-2.146523999999999847e-05
-2.147269000000000125e-05
-2.148014000000000065e-05
-2.148759000000000004e-05
-2.150248999999999883e-05
-2.150994000000000162e-05
-2.151739000000000101e-05
-2.152484000000000041e-05
-2.153973999999999920e-05
-2.153973999999999920e-05
-2.154719999999999929e-05
-2.156210000000000147e-05
-2.156955000000000086e-05
-2.157700000000000026e-05
-2.159189999999999905e-05
-2.159934999999999844e-05
-2.159934999999999844e-05
-2.161425000000000062e-05
-2.162170000000000002e-05
-2.162914999999999941e-05
-2.164405000000000159e-05
-2.165150000000000099e-05
-2.166639999999999978e-05
-2.166639999999999978e-05
-2.167385999999999987e-05
-2.168875999999999866e-05
-2.169621000000000144e-05
-2.171111000000000023e-05
-2.171855999999999963e-05
-2.172600999999999902e-05
-2.173345999999999842e-05
-2.174091000000000120e-05
-2.175580999999999999e-05
-2.177070999999999878e-05
-2.177816000000000157e-05
-2.179306000000000036e-05
-2.179306000000000036e-05
-2.180796999999999985e-05
-2.181541999999999924e-05
-2.183032000000000142e-05
-2.183777000000000081e-05
-2.185266999999999960e-05
-2.185266999999999960e-05
-2.186756999999999839e-05
-2.188247000000000057e-05
-2.188991999999999997e-05
-2.190481999999999876e-05
-2.191227000000000154e-05
-2.191972000000000094e-05
-2.193463000000000042e-05
-2.194207999999999982e-05
-2.195697999999999861e-05
-2.196443000000000139e-05
-2.197933000000000018e-05
-2.198677999999999958e-05
-2.199422999999999897e-05
-2.200913000000000115e-05
-2.201658000000000055e-05
-2.203147999999999934e-05
-2.204638000000000151e-05
-2.204638000000000151e-05
-2.206129000000000100e-05
-2.206874000000000040e-05
-2.208363999999999919e-05
-2.209108999999999858e-05
-2.210599000000000076e-05
-2.211344000000000016e-05
-2.212088999999999955e-05
-2.213578999999999834e-05
-2.214324000000000113e-05
-2.215813999999999992e-05
-2.216558999999999931e-05
-2.217303999999999871e-05
-2.218795000000000158e-05
-2.219540000000000098e-05
-2.221029999999999977e-05
-2.222519999999999856e-05
-2.223265000000000134e-05
-2.224010000000000074e-05
-2.224755000000000013e-05
-2.226244999999999892e-05
-2.226989999999999832e-05
-2.228480000000000050e-05
-2.229969999999999929e-05
-2.229969999999999929e-05
-2.231460999999999878e-05
-2.232206000000000156e-05
-2.233696000000000035e-05
-2.234440999999999974e-05
-2.235930999999999853e-05
-2.235930999999999853e-05
-2.237421000000000071e-05
-2.238166000000000011e-05
-2.239655999999999890e-05
-2.240401000000000168e-05
-2.241891000000000047e-05
-2.242635999999999987e-05
-2.243380999999999926e-05
-2.244126999999999936e-05
-2.245617000000000153e-05
-2.246362000000000093e-05
-2.247107000000000032e-05
-2.248596999999999911e-05
-2.248596999999999911e-05
-2.250087000000000129e-05
-2.250832000000000069e-05
-2.251577000000000008e-05
-2.253066999999999887e-05
-2.253812000000000166e-05
-2.254557000000000105e-05
-2.255302000000000045e-05
-2.256046999999999984e-05
-2.256792999999999993e-05
-2.258282999999999872e-05
-2.259028000000000151e-05
-2.259773000000000090e-05
-2.260518000000000030e-05
-2.261262999999999969e-05
-2.262007999999999909e-05
-2.262752999999999848e-05
-2.264243000000000066e-05
-2.264988000000000006e-05
-2.265732999999999945e-05
-2.267223000000000163e-05
-2.267968000000000102e-05
-2.267968000000000102e-05
-2.269457999999999981e-05
-2.270203999999999991e-05
-2.270948999999999930e-05
-2.271693999999999870e-05
-2.273184000000000088e-05
-2.273929000000000027e-05
-2.273929000000000027e-05
-2.274673999999999967e-05
-2.276163999999999846e-05
-2.276909000000000124e-05
-2.277654000000000064e-05
-2.279143999999999943e-05
-2.279888999999999882e-05
-2.280634000000000160e-05
-2.281379000000000100e-05
-2.282124000000000039e-05
-2.283614999999999988e-05
-2.284359999999999928e-05
-2.285850000000000146e-05
-2.286595000000000085e-05
-2.286595000000000085e-05
-2.288084999999999964e-05
-2.288829999999999904e-05
-2.290320000000000122e-05
-2.291065000000000061e-05
-2.292554999999999940e-05
-2.293299999999999880e-05
-2.294045000000000158e-05
-2.294790000000000097e-05
-2.296281000000000046e-05
-2.297025999999999986e-05
-2.298515999999999865e-05
-2.299261000000000143e-05
-2.300006000000000083e-05
-2.300751000000000022e-05
-2.302240999999999901e-05
-2.303731000000000119e-05
-2.304476000000000059e-05
-2.305965999999999938e-05
-2.305965999999999938e-05
-2.307456000000000155e-05
-2.308947000000000104e-05
-2.309692000000000044e-05
-2.311181999999999923e-05
-2.311926999999999862e-05
-2.312672000000000141e-05
-2.313417000000000080e-05
-2.314906999999999959e-05
-2.316396999999999838e-05
-2.317142000000000117e-05
-2.318631999999999996e-05
-2.318631999999999996e-05
-2.320121999999999875e-05
-2.320867000000000153e-05
-2.322358000000000102e-05
-2.323103000000000041e-05
-2.324592999999999920e-05
-2.324592999999999920e-05
-2.326083000000000138e-05
-2.326828000000000078e-05
-2.328317999999999957e-05
-2.329062999999999896e-05
-2.330553000000000114e-05
-2.331298000000000053e-05
-2.332042999999999993e-05
-2.332787999999999932e-05
-2.334278999999999881e-05
-2.335024000000000160e-05
-2.336514000000000039e-05
-2.337258999999999978e-05
-2.338003999999999918e-05
-2.338748999999999857e-05
-2.340239000000000075e-05
-2.340984000000000015e-05
-2.342473999999999894e-05
-2.343218999999999833e-05
-2.343964000000000111e-05
-2.344709000000000051e-05
-2.345453999999999990e-05
-2.346944999999999939e-05
-2.347689999999999879e-05
-2.348435000000000157e-05
-2.349925000000000036e-05
-2.349925000000000036e-05
-2.350669999999999976e-05
-2.352159999999999855e-05
-2.352905000000000133e-05
-2.353650000000000073e-05
-2.355139999999999952e-05
-2.355884999999999891e-05
-2.356629999999999831e-05
-2.357375000000000109e-05
-2.358120000000000048e-05
-2.358864999999999988e-05
-2.360355999999999937e-05
-2.361100999999999876e-05
-2.361846000000000155e-05
-2.362591000000000094e-05
-2.363336000000000034e-05
-2.364080999999999973e-05
-2.364825999999999913e-05
-2.366316000000000131e-05
-2.367061000000000070e-05
-2.367806000000000010e-05
-2.368550999999999949e-05
-2.369295999999999889e-05
-2.370041000000000167e-05
-2.370786000000000106e-05
-2.371531000000000046e-05
-2.373021999999999995e-05
-2.373766999999999934e-05
-2.374511999999999874e-05
-2.375257000000000152e-05
-2.375257000000000152e-05
-2.376002000000000092e-05
-2.376747000000000031e-05
-2.377491999999999971e-05
-2.378981999999999850e-05
-2.378981999999999850e-05
-2.379727000000000128e-05
-2.380472000000000068e-05
-2.381217000000000007e-05
-2.381961999999999947e-05
-2.381961999999999947e-05
-2.382706999999999886e-05
-2.383452000000000164e-05
-2.384197000000000104e-05
-2.384197000000000104e-05
-2.384942000000000043e-05
-2.385688000000000053e-05
-2.386432999999999992e-05
-2.386432999999999992e-05
-2.387177999999999932e-05
-2.387922999999999871e-05
-2.387922999999999871e-05
-2.387922999999999871e-05
-2.388668000000000150e-05
-2.388668000000000150e-05
-2.389413000000000089e-05
-2.390158000000000029e-05
-2.390158000000000029e-05
-2.390902999999999968e-05
-2.391647999999999908e-05
-2.391647999999999908e-05
-2.392392999999999847e-05
-2.393138000000000125e-05
-2.393883000000000065e-05
-2.393883000000000065e-05
-2.394628000000000004e-05
-2.394628000000000004e-05
-2.395372999999999944e-05
-2.395372999999999944e-05
-2.396117999999999884e-05
-2.396863000000000162e-05
-2.397608000000000101e-05
-2.397608000000000101e-05
-2.398354000000000111e-05
-2.399099000000000050e-05
-2.399843999999999990e-05
-2.400588999999999929e-05
-2.400588999999999929e-05
-2.400588999999999929e-05
-2.401333999999999869e-05
-2.402079000000000147e-05
-2.402824000000000087e-05
-2.403569000000000026e-05
-2.403569000000000026e-05
-2.404313999999999966e-05
-2.405058999999999905e-05
-2.405803999999999845e-05
-2.406549000000000123e-05
-2.407294000000000062e-05
-2.407294000000000062e-05
-2.407294000000000062e-05
-2.408039000000000002e-05
-2.408783999999999941e-05
-2.409528999999999881e-05
-2.409528999999999881e-05
-2.410274000000000159e-05
-2.411020000000000169e-05
-2.411765000000000108e-05
-2.411765000000000108e-05
-2.412510000000000048e-05
-2.413254999999999987e-05
-2.413254999999999987e-05
-2.413999999999999927e-05
-2.413999999999999927e-05
-2.414744999999999866e-05
-2.415490000000000145e-05
-2.416235000000000084e-05
-2.416235000000000084e-05
-2.416980000000000024e-05
-2.417724999999999963e-05
-2.418469999999999903e-05
-2.418469999999999903e-05
-2.419214999999999842e-05
-2.419960000000000120e-05
-2.419960000000000120e-05
-2.420705000000000060e-05
-2.420705000000000060e-05
-2.421449999999999999e-05
-2.422194999999999939e-05
-2.422939999999999878e-05
-2.423685999999999888e-05
-2.423685999999999888e-05
-2.424431000000000166e-05
-2.425176000000000106e-05
-2.425921000000000045e-05
-2.425921000000000045e-05
-2.425921000000000045e-05
-2.426665999999999985e-05
-2.427410999999999924e-05
-2.428155999999999864e-05
-2.428155999999999864e-05
-2.428901000000000142e-05
-2.429646000000000082e-05
-2.429646000000000082e-05
-2.430391000000000021e-05
-2.431135999999999961e-05
-2.431135999999999961e-05
-2.431880999999999900e-05
-2.432625999999999840e-05
-2.432625999999999840e-05
-2.432625999999999840e-05
-2.433371000000000118e-05
-2.433371000000000118e-05
-2.434116000000000057e-05
-2.434860999999999997e-05
-2.434860999999999997e-05
-2.435605999999999936e-05
-2.435605999999999936e-05
-2.436350999999999876e-05
-2.436350999999999876e-05
-2.437096999999999885e-05
-2.437842000000000164e-05
-2.437842000000000164e-05
-2.438587000000000103e-05
-2.438587000000000103e-05
-2.438587000000000103e-05
-2.439332000000000043e-05
-2.439332000000000043e-05
-2.440076999999999982e-05
-2.440076999999999982e-05
-2.440821999999999922e-05
-2.440821999999999922e-05
-2.441566999999999861e-05
-2.442312000000000140e-05
-2.442312000000000140e-05
-2.443057000000000079e-05
-2.443057000000000079e-05
-2.443802000000000019e-05
-2.443802000000000019e-05
-2.444546999999999958e-05
-2.444546999999999958e-05
-2.445291999999999898e-05
-2.445291999999999898e-05
-2.445291999999999898e-05
-2.446036999999999837e-05
-2.446036999999999837e-05
-2.446782000000000115e-05
-2.446782000000000115e-05
-2.447527000000000055e-05
-2.447527000000000055e-05
-2.448271999999999994e-05
-2.448271999999999994e-05
-2.449016999999999934e-05
-2.449762999999999943e-05
-2.449762999999999943e-05
-2.450507999999999883e-05
-2.450507999999999883e-05
-2.451253000000000161e-05
-2.451253000000000161e-05
-2.451998000000000101e-05
-2.451998000000000101e-05
-2.452743000000000040e-05
-2.453487999999999980e-05
-2.453487999999999980e-05
-2.454232999999999919e-05
-2.454977999999999859e-05
-2.455723000000000137e-05
-2.455723000000000137e-05
-2.456468000000000076e-05
-2.457213000000000016e-05
-2.457957999999999955e-05
-2.457957999999999955e-05
-2.457957999999999955e-05
-2.458702999999999895e-05
-2.459447999999999835e-05
-2.459447999999999835e-05
-2.460193000000000113e-05
-2.460938000000000052e-05
-2.460938000000000052e-05
-2.461682999999999992e-05
-2.461682999999999992e-05
-2.462429000000000001e-05
-2.463173999999999941e-05
-2.463173999999999941e-05
-2.463918999999999880e-05
-2.463918999999999880e-05
-2.463918999999999880e-05
-2.463918999999999880e-05
-2.464664000000000159e-05
-2.464664000000000159e-05
-2.465409000000000098e-05
-2.465409000000000098e-05
-2.465409000000000098e-05
-2.466154000000000038e-05
-2.466154000000000038e-05
-2.466154000000000038e-05
-2.466898999999999977e-05
-2.466898999999999977e-05
-2.466898999999999977e-05
-2.467643999999999917e-05
-2.467643999999999917e-05
-2.468388999999999856e-05
-2.468388999999999856e-05
-2.468388999999999856e-05
-2.468388999999999856e-05
-2.469134000000000134e-05
-2.469134000000000134e-05
-2.469134000000000134e-05
-2.469879000000000074e-05
-2.469879000000000074e-05
-2.469879000000000074e-05
-2.470624000000000013e-05
-2.470624000000000013e-05
-2.470624000000000013e-05
-2.470624000000000013e-05
-2.470624000000000013e-05
-2.470624000000000013e-05
-2.470624000000000013e-05
-2.470624000000000013e-05
-2.471368999999999953e-05
-2.471368999999999953e-05
-2.471368999999999953e-05
-2.471368999999999953e-05
-2.472113999999999892e-05
-2.472113999999999892e-05
-2.472113999999999892e-05
-2.472858999999999832e-05
-2.472858999999999832e-05
-2.472858999999999832e-05
-2.473604000000000110e-05
-2.473604000000000110e-05
-2.473604000000000110e-05
-2.473604000000000110e-05
-2.474349000000000050e-05
-2.474349000000000050e-05
-2.474349000000000050e-05
-2.475095000000000059e-05
-2.475095000000000059e-05
-2.475095000000000059e-05
-2.475095000000000059e-05
-2.475095000000000059e-05
-2.475839999999999999e-05
-2.475839999999999999e-05
-2.475839999999999999e-05
-2.475839999999999999e-05
-2.475839999999999999e-05
-2.475839999999999999e-05
-2.476584999999999938e-05
-2.476584999999999938e-05
-2.476584999999999938e-05
-2.476584999999999938e-05
-2.476584999999999938e-05
-2.476584999999999938e-05
-2.476584999999999938e-05
-2.476584999999999938e-05
-2.476584999999999938e-05
-2.476584999999999938e-05
-2.476584999999999938e-05
-2.476584999999999938e-05
-2.476584999999999938e-05
-2.476584999999999938e-05
-2.476584999999999938e-05
-2.476584999999999938e-05
-2.476584999999999938e-05
-2.476584999999999938e-05
-2.476584999999999938e-05
-2.476584999999999938e-05
-2.476584999999999938e-05
-2.476584999999999938e-05
-2.476584999999999938e-05
-2.476584999999999938e-05
-2.476584999999999938e-05
-2.476584999999999938e-05
-2.476584999999999938e-05
-2.476584999999999938e-05
-2.476584999999999938e-05
-2.476584999999999938e-05
-2.476584999999999938e-05
-2.476584999999999938e-05
-2.476584999999999938e-05
-2.476584999999999938e-05
-2.476584999999999938e-05
-2.476584999999999938e-05
-2.477329999999999878e-05
-2.477329999999999878e-05
-2.477329999999999878e-05
-2.478075000000000156e-05
-2.478075000000000156e-05
-2.478075000000000156e-05
-2.478820000000000096e-05
-2.478820000000000096e-05
-2.479565000000000035e-05
-2.479565000000000035e-05
-2.479565000000000035e-05
-2.480309999999999975e-05
-2.480309999999999975e-05
-2.481054999999999914e-05
-2.481054999999999914e-05
-2.481799999999999854e-05
-2.481799999999999854e-05
-2.482545000000000132e-05
-2.482545000000000132e-05
-2.482545000000000132e-05
-2.483290000000000071e-05
-2.483290000000000071e-05
-2.483290000000000071e-05
-2.483290000000000071e-05
-2.484035000000000011e-05
-2.484035000000000011e-05
-2.484035000000000011e-05
-2.484779999999999950e-05
-2.484779999999999950e-05
-2.484779999999999950e-05
-2.485524999999999890e-05
-2.485524999999999890e-05
-2.485524999999999890e-05
-2.485524999999999890e-05
-2.486270000000000168e-05
-2.486270000000000168e-05
-2.486270000000000168e-05
-2.487015000000000108e-05
-2.487015000000000108e-05
-2.487015000000000108e-05
-2.487015000000000108e-05
-2.487015000000000108e-05
-2.487015000000000108e-05
-2.487761000000000117e-05
-2.487761000000000117e-05
-2.487761000000000117e-05
-2.487761000000000117e-05
-2.487761000000000117e-05
-2.487761000000000117e-05
-2.487761000000000117e-05
-2.487761000000000117e-05
-2.487761000000000117e-05
-2.487761000000000117e-05
-2.487761000000000117e-05
-2.487761000000000117e-05
-2.487761000000000117e-05
-2.487761000000000117e-05
-2.487761000000000117e-05
-2.487761000000000117e-05
-2.487761000000000117e-05
-2.487761000000000117e-05
-2.488506000000000057e-05
-2.488506000000000057e-05
-2.488506000000000057e-05
-2.488506000000000057e-05
-2.488506000000000057e-05
-2.488506000000000057e-05
-2.488506000000000057e-05
-2.488506000000000057e-05
-2.488506000000000057e-05
-2.488506000000000057e-05
-2.488506000000000057e-05
-2.489250999999999996e-05
-2.489250999999999996e-05
-2.489250999999999996e-05
-2.489250999999999996e-05
-2.489250999999999996e-05
-2.489250999999999996e-05
-2.489250999999999996e-05
-2.489250999999999996e-05
-2.489250999999999996e-05
-2.489250999999999996e-05
-2.489250999999999996e-05
-2.489250999999999996e-05
-2.489250999999999996e-05
-2.489995999999999936e-05
-2.489995999999999936e-05
-2.489995999999999936e-05
-2.489995999999999936e-05
-2.489995999999999936e-05
-2.489995999999999936e-05
-2.490740999999999875e-05
-2.490740999999999875e-05
-2.490740999999999875e-05
-2.490740999999999875e-05
-2.491486000000000154e-05
-2.491486000000000154e-05
-2.491486000000000154e-05
-2.491486000000000154e-05
-2.491486000000000154e-05
-2.492231000000000093e-05
-2.492231000000000093e-05
-2.492231000000000093e-05
-2.492231000000000093e-05
-2.492231000000000093e-05
-2.492231000000000093e-05
-2.492231000000000093e-05
-2.492231000000000093e-05
-2.492231000000000093e-05
-2.492231000000000093e-05
-2.492231000000000093e-05
-2.492231000000000093e-05
-2.492231000000000093e-05
-2.492231000000000093e-05
-2.492231000000000093e-05
-2.492231000000000093e-05
-2.492231000000000093e-05
-2.492231000000000093e-05
-2.492231000000000093e-05
-2.491486000000000154e-05
-2.491486000000000154e-05
-2.491486000000000154e-05
-2.491486000000000154e-05
-2.490740999999999875e-05
-2.490740999999999875e-05
-2.490740999999999875e-05
-2.489995999999999936e-05
-2.489995999999999936e-05
-2.489995999999999936e-05
-2.489995999999999936e-05
-2.489250999999999996e-05
-2.489250999999999996e-05
-2.489250999999999996e-05
-2.489250999999999996e-05
-2.489250999999999996e-05
-2.489250999999999996e-05
-2.489250999999999996e-05
-2.489250999999999996e-05
-2.488506000000000057e-05
-2.488506000000000057e-05
-2.488506000000000057e-05
-2.487761000000000117e-05
-2.487761000000000117e-05
-2.487761000000000117e-05
-2.487761000000000117e-05
-2.487015000000000108e-05
-2.487015000000000108e-05
-2.487015000000000108e-05
-2.487015000000000108e-05
-2.486270000000000168e-05
-2.486270000000000168e-05
-2.486270000000000168e-05
-2.485524999999999890e-05
-2.485524999999999890e-05
-2.485524999999999890e-05
-2.484779999999999950e-05
-2.484779999999999950e-05
-2.484779999999999950e-05
-2.484779999999999950e-05
-2.484035000000000011e-05
-2.484035000000000011e-05
-2.483290000000000071e-05
-2.483290000000000071e-05
-2.483290000000000071e-05
-2.483290000000000071e-05
-2.483290000000000071e-05
-2.482545000000000132e-05
-2.482545000000000132e-05
-2.482545000000000132e-05
-2.481799999999999854e-05
-2.481054999999999914e-05
-2.481054999999999914e-05
-2.480309999999999975e-05
-2.480309999999999975e-05
-2.480309999999999975e-05
-2.479565000000000035e-05
-2.479565000000000035e-05
-2.478820000000000096e-05
-2.478075000000000156e-05
-2.478075000000000156e-05
-2.477329999999999878e-05
-2.477329999999999878e-05
-2.476584999999999938e-05
-2.476584999999999938e-05
-2.476584999999999938e-05
-2.476584999999999938e-05
-2.475839999999999999e-05
-2.475839999999999999e-05
-2.475095000000000059e-05
-2.475095000000000059e-05
-2.474349000000000050e-05
-2.473604000000000110e-05
-2.473604000000000110e-05
-2.472858999999999832e-05
-2.472858999999999832e-05
-2.472113999999999892e-05
-2.472113999999999892e-05
-2.471368999999999953e-05
-2.471368999999999953e-05
-2.470624000000000013e-05
-2.470624000000000013e-05
-2.470624000000000013e-05
-2.470624000000000013e-05
-2.469879000000000074e-05
-2.469879000000000074e-05
-2.469134000000000134e-05
-2.469134000000000134e-05
-2.468388999999999856e-05
-2.468388999999999856e-05
-2.467643999999999917e-05
-2.467643999999999917e-05
-2.466898999999999977e-05
-2.466898999999999977e-05
-2.466154000000000038e-05
-2.466154000000000038e-05
-2.465409000000000098e-05
-2.465409000000000098e-05
-2.464664000000000159e-05
-2.463918999999999880e-05
-2.463918999999999880e-05
-2.463918999999999880e-05
-2.463918999999999880e-05
-2.463173999999999941e-05
-2.462429000000000001e-05
-2.462429000000000001e-05
-2.461682999999999992e-05
-2.461682999999999992e-05
-2.460938000000000052e-05
-2.460938000000000052e-05
-2.460193000000000113e-05
-2.459447999999999835e-05
-2.459447999999999835e-05
-2.458702999999999895e-05
-2.457957999999999955e-05
-2.457957999999999955e-05
-2.457957999999999955e-05
-2.457213000000000016e-05
-2.457213000000000016e-05
-2.456468000000000076e-05
-2.456468000000000076e-05
-2.455723000000000137e-05
-2.454977999999999859e-05
-2.454977999999999859e-05
-2.454232999999999919e-05
-2.454232999999999919e-05
-2.453487999999999980e-05
-2.452743000000000040e-05
-2.452743000000000040e-05
-2.451998000000000101e-05
-2.451998000000000101e-05
-2.451253000000000161e-05
-2.451253000000000161e-05
-2.451253000000000161e-05
-2.451253000000000161e-05
-2.450507999999999883e-05
-2.450507999999999883e-05
-2.450507999999999883e-05
-2.449762999999999943e-05
-2.449762999999999943e-05
-2.449016999999999934e-05
-2.449016999999999934e-05
-2.448271999999999994e-05
-2.448271999999999994e-05
-2.448271999999999994e-05
-2.447527000000000055e-05
-2.447527000000000055e-05
-2.447527000000000055e-05
-2.447527000000000055e-05
-2.446782000000000115e-05
-2.446782000000000115e-05
-2.446782000000000115e-05
-2.446036999999999837e-05
-2.446036999999999837e-05
-2.446036999999999837e-05
-2.445291999999999898e-05
-2.445291999999999898e-05
-2.445291999999999898e-05
-2.445291999999999898e-05
-2.445291999999999898e-05
-2.445291999999999898e-05
-2.445291999999999898e-05
-2.444546999999999958e-05
-2.444546999999999958e-05
-2.444546999999999958e-05
-2.443802000000000019e-05
-2.443802000000000019e-05
-2.443802000000000019e-05
-2.443057000000000079e-05
-2.443057000000000079e-05
-2.443057000000000079e-05
-2.443057000000000079e-05
-2.442312000000000140e-05
-2.442312000000000140e-05
-2.442312000000000140e-05
-2.441566999999999861e-05
-2.441566999999999861e-05
-2.441566999999999861e-05
-2.441566999999999861e-05
-2.440821999999999922e-05
-2.440821999999999922e-05
-2.440821999999999922e-05
-2.440821999999999922e-05
-2.440821999999999922e-05
-2.440076999999999982e-05
-2.440076999999999982e-05
-2.440076999999999982e-05
-2.440076999999999982e-05
-2.440076999999999982e-05
-2.440076999999999982e-05
-2.440076999999999982e-05
-2.440076999999999982e-05
-2.439332000000000043e-05
-2.439332000000000043e-05
-2.439332000000000043e-05
-2.439332000000000043e-05
-2.439332000000000043e-05
-2.439332000000000043e-05
-2.439332000000000043e-05
-2.439332000000000043e-05
-2.439332000000000043e-05
-2.439332000000000043e-05
-2.439332000000000043e-05
-2.439332000000000043e-05
-2.439332000000000043e-05
-2.439332000000000043e-05
-2.439332000000000043e-05
-2.439332000000000043e-05
-2.439332000000000043e-05
-2.439332000000000043e-05
-2.439332000000000043e-05
-2.440076999999999982e-05
-2.440076999999999982e-05
-2.440076999999999982e-05
-2.440076999999999982e-05
-2.440076999999999982e-05
-2.440076999999999982e-05
-2.440076999999999982e-05
-2.440076999999999982e-05
-2.440076999999999982e-05
-2.440076999999999982e-05
-2.440076999999999982e-05
-2.440076999999999982e-05
-2.440076999999999982e-05
-2.440076999999999982e-05
-2.440076999999999982e-05
-2.440076999999999982e-05
-2.440076999999999982e-05
-2.440076999999999982e-05
-2.440076999999999982e-05
-2.440076999999999982e-05
-2.440076999999999982e-05
-2.440076999999999982e-05
-2.440076999999999982e-05
-2.440076999999999982e-05
-2.440076999999999982e-05
-2.440076999999999982e-05
-2.440076999999999982e-05
-2.440076999999999982e-05
-2.440076999999999982e-05
-2.440076999999999982e-05
-2.440076999999999982e-05
-2.440076999999999982e-05
-2.440076999999999982e-05
-2.440076999999999982e-05
-2.440076999999999982e-05
-2.440076999999999982e-05
-2.440076999999999982e-05
-2.440076999999999982e-05
-2.440076999999999982e-05
-2.440076999999999982e-05
-2.440076999999999982e-05
-2.440076999999999982e-05
-2.440076999999999982e-05
-2.440076999999999982e-05
-2.440076999999999982e-05
-2.440076999999999982e-05
-2.439332000000000043e-05
-2.439332000000000043e-05
-2.439332000000000043e-05
-2.439332000000000043e-05
-2.439332000000000043e-05
-2.439332000000000043e-05
-2.439332000000000043e-05
-2.439332000000000043e-05
-2.439332000000000043e-05
-2.439332000000000043e-05
-2.438587000000000103e-05
-2.438587000000000103e-05
-2.438587000000000103e-05
-2.438587000000000103e-05
-2.438587000000000103e-05
-2.438587000000000103e-05
-2.438587000000000103e-05
-2.438587000000000103e-05
-2.438587000000000103e-05
-2.438587000000000103e-05
-2.438587000000000103e-05
-2.437842000000000164e-05
-2.437842000000000164e-05
-2.437842000000000164e-05
-2.437842000000000164e-05
-2.437842000000000164e-05
-2.437842000000000164e-05
-2.437842000000000164e-05
-2.437842000000000164e-05
-2.437096999999999885e-05
-2.437096999999999885e-05
-2.437096999999999885e-05
-2.437096999999999885e-05
-2.437096999999999885e-05
-2.437096999999999885e-05
-2.437096999999999885e-05
-2.437096999999999885e-05
-2.437096999999999885e-05
-2.437096999999999885e-05
-2.437096999999999885e-05
-2.437096999999999885e-05
-2.437096999999999885e-05
-2.437096999999999885e-05
-2.437096999999999885e-05
-2.437096999999999885e-05
-2.437096999999999885e-05
-2.437096999999999885e-05
-2.437096999999999885e-05
-2.437096999999999885e-05
-2.437096999999999885e-05
-2.437842000000000164e-05
-2.437842000000000164e-05
-2.437842000000000164e-05
-2.437842000000000164e-05
-2.437842000000000164e-05
-2.437842000000000164e-05
-2.437842000000000164e-05
-2.437842000000000164e-05
-2.437842000000000164e-05
-2.437842000000000164e-05
-2.437842000000000164e-05
-2.437842000000000164e-05
-2.437842000000000164e-05
-2.437842000000000164e-05
-2.437842000000000164e-05
-2.437842000000000164e-05
-2.437842000000000164e-05
-2.437842000000000164e-05
-2.437842000000000164e-05
-2.437842000000000164e-05
-2.437096999999999885e-05
-2.437096999999999885e-05
-2.437096999999999885e-05
-2.437096999999999885e-05
-2.437096999999999885e-05
-2.437096999999999885e-05
-2.437096999999999885e-05
-2.437096999999999885e-05
-2.436350999999999876e-05
-2.436350999999999876e-05
-2.436350999999999876e-05
-2.436350999999999876e-05
-2.436350999999999876e-05
-2.436350999999999876e-05
-2.436350999999999876e-05
-2.435605999999999936e-05
-2.435605999999999936e-05
-2.435605999999999936e-05
-2.435605999999999936e-05
-2.435605999999999936e-05
-2.435605999999999936e-05
-2.434860999999999997e-05
-2.434860999999999997e-05
-2.434860999999999997e-05
-2.434860999999999997e-05
-2.434860999999999997e-05
-2.434116000000000057e-05
-2.434116000000000057e-05
-2.434116000000000057e-05
-2.434116000000000057e-05
-2.434116000000000057e-05
-2.433371000000000118e-05
-2.433371000000000118e-05
-2.433371000000000118e-05
-2.433371000000000118e-05
-2.433371000000000118e-05
-2.433371000000000118e-05
-2.432625999999999840e-05
-2.432625999999999840e-05
-2.432625999999999840e-05
-2.432625999999999840e-05
-2.432625999999999840e-05
-2.432625999999999840e-05
-2.432625999999999840e-05
-2.432625999999999840e-05
-2.432625999999999840e-05
-2.432625999999999840e-05
-2.432625999999999840e-05
-2.431880999999999900e-05
-2.431880999999999900e-05
-2.431880999999999900e-05
-2.431880999999999900e-05
-2.431880999999999900e-05
-2.431880999999999900e-05
-2.431880999999999900e-05
-2.431135999999999961e-05
-2.431135999999999961e-05
-2.431135999999999961e-05
-2.431135999999999961e-05
-2.431135999999999961e-05
-2.431135999999999961e-05
-2.430391000000000021e-05
-2.430391000000000021e-05
-2.430391000000000021e-05
-2.430391000000000021e-05
-2.430391000000000021e-05
-2.429646000000000082e-05
-2.429646000000000082e-05
-2.429646000000000082e-05
-2.428901000000000142e-05
-2.428901000000000142e-05
-2.428901000000000142e-05
-2.428901000000000142e-05
-2.428155999999999864e-05
-2.428155999999999864e-05
-2.428155999999999864e-05
-2.427410999999999924e-05
-2.427410999999999924e-05
-2.427410999999999924e-05
-2.426665999999999985e-05
-2.426665999999999985e-05
-2.426665999999999985e-05
-2.425921000000000045e-05
-2.425921000000000045e-05
-2.425921000000000045e-05
-2.425921000000000045e-05
-2.425921000000000045e-05
-2.425921000000000045e-05
-2.425176000000000106e-05
-2.425176000000000106e-05
-2.424431000000000166e-05
-2.424431000000000166e-05
-2.424431000000000166e-05
-2.423685999999999888e-05
-2.423685999999999888e-05
-2.423685999999999888e-05
-2.422939999999999878e-05
-2.422939999999999878e-05
-2.422939999999999878e-05
-2.422194999999999939e-05
-2.422194999999999939e-05
-2.422194999999999939e-05
-2.421449999999999999e-05
-2.421449999999999999e-05
-2.421449999999999999e-05
-2.421449999999999999e-05
-2.420705000000000060e-05
-2.420705000000000060e-05
-2.420705000000000060e-05
-2.420705000000000060e-05
-2.419960000000000120e-05
-2.419960000000000120e-05
-2.419960000000000120e-05
-2.419960000000000120e-05
-2.419960000000000120e-05
-2.419960000000000120e-05
-2.419214999999999842e-05
-2.419214999999999842e-05
-2.419214999999999842e-05
-2.418469999999999903e-05
-2.418469999999999903e-05
-2.417724999999999963e-05
-2.417724999999999963e-05
-2.417724999999999963e-05
-2.416980000000000024e-05
-2.416980000000000024e-05
-2.416235000000000084e-05
-2.416235000000000084e-05
-2.415490000000000145e-05
-2.415490000000000145e-05
-2.414744999999999866e-05
-2.414744999999999866e-05
-2.413999999999999927e-05
-2.413999999999999927e-05
-2.413254999999999987e-05
-2.413254999999999987e-05
-2.413254999999999987e-05
-2.412510000000000048e-05
-2.412510000000000048e-05
-2.411765000000000108e-05
-2.411020000000000169e-05
-2.410274000000000159e-05
-2.410274000000000159e-05
-2.409528999999999881e-05
-2.408783999999999941e-05
-2.408783999999999941e-05
-2.408039000000000002e-05
-2.407294000000000062e-05
-2.407294000000000062e-05
-2.407294000000000062e-05
-2.406549000000000123e-05
-2.405803999999999845e-05
-2.405803999999999845e-05
-2.405058999999999905e-05
-2.404313999999999966e-05
-2.403569000000000026e-05
-2.403569000000000026e-05
-2.402824000000000087e-05
-2.402079000000000147e-05
-2.402079000000000147e-05
-2.401333999999999869e-05
-2.400588999999999929e-05
-2.400588999999999929e-05
-2.400588999999999929e-05
-2.400588999999999929e-05
-2.399843999999999990e-05
-2.399099000000000050e-05
-2.399099000000000050e-05
-2.398354000000000111e-05
-2.397608000000000101e-05
-2.397608000000000101e-05
-2.396863000000000162e-05
-2.396863000000000162e-05
-2.396117999999999884e-05
-2.396117999999999884e-05
-2.395372999999999944e-05
-2.395372999999999944e-05
-2.394628000000000004e-05
-2.394628000000000004e-05
-2.394628000000000004e-05
-2.393883000000000065e-05
-2.393883000000000065e-05
-2.393138000000000125e-05
-2.393138000000000125e-05
-2.393138000000000125e-05
-2.392392999999999847e-05
-2.391647999999999908e-05
-2.391647999999999908e-05
-2.390902999999999968e-05
-2.390902999999999968e-05
-2.390902999999999968e-05
-2.390158000000000029e-05
-2.389413000000000089e-05
-2.389413000000000089e-05
-2.389413000000000089e-05
-2.388668000000000150e-05
-2.388668000000000150e-05
-2.387922999999999871e-05
-2.387922999999999871e-05
-2.387922999999999871e-05
-2.387922999999999871e-05
-2.387177999999999932e-05
-2.387177999999999932e-05
-2.386432999999999992e-05
-2.386432999999999992e-05
-2.385688000000000053e-05
-2.385688000000000053e-05
-2.384942000000000043e-05
-2.384197000000000104e-05
-2.384197000000000104e-05
-2.383452000000000164e-05
-2.383452000000000164e-05
-2.382706999999999886e-05
-2.381961999999999947e-05
-2.381961999999999947e-05
-2.381961999999999947e-05
-2.381961999999999947e-05
-2.381217000000000007e-05
-2.380472000000000068e-05
-2.379727000000000128e-05
-2.379727000000000128e-05
-2.378981999999999850e-05
-2.378236999999999910e-05
-2.377491999999999971e-05
-2.376747000000000031e-05
-2.376747000000000031e-05
-2.376002000000000092e-05
-2.375257000000000152e-05
-2.375257000000000152e-05
-2.374511999999999874e-05
-2.373766999999999934e-05
-2.373021999999999995e-05
-2.372277000000000055e-05
-2.371531000000000046e-05
-2.370786000000000106e-05
-2.370041000000000167e-05
-2.369295999999999889e-05
-2.369295999999999889e-05
-2.368550999999999949e-05
-2.367806000000000010e-05
-2.367061000000000070e-05
-2.366316000000000131e-05
-2.365570999999999852e-05
-2.364825999999999913e-05
-2.364080999999999973e-05
-2.363336000000000034e-05
-2.362591000000000094e-05
-2.361846000000000155e-05
-2.361100999999999876e-05
-2.360355999999999937e-05
-2.359610999999999997e-05
-2.358864999999999988e-05
-2.357375000000000109e-05
-2.356629999999999831e-05
-2.356629999999999831e-05
-2.355884999999999891e-05
-2.355139999999999952e-05
-2.353650000000000073e-05
-2.352905000000000133e-05
-2.352159999999999855e-05
-2.351414999999999915e-05
-2.349925000000000036e-05
-2.349925000000000036e-05
-2.349180000000000097e-05
-2.347689999999999879e-05
-2.346944999999999939e-05
-2.346198999999999930e-05
-2.345453999999999990e-05
-2.343964000000000111e-05
-2.343964000000000111e-05
-2.343218999999999833e-05
-2.341728999999999954e-05
-2.340984000000000015e-05
-2.340239000000000075e-05
-2.338748999999999857e-05
-2.338003999999999918e-05
-2.337258999999999978e-05
-2.336514000000000039e-05
-2.335024000000000160e-05
-2.334278999999999881e-05
-2.332787999999999932e-05
-2.332042999999999993e-05
-2.331298000000000053e-05
-2.330553000000000114e-05
-2.329062999999999896e-05
-2.328317999999999957e-05
-2.326828000000000078e-05
-2.325337999999999860e-05
-2.324592999999999920e-05
-2.323847999999999981e-05
-2.322358000000000102e-05
-2.320867000000000153e-05
-2.319376999999999935e-05
-2.318631999999999996e-05
-2.317887000000000056e-05
-2.316396999999999838e-05
-2.314906999999999959e-05
-2.313417000000000080e-05
-2.311926999999999862e-05
-2.311181999999999923e-05
-2.309692000000000044e-05
-2.308947000000000104e-05
-2.307456000000000155e-05
-2.305965999999999938e-05
-2.305220999999999998e-05
-2.303731000000000119e-05
-2.302240999999999901e-05
-2.300751000000000022e-05
-2.299261000000000143e-05
-2.298515999999999865e-05
-2.297025999999999986e-05
-2.295536000000000107e-05
-2.294045000000000158e-05
-2.293299999999999880e-05
-2.291810000000000001e-05
-2.290320000000000122e-05
-2.288829999999999904e-05
-2.287340000000000025e-05
-2.286595000000000085e-05
-2.285850000000000146e-05
-2.284359999999999928e-05
-2.282124000000000039e-05
-2.281379000000000100e-05
-2.280634000000000160e-05
-2.279143999999999943e-05
-2.277654000000000064e-05
-2.276163999999999846e-05
-2.274673999999999967e-05
-2.273929000000000027e-05
-2.272439000000000148e-05
-2.270948999999999930e-05
-2.269457999999999981e-05
-2.267968000000000102e-05
-2.267223000000000163e-05
-2.265732999999999945e-05
-2.264243000000000066e-05
-2.262752999999999848e-05
-2.261262999999999969e-05
-2.260518000000000030e-05
-2.259028000000000151e-05
-2.257537999999999933e-05
-2.256046999999999984e-05
-2.255302000000000045e-05
-2.253812000000000166e-05
-2.252321999999999948e-05
-2.250832000000000069e-05
-2.249341999999999851e-05
-2.248596999999999911e-05
-2.247107000000000032e-05
-2.245617000000000153e-05
-2.244126999999999936e-05
-2.242635999999999987e-05
-2.241891000000000047e-05
-2.240401000000000168e-05
-2.238910999999999950e-05
-2.237421000000000071e-05
-2.235930999999999853e-05
-2.235185999999999914e-05
-2.232951000000000095e-05
-2.231460999999999878e-05
-2.229969999999999929e-05
-2.229224999999999989e-05
-2.227735000000000110e-05
-2.226244999999999892e-05
-2.224010000000000074e-05
-2.223265000000000134e-05
-2.221774999999999916e-05
-2.220285000000000037e-05
-2.218049000000000149e-05
-2.217303999999999871e-05
-2.215813999999999992e-05
-2.213578999999999834e-05
-2.212088999999999955e-05
-2.210599000000000076e-05
-2.209108999999999858e-05
-2.207618999999999979e-05
-2.205383000000000091e-05
-2.204638000000000151e-05
-2.202402999999999994e-05
-2.200913000000000115e-05
-2.198677999999999958e-05
-2.197933000000000018e-05
-2.195697999999999861e-05
-2.194207999999999982e-05
-2.191972000000000094e-05
-2.190481999999999876e-05
-2.188991999999999997e-05
-2.186756999999999839e-05
-2.185266999999999960e-05
-2.183777000000000081e-05
-2.181541999999999924e-05
-2.180052000000000045e-05
-2.178561000000000096e-05
-2.176325999999999939e-05
-2.174836000000000060e-05
-2.172600999999999902e-05
-2.171855999999999963e-05
-2.169621000000000144e-05
-2.167385999999999987e-05
-2.166639999999999978e-05
-2.164405000000000159e-05
-2.162170000000000002e-05
-2.160680000000000123e-05
-2.159189999999999905e-05
-2.156955000000000086e-05
-2.155464999999999869e-05
-2.153973999999999920e-05
-2.152484000000000041e-05
-2.150248999999999883e-05
-2.148014000000000065e-05
-2.146523999999999847e-05
-2.145033999999999968e-05
-2.142799000000000149e-05
-2.141308999999999932e-05
-2.139817999999999983e-05
-2.137583000000000164e-05
-2.135348000000000007e-05
-2.134603000000000067e-05
-2.132367999999999910e-05
-2.130133000000000091e-05
-2.128642999999999874e-05
-2.127151999999999925e-05
-2.124917000000000106e-05
-2.122681999999999949e-05
-2.121192000000000070e-05
-2.118956999999999913e-05
-2.117467000000000034e-05
-2.115977000000000155e-05
-2.113740999999999927e-05
-2.111506000000000109e-05
-2.109270999999999951e-05
-2.107781000000000072e-05
-2.106290999999999855e-05
-2.104056000000000036e-05
-2.102565000000000087e-05
-2.100329999999999930e-05
-2.098095000000000111e-05
-2.096604999999999893e-05
-2.094370000000000075e-05
-2.092879999999999857e-05
-2.090645000000000039e-05
-2.089154000000000090e-05
-2.086918999999999932e-05
-2.084684000000000114e-05
-2.083938999999999835e-05
-2.081704000000000017e-05
-2.079468999999999860e-05
-2.077978999999999981e-05
-2.075743000000000092e-05
-2.074252999999999874e-05
-2.072018000000000056e-05
-2.070527999999999838e-05
-2.068293000000000019e-05
-2.066057999999999862e-05
-2.064567999999999983e-05
-2.063077000000000034e-05
-2.060841999999999877e-05
-2.058607000000000058e-05
-2.057116999999999841e-05
-2.054882000000000022e-05
-2.052646999999999865e-05
-2.051901999999999925e-05
-2.049666000000000037e-05
-2.047430999999999879e-05
-2.045941000000000000e-05
-2.043705999999999843e-05
-2.041471000000000025e-05
-2.039981000000000146e-05
-2.038489999999999858e-05
-2.036255000000000039e-05
-2.034019999999999882e-05
-2.032530000000000003e-05
-2.030294999999999846e-05
-2.028060000000000027e-05
-2.026570000000000148e-05
-2.024333999999999921e-05
-2.022099000000000102e-05
-2.020608999999999884e-05
-2.018374000000000066e-05
-2.016138999999999909e-05
-2.014649000000000030e-05
-2.012413000000000141e-05
-2.010177999999999984e-05
-2.007943000000000165e-05
-2.006452999999999947e-05
-2.004218000000000129e-05
-2.001982999999999972e-05
-2.000493000000000093e-05
-1.998256999999999865e-05
-1.996022000000000047e-05
-1.994532000000000168e-05
-1.993041999999999950e-05
-1.990807000000000132e-05
-1.989316999999999914e-05
-1.987081000000000025e-05
-1.984845999999999868e-05
-1.982611000000000049e-05
-1.981120999999999832e-05
-1.978886000000000013e-05
-1.977396000000000134e-05
-1.975905999999999916e-05
-1.973670000000000028e-05
-1.971434999999999870e-05
-1.969944999999999991e-05
-1.967709999999999834e-05
-1.966219999999999955e-05
-1.963985000000000137e-05
-1.962494999999999919e-05
-1.960259000000000030e-05
-1.958023999999999873e-05
-1.957278999999999933e-05
-1.955044000000000115e-05
-1.952808999999999958e-05
-1.951319000000000079e-05
-1.949828999999999861e-05
-1.947592999999999972e-05
-1.945358000000000154e-05
-1.944612999999999875e-05
-1.942378000000000057e-05
-1.940142999999999900e-05
-1.938653000000000021e-05
-1.936417999999999863e-05
-1.934926999999999914e-05
-1.932692000000000096e-05
-1.931201999999999878e-05
-1.929711999999999999e-05
-1.927476999999999842e-05
-1.925986999999999963e-05
-1.923752000000000144e-05
-1.922260999999999856e-05
-1.920026000000000038e-05
-1.918536000000000159e-05
-1.916301000000000002e-05
-1.914811000000000123e-05
-1.913320999999999905e-05
-1.911086000000000086e-05
-1.908849999999999859e-05
-1.907359999999999980e-05
-1.905870000000000101e-05
-1.903634999999999944e-05
-1.901400000000000125e-05
-1.900654999999999847e-05
-1.898420000000000028e-05
-1.896184000000000140e-05
-1.893948999999999982e-05
-1.893204000000000043e-05
-1.890968999999999886e-05
-1.888734000000000067e-05
-1.887243999999999849e-05
-1.885009000000000031e-05
-1.883518000000000082e-05
-1.881282999999999924e-05
-1.879793000000000045e-05
-1.877557999999999888e-05
-1.875323000000000070e-05
-1.873832999999999852e-05
-1.872342999999999973e-05
-1.870107000000000084e-05
-1.868616999999999867e-05
-1.866382000000000048e-05
-1.864146999999999891e-05
-1.862657000000000012e-05
-1.861167000000000133e-05
-1.858931999999999975e-05
-1.856696000000000087e-05
-1.855205999999999869e-05
-1.852971000000000051e-05
-1.850735999999999893e-05
-1.849990999999999954e-05
-1.847756000000000135e-05
-1.845519999999999908e-05
-1.843285000000000089e-05
-1.841794999999999872e-05
-1.839560000000000053e-05
-1.838069999999999835e-05
-1.836579999999999956e-05
-1.834345000000000138e-05
-1.832108999999999910e-05
-1.830619000000000031e-05
-1.828383999999999874e-05
-1.826893999999999995e-05
-1.824658999999999838e-05
-1.823168999999999959e-05
-1.820934000000000140e-05
-1.818697999999999913e-05
-1.817208000000000034e-05
-1.815718000000000155e-05
-1.813482999999999998e-05
-1.811993000000000119e-05
-1.809757999999999961e-05
-1.807522000000000073e-05
-1.806031999999999855e-05
-1.804541999999999976e-05
-1.802307000000000158e-05
-1.800072000000000000e-05
-1.798582000000000121e-05
-1.797091999999999903e-05
-1.794857000000000085e-05
-1.792620999999999858e-05
-1.791130999999999979e-05
-1.788896000000000160e-05
-1.786661000000000003e-05
-1.785171000000000124e-05
-1.782935999999999966e-05
-1.780700000000000078e-05
-1.779209999999999860e-05
-1.776975000000000042e-05
-1.774739999999999884e-05
-1.773994999999999945e-05
-1.771760000000000126e-05
-1.769524999999999969e-05
-1.767289000000000080e-05
-1.765053999999999923e-05
-1.762819000000000105e-05
-1.761328999999999887e-05
-1.759094000000000068e-05
-1.756858999999999911e-05
-1.754623000000000022e-05
-1.753133000000000143e-05
-1.750897999999999986e-05
-1.748663000000000168e-05
-1.747172999999999950e-05
-1.744192999999999853e-05
-1.741956999999999965e-05
-1.740467000000000086e-05
-1.738231999999999928e-05
-1.735997000000000110e-05
-1.734506999999999892e-05
-1.732272000000000073e-05
-1.730035999999999846e-05
-1.727801000000000028e-05
-1.725565999999999870e-05
-1.723331000000000052e-05
-1.721840999999999834e-05
-1.719606000000000015e-05
-1.717370000000000127e-05
-1.715879999999999909e-05
-1.713645000000000091e-05
-1.711409999999999933e-05
-1.709175000000000115e-05
-1.706939999999999957e-05
-1.704704000000000069e-05
-1.703213999999999851e-05
-1.700979000000000033e-05
-1.698743999999999875e-05
-1.697253999999999996e-05
-1.695018999999999839e-05
-1.692784000000000020e-05
-1.691293000000000071e-05
-1.689057999999999914e-05
-1.686823000000000096e-05
-1.685332999999999878e-05
-1.683098000000000059e-05
-1.680862999999999902e-05
-1.678627000000000014e-05
-1.677137000000000135e-05
-1.674901999999999977e-05
-1.672667000000000159e-05
-1.671176999999999941e-05
-1.668942000000000122e-05
-1.666706999999999965e-05
-1.665216000000000016e-05
-1.662980999999999859e-05
-1.660746000000000040e-05
-1.659256000000000161e-05
-1.657021000000000004e-05
-1.654785999999999847e-05
-1.653294999999999898e-05
-1.651060000000000079e-05
-1.648824999999999922e-05
-1.647335000000000043e-05
-1.645099999999999885e-05
-1.642865000000000067e-05
-1.640628999999999840e-05
-1.639138999999999961e-05
-1.636904000000000142e-05
-1.634668999999999985e-05
-1.633179000000000106e-05
-1.630943999999999948e-05
-1.628709000000000130e-05
-1.627217999999999842e-05
-1.624983000000000024e-05
-1.622747999999999866e-05
-1.621257999999999987e-05
-1.619023000000000169e-05
-1.616788000000000011e-05
-1.615298000000000132e-05
-1.613061999999999905e-05
-1.610827000000000087e-05
-1.609336999999999869e-05
-1.607102000000000050e-05
-1.604866999999999893e-05
-1.602632000000000075e-05
-1.601141000000000126e-05
-1.598905999999999968e-05
-1.596671000000000150e-05
-1.595180999999999932e-05
-1.592946000000000113e-05
-1.590710999999999956e-05
-1.589220000000000007e-05
-1.586984999999999850e-05
-1.584750000000000031e-05
-1.583260000000000152e-05
-1.581024999999999995e-05
-1.578044999999999898e-05
-1.576553999999999949e-05
-1.574319000000000131e-05
-1.572083999999999973e-05
-1.570594000000000094e-05
-1.568358999999999937e-05
-1.566124000000000118e-05
-1.564633999999999901e-05
-1.561653000000000073e-05
-1.559417999999999915e-05
-1.557928000000000036e-05
-1.555692999999999879e-05
-1.553458000000000060e-05
-1.551967999999999843e-05
-1.549731999999999954e-05
-1.546751999999999857e-05
-1.545261999999999978e-05
-1.543027000000000160e-05
-1.540792000000000003e-05
-1.539302000000000124e-05
-1.536320999999999957e-05
-1.534086000000000138e-05
-1.532595999999999920e-05
-1.530361000000000102e-05
-1.528125999999999945e-05
-1.525891000000000126e-05
-1.523650000000000057e-05
-1.521413999999999999e-05
-1.519923999999999951e-05
-1.516944000000000023e-05
-1.514709000000000036e-05
-1.513218999999999987e-05
-1.510983999999999999e-05
-1.508003000000000002e-05
-1.506512999999999953e-05
-1.504277999999999966e-05
-1.501298000000000038e-05
-1.499807999999999990e-05
-1.496826999999999992e-05
-1.495336999999999944e-05
-1.493101999999999956e-05
-1.490122000000000029e-05
-1.488631999999999980e-05
-1.485652000000000053e-05
-1.483415999999999995e-05
-1.481181000000000007e-05
-1.478946000000000019e-05
-1.475965999999999922e-05
-1.473730999999999934e-05
-1.471495000000000046e-05
-1.469260000000000058e-05
-1.467025000000000070e-05
-1.464044999999999973e-05
-1.461809999999999985e-05
-1.459574999999999997e-05
-1.457338999999999939e-05
-1.455103999999999952e-05
-1.452124000000000024e-05
-1.449889000000000036e-05
-1.447654000000000048e-05
-1.444673000000000051e-05
-1.442438000000000063e-05
-1.440203000000000075e-05
-1.437967999999999918e-05
-1.434987999999999990e-05
-1.432751999999999932e-05
-1.430516999999999944e-05
-1.427537000000000017e-05
-1.425302000000000029e-05
-1.423067000000000041e-05
-1.420832000000000053e-05
-1.418595999999999995e-05
-1.415616000000000068e-05
-1.413381000000000080e-05
-1.411145999999999923e-05
-1.408165999999999995e-05
-1.406675000000000046e-05
-1.403694999999999950e-05
-1.400715000000000022e-05
-1.399224999999999974e-05
-1.396245000000000046e-05
-1.394008999999999988e-05
-1.391774000000000000e-05
-1.389539000000000013e-05
-1.387304000000000025e-05
-1.385069000000000037e-05
-1.382088999999999940e-05
-1.380597999999999991e-05
-1.377618000000000064e-05
-1.375383000000000076e-05
-1.373147999999999918e-05
-1.370912999999999930e-05
-1.368677000000000042e-05
-1.366442000000000054e-05
-1.363461999999999957e-05
-1.361972000000000078e-05
-1.359736999999999921e-05
-1.356756999999999993e-05
-1.355266000000000044e-05
-1.353031000000000057e-05
-1.350050999999999960e-05
-1.348561000000000081e-05
-1.345580999999999984e-05
-1.343345999999999996e-05
-1.341855000000000047e-05
-1.338874999999999950e-05
-1.336639999999999962e-05
-1.335150000000000083e-05
-1.332169999999999986e-05
-1.330679999999999938e-05
-1.328444000000000049e-05
-1.325463999999999953e-05
-1.323974000000000074e-05
-1.321738999999999916e-05
-1.318758999999999989e-05
-1.317268000000000040e-05
-1.315033000000000052e-05
-1.312798000000000064e-05
-1.310563000000000076e-05
-1.308327999999999919e-05
-1.306092999999999931e-05
-1.304601999999999982e-05
-1.301622000000000055e-05
-1.299387000000000067e-05
-1.297897000000000018e-05
-1.295662000000000030e-05
-1.292681999999999933e-05
-1.291190999999999985e-05
-1.288955999999999997e-05
-1.286721000000000009e-05
-1.285230999999999960e-05
-1.282995999999999972e-05
-1.280760999999999984e-05
-1.279270999999999936e-05
-1.277035000000000048e-05
-1.274800000000000060e-05
-1.273310000000000011e-05
-1.271075000000000023e-05
-1.269584999999999975e-05
-1.267349999999999987e-05
-1.266605000000000047e-05
-1.264368999999999990e-05
-1.262878999999999941e-05
-1.261389000000000062e-05
-1.259899000000000014e-05
-1.258408999999999965e-05
-1.256918999999999917e-05
-1.255429000000000038e-05
-1.254683999999999929e-05
-1.253192999999999980e-05
-1.251702999999999932e-05
-1.250213000000000053e-05
-1.248723000000000004e-05
-1.247978000000000065e-05
-1.246488000000000016e-05
-1.244997999999999968e-05
-1.243507999999999919e-05
-1.242762999999999980e-05
-1.242018000000000040e-05
-1.240526999999999922e-05
-1.239037000000000043e-05
-1.238291999999999934e-05
-1.236802000000000055e-05
-1.235312000000000007e-05
-1.234567000000000067e-05
-1.233821999999999958e-05
-1.232332000000000079e-05
-1.230842000000000031e-05
-1.229351999999999982e-05
-1.229351999999999982e-05
-1.227861999999999934e-05
-1.226370999999999985e-05
-1.224880999999999937e-05
-1.223391000000000058e-05
-1.222645999999999949e-05
-1.221156000000000070e-05
-1.219666000000000021e-05
-1.218175999999999973e-05
-1.216685999999999925e-05
-1.215940999999999985e-05
-1.214450000000000036e-05
-1.212959999999999988e-05
-1.211469999999999939e-05
-1.209980000000000060e-05
-1.208490000000000012e-05
-1.206999999999999963e-05
-1.205510000000000084e-05
-1.204020000000000036e-05
-1.202529999999999988e-05
-1.201039000000000039e-05
-1.199548999999999990e-05
-1.197314000000000002e-05
-1.196569000000000063e-05
-1.195079000000000014e-05
-1.192844000000000026e-05
-1.191353999999999978e-05
-1.189863999999999930e-05
-1.188372999999999981e-05
-1.186882999999999932e-05
-1.184647999999999944e-05
-1.183903000000000005e-05
-1.181668000000000017e-05
-1.180177999999999968e-05
-1.178687999999999920e-05
-1.177198000000000041e-05
-1.174961999999999983e-05
-1.173471999999999935e-05
-1.171982000000000056e-05
-1.169747000000000068e-05
-1.168257000000000019e-05
-1.166022000000000031e-05
-1.165276999999999923e-05
-1.163041000000000034e-05
-1.161550999999999986e-05
-1.159315999999999998e-05
-1.157825999999999949e-05
-1.156336000000000070e-05
-1.154101000000000082e-05
-1.153355999999999974e-05
-1.151120999999999986e-05
-1.149630000000000037e-05
-1.147395000000000049e-05
-1.146649999999999940e-05
-1.144414999999999952e-05
-1.142925000000000073e-05
-1.140689999999999916e-05
-1.139200000000000037e-05
-1.137708999999999918e-05
-1.136219000000000039e-05
-1.133984000000000051e-05
-1.132494000000000003e-05
-1.131003999999999954e-05
-1.128768999999999966e-05
-1.128024000000000027e-05
-1.125789000000000039e-05
-1.124297999999999921e-05
-1.122062999999999933e-05
-1.121317999999999993e-05
-1.119083000000000005e-05
-1.117592999999999957e-05
-1.115357999999999969e-05
-1.114613000000000030e-05
-1.112378000000000042e-05
-1.110886999999999923e-05
-1.108651999999999935e-05
-1.107906999999999996e-05
-1.105672000000000008e-05
-1.103437000000000020e-05
-1.102692000000000080e-05
-1.100456999999999923e-05
-1.098965999999999974e-05
-1.096730999999999986e-05
-1.095240999999999938e-05
-1.093751000000000059e-05
-1.091516000000000071e-05
-1.090026000000000023e-05
-1.088535999999999974e-05
-1.087045999999999926e-05
-1.084810000000000037e-05
-1.083319999999999989e-05
-1.081829999999999940e-05
-1.079594999999999952e-05
-1.078105000000000073e-05
-1.076615000000000025e-05
-1.075124999999999977e-05
-1.072888999999999919e-05
-1.070653999999999931e-05
-1.069908999999999991e-05
-1.067674000000000003e-05
-1.066183999999999955e-05
-1.064694000000000076e-05
-1.063204000000000028e-05
-1.060967999999999970e-05
-1.058732999999999982e-05
-1.057988000000000042e-05
-1.055753000000000054e-05
-1.053518000000000066e-05
-1.052028000000000018e-05
