5.000070000000000014e+00
5.000070000000000014e+00
4.997620000000000395e+00
4.995429999999999815e+00
4.992350000000000065e+00
4.990289999999999893e+00
4.987219999999999764e+00
4.985199999999999854e+00
4.982140000000000235e+00
4.980080000000000062e+00
4.977000000000000313e+00
4.974940000000000140e+00
4.971860000000000390e+00
4.969829999999999970e+00
4.966750000000000220e+00
4.964719999999999800e+00
4.961859999999999715e+00
4.959810000000000052e+00
4.956730000000000302e+00
4.954699999999999882e+00
4.951629999999999754e+00
4.949580000000000091e+00
4.946500000000000341e+00
4.944449999999999790e+00
4.941390000000000171e+00
4.939339999999999620e+00
4.936280000000000001e+00
4.934230000000000338e+00
4.931160000000000210e+00
4.929100000000000037e+00
4.926029999999999909e+00
4.923980000000000246e+00
4.920899999999999608e+00
4.918879999999999697e+00
4.915809999999999569e+00
4.913789999999999658e+00
4.910730000000000040e+00
4.908680000000000376e+00
4.905619999999999870e+00
4.903590000000000337e+00
4.900500000000000078e+00
4.898450000000000415e+00
4.895360000000000156e+00
4.893309999999999604e+00
4.890229999999999855e+00
4.888209999999999944e+00
4.885159999999999947e+00
4.883079999999999643e+00
4.880020000000000024e+00
4.877950000000000230e+00
4.874889999999999723e+00
4.872860000000000191e+00
4.869799999999999685e+00
4.867729999999999890e+00
4.864709999999999646e+00
4.862659999999999982e+00
4.859589999999999854e+00
4.857560000000000322e+00
4.854479999999999684e+00
4.852420000000000400e+00
4.849529999999999674e+00
4.847470000000000390e+00
4.844409999999999883e+00
4.842369999999999841e+00
4.839299999999999713e+00
4.837279999999999802e+00
4.834179999999999922e+00
4.832139999999999880e+00
4.829049999999999621e+00
4.827009999999999579e+00
4.823949999999999960e+00
4.821930000000000049e+00
4.818859999999999921e+00
4.816840000000000011e+00
4.813760000000000261e+00
4.811700000000000088e+00
4.808650000000000091e+00
4.806619999999999671e+00
4.803519999999999790e+00
4.801470000000000127e+00
4.798399999999999999e+00
4.796359999999999957e+00
4.793280000000000207e+00
4.791280000000000427e+00
4.788190000000000168e+00
4.786129999999999995e+00
4.783059999999999867e+00
4.780990000000000073e+00
4.777940000000000076e+00
4.775900000000000034e+00
4.772820000000000285e+00
4.770780000000000243e+00
4.767739999999999867e+00
4.765699999999999825e+00
4.762620000000000076e+00
4.760589999999999655e+00
4.757509999999999906e+00
4.755449999999999733e+00
4.752410000000000245e+00
4.750339999999999563e+00
4.747279999999999944e+00
4.745230000000000281e+00
4.742160000000000153e+00
4.740149999999999864e+00
4.737049999999999983e+00
4.735000000000000320e+00
4.731919999999999682e+00
4.729870000000000019e+00
4.726799999999999891e+00
4.724920000000000009e+00
4.721870000000000012e+00
4.719839999999999591e+00
4.716779999999999973e+00
4.714579999999999771e+00
4.711669999999999803e+00
4.709640000000000271e+00
4.706550000000000011e+00
4.704480000000000217e+00
4.701430000000000220e+00
4.699370000000000047e+00
4.696320000000000050e+00
4.694259999999999877e+00
4.691200000000000259e+00
4.689140000000000086e+00
4.686090000000000089e+00
4.684029999999999916e+00
4.680950000000000166e+00
4.678899999999999615e+00
4.675830000000000375e+00
4.673790000000000333e+00
4.670779999999999710e+00
4.668730000000000047e+00
4.665659999999999918e+00
4.663619999999999877e+00
4.660519999999999996e+00
4.658500000000000085e+00
4.655409999999999826e+00
4.653340000000000032e+00
4.650299999999999656e+00
4.648240000000000371e+00
4.645179999999999865e+00
4.643139999999999823e+00
4.640069999999999695e+00
4.638020000000000032e+00
4.634929999999999772e+00
4.632909999999999862e+00
4.629809999999999981e+00
4.627779999999999561e+00
4.624740000000000073e+00
4.622700000000000031e+00
4.619640000000000413e+00
4.617589999999999861e+00
4.614519999999999733e+00
4.612470000000000070e+00
4.609379999999999811e+00
4.607350000000000279e+00
4.604280000000000150e+00
4.602249999999999730e+00
4.599160000000000359e+00
4.597109999999999808e+00
4.594030000000000058e+00
4.592170000000000307e+00
4.589109999999999800e+00
4.587049999999999628e+00
4.583980000000000388e+00
4.581920000000000215e+00
4.578850000000000087e+00
4.576819999999999666e+00
4.573809999999999931e+00
4.571740000000000137e+00
4.568670000000000009e+00
4.566629999999999967e+00
4.563530000000000086e+00
4.561490000000000045e+00
4.558419999999999916e+00
4.556379999999999875e+00
4.553309999999999746e+00
4.551260000000000083e+00
4.548189999999999955e+00
4.546149999999999913e+00
4.543099999999999916e+00
4.541050000000000253e+00
4.537959999999999994e+00
4.535919999999999952e+00
4.532820000000000071e+00
4.530780000000000030e+00
4.527739999999999654e+00
4.525719999999999743e+00
4.522669999999999746e+00
4.520599999999999952e+00
4.517529999999999824e+00
4.515469999999999651e+00
4.512410000000000032e+00
4.510379999999999612e+00
4.507299999999999862e+00
4.505250000000000199e+00
4.502159999999999940e+00
4.500110000000000277e+00
4.497040000000000148e+00
4.495009999999999728e+00
4.491970000000000240e+00
4.489880000000000315e+00
4.486819999999999808e+00
4.484750000000000014e+00
4.481700000000000017e+00
4.479680000000000106e+00
4.476630000000000109e+00
4.474750000000000227e+00
4.471680000000000099e+00
4.469630000000000436e+00
4.466560000000000308e+00
4.464520000000000266e+00
4.461479999999999890e+00
4.459399999999999586e+00
4.456330000000000346e+00
4.454290000000000305e+00
4.451209999999999667e+00
4.449169999999999625e+00
4.446110000000000007e+00
4.444079999999999586e+00
4.440979999999999706e+00
4.438939999999999664e+00
4.435859999999999914e+00
4.433810000000000251e+00
4.430790000000000006e+00
4.428770000000000095e+00
4.425679999999999836e+00
4.423630000000000173e+00
4.420580000000000176e+00
4.418510000000000382e+00
4.415440000000000254e+00
4.413420000000000343e+00
4.410339999999999705e+00
4.408280000000000420e+00
4.405199999999999783e+00
4.403139999999999610e+00
4.400089999999999613e+00
4.398060000000000080e+00
4.394980000000000331e+00
4.392909999999999648e+00
4.389859999999999651e+00
4.387809999999999988e+00
4.384739999999999860e+00
4.382719999999999949e+00
4.379690000000000083e+00
4.377629999999999910e+00
4.374550000000000161e+00
4.372499999999999609e+00
4.369419999999999860e+00
4.367370000000000196e+00
4.364300000000000068e+00
4.362250000000000405e+00
4.359200000000000408e+00
4.357319999999999638e+00
4.354250000000000398e+00
4.352190000000000225e+00
4.349120000000000097e+00
4.347100000000000186e+00
4.343989999999999796e+00
4.341960000000000264e+00
4.338899999999999757e+00
4.336839999999999584e+00
4.333809999999999718e+00
4.331780000000000186e+00
4.328710000000000058e+00
4.326649999999999885e+00
4.323590000000000266e+00
4.321509999999999962e+00
4.318459999999999965e+00
4.316410000000000302e+00
4.313340000000000174e+00
4.311280000000000001e+00
4.308220000000000383e+00
4.306180000000000341e+00
4.303119999999999834e+00
4.301070000000000171e+00
4.297990000000000421e+00
4.295939999999999870e+00
4.292880000000000251e+00
4.290809999999999569e+00
4.287770000000000081e+00
4.285720000000000418e+00
4.282670000000000421e+00
4.280649999999999622e+00
4.277580000000000382e+00
4.275529999999999831e+00
4.272450000000000081e+00
4.270389999999999908e+00
4.267299999999999649e+00
4.265279999999999738e+00
4.262209999999999610e+00
4.260139999999999816e+00
4.257080000000000197e+00
4.255029999999999646e+00
4.251970000000000027e+00
4.249920000000000364e+00
4.247010000000000396e+00
4.244950000000000223e+00
4.241880000000000095e+00
4.239840000000000053e+00
4.236799999999999677e+00
4.234779999999999767e+00
4.231709999999999638e+00
4.229659999999999975e+00
4.226600000000000357e+00
4.224529999999999674e+00
4.221470000000000056e+00
4.219430000000000014e+00
4.216350000000000264e+00
4.214310000000000223e+00
4.211229999999999585e+00
4.209190000000000431e+00
4.206109999999999793e+00
4.204060000000000130e+00
4.200980000000000381e+00
4.198949999999999960e+00
4.195879999999999832e+00
4.193819999999999659e+00
4.190760000000000041e+00
4.188729999999999620e+00
4.185679999999999623e+00
4.183659999999999712e+00
4.180589999999999584e+00
4.178519999999999790e+00
4.175460000000000171e+00
4.173390000000000377e+00
4.170309999999999739e+00
4.168280000000000207e+00
4.165210000000000079e+00
4.163149999999999906e+00
4.160099999999999909e+00
4.158030000000000115e+00
4.154980000000000118e+00
4.152929999999999566e+00
4.149860000000000326e+00
4.147809999999999775e+00
4.144750000000000156e+00
4.142699999999999605e+00
4.139669999999999739e+00
4.137789999999999857e+00
4.134739999999999860e+00
4.132679999999999687e+00
4.129629999999999690e+00
4.127539999999999765e+00
4.124480000000000146e+00
4.122419999999999973e+00
4.119349999999999845e+00
4.117329999999999934e+00
4.114250000000000185e+00
4.112210000000000143e+00
4.109119999999999884e+00
4.107070000000000221e+00
4.103989999999999583e+00
4.101960000000000051e+00
4.098919999999999675e+00
4.096849999999999881e+00
4.093770000000000131e+00
4.091750000000000220e+00
4.088700000000000223e+00
4.086680000000000312e+00
4.083599999999999675e+00
4.081540000000000390e+00
4.078450000000000131e+00
4.076399999999999579e+00
4.073319999999999830e+00
4.071310000000000429e+00
4.068240000000000300e+00
4.066200000000000259e+00
4.063139999999999752e+00
4.061079999999999579e+00
4.058010000000000339e+00
4.055959999999999788e+00
4.052889999999999660e+00
4.050849999999999618e+00
4.047780000000000378e+00
4.045720000000000205e+00
4.042679999999999829e+00
4.040659999999999918e+00
4.037580000000000169e+00
4.035560000000000258e+00
4.032479999999999620e+00
4.030409999999999826e+00
4.027339999999999698e+00
4.025459999999999816e+00
4.022400000000000198e+00
4.020369999999999777e+00
4.017290000000000028e+00
4.015240000000000364e+00
4.012170000000000236e+00
4.010119999999999685e+00
4.007030000000000314e+00
4.004999999999999893e+00
4.001929999999999765e+00
3.999870000000000037e+00
3.996799999999999908e+00
3.994779999999999998e+00
3.991740000000000066e+00
3.989720000000000155e+00
3.986619999999999830e+00
3.984579999999999789e+00
3.981489999999999974e+00
3.979449999999999932e+00
3.976370000000000182e+00
3.974320000000000075e+00
3.971260000000000012e+00
3.969209999999999905e+00
3.966140000000000221e+00
3.964080000000000048e+00
3.961019999999999985e+00
3.958959999999999813e+00
3.955900000000000194e+00
3.953879999999999839e+00
3.950790000000000024e+00
3.948729999999999851e+00
3.945720000000000116e+00
3.943680000000000074e+00
3.940609999999999946e+00
3.938579999999999970e+00
3.935490000000000155e+00
3.933419999999999916e+00
3.930359999999999854e+00
3.928300000000000125e+00
3.925229999999999997e+00
3.923189999999999955e+00
3.920119999999999827e+00
3.918079999999999785e+00
3.915000000000000036e+00
3.913139999999999841e+00
3.910050000000000026e+00
3.908030000000000115e+00
3.904939999999999856e+00
3.902880000000000127e+00
3.899820000000000064e+00
3.897800000000000153e+00
3.894760000000000222e+00
3.892700000000000049e+00
3.889639999999999986e+00
3.887589999999999879e+00
3.884500000000000064e+00
3.882449999999999957e+00
3.879379999999999828e+00
3.877320000000000100e+00
3.874249999999999972e+00
3.872209999999999930e+00
3.869169999999999998e+00
3.867109999999999825e+00
3.864050000000000207e+00
3.861979999999999968e+00
3.858909999999999840e+00
3.856889999999999930e+00
3.853800000000000114e+00
3.851750000000000007e+00
3.848720000000000141e+00
3.846699999999999786e+00
3.843609999999999971e+00
3.841569999999999929e+00
3.838499999999999801e+00
3.836440000000000072e+00
3.833380000000000010e+00
3.831329999999999902e+00
3.828250000000000153e+00
3.826189999999999980e+00
3.823129999999999917e+00
3.821099999999999941e+00
3.818029999999999813e+00
3.815990000000000215e+00
3.812899999999999956e+00
3.810849999999999849e+00
3.807770000000000099e+00
3.805740000000000123e+00
3.802669999999999995e+00
3.800650000000000084e+00
3.797600000000000087e+00
3.795529999999999848e+00
3.792479999999999851e+00
3.790439999999999809e+00
3.787529999999999841e+00
3.785499999999999865e+00
3.782420000000000115e+00
3.780349999999999877e+00
3.777260000000000062e+00
3.775240000000000151e+00
3.772190000000000154e+00
3.770119999999999916e+00
3.767069999999999919e+00
3.765000000000000124e+00
3.761940000000000062e+00
3.759889999999999954e+00
3.756819999999999826e+00
3.754779999999999784e+00
3.751739999999999853e+00
3.749709999999999877e+00
3.746630000000000127e+00
3.744590000000000085e+00
3.741519999999999957e+00
3.739469999999999850e+00
3.736419999999999852e+00
3.734339999999999993e+00
3.731279999999999930e+00
3.729210000000000136e+00
3.726150000000000073e+00
3.724120000000000097e+00
3.721049999999999969e+00
3.719009999999999927e+00
3.715910000000000046e+00
3.713859999999999939e+00
3.710789999999999811e+00
3.708759999999999835e+00
3.705700000000000216e+00
3.703679999999999861e+00
3.700619999999999798e+00
3.698560000000000070e+00
3.695489999999999942e+00
3.693449999999999900e+00
3.690380000000000216e+00
3.688320000000000043e+00
3.685249999999999915e+00
3.683199999999999807e+00
3.680130000000000123e+00
3.678100000000000147e+00
3.675030000000000019e+00
3.673000000000000043e+00
3.669929999999999914e+00
3.667850000000000055e+00
3.664800000000000058e+00
3.662729999999999819e+00
3.659879999999999800e+00
3.657830000000000137e+00
3.654790000000000205e+00
3.652740000000000098e+00
3.649659999999999904e+00
3.647609999999999797e+00
3.644540000000000113e+00
3.642510000000000137e+00
3.639440000000000008e+00
3.637370000000000214e+00
3.634300000000000086e+00
3.632239999999999913e+00
3.629199999999999982e+00
3.627180000000000071e+00
3.624099999999999877e+00
3.622050000000000214e+00
3.618939999999999824e+00
3.616899999999999782e+00
3.613830000000000098e+00
3.611800000000000122e+00
3.608750000000000124e+00
3.606710000000000083e+00
3.603660000000000085e+00
3.601589999999999847e+00
3.598520000000000163e+00
3.596490000000000187e+00
3.593420000000000059e+00
3.591380000000000017e+00
3.588280000000000136e+00
3.586240000000000094e+00
3.583159999999999901e+00
3.581109999999999793e+00
3.578069999999999862e+00
3.576029999999999820e+00
3.572960000000000136e+00
3.570870000000000211e+00
3.567829999999999835e+00
3.565760000000000041e+00
3.562689999999999912e+00
3.560659999999999936e+00
3.557640000000000136e+00
3.555590000000000028e+00
3.552519999999999900e+00
3.550479999999999858e+00
3.547379999999999978e+00
3.545380000000000198e+00
3.542289999999999939e+00
3.540220000000000145e+00
3.537139999999999951e+00
3.535239999999999938e+00
3.532220000000000137e+00
3.530180000000000096e+00
3.527099999999999902e+00
3.525049999999999795e+00
3.521959999999999980e+00
3.519919999999999938e+00
3.516840000000000188e+00
3.514810000000000212e+00
3.511740000000000084e+00
3.509739999999999860e+00
3.506679999999999797e+00
3.504610000000000003e+00
3.501570000000000071e+00
3.499499999999999833e+00
3.496420000000000083e+00
3.494369999999999976e+00
3.491299999999999848e+00
3.489240000000000119e+00
3.486149999999999860e+00
3.484109999999999818e+00
3.481030000000000069e+00
3.479019999999999779e+00
3.475960000000000161e+00
3.473860000000000170e+00
3.470829999999999860e+00
3.468780000000000197e+00
3.465710000000000068e+00
3.463670000000000027e+00
3.460640000000000160e+00
3.458590000000000053e+00
3.455519999999999925e+00
3.453479999999999883e+00
3.450390000000000068e+00
3.448360000000000092e+00
3.445269999999999833e+00
3.443220000000000169e+00
3.440160000000000107e+00
3.438099999999999934e+00
3.435049999999999937e+00
3.432990000000000208e+00
3.429930000000000145e+00
3.427890000000000104e+00
3.424819999999999975e+00
3.422759999999999803e+00
3.419859999999999900e+00
3.417809999999999793e+00
3.414759999999999796e+00
3.412739999999999885e+00
3.409689999999999888e+00
3.407620000000000093e+00
3.404570000000000096e+00
3.402470000000000105e+00
3.399430000000000174e+00
3.397400000000000198e+00
3.394320000000000004e+00
3.392259999999999831e+00
3.389180000000000081e+00
3.387150000000000105e+00
3.384059999999999846e+00
3.382050000000000001e+00
3.378969999999999807e+00
3.376900000000000013e+00
3.373860000000000081e+00
3.371799999999999908e+00
3.368720000000000159e+00
3.366690000000000182e+00
3.363649999999999807e+00
3.361610000000000209e+00
3.358540000000000081e+00
3.356520000000000170e+00
3.353400000000000158e+00
3.351370000000000182e+00
3.348300000000000054e+00
3.346260000000000012e+00
3.343189999999999884e+00
3.341120000000000090e+00
3.338060000000000027e+00
3.336009999999999920e+00
3.332939999999999792e+00
3.330909999999999815e+00
3.327830000000000066e+00
3.325790000000000024e+00
3.322700000000000209e+00
3.320660000000000167e+00
3.317590000000000039e+00
3.315589999999999815e+00
3.312549999999999883e+00
3.310470000000000024e+00
3.307380000000000209e+00
3.305499999999999883e+00
3.302430000000000199e+00
3.300399999999999778e+00
3.297340000000000160e+00
3.295259999999999856e+00
3.292209999999999859e+00
3.290169999999999817e+00
3.287090000000000067e+00
3.285070000000000157e+00
3.282000000000000028e+00
3.279920000000000169e+00
3.276879999999999793e+00
3.274820000000000064e+00
3.271749999999999936e+00
3.269719999999999960e+00
3.266690000000000094e+00
3.264660000000000117e+00
3.261589999999999989e+00
3.259529999999999816e+00
3.256429999999999936e+00
3.254379999999999828e+00
3.251320000000000210e+00
3.249280000000000168e+00
3.246220000000000105e+00
3.244149999999999867e+00
3.241089999999999804e+00
3.239040000000000141e+00
3.235980000000000079e+00
3.233960000000000168e+00
3.230859999999999843e+00
3.228819999999999801e+00
3.225729999999999986e+00
3.223679999999999879e+00
3.220650000000000013e+00
3.218630000000000102e+00
3.215580000000000105e+00
3.213499999999999801e+00
3.210440000000000182e+00
3.208359999999999879e+00
3.205290000000000195e+00
3.203250000000000153e+00
3.200180000000000025e+00
3.198119999999999852e+00
3.195050000000000168e+00
3.193020000000000191e+00
3.189939999999999998e+00
3.187910000000000021e+00
3.184820000000000206e+00
3.182799999999999851e+00
3.179739999999999789e+00
3.177820000000000089e+00
3.174760000000000026e+00
3.172719999999999985e+00
3.169700000000000184e+00
3.167670000000000208e+00
3.164600000000000080e+00
3.162539999999999907e+00
3.159429999999999961e+00
3.157410000000000050e+00
3.154319999999999791e+00
3.152299999999999880e+00
3.149210000000000065e+00
3.147139999999999826e+00
3.144099999999999895e+00
3.142040000000000166e+00
3.138999999999999790e+00
3.136960000000000193e+00
3.133879999999999999e+00
3.131800000000000139e+00
3.128730000000000011e+00
3.126689999999999969e+00
3.123639999999999972e+00
3.121609999999999996e+00
3.118549999999999933e+00
3.116499999999999826e+00
3.113440000000000207e+00
3.111369999999999969e+00
3.108309999999999906e+00
3.106259999999999799e+00
3.103169999999999984e+00
3.101119999999999877e+00
3.098090000000000011e+00
3.096049999999999969e+00
3.092979999999999841e+00
3.090930000000000177e+00
3.087870000000000115e+00
3.085820000000000007e+00
3.082770000000000010e+00
3.080719999999999903e+00
3.077640000000000153e+00
3.075629999999999864e+00
3.072579999999999867e+00
3.070539999999999825e+00
3.067470000000000141e+00
3.065409999999999968e+00
3.062330000000000219e+00
3.060290000000000177e+00
3.057220000000000049e+00
3.055169999999999941e+00
3.052090000000000192e+00
3.050050000000000150e+00
3.046990000000000087e+00
3.044950000000000045e+00
3.042050000000000143e+00
3.039989999999999970e+00
3.036910000000000220e+00
3.034879999999999800e+00
3.031800000000000050e+00
3.029770000000000074e+00
3.026740000000000208e+00
3.024700000000000166e+00
3.021619999999999973e+00
3.019579999999999931e+00
3.016509999999999803e+00
3.014419999999999877e+00
3.011379999999999946e+00
3.009310000000000151e+00
3.006250000000000089e+00
3.004199999999999982e+00
3.001129999999999853e+00
2.999099999999999877e+00
2.996020000000000127e+00
2.993980000000000086e+00
2.990889999999999826e+00
2.988849999999999785e+00
2.985799999999999788e+00
2.983729999999999993e+00
2.980679999999999996e+00
2.978650000000000020e+00
2.975610000000000088e+00
2.973559999999999981e+00
2.970489999999999853e+00
2.968449999999999811e+00
2.965349999999999930e+00
2.963309999999999889e+00
2.960230000000000139e+00
2.958180000000000032e+00
2.955090000000000217e+00
2.953069999999999862e+00
2.950019999999999865e+00
2.947970000000000201e+00
2.944900000000000073e+00
2.942820000000000213e+00
2.939760000000000151e+00
2.937739999999999796e+00
2.934660000000000046e+00
2.932609999999999939e+00
2.929570000000000007e+00
2.927519999999999900e+00
2.924440000000000150e+00
2.922590000000000021e+00
2.919519999999999893e+00
2.917300000000000004e+00
2.914379999999999971e+00
2.912319999999999798e+00
2.909260000000000179e+00
2.907210000000000072e+00
2.904160000000000075e+00
2.902130000000000098e+00
2.899059999999999970e+00
2.897009999999999863e+00
2.893909999999999982e+00
2.891880000000000006e+00
2.888819999999999943e+00
2.886769999999999836e+00
2.883700000000000152e+00
2.881670000000000176e+00
2.878629999999999800e+00
2.876580000000000137e+00
2.873520000000000074e+00
2.871480000000000032e+00
2.868409999999999904e+00
2.866359999999999797e+00
2.863259999999999916e+00
2.861209999999999809e+00
2.858119999999999994e+00
2.856110000000000149e+00
2.853060000000000151e+00
2.850999999999999979e+00
2.847919999999999785e+00
2.845849999999999991e+00
2.842789999999999928e+00
2.840780000000000083e+00
2.837699999999999889e+00
2.835640000000000160e+00
2.832590000000000163e+00
2.830560000000000187e+00
2.827479999999999993e+00
2.825470000000000148e+00
2.822389999999999954e+00
2.820320000000000160e+00
2.817270000000000163e+00
2.815179999999999794e+00
2.812120000000000175e+00
2.810060000000000002e+00
2.806999999999999940e+00
2.804980000000000029e+00
2.801899999999999835e+00
2.799859999999999793e+00
2.796759999999999913e+00
2.794740000000000002e+00
2.791659999999999808e+00
2.789629999999999832e+00
2.786560000000000148e+00
2.784699999999999953e+00
2.781639999999999890e+00
2.779589999999999783e+00
2.776539999999999786e+00
2.774500000000000188e+00
2.771419999999999995e+00
2.769359999999999822e+00
2.766270000000000007e+00
2.764219999999999899e+00
2.761120000000000019e+00
2.759139999999999926e+00
2.756069999999999798e+00
2.754000000000000004e+00
2.750950000000000006e+00
2.748870000000000147e+00
2.745820000000000149e+00
2.743790000000000173e+00
2.740709999999999980e+00
2.738640000000000185e+00
2.735609999999999875e+00
2.733560000000000212e+00
2.730500000000000149e+00
2.728470000000000173e+00
2.725359999999999783e+00
2.723310000000000120e+00
2.720260000000000122e+00
2.718189999999999884e+00
2.715110000000000134e+00
2.713049999999999962e+00
2.709979999999999833e+00
2.707969999999999988e+00
2.704899999999999860e+00
2.702840000000000131e+00
2.699770000000000003e+00
2.697719999999999896e+00
2.694659999999999833e+00
2.692619999999999791e+00
2.689550000000000107e+00
2.687520000000000131e+00
2.684470000000000134e+00
2.682420000000000027e+00
2.679370000000000029e+00
2.677319999999999922e+00
2.674240000000000173e+00
2.672200000000000131e+00
2.669119999999999937e+00
2.667069999999999830e+00
2.663980000000000015e+00
2.661950000000000038e+00
2.659060000000000201e+00
2.657000000000000028e+00
2.653939999999999966e+00
2.651879999999999793e+00
2.648820000000000174e+00
2.646780000000000133e+00
2.643699999999999939e+00
2.641649999999999832e+00
2.638630000000000031e+00
2.636589999999999989e+00
2.633509999999999796e+00
2.631470000000000198e+00
2.628369999999999873e+00
2.626349999999999962e+00
2.623289999999999900e+00
2.621210000000000040e+00
2.618160000000000043e+00
2.616070000000000118e+00
2.613020000000000120e+00
2.611000000000000210e+00
2.607930000000000081e+00
2.605879999999999974e+00
2.602790000000000159e+00
2.600750000000000117e+00
2.597669999999999924e+00
2.595639999999999947e+00
2.592579999999999885e+00
2.590549999999999908e+00
2.587509999999999977e+00
2.585459999999999869e+00
2.582399999999999807e+00
2.580340000000000078e+00
2.577259999999999884e+00
2.575210000000000221e+00
2.572130000000000027e+00
2.570100000000000051e+00
2.567000000000000171e+00
2.564970000000000194e+00
2.561900000000000066e+00
2.559870000000000090e+00
2.556799999999999962e+00
2.554739999999999789e+00
2.551670000000000105e+00
2.549609999999999932e+00
2.546720000000000095e+00
2.544669999999999987e+00
2.541659999999999808e+00
2.539610000000000145e+00
2.536540000000000017e+00
2.534479999999999844e+00
2.531379999999999963e+00
2.529349999999999987e+00
2.526279999999999859e+00
2.524220000000000130e+00
2.521150000000000002e+00
2.519080000000000208e+00
2.516039999999999832e+00
2.514019999999999921e+00
2.510979999999999990e+00
2.508910000000000196e+00
2.505830000000000002e+00
2.503789999999999960e+00
2.500700000000000145e+00
2.498660000000000103e+00
2.495600000000000041e+00
2.493580000000000130e+00
2.490549999999999820e+00
2.488490000000000091e+00
2.485419999999999963e+00
2.483319999999999972e+00
2.480290000000000106e+00
2.478250000000000064e+00
2.475169999999999870e+00
2.473120000000000207e+00
2.470029999999999948e+00
2.467989999999999906e+00
2.464929999999999843e+00
2.462909999999999933e+00
2.459859999999999935e+00
2.457759999999999945e+00
2.454709999999999948e+00
2.452640000000000153e+00
2.449570000000000025e+00
2.447529999999999983e+00
2.444519999999999804e+00
2.442470000000000141e+00
2.439389999999999947e+00
2.437349999999999905e+00
2.434250000000000025e+00
2.432389999999999830e+00
2.429349999999999898e+00
2.427270000000000039e+00
2.424179999999999779e+00
2.422109999999999985e+00
2.419080000000000119e+00
2.417030000000000012e+00
2.413980000000000015e+00
2.411929999999999907e+00
2.408850000000000158e+00
2.406810000000000116e+00
2.403719999999999857e+00
2.401679999999999815e+00
2.398620000000000196e+00
2.396619999999999973e+00
2.393549999999999844e+00
2.391490000000000116e+00
2.388440000000000119e+00
2.386359999999999815e+00
2.383309999999999818e+00
2.381270000000000220e+00
2.378200000000000092e+00
2.376119999999999788e+00
2.373029999999999973e+00
2.370989999999999931e+00
2.367929999999999868e+00
2.365920000000000023e+00
2.362820000000000142e+00
2.360749999999999904e+00
2.357699999999999907e+00
2.355640000000000178e+00
2.352590000000000181e+00
2.350550000000000139e+00
2.347519999999999829e+00
2.345470000000000166e+00
2.342389999999999972e+00
2.340339999999999865e+00
2.337250000000000050e+00
2.335199999999999942e+00
2.332129999999999814e+00
2.330080000000000151e+00
2.326999999999999957e+00
2.324939999999999785e+00
2.321889999999999787e+00
2.320009999999999906e+00
2.316949999999999843e+00
2.314919999999999867e+00
2.311830000000000052e+00
2.309800000000000075e+00
2.306729999999999947e+00
2.304670000000000218e+00
2.301629999999999843e+00
2.299619999999999997e+00
2.296559999999999935e+00
2.294500000000000206e+00
2.291430000000000078e+00
2.289350000000000218e+00
2.286309999999999842e+00
2.284269999999999801e+00
2.281200000000000117e+00
2.279129999999999878e+00
2.276050000000000129e+00
2.274020000000000152e+00
2.270970000000000155e+00
2.268930000000000113e+00
2.265839999999999854e+00
2.263780000000000125e+00
2.260730000000000128e+00
2.258669999999999956e+00
2.255609999999999893e+00
2.253559999999999786e+00
2.250529999999999919e+00
2.248489999999999878e+00
2.245420000000000194e+00
2.243370000000000086e+00
2.240279999999999827e+00
2.238249999999999851e+00
2.235139999999999905e+00
2.233119999999999994e+00
2.230039999999999800e+00
2.227970000000000006e+00
2.224959999999999827e+00
2.222879999999999967e+00
2.219840000000000035e+00
2.217789999999999928e+00
2.214710000000000178e+00
2.212670000000000137e+00
2.209589999999999943e+00
2.207539999999999836e+00
2.204480000000000217e+00
2.202479999999999993e+00
2.199409999999999865e+00
2.197529999999999983e+00
2.194469999999999921e+00
2.192390000000000061e+00
2.189340000000000064e+00
2.187300000000000022e+00
2.184200000000000141e+00
2.182160000000000100e+00
2.179079999999999906e+00
2.177059999999999995e+00
2.173979999999999801e+00
2.171940000000000204e+00
2.168839999999999879e+00
2.166809999999999903e+00
2.163749999999999840e+00
2.161690000000000111e+00
2.158619999999999983e+00
2.156569999999999876e+00
2.153540000000000010e+00
2.151520000000000099e+00
2.148449999999999971e+00
2.146409999999999929e+00
2.143289999999999917e+00
2.141249999999999876e+00
2.138160000000000061e+00
2.136140000000000150e+00
2.133049999999999891e+00
2.130999999999999783e+00
2.127969999999999917e+00
2.125910000000000188e+00
2.122840000000000060e+00
2.120820000000000149e+00
2.117750000000000021e+00
2.115709999999999980e+00
2.112620000000000164e+00
2.110580000000000123e+00
2.107520000000000060e+00
2.105510000000000215e+00
2.102440000000000087e+00
2.100410000000000110e+00
2.097339999999999982e+00
2.095260000000000122e+00
2.092200000000000060e+00
2.090139999999999887e+00
2.085989999999999789e+00
2.079709999999999948e+00
2.070110000000000117e+00
2.063730000000000064e+00
2.054180000000000117e+00
2.047759999999999803e+00
2.038139999999999841e+00
2.031759999999999788e+00
2.022139999999999826e+00
2.015760000000000218e+00
2.006260000000000154e+00
1.999800000000000022e+00
1.993409999999999904e+00
1.983819999999999917e+00
1.977419999999999956e+00
1.967819999999999903e+00
1.961440000000000072e+00
1.951869999999999994e+00
1.945419999999999927e+00
1.935850000000000071e+00
1.929459999999999953e+00
1.919890000000000096e+00
1.913550000000000084e+00
1.903929999999999900e+00
1.897540000000000004e+00
1.887930000000000108e+00
1.881550000000000056e+00
1.871960000000000068e+00
1.865580000000000016e+00
1.856009999999999938e+00
1.849620000000000042e+00
1.839960000000000040e+00
1.833609999999999962e+00
1.823979999999999935e+00
1.817600000000000104e+00
1.808089999999999975e+00
1.801660000000000039e+00
1.792019999999999946e+00
1.785670000000000091e+00
1.776070000000000038e+00
1.769649999999999945e+00
1.760150000000000103e+00
1.753679999999999906e+00
1.744089999999999918e+00
1.737770000000000037e+00
1.728660000000000085e+00
1.722290000000000099e+00
1.712769999999999904e+00
1.706320000000000059e+00
1.696730000000000071e+00
1.690339999999999954e+00
1.680739999999999901e+00
1.674369999999999914e+00
1.664770000000000083e+00
1.658369999999999900e+00
1.648730000000000029e+00
1.642339999999999911e+00
1.632759999999999989e+00
1.626390000000000002e+00
1.616829999999999989e+00
1.610419999999999963e+00
1.600829999999999975e+00
1.594400000000000039e+00
1.584840000000000027e+00
1.578419999999999934e+00
1.568840000000000012e+00
1.562459999999999960e+00
1.552829999999999933e+00
1.546489999999999920e+00
1.536950000000000038e+00
1.530520000000000103e+00
1.521009999999999973e+00
1.514620000000000077e+00
1.504979999999999984e+00
1.498599999999999932e+00
1.488990000000000036e+00
1.482580000000000009e+00
1.473049999999999971e+00
1.466660000000000075e+00
1.457009999999999916e+00
1.450660000000000061e+00
1.441060000000000008e+00
1.434669999999999890e+00
1.425170000000000048e+00
1.418700000000000072e+00
1.409089999999999954e+00
1.402749999999999941e+00
1.393119999999999914e+00
1.386710000000000109e+00
1.377210000000000045e+00
1.370759999999999978e+00
1.361739999999999950e+00
1.355329999999999924e+00
1.345739999999999936e+00
1.339380000000000015e+00
1.329800000000000093e+00
1.323399999999999910e+00
1.313809999999999922e+00
1.307369999999999921e+00
1.297809999999999908e+00
1.291430000000000078e+00
1.281859999999999999e+00
1.275500000000000078e+00
1.265859999999999985e+00
1.259439999999999893e+00
1.249870000000000037e+00
1.243449999999999944e+00
1.233899999999999997e+00
1.227519999999999945e+00
1.217929999999999957e+00
1.211479999999999890e+00
1.201959999999999917e+00
1.195529999999999982e+00
1.185990000000000100e+00
1.179619999999999891e+00
1.169939999999999980e+00
1.163540000000000019e+00
1.153969999999999940e+00
1.147550000000000070e+00
1.138039999999999941e+00
1.131650000000000045e+00
1.122039999999999926e+00
1.115639999999999965e+00
1.106049999999999978e+00
1.099669999999999925e+00
1.090070000000000094e+00
1.083700000000000108e+00
1.074070000000000080e+00
1.067649999999999988e+00
1.058110000000000106e+00
1.051700000000000079e+00
1.042159999999999975e+00
1.035779999999999923e+00
1.026229999999999976e+00
1.019719999999999960e+00
1.010199999999999987e+00
1.003830000000000000e+00
9.947200000000000486e-01
9.883499999999999508e-01
9.787799999999999834e-01
9.723199999999999621e-01
9.627999999999999892e-01
9.563899999999999624e-01
9.468100000000000405e-01
9.404799999999999827e-01
9.308400000000000007e-01
9.244299999999999740e-01
9.148500000000000520e-01
9.084400000000000253e-01
8.988399999999999723e-01
8.924999999999999600e-01
8.828700000000000436e-01
8.764699999999999713e-01
8.669299999999999784e-01
8.604699999999999571e-01
8.509400000000000297e-01
8.445599999999999774e-01
8.349400000000000155e-01
8.285500000000000087e-01
8.189699999999999758e-01
8.125499999999999945e-01
8.029800000000000271e-01
7.966100000000000403e-01
7.869899999999999674e-01
7.806100000000000261e-01
7.709799999999999986e-01
7.645999999999999464e-01
7.550099999999999589e-01
7.486599999999999921e-01
7.390600000000000502e-01
7.326500000000000234e-01
7.230499999999999705e-01
7.166799999999999837e-01
7.070999999999999508e-01
7.007400000000000295e-01
6.911899999999999711e-01
6.847100000000000408e-01
6.751300000000000079e-01
6.687699999999999756e-01
6.591399999999999482e-01
6.528199999999999559e-01
6.432499999999999885e-01
6.368000000000000327e-01
6.277800000000000047e-01
6.213899999999999979e-01
6.117700000000000360e-01
6.054399999999999782e-01
5.957799999999999763e-01
5.893899999999999695e-01
5.798200000000000021e-01
5.734099999999999753e-01
5.638400000000000079e-01
5.574900000000000411e-01
5.478600000000000136e-01
5.414900000000000269e-01
5.319099999999999939e-01
5.255199999999999871e-01
5.159299999999999997e-01
5.095300000000000384e-01
4.999199999999999755e-01
4.935300000000000242e-01
4.839499999999999913e-01
4.775499999999999745e-01
4.680099999999999816e-01
4.616100000000000203e-01
4.520600000000000174e-01
4.456700000000000106e-01
4.359999999999999987e-01
4.296499999999999764e-01
4.200200000000000045e-01
4.136400000000000077e-01
4.040799999999999947e-01
3.976500000000000035e-01
3.879900000000000015e-01
3.816599999999999993e-01
3.720200000000000173e-01
3.656800000000000050e-01
3.561300000000000021e-01
3.497199999999999753e-01
3.400900000000000034e-01
3.337200000000000166e-01
3.241399999999999837e-01
3.177200000000000024e-01
3.082199999999999940e-01
3.018000000000000127e-01
2.921799999999999953e-01
2.858200000000000185e-01
2.762299999999999756e-01
2.698499999999999788e-01
2.602800000000000114e-01
2.544000000000000150e-01
2.447699999999999876e-01
2.378599999999999881e-01
2.288300000000000056e-01
2.224200000000000066e-01
2.128400000000000014e-01
2.064300000000000024e-01
1.967700000000000005e-01
1.904500000000000082e-01
1.808700000000000030e-01
1.744600000000000040e-01
1.649299999999999933e-01
1.585100000000000120e-01
1.488500000000000101e-01
1.425200000000000078e-01
1.329700000000000049e-01
1.265100000000000113e-01
1.170000000000000068e-01
1.105799999999999977e-01
1.009199999999999958e-01
9.456000000000000516e-02
8.498999999999999611e-02
7.857999999999999707e-02
6.908000000000000251e-02
6.265999999999999348e-02
5.299999999999999850e-02
4.662999999999999784e-02
3.699000000000000205e-02
3.062000000000000138e-02
2.104999999999999927e-02
1.463000000000000064e-02
5.009999999999999697e-03
-1.100000000000000039e-04
-2.999999999999999737e-04
-3.200000000000000262e-04
-3.200000000000000262e-04
-3.400000000000000244e-04
-3.400000000000000244e-04
-3.200000000000000262e-04
-3.299999999999999982e-04
-3.299999999999999982e-04
-3.299999999999999982e-04
-3.299999999999999982e-04
-3.400000000000000244e-04
-3.400000000000000244e-04
-3.299999999999999982e-04
-3.400000000000000244e-04
-3.400000000000000244e-04
-3.400000000000000244e-04
-3.400000000000000244e-04
-3.400000000000000244e-04
-3.400000000000000244e-04
-3.400000000000000244e-04
-3.400000000000000244e-04
-3.400000000000000244e-04
-3.400000000000000244e-04
-3.400000000000000244e-04
-3.400000000000000244e-04
-3.400000000000000244e-04
-3.499999999999999964e-04
-3.499999999999999964e-04
-3.499999999999999964e-04
-3.499999999999999964e-04
-3.499999999999999964e-04
-3.499999999999999964e-04
-3.499999999999999964e-04
-3.499999999999999964e-04
-3.499999999999999964e-04
-3.499999999999999964e-04
-3.499999999999999964e-04
-3.499999999999999964e-04
-3.499999999999999964e-04
-3.499999999999999964e-04
-3.499999999999999964e-04
-3.499999999999999964e-04
-3.499999999999999964e-04
-3.499999999999999964e-04
-3.499999999999999964e-04
-3.499999999999999964e-04
-3.499999999999999964e-04
-3.499999999999999964e-04
-3.499999999999999964e-04
-3.499999999999999964e-04
-3.499999999999999964e-04
-3.499999999999999964e-04
-3.499999999999999964e-04
-3.499999999999999964e-04
-3.499999999999999964e-04
-3.499999999999999964e-04
-3.499999999999999964e-04
-3.499999999999999964e-04
-3.499999999999999964e-04
-3.499999999999999964e-04
-3.499999999999999964e-04
-3.499999999999999964e-04
-3.499999999999999964e-04
-3.499999999999999964e-04
-3.499999999999999964e-04
-3.499999999999999964e-04
-3.499999999999999964e-04
-3.499999999999999964e-04
-3.499999999999999964e-04
-3.499999999999999964e-04
-3.499999999999999964e-04
-3.499999999999999964e-04
-3.499999999999999964e-04
-3.499999999999999964e-04
-3.499999999999999964e-04
-3.499999999999999964e-04
-3.499999999999999964e-04
-3.499999999999999964e-04
-3.499999999999999964e-04
-3.499999999999999964e-04
-3.499999999999999964e-04
-3.499999999999999964e-04
-3.499999999999999964e-04
-3.499999999999999964e-04
-3.499999999999999964e-04
-3.499999999999999964e-04
-3.499999999999999964e-04
-3.499999999999999964e-04
-3.499999999999999964e-04
-3.499999999999999964e-04
-3.499999999999999964e-04
-3.499999999999999964e-04
-3.499999999999999964e-04
-3.499999999999999964e-04
-3.499999999999999964e-04
-3.499999999999999964e-04
-3.499999999999999964e-04
-3.499999999999999964e-04
-3.499999999999999964e-04
-3.499999999999999964e-04
-3.499999999999999964e-04
-3.499999999999999964e-04
-3.499999999999999964e-04
-3.499999999999999964e-04
-3.499999999999999964e-04
-3.499999999999999964e-04
-3.499999999999999964e-04
-3.499999999999999964e-04
-3.499999999999999964e-04
-3.499999999999999964e-04
-3.499999999999999964e-04
-3.499999999999999964e-04
-3.499999999999999964e-04
-3.499999999999999964e-04
-3.499999999999999964e-04
-3.499999999999999964e-04
-3.499999999999999964e-04
-3.499999999999999964e-04
-3.499999999999999964e-04
-3.499999999999999964e-04
-3.499999999999999964e-04
-3.499999999999999964e-04
-3.499999999999999964e-04
-3.600000000000000227e-04
-3.499999999999999964e-04
-3.499999999999999964e-04
-3.499999999999999964e-04
-3.499999999999999964e-04
-3.499999999999999964e-04
-3.499999999999999964e-04
-3.499999999999999964e-04
-3.499999999999999964e-04
-3.499999999999999964e-04
-3.499999999999999964e-04
-3.499999999999999964e-04
-3.499999999999999964e-04
-3.499999999999999964e-04
-3.499999999999999964e-04
-3.600000000000000227e-04
-3.499999999999999964e-04
-3.600000000000000227e-04
-3.600000000000000227e-04
-3.600000000000000227e-04
-3.499999999999999964e-04
-3.499999999999999964e-04
-3.499999999999999964e-04
-3.499999999999999964e-04
-3.499999999999999964e-04
-3.499999999999999964e-04
-3.499999999999999964e-04
-3.499999999999999964e-04
-3.499999999999999964e-04
-3.499999999999999964e-04
-3.499999999999999964e-04
-3.499999999999999964e-04
-3.499999999999999964e-04
-3.499999999999999964e-04
-3.499999999999999964e-04
-3.499999999999999964e-04
-3.499999999999999964e-04
-3.499999999999999964e-04
-3.499999999999999964e-04
-3.499999999999999964e-04
-3.499999999999999964e-04
-3.499999999999999964e-04
-3.499999999999999964e-04
-3.499999999999999964e-04
-3.499999999999999964e-04
-3.499999999999999964e-04
-3.499999999999999964e-04
-3.499999999999999964e-04
-3.499999999999999964e-04
-3.499999999999999964e-04
-3.499999999999999964e-04
-3.499999999999999964e-04
-3.499999999999999964e-04
-3.600000000000000227e-04
-3.600000000000000227e-04
-3.499999999999999964e-04
-3.499999999999999964e-04
-3.499999999999999964e-04
-3.600000000000000227e-04
-3.499999999999999964e-04
-3.499999999999999964e-04
-3.499999999999999964e-04
-3.600000000000000227e-04
-3.600000000000000227e-04
-3.600000000000000227e-04
-3.499999999999999964e-04
-3.600000000000000227e-04
-3.499999999999999964e-04
-3.600000000000000227e-04
-3.600000000000000227e-04
-3.600000000000000227e-04
-3.600000000000000227e-04
-3.600000000000000227e-04
-3.600000000000000227e-04
-3.600000000000000227e-04
-3.600000000000000227e-04
-3.600000000000000227e-04
-3.600000000000000227e-04
-3.600000000000000227e-04
-3.600000000000000227e-04
-3.600000000000000227e-04
-3.499999999999999964e-04
-3.499999999999999964e-04
-3.499999999999999964e-04
-3.499999999999999964e-04
-3.499999999999999964e-04
-3.499999999999999964e-04
-3.499999999999999964e-04
-3.499999999999999964e-04
-3.600000000000000227e-04
-3.600000000000000227e-04
-3.499999999999999964e-04
-3.499999999999999964e-04
-3.600000000000000227e-04
-3.600000000000000227e-04
-3.600000000000000227e-04
-3.600000000000000227e-04
-3.600000000000000227e-04
-3.600000000000000227e-04
-3.600000000000000227e-04
-3.600000000000000227e-04
-3.600000000000000227e-04
-3.600000000000000227e-04
-3.600000000000000227e-04
-3.499999999999999964e-04
-3.499999999999999964e-04
-3.499999999999999964e-04
-3.499999999999999964e-04
-3.499999999999999964e-04
-3.499999999999999964e-04
-3.499999999999999964e-04
-3.499999999999999964e-04
-3.499999999999999964e-04
-3.499999999999999964e-04
-3.499999999999999964e-04
-3.499999999999999964e-04
-3.499999999999999964e-04
-3.499999999999999964e-04
-3.499999999999999964e-04
-3.499999999999999964e-04
-3.499999999999999964e-04
-3.499999999999999964e-04
-3.499999999999999964e-04
-3.499999999999999964e-04
-3.499999999999999964e-04
-3.499999999999999964e-04
-3.499999999999999964e-04
-3.499999999999999964e-04
-3.499999999999999964e-04
-3.600000000000000227e-04
-3.600000000000000227e-04
-3.600000000000000227e-04
-3.600000000000000227e-04
-3.600000000000000227e-04
-3.600000000000000227e-04
-3.600000000000000227e-04
-3.600000000000000227e-04
-3.600000000000000227e-04
-3.600000000000000227e-04
-3.600000000000000227e-04
-3.499999999999999964e-04
-3.600000000000000227e-04
-3.600000000000000227e-04
-3.600000000000000227e-04
-3.600000000000000227e-04
-3.600000000000000227e-04
-3.600000000000000227e-04
-3.600000000000000227e-04
-3.600000000000000227e-04
-3.600000000000000227e-04
-3.499999999999999964e-04
-3.600000000000000227e-04
-3.600000000000000227e-04
-3.499999999999999964e-04
-3.499999999999999964e-04
-3.499999999999999964e-04
-3.499999999999999964e-04
-3.499999999999999964e-04
-3.499999999999999964e-04
-3.600000000000000227e-04
-3.600000000000000227e-04
-3.600000000000000227e-04
-3.499999999999999964e-04
-3.600000000000000227e-04
-3.600000000000000227e-04
-3.499999999999999964e-04
-3.499999999999999964e-04
-3.499999999999999964e-04
-3.499999999999999964e-04
-3.499999999999999964e-04
-3.499999999999999964e-04
-3.499999999999999964e-04
-3.499999999999999964e-04
-3.600000000000000227e-04
-3.499999999999999964e-04
-3.499999999999999964e-04
-3.499999999999999964e-04
-3.499999999999999964e-04
-3.600000000000000227e-04
-3.600000000000000227e-04
-3.600000000000000227e-04
-3.600000000000000227e-04
-3.600000000000000227e-04
-3.600000000000000227e-04
-3.600000000000000227e-04
-3.600000000000000227e-04
-3.600000000000000227e-04
-3.600000000000000227e-04
-3.600000000000000227e-04
-3.600000000000000227e-04
-3.600000000000000227e-04
-3.600000000000000227e-04
-3.600000000000000227e-04
-3.600000000000000227e-04
-3.600000000000000227e-04
-3.600000000000000227e-04
-3.600000000000000227e-04
-3.600000000000000227e-04
-3.600000000000000227e-04
-3.600000000000000227e-04
-3.600000000000000227e-04
-3.600000000000000227e-04
-3.600000000000000227e-04
-3.600000000000000227e-04
-3.600000000000000227e-04
-3.600000000000000227e-04
-3.600000000000000227e-04
-3.600000000000000227e-04
-3.600000000000000227e-04
-3.600000000000000227e-04
-3.600000000000000227e-04
-3.600000000000000227e-04
-3.600000000000000227e-04
-3.600000000000000227e-04
-3.600000000000000227e-04
-3.600000000000000227e-04
-3.600000000000000227e-04
-3.600000000000000227e-04
-3.600000000000000227e-04
-3.600000000000000227e-04
-3.600000000000000227e-04
-3.600000000000000227e-04
-3.600000000000000227e-04
-3.600000000000000227e-04
-3.600000000000000227e-04
-3.600000000000000227e-04
-3.600000000000000227e-04
-3.600000000000000227e-04
-3.600000000000000227e-04
-3.600000000000000227e-04
-3.600000000000000227e-04
-3.600000000000000227e-04
-3.499999999999999964e-04
-3.499999999999999964e-04
-3.499999999999999964e-04
-3.499999999999999964e-04
-3.600000000000000227e-04
-3.499999999999999964e-04
-3.499999999999999964e-04
-3.600000000000000227e-04
-3.600000000000000227e-04
-3.600000000000000227e-04
-3.600000000000000227e-04
-3.600000000000000227e-04
-3.600000000000000227e-04
-3.600000000000000227e-04
-3.600000000000000227e-04
-3.600000000000000227e-04
-3.600000000000000227e-04
-3.600000000000000227e-04
-3.499999999999999964e-04
-3.600000000000000227e-04
-3.600000000000000227e-04
-3.600000000000000227e-04
-3.600000000000000227e-04
-3.600000000000000227e-04
-3.600000000000000227e-04
-3.600000000000000227e-04
-3.600000000000000227e-04
-3.600000000000000227e-04
-3.600000000000000227e-04
-3.600000000000000227e-04
-3.600000000000000227e-04
-3.600000000000000227e-04
-3.600000000000000227e-04
-3.600000000000000227e-04
-3.600000000000000227e-04
-3.600000000000000227e-04
-3.600000000000000227e-04
-3.600000000000000227e-04
-3.600000000000000227e-04
-3.600000000000000227e-04
-3.600000000000000227e-04
-3.499999999999999964e-04
-3.600000000000000227e-04
-3.600000000000000227e-04
-3.600000000000000227e-04
-3.600000000000000227e-04
-3.600000000000000227e-04
-3.600000000000000227e-04
-3.600000000000000227e-04
-3.600000000000000227e-04
-3.600000000000000227e-04
-3.600000000000000227e-04
-3.600000000000000227e-04
-3.600000000000000227e-04
-3.600000000000000227e-04
-3.600000000000000227e-04
-3.600000000000000227e-04
-3.600000000000000227e-04
-3.600000000000000227e-04
-3.600000000000000227e-04
-3.600000000000000227e-04
-3.600000000000000227e-04
-3.600000000000000227e-04
-3.600000000000000227e-04
-3.600000000000000227e-04
-3.600000000000000227e-04
-3.600000000000000227e-04
-3.600000000000000227e-04
-3.600000000000000227e-04
-3.600000000000000227e-04
-3.600000000000000227e-04
-3.600000000000000227e-04
-3.600000000000000227e-04
-3.600000000000000227e-04
-3.600000000000000227e-04
-3.600000000000000227e-04
-3.600000000000000227e-04
-3.600000000000000227e-04
-3.600000000000000227e-04
-3.499999999999999964e-04
-3.499999999999999964e-04
-3.499999999999999964e-04
-3.600000000000000227e-04
-3.600000000000000227e-04
-3.499999999999999964e-04
-3.600000000000000227e-04
-3.600000000000000227e-04
-3.600000000000000227e-04
-3.600000000000000227e-04
-3.600000000000000227e-04
-3.600000000000000227e-04
-3.600000000000000227e-04
-3.600000000000000227e-04
-3.600000000000000227e-04
-3.600000000000000227e-04
-3.600000000000000227e-04
-3.600000000000000227e-04
-3.600000000000000227e-04
-3.600000000000000227e-04
-3.600000000000000227e-04
-3.600000000000000227e-04
-3.499999999999999964e-04
-3.499999999999999964e-04
-3.499999999999999964e-04
-3.600000000000000227e-04
-3.600000000000000227e-04
-3.600000000000000227e-04
-3.600000000000000227e-04
-3.600000000000000227e-04
-3.600000000000000227e-04
-3.499999999999999964e-04
-3.499999999999999964e-04
-3.499999999999999964e-04
-3.600000000000000227e-04
-3.600000000000000227e-04
-3.600000000000000227e-04
-3.600000000000000227e-04
-3.600000000000000227e-04
-3.600000000000000227e-04
-3.600000000000000227e-04
-3.600000000000000227e-04
-3.600000000000000227e-04
-3.600000000000000227e-04
-3.600000000000000227e-04
-3.600000000000000227e-04
-3.499999999999999964e-04
-3.600000000000000227e-04
-3.600000000000000227e-04
-3.600000000000000227e-04
-3.600000000000000227e-04
-3.600000000000000227e-04
-3.600000000000000227e-04
-3.600000000000000227e-04
-3.600000000000000227e-04
-3.600000000000000227e-04
-3.600000000000000227e-04
-3.600000000000000227e-04
-3.600000000000000227e-04
-3.600000000000000227e-04
-3.600000000000000227e-04
-3.600000000000000227e-04
-3.600000000000000227e-04
-3.600000000000000227e-04
-3.600000000000000227e-04
-3.600000000000000227e-04
-3.600000000000000227e-04
-3.600000000000000227e-04
-3.600000000000000227e-04
-3.600000000000000227e-04
-3.600000000000000227e-04
-3.600000000000000227e-04
-3.600000000000000227e-04
-3.600000000000000227e-04
-3.600000000000000227e-04
-3.600000000000000227e-04
-3.600000000000000227e-04
-3.600000000000000227e-04
-3.600000000000000227e-04
-3.600000000000000227e-04
-3.600000000000000227e-04
-3.600000000000000227e-04
-3.600000000000000227e-04
-3.600000000000000227e-04
-3.600000000000000227e-04
-3.600000000000000227e-04
-3.600000000000000227e-04
-3.600000000000000227e-04
-3.600000000000000227e-04
-3.600000000000000227e-04
-3.600000000000000227e-04
-3.600000000000000227e-04
-3.600000000000000227e-04
-3.600000000000000227e-04
-3.600000000000000227e-04
-3.600000000000000227e-04
-3.600000000000000227e-04
-3.600000000000000227e-04
-3.600000000000000227e-04
-3.600000000000000227e-04
-3.600000000000000227e-04
-3.600000000000000227e-04
-3.600000000000000227e-04
-3.600000000000000227e-04
-3.600000000000000227e-04
-3.600000000000000227e-04
-3.600000000000000227e-04
-3.600000000000000227e-04
-3.600000000000000227e-04
-3.600000000000000227e-04
-3.600000000000000227e-04
-3.600000000000000227e-04
-3.600000000000000227e-04
-3.600000000000000227e-04
-3.499999999999999964e-04
-3.600000000000000227e-04
-3.600000000000000227e-04
-3.600000000000000227e-04
-3.600000000000000227e-04
-3.600000000000000227e-04
-3.600000000000000227e-04
-3.600000000000000227e-04
-3.600000000000000227e-04
-3.600000000000000227e-04
-3.600000000000000227e-04
-3.600000000000000227e-04
-3.600000000000000227e-04
-3.600000000000000227e-04
-3.600000000000000227e-04
-3.600000000000000227e-04
-3.600000000000000227e-04
-3.600000000000000227e-04
-3.600000000000000227e-04
-3.600000000000000227e-04
-3.600000000000000227e-04
-3.600000000000000227e-04
-3.600000000000000227e-04
-3.600000000000000227e-04
-3.600000000000000227e-04
-3.600000000000000227e-04
-3.600000000000000227e-04
-3.499999999999999964e-04
-3.499999999999999964e-04
-3.499999999999999964e-04
-3.600000000000000227e-04
-3.600000000000000227e-04
-3.600000000000000227e-04
-3.600000000000000227e-04
-3.600000000000000227e-04
-3.600000000000000227e-04
-3.600000000000000227e-04
-3.600000000000000227e-04
-3.600000000000000227e-04
-3.600000000000000227e-04
-3.600000000000000227e-04
-3.600000000000000227e-04
-3.600000000000000227e-04
-3.600000000000000227e-04
-3.600000000000000227e-04
-3.600000000000000227e-04
-3.600000000000000227e-04
