4.244246999999999685e-05
4.244246999999999685e-05
4.244246999999999685e-05
4.244246999999999685e-05
4.244246999999999685e-05
4.244246999999999685e-05
4.243500999999999675e-05
4.243129000000000079e-05
4.242010999999999796e-05
4.240520999999999917e-05
4.239031000000000038e-05
4.236796000000000220e-05
4.234932999999999997e-05
4.232325999999999905e-05
4.229345000000000077e-05
4.225619999999999702e-05
4.221895000000000004e-05
4.217796999999999963e-05
4.212953999999999983e-05
4.208483999999999668e-05
4.203268000000000022e-05
4.198052999999999767e-05
4.192464999999999847e-05
4.186505000000000331e-05
4.180544000000000068e-05
4.174211000000000208e-05
4.167877999999999671e-05
4.161173000000000215e-05
4.154839999999999678e-05
4.148134000000000153e-05
4.141801000000000293e-05
4.135467999999999756e-05
4.128763000000000300e-05
4.122429999999999763e-05
4.115724000000000238e-05
4.109390999999999700e-05
4.103057999999999841e-05
4.096724999999999981e-05
4.090019999999999848e-05
4.082940999999999979e-05
4.076235999999999846e-05
4.069158000000000047e-05
4.061706999999999904e-05
4.054256999999999832e-05
4.046805999999999689e-05
4.039356000000000294e-05
4.031531999999999808e-05
4.024081999999999735e-05
4.016258999999999997e-05
4.008436000000000258e-05
4.000612999999999842e-05
3.992789000000000033e-05
3.984594000000000021e-05
3.977142999999999878e-05
3.969320000000000140e-05
3.961496999999999724e-05
3.954046000000000259e-05
3.946222999999999842e-05
3.938772999999999770e-05
3.930950000000000031e-05
3.923498999999999889e-05
3.916047999999999746e-05
3.908597999999999673e-05
3.901147000000000208e-05
3.894442000000000075e-05
3.886990999999999932e-05
3.879913000000000133e-05
3.872835000000000334e-05
3.866130000000000201e-05
3.859051999999999724e-05
3.851601000000000259e-05
3.844522999999999783e-05
3.837444999999999984e-05
3.830367000000000185e-05
3.823288999999999708e-05
3.816210999999999909e-05
3.809504999999999706e-05
3.802426999999999907e-05
3.795721999999999773e-05
3.789388999999999914e-05
3.782682999999999711e-05
3.776349999999999851e-05
3.769644999999999718e-05
3.762939000000000193e-05
3.756606000000000333e-05
3.750272999999999796e-05
3.744313000000000280e-05
3.737979999999999743e-05
3.731274000000000217e-05
3.724569000000000084e-05
3.718236000000000224e-05
3.711156999999999678e-05
3.704823999999999818e-05
3.698490999999999958e-05
3.691785999999999825e-05
3.685080000000000300e-05
3.678746999999999763e-05
3.672042000000000307e-05
3.665336000000000104e-05
3.659003000000000244e-05
3.652298000000000111e-05
3.645965000000000252e-05
3.639631999999999714e-05
3.632926000000000189e-05
3.626593000000000329e-05
3.619888000000000196e-05
3.613181999999999993e-05
3.606476999999999860e-05
3.600144000000000000e-05
3.593066000000000201e-05
3.586359999999999998e-05
3.579654999999999865e-05
3.572948999999999662e-05
3.566244000000000206e-05
3.559538000000000003e-05
3.553205000000000144e-05
3.546872000000000284e-05
3.540538999999999747e-05
3.534205999999999887e-05
3.527873000000000028e-05
3.521540000000000168e-05
3.515207000000000309e-05
3.508873999999999771e-05
3.502540999999999912e-05
3.496208000000000052e-05
3.489875000000000193e-05
3.483914999999999999e-05
3.477582000000000139e-05
3.471620999999999876e-05
3.465660999999999682e-05
3.459700000000000096e-05
3.453739999999999903e-05
3.447779000000000317e-05
3.441819000000000123e-05
3.435858999999999929e-05
3.429526000000000070e-05
3.423564999999999806e-05
3.417976999999999886e-05
3.411644000000000026e-05
3.405683999999999833e-05
3.399723000000000247e-05
3.393389999999999710e-05
3.387056999999999850e-05
3.380723999999999990e-05
3.374391000000000131e-05
3.368430999999999937e-05
3.362098000000000078e-05
3.355765000000000218e-05
3.349431999999999681e-05
3.343471000000000095e-05
3.337138000000000235e-05
3.331178000000000042e-05
3.324845000000000182e-05
3.318883999999999918e-05
3.312551000000000059e-05
3.306590999999999865e-05
3.300258000000000006e-05
3.294296999999999742e-05
3.287964999999999952e-05
3.282003999999999689e-05
3.275670999999999829e-05
3.269337999999999970e-05
3.263005000000000110e-05
3.256672000000000250e-05
3.250712000000000057e-05
3.244379000000000197e-05
3.238046000000000338e-05
3.232085000000000074e-05
3.225752000000000214e-05
3.219418999999999677e-05
3.213085999999999818e-05
3.207126000000000302e-05
3.201165000000000038e-05
3.195204999999999844e-05
3.189244000000000258e-05
3.183656000000000338e-05
3.178067999999999741e-05
3.172480999999999890e-05
3.166520000000000304e-05
3.160931999999999707e-05
3.155343999999999787e-05
3.149755999999999867e-05
3.143795999999999673e-05
3.138207999999999753e-05
3.131874999999999893e-05
3.125914000000000307e-05
3.120325999999999710e-05
3.114738999999999860e-05
3.108778000000000274e-05
3.103189999999999676e-05
3.096856999999999816e-05
3.091268999999999896e-05
3.085680999999999976e-05
3.079720999999999782e-05
3.073760000000000197e-05
3.067427000000000337e-05
3.060722000000000204e-05
3.054388999999999667e-05
3.047672000000000049e-05
3.040965999999999846e-05
3.034261000000000052e-05
3.027927999999999853e-05
3.021221999999999989e-05
3.014889000000000129e-05
3.008928999999999936e-05
3.002596000000000076e-05
2.996635000000000151e-05
2.990674999999999958e-05
2.984342000000000098e-05
2.978753999999999839e-05
2.972420999999999980e-05
2.966460000000000055e-05
2.960499999999999861e-05
2.954538999999999936e-05
2.948579000000000082e-05
2.942618000000000157e-05
2.936657999999999963e-05
2.930698000000000108e-05
2.924736999999999845e-05
2.919148999999999925e-05
2.913189000000000070e-05
2.906855999999999871e-05
2.900894999999999947e-05
2.894935000000000092e-05
2.888974000000000167e-05
2.883013999999999973e-05
2.877053000000000048e-05
2.871092999999999855e-05
2.865131999999999930e-05
2.859172000000000075e-05
2.853211000000000150e-05
2.846877999999999952e-05
2.840918000000000097e-05
2.835329999999999838e-05
2.829369999999999983e-05
2.823409000000000059e-05
2.817821000000000139e-05
2.811860999999999945e-05
2.805900000000000020e-05
2.799940000000000165e-05
2.793978999999999902e-05
2.788390999999999982e-05
2.782431000000000127e-05
2.776842999999999868e-05
2.770883000000000013e-05
2.764922000000000088e-05
2.758961999999999895e-05
2.753000999999999970e-05
2.747041000000000115e-05
2.741079999999999851e-05
2.735491999999999931e-05
2.729532000000000076e-05
2.723571000000000152e-05
2.717610999999999958e-05
2.712023000000000038e-05
2.706435000000000118e-05
2.700474999999999924e-05
2.694887000000000004e-05
2.688926000000000079e-05
2.682965999999999886e-05
2.677377999999999965e-05
2.671790000000000045e-05
2.666202000000000125e-05
2.659868999999999927e-05
2.654281000000000007e-05
2.648693000000000087e-05
2.643105000000000167e-05
2.637516999999999908e-05
2.631557000000000053e-05
2.625969000000000133e-05
2.620753000000000148e-05
2.615164999999999889e-05
2.609205000000000034e-05
2.603617000000000114e-05
2.598401999999999860e-05
2.593185999999999874e-05
2.587597999999999954e-05
2.582383000000000039e-05
2.577167000000000054e-05
2.571579999999999865e-05
2.566736999999999884e-05
2.561893999999999904e-05
2.556677999999999918e-05
2.551834999999999938e-05
2.546620000000000022e-05
2.542150000000000047e-05
2.536934000000000061e-05
2.532464000000000085e-05
2.527248999999999831e-05
2.522405999999999851e-05
2.517562999999999870e-05
2.512346999999999885e-05
2.507131999999999970e-05
2.501917000000000054e-05
2.496701000000000069e-05
2.491858000000000088e-05
2.486642999999999834e-05
2.481799999999999854e-05
2.476956999999999873e-05
2.472113999999999892e-05
2.467270999999999912e-05
2.462429000000000001e-05
2.457586000000000021e-05
2.452743000000000040e-05
2.447900000000000060e-05
2.443057000000000079e-05
2.438214000000000098e-05
2.432998999999999844e-05
2.428155999999999864e-05
2.422567999999999944e-05
2.418097999999999968e-05
2.412881999999999983e-05
2.408039000000000002e-05
2.403196000000000021e-05
2.397981000000000106e-05
2.393138000000000125e-05
2.388295000000000145e-05
2.383825000000000169e-05
2.378608999999999845e-05
2.374138999999999869e-05
2.368923999999999954e-05
2.364452999999999908e-05
2.359237999999999993e-05
2.354768000000000017e-05
2.349925000000000036e-05
2.345453999999999990e-05
2.340612000000000080e-05
2.336141000000000034e-05
2.331298000000000053e-05
2.327200000000000012e-05
2.322730000000000037e-05
2.317887000000000056e-05
2.313789000000000015e-05
2.308947000000000104e-05
2.304849000000000063e-05
2.300006000000000083e-05
2.295908000000000042e-05
2.291438000000000066e-05
2.286595000000000085e-05
2.282124000000000039e-05
2.277282000000000129e-05
2.273184000000000088e-05
2.268341000000000107e-05
2.264243000000000066e-05
2.259400000000000086e-05
2.254930000000000110e-05
2.250460000000000134e-05
2.245989000000000088e-05
2.241891000000000047e-05
2.237794000000000076e-05
2.233323000000000030e-05
2.229224999999999989e-05
2.225128000000000018e-05
2.221029999999999977e-05
2.216931999999999936e-05
2.213206999999999900e-05
2.208735999999999854e-05
2.204265999999999878e-05
2.200167999999999837e-05
2.195324999999999856e-05
2.191227000000000154e-05
2.186384999999999905e-05
2.181541999999999924e-05
2.177070999999999878e-05
2.172227999999999898e-05
2.168130999999999927e-05
2.163287999999999946e-05
2.158816999999999900e-05
2.153973999999999920e-05
2.149503999999999944e-05
2.145033999999999968e-05
2.140562999999999922e-05
2.135721000000000012e-05
2.130878000000000031e-05
2.126779999999999990e-05
2.121937000000000009e-05
2.117838999999999968e-05
2.112995999999999988e-05
2.108526000000000012e-05
2.104056000000000036e-05
2.099213000000000055e-05
2.095115000000000014e-05
2.090272000000000034e-05
2.086173999999999993e-05
2.081704000000000017e-05
2.077605999999999976e-05
2.073880999999999940e-05
2.069782999999999898e-05
2.066057999999999862e-05
2.062332000000000095e-05
2.058235000000000124e-05
2.054509000000000017e-05
2.050410999999999976e-05
2.045941000000000000e-05
2.041842999999999959e-05
2.036999999999999979e-05
2.032903000000000008e-05
2.028431999999999962e-05
2.023961999999999986e-05
2.020236999999999950e-05
2.015765999999999904e-05
2.011295999999999928e-05
2.007570999999999892e-05
2.003099999999999846e-05
1.999002000000000144e-05
1.994904999999999834e-05
1.990434000000000127e-05
1.985964000000000151e-05
1.981866000000000110e-05
1.977396000000000134e-05
1.972925000000000088e-05
1.968828000000000117e-05
1.964357000000000071e-05
1.959887000000000096e-05
1.955417000000000120e-05
1.950574000000000139e-05
1.946476000000000098e-05
1.941633000000000117e-05
1.936790000000000137e-05
1.931947000000000156e-05
1.927476999999999842e-05
1.922633999999999861e-05
1.918163999999999885e-05
1.913692999999999840e-05
1.909222999999999864e-05
1.905125000000000161e-05
1.900654999999999847e-05
1.896557000000000145e-05
1.892087000000000169e-05
1.887243999999999849e-05
1.883146000000000147e-05
1.879048000000000106e-05
1.874578000000000130e-05
1.870480000000000089e-05
1.866010000000000113e-05
1.861912000000000072e-05
1.857441000000000026e-05
1.852971000000000051e-05
1.849246000000000014e-05
1.844774999999999968e-05
1.840677999999999997e-05
1.836579999999999956e-05
1.832481999999999915e-05
1.827638999999999935e-05
1.823913999999999898e-05
1.819442999999999853e-05
1.815345999999999881e-05
1.811247999999999840e-05
1.807895000000000078e-05
1.803797000000000037e-05
1.800072000000000000e-05
1.795973999999999959e-05
1.792248999999999923e-05
1.788523999999999886e-05
1.784425999999999845e-05
1.780328000000000143e-05
1.776230000000000102e-05
1.772505000000000066e-05
1.768034000000000020e-05
1.763564000000000044e-05
1.759466000000000003e-05
1.754996000000000027e-05
1.750897999999999986e-05
1.746428000000000010e-05
1.741956999999999965e-05
1.738231999999999928e-05
1.733761999999999952e-05
1.729290999999999907e-05
1.725565999999999870e-05
1.721468000000000168e-05
1.716997999999999853e-05
1.712900000000000151e-05
1.709175000000000115e-05
1.704704000000000069e-05
1.700607000000000098e-05
1.696880999999999992e-05
1.692411000000000016e-05
1.688312999999999975e-05
1.684587999999999938e-05
1.680489999999999897e-05
1.676019999999999921e-05
1.671921999999999880e-05
1.668196999999999844e-05
1.664099000000000142e-05
1.660001000000000101e-05
1.655903000000000060e-05
1.652178000000000023e-05
1.648079999999999982e-05
1.643981999999999941e-05
1.640256999999999905e-05
1.636904000000000142e-05
1.632806000000000101e-05
1.629081000000000065e-05
1.625356000000000028e-05
1.622002999999999927e-05
1.618277999999999890e-05
1.614552000000000123e-05
1.610827000000000087e-05
1.606729000000000046e-05
1.603004000000000009e-05
1.598905999999999968e-05
1.595552999999999867e-05
1.591455999999999896e-05
1.587730000000000128e-05
1.583633000000000157e-05
1.579907000000000051e-05
1.576182000000000014e-05
1.572456999999999978e-05
1.568730999999999872e-05
1.565005999999999835e-05
1.560908000000000133e-05
1.557556000000000102e-05
1.553829999999999995e-05
1.549731999999999954e-05
1.546006999999999918e-05
1.542281999999999882e-05
1.538556999999999845e-05
1.534831000000000078e-05
1.531106000000000041e-05
1.527381000000000005e-05
1.523277000000000052e-05
1.519923999999999951e-05
1.515826000000000079e-05
1.512101000000000043e-05
1.508003000000000002e-05
1.503906000000000031e-05
1.500179999999999924e-05
1.496455000000000058e-05
1.492357000000000016e-05
1.488258999999999975e-05
1.484906999999999944e-05
1.480809000000000072e-05
1.477082999999999966e-05
1.473730999999999934e-05
1.470004999999999997e-05
1.466652999999999966e-05
1.462927000000000029e-05
1.459574999999999997e-05
1.455849000000000060e-05
1.452124000000000024e-05
1.448398999999999988e-05
1.444673000000000051e-05
1.440948000000000015e-05
1.437595000000000082e-05
1.434243000000000051e-05
1.430516999999999944e-05
1.426792000000000078e-05
1.423067000000000041e-05
1.419340999999999935e-05
1.415616000000000068e-05
1.412262999999999966e-05
1.408910999999999935e-05
1.405929999999999937e-05
1.402578000000000075e-05
1.399597000000000078e-05
1.396616999999999981e-05
1.393264000000000049e-05
1.390283999999999952e-05
1.387304000000000025e-05
1.383950999999999923e-05
1.380597999999999991e-05
1.377245999999999959e-05
1.373893000000000027e-05
1.370167999999999991e-05
1.366442000000000054e-05
1.362717000000000018e-05
1.358991999999999981e-05
1.355639000000000049e-05
1.351914000000000013e-05
1.349306000000000020e-05
1.346325999999999923e-05
1.343717999999999931e-05
1.341109999999999938e-05
1.338130000000000011e-05
1.335522000000000018e-05
1.332914999999999926e-05
1.330306999999999933e-05
1.327698999999999941e-05
1.325092000000000018e-05
1.322484000000000025e-05
1.319503999999999928e-05
1.316895999999999936e-05
1.313916000000000008e-05
1.311308000000000016e-05
1.308327999999999919e-05
1.305347999999999991e-05
1.301995000000000059e-05
1.298268999999999953e-05
1.294916999999999921e-05
1.291935999999999924e-05
1.288584000000000062e-05
1.285603999999999965e-05
1.282622999999999968e-05
1.280016000000000045e-05
1.277408000000000052e-05
1.274054999999999951e-05
1.271075000000000023e-05
1.267721999999999922e-05
1.264368999999999990e-05
1.261016999999999958e-05
1.257664000000000026e-05
1.254310999999999924e-05
1.251330999999999997e-05
1.248351000000000069e-05
1.244997999999999968e-05
1.241645000000000036e-05
1.238664999999999939e-05
1.235685000000000011e-05
1.232704000000000014e-05
1.230096999999999922e-05
1.227488999999999929e-05
1.224880999999999937e-05
1.222274000000000014e-05
1.219666000000000021e-05
1.217802999999999968e-05
1.215940999999999985e-05
1.214450000000000036e-05
1.212959999999999988e-05
1.211842999999999944e-05
1.210725000000000000e-05
1.209607999999999956e-05
1.208490000000000012e-05
1.206999999999999963e-05
1.205882000000000019e-05
1.204020000000000036e-05
1.202529999999999988e-05
1.200293999999999930e-05
1.198431999999999946e-05
1.196196999999999959e-05
1.193588999999999966e-05
1.191353999999999978e-05
1.189117999999999920e-05
1.186882999999999932e-05
1.184276000000000010e-05
1.182785000000000061e-05
1.180923000000000077e-05
1.179804999999999964e-05
1.178687999999999920e-05
1.177942999999999981e-05
1.177942999999999981e-05
1.177569999999999976e-05
1.177198000000000041e-05
1.176825000000000036e-05
1.176825000000000036e-05
1.176452000000000032e-05
1.176079999999999927e-05
1.175334999999999988e-05
1.174590000000000048e-05
1.173471999999999935e-05
1.171982000000000056e-05
1.170492000000000007e-05
1.168257000000000019e-05
1.166393999999999966e-05
1.164903999999999918e-05
1.163041000000000034e-05
1.161923999999999990e-05
1.160433999999999942e-05
1.158944000000000063e-05
1.157825999999999949e-05
1.156336000000000070e-05
1.154846000000000022e-05
1.152611000000000034e-05
1.151120999999999986e-05
1.149257999999999932e-05
1.147768000000000053e-05
1.146278000000000005e-05
1.144414999999999952e-05
1.142925000000000073e-05
1.141435000000000024e-05
1.139944999999999976e-05
1.138827000000000032e-05
1.137708999999999918e-05
1.136592000000000044e-05
1.135473999999999930e-05
1.133984000000000051e-05
1.132867000000000008e-05
1.131003999999999954e-05
1.130259000000000015e-05
1.128768999999999966e-05
1.128024000000000027e-05
1.127278999999999918e-05
1.126533999999999979e-05
1.125416000000000034e-05
1.124670999999999925e-05
1.123925999999999986e-05
1.123552999999999981e-05
1.122808000000000042e-05
1.121690999999999998e-05
1.120946000000000059e-05
1.120200999999999950e-05
1.119456000000000010e-05
1.118710000000000001e-05
1.117965000000000061e-05
1.117219999999999952e-05
1.116475000000000013e-05
1.115730000000000073e-05
1.114984999999999964e-05
1.114613000000000030e-05
1.114240000000000025e-05
1.113867999999999921e-05
1.113494999999999916e-05
1.113122999999999981e-05
1.112378000000000042e-05
1.112378000000000042e-05
1.112005000000000037e-05
1.112005000000000037e-05
1.111632000000000032e-05
1.111632000000000032e-05
1.111259999999999928e-05
1.111259999999999928e-05
1.111259999999999928e-05
1.111259999999999928e-05
1.110886999999999923e-05
1.110886999999999923e-05
1.110141999999999984e-05
1.109770000000000049e-05
1.109770000000000049e-05
1.109770000000000049e-05
1.109770000000000049e-05
1.109770000000000049e-05
1.109770000000000049e-05
1.109770000000000049e-05
1.109770000000000049e-05
1.110141999999999984e-05
1.110886999999999923e-05
1.111259999999999928e-05
1.112005000000000037e-05
1.112749999999999976e-05
1.114240000000000025e-05
1.114984999999999964e-05
1.115730000000000073e-05
1.116475000000000013e-05
1.117219999999999952e-05
1.117592999999999957e-05
1.117592999999999957e-05
1.117965000000000061e-05
1.117965000000000061e-05
1.117965000000000061e-05
1.117965000000000061e-05
1.118338000000000066e-05
1.119083000000000005e-05
1.119456000000000010e-05
1.120200999999999950e-05
1.120946000000000059e-05
1.121690999999999998e-05
1.122435999999999938e-05
1.123181000000000046e-05
1.123925999999999986e-05
1.124670999999999925e-05
1.125416000000000034e-05
1.126533999999999979e-05
1.127278999999999918e-05
1.128395999999999962e-05
1.129886000000000010e-05
1.131003999999999954e-05
1.132867000000000008e-05
1.133984000000000051e-05
1.135846999999999935e-05
1.136963999999999979e-05
1.138454999999999928e-05
1.139571999999999971e-05
1.140689999999999916e-05
1.142179999999999964e-05
1.142925000000000073e-05
1.144414999999999952e-05
1.145905000000000000e-05
1.147022999999999945e-05
1.148512999999999993e-05
1.149630000000000037e-05
1.151492999999999920e-05
1.152611000000000034e-05
1.154101000000000082e-05
1.155590999999999961e-05
1.157081000000000010e-05
1.158944000000000063e-05
1.160060999999999937e-05
1.161923999999999990e-05
1.163041000000000034e-05
1.164903999999999918e-05
1.165649000000000027e-05
1.167139000000000075e-05
1.168257000000000019e-05
1.169374000000000063e-05
1.170865000000000012e-05
1.171982000000000056e-05
1.173844999999999939e-05
1.175706999999999923e-05
1.177942999999999981e-05
1.179804999999999964e-05
1.182039999999999952e-05
1.184276000000000010e-05
1.186882999999999932e-05
1.189117999999999920e-05
1.191726000000000082e-05
1.193961000000000070e-05
1.196569000000000063e-05
1.199177000000000055e-05
1.202156999999999983e-05
1.204764999999999975e-05
1.207372000000000068e-05
1.210353000000000065e-05
1.212959999999999988e-05
1.215940999999999985e-05
1.218921000000000082e-05
1.221529000000000074e-05
1.224135999999999997e-05
1.226743999999999990e-05
1.229351999999999982e-05
1.231959000000000075e-05
1.234940000000000072e-05
1.237175000000000060e-05
1.239410000000000048e-05
1.241645000000000036e-05
1.243880000000000024e-05
1.246115000000000012e-05
1.248351000000000069e-05
1.250957999999999992e-05
1.253938999999999989e-05
1.256918999999999917e-05
1.260272000000000018e-05
1.263251999999999946e-05
1.266605000000000047e-05
1.269211999999999970e-05
1.271819999999999963e-05
1.274427999999999955e-05
1.276662999999999943e-05
1.279270999999999936e-05
1.281505999999999924e-05
1.284113000000000016e-05
1.286721000000000009e-05
1.288955999999999997e-05
1.291563999999999989e-05
1.294171999999999982e-05
1.296406999999999970e-05
1.299014999999999962e-05
1.301622000000000055e-05
1.304230000000000047e-05
1.306465000000000035e-05
1.308327999999999919e-05
1.310190000000000071e-05
1.312052999999999955e-05
1.313916000000000008e-05
1.316150999999999996e-05
1.318758999999999989e-05
1.321366000000000081e-05
1.324719000000000013e-05
1.328071999999999945e-05
1.331796999999999982e-05
1.335150000000000083e-05
1.338874999999999950e-05
1.341855000000000047e-05
1.344836000000000044e-05
1.347071000000000032e-05
1.348933000000000015e-05
1.350796000000000069e-05
1.351914000000000013e-05
1.353031000000000057e-05
1.354149000000000001e-05
1.355266000000000044e-05
1.356010999999999984e-05
1.357128999999999928e-05
1.358247000000000042e-05
1.359363999999999916e-05
1.361226999999999969e-05
1.363090000000000022e-05
1.364952000000000006e-05
1.367559999999999998e-05
1.370167999999999991e-05
1.372775000000000083e-05
1.376128000000000015e-05
1.380597999999999991e-05
1.385813999999999976e-05
1.391774000000000000e-05
1.398851999999999969e-05
1.405558000000000003e-05
1.411145999999999923e-05
1.417478999999999952e-05
1.423438999999999976e-05
1.428654999999999961e-05
1.433124999999999937e-05
1.437222999999999978e-05
1.441321000000000019e-05
1.445417999999999990e-05
1.448398999999999988e-05
1.451379000000000085e-05
1.455103999999999952e-05
1.459201999999999993e-05
1.462927000000000029e-05
1.465908000000000026e-05
1.469633000000000063e-05
1.474847999999999978e-05
1.480436000000000067e-05
1.485279000000000048e-05
1.488258999999999975e-05
1.489004000000000084e-05
1.489376999999999920e-05
1.491239999999999973e-05
1.494592000000000004e-05
1.500179999999999924e-05
1.506512999999999953e-05
1.511728999999999939e-05
1.514709000000000036e-05
1.514709000000000036e-05
1.512474000000000048e-05
1.509866000000000055e-05
1.509120999999999946e-05
1.510983999999999999e-05
1.515080999999999970e-05
1.519552000000000016e-05
1.523277000000000052e-05
1.527008000000000000e-05
1.531106000000000041e-05
1.535204000000000082e-05
1.538183999999999840e-05
1.541163999999999937e-05
1.544144000000000034e-05
1.546006999999999918e-05
1.547124999999999862e-05
1.548242000000000075e-05
1.548987000000000015e-05
1.550849999999999898e-05
1.550849999999999898e-05
1.550476999999999894e-05
1.550104999999999959e-05
1.550476999999999894e-05
1.550849999999999898e-05
1.551594999999999838e-05
1.553085000000000056e-05
1.554574999999999935e-05
1.556810000000000092e-05
1.559045999999999981e-05
1.560908000000000133e-05
1.562771000000000017e-05
1.564633999999999901e-05
1.567240999999999993e-05
1.570594000000000094e-05
1.573946999999999857e-05
1.578789999999999838e-05
1.583260000000000152e-05
1.588475000000000068e-05
1.592573000000000109e-05
1.595925999999999871e-05
1.598905999999999968e-05
1.600768999999999852e-05
1.602632000000000075e-05
1.604866999999999893e-05
1.606729000000000046e-05
1.608964999999999934e-05
1.611572000000000026e-05
1.614925000000000128e-05
1.618277999999999890e-05
1.622002999999999927e-05
1.626472999999999903e-05
1.630570999999999944e-05
1.634668999999999985e-05
1.639138999999999961e-05
1.642865000000000067e-05
1.645472000000000159e-05
1.647708000000000047e-05
1.649569999999999861e-05
1.650688000000000144e-05
1.651805000000000019e-05
1.652549999999999958e-05
1.652922999999999963e-05
1.652922999999999963e-05
1.652922999999999963e-05
1.652549999999999958e-05
1.651805000000000019e-05
1.650688000000000144e-05
1.649197999999999926e-05
1.647335000000000043e-05
1.645845000000000164e-05
1.643981999999999941e-05
1.643237000000000002e-05
1.641747000000000123e-05
1.640628999999999840e-05
1.640628999999999840e-05
1.641001999999999844e-05
1.642120000000000127e-05
1.643610000000000006e-05
1.645472000000000159e-05
1.647335000000000043e-05
1.649569999999999861e-05
1.652178000000000023e-05
1.654040999999999907e-05
1.655903000000000060e-05
1.656647999999999999e-05
1.657021000000000004e-05
1.657392999999999939e-05
1.658137999999999878e-05
1.659256000000000161e-05
1.660746000000000040e-05
1.663353999999999863e-05
1.665589000000000021e-05
1.668569000000000118e-05
1.671548999999999876e-05
1.674901999999999977e-05
1.677882000000000074e-05
1.680117999999999962e-05
1.683469999999999994e-05
1.687568000000000035e-05
1.691293000000000071e-05
1.694273999999999899e-05
1.696880999999999992e-05
1.699862000000000158e-05
1.703586999999999856e-05
1.710291999999999989e-05
1.718861000000000076e-05
1.728174000000000032e-05
1.737115000000000054e-05
1.743819999999999848e-05
1.746799999999999945e-05
1.745683000000000071e-05
1.740840000000000090e-05
1.733017000000000013e-05
1.725193999999999935e-05
1.718116000000000136e-05
1.714018000000000095e-05
1.713645000000000091e-05
1.717743000000000132e-05
1.725565999999999870e-05
1.737115000000000054e-05
1.750153000000000047e-05
1.763192000000000109e-05
1.774366999999999880e-05
1.782191000000000027e-05
1.785171000000000124e-05
1.782935999999999966e-05
1.776603000000000107e-05
1.768034000000000020e-05
1.759839000000000008e-05
1.753133000000000143e-05
1.749780000000000042e-05
1.750526000000000051e-05
1.754251000000000088e-05
1.760583999999999947e-05
1.768778999999999959e-05
1.776975000000000042e-05
1.784425999999999845e-05
1.790014000000000104e-05
1.794484000000000080e-05
1.797463999999999838e-05
1.800072000000000000e-05
1.802680000000000162e-05
1.806777000000000133e-05
1.812365000000000053e-05
1.820188000000000131e-05
1.830247000000000097e-05
1.842913000000000155e-05
1.856696000000000087e-05
1.870852000000000024e-05
1.884263000000000021e-05
1.896557000000000145e-05
1.905125000000000161e-05
1.909968000000000142e-05
1.909968000000000142e-05
1.905498000000000166e-05
1.896184000000000140e-05
1.881655999999999929e-05
1.863773999999999886e-05
1.843285000000000089e-05
1.822795999999999954e-05
1.804170000000000041e-05
1.788896000000000160e-05
1.778464999999999921e-05
1.772132000000000061e-05
1.768034000000000020e-05
1.765053999999999923e-05
1.762074000000000165e-05
1.760583999999999947e-05
1.760583999999999947e-05
1.762819000000000105e-05
1.766917000000000146e-05
1.771387000000000122e-05
1.776603000000000107e-05
1.783680999999999906e-05
1.791503999999999983e-05
1.798954000000000056e-05
1.805286999999999916e-05
1.811247999999999840e-05
1.817208000000000034e-05
1.821679000000000080e-05
1.825031000000000111e-05
1.827638999999999935e-05
1.830247000000000097e-05
1.833226999999999855e-05
1.835462000000000012e-05
1.836951999999999891e-05
1.839187000000000048e-05
1.841049999999999932e-05
1.842913000000000155e-05
1.844774999999999968e-05
1.846265999999999917e-05
1.847383000000000130e-05
1.848873000000000009e-05
1.849990999999999954e-05
1.852226000000000111e-05
1.854460999999999930e-05
1.857814000000000031e-05
1.861539000000000067e-05
1.865264000000000104e-05
1.869735000000000150e-05
1.874205000000000125e-05
1.878303000000000166e-05
1.882773000000000142e-05
1.887243999999999849e-05
1.891714000000000164e-05
1.896557000000000145e-05
1.902145000000000065e-05
1.907732999999999985e-05
1.913692999999999840e-05
1.919281000000000098e-05
1.925242000000000023e-05
1.931201999999999878e-05
1.936417999999999863e-05
1.941260000000000113e-05
1.945358000000000154e-05
1.949455999999999856e-05
1.952808999999999958e-05
1.955789000000000054e-05
1.958023999999999873e-05
1.961003999999999970e-05
1.963612000000000132e-05
1.966964999999999895e-05
1.970317999999999996e-05
1.974043000000000032e-05
1.978141000000000074e-05
1.981866000000000110e-05
1.985218999999999873e-05
1.988571999999999974e-05
1.991179000000000066e-05
1.993413999999999885e-05
1.995650000000000112e-05
1.997511999999999926e-05
1.999375000000000148e-05
2.001238000000000032e-05
2.003099999999999846e-05
2.005335000000000003e-05
2.007943000000000165e-05
2.011295999999999928e-05
2.015393999999999969e-05
2.019863999999999945e-05
2.023961999999999986e-05
2.028431999999999962e-05
2.032903000000000008e-05
2.036628000000000044e-05
2.040353000000000080e-05
2.044078000000000117e-05
2.048549000000000162e-05
2.053019000000000138e-05
2.058235000000000124e-05
2.064194999999999978e-05
2.070527999999999838e-05
2.077234000000000041e-05
2.083938999999999835e-05
2.091761999999999913e-05
2.099584999999999990e-05
2.107781000000000072e-05
2.116349000000000089e-05
2.124917000000000106e-05
2.134230000000000063e-05
2.143544000000000089e-05
2.153228999999999980e-05
2.163287999999999946e-05
2.172972999999999837e-05
2.183032000000000142e-05
2.193090000000000038e-05
2.203520999999999938e-05
2.213578999999999834e-05
2.223265000000000134e-05
2.233323000000000030e-05
2.243008999999999991e-05
2.252694999999999952e-05
2.262007999999999909e-05
2.271320999999999865e-05
2.280261999999999887e-05
2.289202999999999908e-05
2.297770999999999925e-05
2.305965999999999938e-05
2.314162000000000020e-05
2.322358000000000102e-05
2.330553000000000114e-05
2.338748999999999857e-05
2.346571999999999935e-05
2.354768000000000017e-05
2.362591000000000094e-05
2.370413999999999833e-05
2.378236999999999910e-05
2.385315000000000048e-05
2.392765999999999852e-05
2.399843999999999990e-05
2.406549000000000123e-05
2.412881999999999983e-05
2.419214999999999842e-05
2.425176000000000106e-05
2.430391000000000021e-05
2.435605999999999936e-05
2.440821999999999922e-05
2.445291999999999898e-05
2.449762999999999943e-05
2.454232999999999919e-05
2.457957999999999955e-05
2.462055999999999997e-05
2.465409000000000098e-05
2.468388999999999856e-05
2.470997000000000018e-05
2.473231999999999837e-05
2.475095000000000059e-05
2.476211999999999934e-05
2.477329999999999878e-05
2.478075000000000156e-05
2.478075000000000156e-05
2.478447000000000091e-05
2.478075000000000156e-05
2.477702000000000151e-05
2.476956999999999873e-05
2.476584999999999938e-05
2.476211999999999934e-05
2.475839999999999999e-05
2.475095000000000059e-05
2.475095000000000059e-05
2.475095000000000059e-05
2.475095000000000059e-05
2.475466999999999994e-05
2.476211999999999934e-05
2.476211999999999934e-05
2.476584999999999938e-05
2.476956999999999873e-05
2.477329999999999878e-05
2.478075000000000156e-05
2.478447000000000091e-05
2.479565000000000035e-05
2.479936999999999970e-05
2.481054999999999914e-05
2.482545000000000132e-05
2.483663000000000076e-05
2.485524999999999890e-05
2.487761000000000117e-05
2.490740999999999875e-05
2.493720999999999972e-05
2.497446000000000008e-05
2.501544000000000049e-05
2.505269000000000086e-05
2.509740000000000132e-05
2.514210000000000107e-05
2.519425000000000023e-05
2.524641000000000008e-05
2.530228999999999928e-05
2.535816999999999848e-05
2.541777000000000042e-05
2.547737999999999967e-05
2.554443000000000100e-05
2.561520999999999899e-05
2.568599000000000037e-05
2.577167000000000054e-05
2.585736000000000141e-05
2.595049000000000097e-05
2.604735000000000058e-05
2.615164999999999889e-05
2.625969000000000133e-05
2.638261999999999847e-05
2.650555999999999971e-05
2.663222000000000029e-05
2.675888000000000086e-05
2.688554000000000144e-05
2.702337000000000077e-05
2.716866000000000018e-05
2.732511999999999834e-05
2.749275999999999933e-05
2.767529999999999911e-05
2.786529000000000168e-05
2.807017999999999964e-05
2.828252000000000039e-05
2.849859000000000119e-05
2.872210000000000068e-05
2.894562000000000087e-05
2.916914000000000106e-05
2.939266000000000125e-05
2.961245000000000140e-05
2.982851999999999880e-05
3.003712999999999950e-05
3.024202000000000086e-05
3.044318999999999948e-05
3.064075000000000305e-05
3.083073999999999884e-05
3.101699999999999797e-05
3.119580999999999770e-05
3.137090000000000148e-05
3.154227000000000251e-05
3.171363000000000285e-05
3.188127000000000045e-05
3.204518000000000140e-05
3.219792000000000021e-05
3.234319999999999893e-05
3.248476000000000168e-05
3.261886999999999827e-05
3.275299000000000233e-05
3.287964999999999952e-05
3.299884999999999662e-05
3.311806000000000119e-05
3.322609999999999686e-05
3.333412999999999860e-05
3.343843999999999761e-05
3.353529999999999722e-05
3.362469999999999674e-05
3.371410999999999695e-05
3.379606999999999777e-05
3.388175000000000133e-05
3.396370000000000145e-05
3.404193999999999954e-05
3.411271999999999753e-05
3.418721999999999825e-05
3.425800000000000302e-05
3.432505999999999828e-05
3.439210999999999961e-05
3.445917000000000164e-05
3.452622000000000297e-05
3.458955000000000157e-05
3.465660999999999682e-05
3.472739000000000159e-05
3.480189000000000232e-05
3.487268000000000101e-05
3.495463000000000113e-05
3.504030999999999791e-05
3.513716999999999752e-05
3.523402999999999713e-05
3.533834000000000291e-05
3.545381999999999727e-05
3.557303000000000185e-05
3.569968999999999904e-05
3.583380000000000240e-05
3.597164000000000242e-05
3.612064999999999780e-05
3.627710999999999935e-05
3.643357000000000090e-05
3.660120999999999850e-05
3.676885000000000288e-05
3.694766000000000261e-05
3.713393000000000244e-05
3.732391999999999822e-05
3.752136000000000018e-05
3.772251999999999810e-05
3.793485999999999885e-05
3.815093000000000303e-05
3.837072000000000318e-05
3.859796999999999664e-05
3.882147999999999952e-05
3.904872999999999976e-05
3.927969000000000203e-05
3.951810999999999762e-05
3.976771000000000282e-05
4.001730000000000055e-05
4.027062000000000171e-05
4.052766999999999953e-05
4.079588999999999948e-05
4.107155999999999882e-05
4.135467999999999756e-05
4.164152999999999973e-05
4.192464999999999847e-05
4.220776999999999721e-05
4.247972000000000060e-05
4.275166000000000328e-05
4.303105999999999929e-05
4.330301000000000267e-05
4.358239999999999798e-05
4.386180000000000076e-05
4.414865000000000293e-05
4.443549999999999833e-05
4.472607000000000324e-05
4.501664000000000137e-05
4.531094000000000294e-05
4.560151000000000108e-05
4.588836000000000325e-05
4.617520999999999865e-05
4.646577999999999679e-05
4.674890000000000230e-05
4.702829999999999831e-05
4.730396999999999765e-05
4.757218999999999760e-05
4.783669000000000159e-05
4.809746000000000214e-05
4.834704999999999987e-05
4.859292000000000163e-05
4.883133999999999722e-05
4.906603000000000293e-05
4.929699999999999913e-05
4.951307000000000332e-05
4.972540999999999729e-05
4.992657000000000198e-05
5.012029000000000121e-05
5.029910000000000094e-05
5.047418999999999794e-05
5.064183000000000231e-05
5.080574000000000326e-05
5.096964999999999742e-05
5.113729000000000180e-05
5.130120999999999667e-05
5.146139000000000095e-05
5.161786000000000320e-05
5.177804000000000071e-05
5.193450000000000226e-05
5.209096999999999773e-05
5.223997999999999988e-05
5.238899000000000203e-05
5.253799999999999741e-05
5.269074000000000300e-05
5.283603000000000241e-05
5.298131000000000113e-05
5.313404999999999994e-05
5.327932999999999866e-05
5.342090000000000212e-05
5.356618000000000084e-05
5.370402000000000086e-05
5.383067999999999805e-05
5.394244000000000323e-05
5.404674000000000153e-05
5.414360000000000115e-05
5.423301000000000136e-05
5.431497000000000218e-05
5.440064999999999896e-05
5.447888000000000313e-05
5.455337999999999708e-05
5.462043999999999911e-05
5.467259000000000165e-05
5.472102000000000145e-05
5.476200000000000187e-05
5.479553000000000288e-05
5.482905999999999712e-05
5.485512999999999804e-05
5.487748000000000300e-05
5.490355999999999785e-05
5.491845999999999664e-05
5.493336000000000220e-05
5.494081000000000160e-05
5.495198999999999765e-05
5.496317000000000048e-05
5.497434000000000261e-05
5.497806999999999927e-05
5.498179000000000201e-05
5.498179000000000201e-05
5.498179000000000201e-05
5.498924000000000140e-05
5.500041999999999746e-05
5.501532000000000302e-05
5.503767000000000121e-05
5.506375000000000283e-05
5.508610000000000102e-05
5.511218000000000264e-05
5.513824999999999678e-05
5.516806000000000184e-05
5.519413000000000276e-05
5.521649000000000164e-05
5.522765999999999700e-05
5.523511000000000317e-05
5.523883999999999983e-05
5.523883999999999983e-05
5.523883999999999983e-05
5.524256000000000256e-05
5.524628999999999922e-05
5.525001000000000196e-05
5.525373999999999862e-05
5.525746000000000135e-05
5.526118999999999801e-05
5.526491000000000075e-05
5.527236000000000014e-05
5.527608999999999680e-05
5.527982000000000024e-05
5.527982000000000024e-05
5.528354000000000297e-05
5.528354000000000297e-05
5.528354000000000297e-05
5.527982000000000024e-05
5.527982000000000024e-05
5.527608999999999680e-05
5.527236000000000014e-05
5.526863999999999741e-05
5.526118999999999801e-05
5.525746000000000135e-05
5.525746000000000135e-05
5.525373999999999862e-05
5.525373999999999862e-05
5.525373999999999862e-05
5.525373999999999862e-05
5.525746000000000135e-05
5.525746000000000135e-05
5.525746000000000135e-05
5.525746000000000135e-05
5.526118999999999801e-05
5.526491000000000075e-05
5.526863999999999741e-05
5.527236000000000014e-05
5.527608999999999680e-05
5.527982000000000024e-05
5.528354000000000297e-05
5.528726999999999963e-05
5.529099000000000237e-05
5.529099000000000237e-05
5.529099000000000237e-05
5.529471999999999903e-05
5.529471999999999903e-05
5.530216999999999842e-05
5.530961999999999782e-05
5.531706999999999721e-05
5.532452000000000338e-05
5.533942000000000217e-05
5.535059999999999823e-05
5.535804999999999762e-05
5.536549999999999702e-05
5.536921999999999975e-05
5.537666999999999915e-05
5.538040000000000259e-05
5.538040000000000259e-05
5.538411999999999854e-05
5.538411999999999854e-05
5.538411999999999854e-05
5.538411999999999854e-05
5.538411999999999854e-05
5.538040000000000259e-05
5.538040000000000259e-05
5.538040000000000259e-05
5.538411999999999854e-05
5.538785000000000198e-05
5.539901999999999733e-05
5.541020000000000017e-05
5.542509999999999896e-05
5.543999999999999775e-05
5.544744999999999714e-05
5.545862999999999997e-05
5.546607999999999937e-05
5.547352999999999876e-05
5.548097999999999816e-05
5.548471000000000159e-05
5.549216000000000099e-05
5.549961000000000038e-05
5.550705999999999978e-05
5.551078000000000251e-05
5.551450999999999917e-05
5.551823000000000191e-05
5.551823000000000191e-05
5.551823000000000191e-05
5.551823000000000191e-05
5.551078000000000251e-05
5.551078000000000251e-05
5.550705999999999978e-05
5.550333000000000312e-05
5.550333000000000312e-05
5.550705999999999978e-05
5.551078000000000251e-05
5.551450999999999917e-05
5.551823000000000191e-05
5.552568000000000130e-05
5.552940999999999796e-05
5.553685999999999736e-05
5.554430999999999675e-05
5.554804000000000019e-05
5.555921000000000232e-05
5.557038999999999837e-05
5.557783999999999777e-05
5.558528999999999716e-05
5.559274000000000333e-05
5.560019000000000273e-05
5.560391999999999939e-05
5.560391999999999939e-05
5.560764000000000212e-05
5.560764000000000212e-05
5.560764000000000212e-05
5.561136999999999878e-05
5.561136999999999878e-05
5.561136999999999878e-05
5.561136999999999878e-05
5.561136999999999878e-05
5.560764000000000212e-05
5.561136999999999878e-05
5.561136999999999878e-05
5.561136999999999878e-05
5.561136999999999878e-05
5.561136999999999878e-05
5.561136999999999878e-05
5.561509000000000152e-05
5.561509000000000152e-05
5.561509000000000152e-05
5.561881999999999818e-05
5.561881999999999818e-05
5.561881999999999818e-05
5.562254000000000091e-05
5.562254000000000091e-05
5.562626999999999757e-05
5.562626999999999757e-05
5.562999000000000031e-05
5.563371999999999697e-05
5.562999000000000031e-05
5.562999000000000031e-05
5.562626999999999757e-05
5.562626999999999757e-05
5.562254000000000091e-05
5.562254000000000091e-05
5.562254000000000091e-05
5.561881999999999818e-05
5.561509000000000152e-05
5.561136999999999878e-05
5.561136999999999878e-05
5.561136999999999878e-05
5.560764000000000212e-05
5.560764000000000212e-05
5.560764000000000212e-05
5.560764000000000212e-05
5.560764000000000212e-05
5.561136999999999878e-05
5.561881999999999818e-05
5.562626999999999757e-05
5.563371999999999697e-05
5.563743999999999970e-05
5.563743999999999970e-05
5.563743999999999970e-05
5.563743999999999970e-05
5.563371999999999697e-05
5.563371999999999697e-05
5.562626999999999757e-05
5.562254000000000091e-05
5.561881999999999818e-05
5.561136999999999878e-05
5.560764000000000212e-05
5.559646999999999999e-05
5.558900999999999990e-05
5.557783999999999777e-05
5.557411000000000111e-05
5.557038999999999837e-05
5.556666000000000171e-05
5.556293999999999898e-05
5.555921000000000232e-05
5.555921000000000232e-05
5.556293999999999898e-05
5.556666000000000171e-05
5.557038999999999837e-05
5.557411000000000111e-05
5.558156000000000050e-05
5.558528999999999716e-05
5.559274000000000333e-05
5.560019000000000273e-05
5.560764000000000212e-05
5.560764000000000212e-05
5.561136999999999878e-05
5.561136999999999878e-05
5.561136999999999878e-05
5.560764000000000212e-05
5.561136999999999878e-05
5.561136999999999878e-05
5.561136999999999878e-05
5.561509000000000152e-05
5.562254000000000091e-05
5.562999000000000031e-05
5.563743999999999970e-05
5.564862000000000253e-05
5.565607000000000193e-05
5.565607000000000193e-05
5.564862000000000253e-05
5.563743999999999970e-05
5.562254000000000091e-05
5.560764000000000212e-05
5.558528999999999716e-05
5.557038999999999837e-05
5.555548999999999958e-05
5.554430999999999675e-05
5.554059000000000079e-05
5.553685999999999736e-05
5.553685999999999736e-05
5.554430999999999675e-05
5.554804000000000019e-05
5.556666000000000171e-05
5.558900999999999990e-05
5.561881999999999818e-05
5.564862000000000253e-05
5.568586999999999951e-05
5.571940000000000053e-05
5.575664999999999750e-05
5.579017999999999852e-05
5.581626000000000014e-05
5.583860999999999832e-05
5.585724000000000055e-05
5.586096000000000328e-05
5.586096000000000328e-05
5.585350999999999711e-05
5.583860999999999832e-05
5.581998000000000287e-05
5.579391000000000195e-05
5.576409999999999690e-05
5.574174999999999871e-05
5.571940000000000053e-05
5.570076999999999830e-05
5.569331999999999890e-05
5.568586999999999951e-05
5.568586999999999951e-05
5.568586999999999951e-05
5.568960000000000294e-05
5.568960000000000294e-05
5.568960000000000294e-05
5.568586999999999951e-05
5.568586999999999951e-05
5.568214999999999677e-05
5.567842000000000011e-05
5.568214999999999677e-05
5.568586999999999951e-05
5.568960000000000294e-05
5.569331999999999890e-05
5.569705000000000234e-05
5.570076999999999830e-05
5.570076999999999830e-05
5.570450000000000174e-05
5.570821999999999769e-05
5.571195000000000113e-05
5.571566999999999709e-05
5.571566999999999709e-05
5.571566999999999709e-05
5.571195000000000113e-05
5.570450000000000174e-05
5.570076999999999830e-05
5.568960000000000294e-05
5.568214999999999677e-05
5.567097000000000072e-05
5.567097000000000072e-05
5.566352000000000132e-05
5.565979999999999859e-05
5.565979999999999859e-05
5.565607000000000193e-05
5.565607000000000193e-05
5.565607000000000193e-05
5.565233999999999849e-05
5.564862000000000253e-05
5.564117000000000314e-05
5.563743999999999970e-05
5.562999000000000031e-05
5.562254000000000091e-05
5.561881999999999818e-05
5.561881999999999818e-05
5.562254000000000091e-05
5.562626999999999757e-05
5.563371999999999697e-05
5.564117000000000314e-05
5.564862000000000253e-05
5.565979999999999859e-05
5.566724999999999798e-05
5.567469999999999738e-05
5.568214999999999677e-05
5.568960000000000294e-05
5.569705000000000234e-05
5.570076999999999830e-05
5.570450000000000174e-05
5.570821999999999769e-05
5.570821999999999769e-05
5.570450000000000174e-05
5.570450000000000174e-05
5.570076999999999830e-05
5.570076999999999830e-05
5.569705000000000234e-05
5.569705000000000234e-05
5.569331999999999890e-05
5.568960000000000294e-05
5.568586999999999951e-05
5.567842000000000011e-05
5.567097000000000072e-05
5.565979999999999859e-05
5.565607000000000193e-05
5.564862000000000253e-05
5.564117000000000314e-05
5.563743999999999970e-05
5.563371999999999697e-05
5.562254000000000091e-05
5.561136999999999878e-05
5.560764000000000212e-05
5.560019000000000273e-05
5.559274000000000333e-05
5.558528999999999716e-05
5.558156000000000050e-05
5.557411000000000111e-05
5.556666000000000171e-05
5.555921000000000232e-05
5.555548999999999958e-05
5.554804000000000019e-05
5.554804000000000019e-05
5.554430999999999675e-05
5.554430999999999675e-05
5.554430999999999675e-05
5.554430999999999675e-05
5.554059000000000079e-05
5.554059000000000079e-05
5.554059000000000079e-05
5.554059000000000079e-05
5.554430999999999675e-05
5.554430999999999675e-05
5.554430999999999675e-05
5.554430999999999675e-05
5.554430999999999675e-05
5.554059000000000079e-05
5.553314000000000140e-05
5.552568000000000130e-05
5.551823000000000191e-05
5.551078000000000251e-05
5.550705999999999978e-05
5.549961000000000038e-05
5.549216000000000099e-05
5.548471000000000159e-05
5.548097999999999816e-05
5.547352999999999876e-05
5.546981000000000280e-05
5.546235000000000271e-05
5.546235000000000271e-05
5.546235000000000271e-05
5.546235000000000271e-05
5.546607999999999937e-05
5.547352999999999876e-05
5.548097999999999816e-05
5.549216000000000099e-05
5.549961000000000038e-05
5.551078000000000251e-05
5.551450999999999917e-05
5.552195999999999857e-05
5.552940999999999796e-05
5.554059000000000079e-05
5.554430999999999675e-05
5.555176000000000292e-05
5.555921000000000232e-05
5.556666000000000171e-05
5.556666000000000171e-05
5.557038999999999837e-05
5.557411000000000111e-05
5.557411000000000111e-05
5.558156000000000050e-05
5.558900999999999990e-05
5.559274000000000333e-05
5.559274000000000333e-05
5.558900999999999990e-05
5.557783999999999777e-05
5.556666000000000171e-05
5.554804000000000019e-05
5.552940999999999796e-05
5.551078000000000251e-05
5.548842999999999755e-05
5.546607999999999937e-05
5.544373000000000118e-05
5.541764999999999956e-05
5.540275000000000077e-05
5.538785000000000198e-05
5.538785000000000198e-05
5.539156999999999794e-05
5.539901999999999733e-05
5.541764999999999956e-05
5.544373000000000118e-05
5.547352999999999876e-05
5.550705999999999978e-05
5.554430999999999675e-05
5.557783999999999777e-05
5.561509000000000152e-05
5.564862000000000253e-05
5.567842000000000011e-05
5.570450000000000174e-05
5.572312999999999718e-05
5.573429999999999932e-05
5.573429999999999932e-05
5.572684999999999992e-05
5.571566999999999709e-05
5.570076999999999830e-05
5.567469999999999738e-05
5.564862000000000253e-05
5.561881999999999818e-05
5.559646999999999999e-05
5.557783999999999777e-05
5.557411000000000111e-05
5.557411000000000111e-05
5.557783999999999777e-05
5.559274000000000333e-05
5.560764000000000212e-05
5.562254000000000091e-05
5.563743999999999970e-05
5.564862000000000253e-05
5.565979999999999859e-05
5.566724999999999798e-05
5.567097000000000072e-05
5.567097000000000072e-05
5.566724999999999798e-05
5.566724999999999798e-05
5.566724999999999798e-05
5.566724999999999798e-05
5.566724999999999798e-05
5.567097000000000072e-05
5.567097000000000072e-05
5.567469999999999738e-05
5.568214999999999677e-05
5.568960000000000294e-05
5.570076999999999830e-05
5.570450000000000174e-05
5.571195000000000113e-05
5.571566999999999709e-05
5.571195000000000113e-05
5.570821999999999769e-05
5.570076999999999830e-05
5.569705000000000234e-05
5.568960000000000294e-05
5.568586999999999951e-05
5.568586999999999951e-05
5.568214999999999677e-05
5.568214999999999677e-05
5.568214999999999677e-05
5.567842000000000011e-05
5.567097000000000072e-05
5.566352000000000132e-05
5.564862000000000253e-05
5.562999000000000031e-05
5.561136999999999878e-05
5.559274000000000333e-05
5.557038999999999837e-05
5.554430999999999675e-05
5.552568000000000130e-05
5.550705999999999978e-05
5.549216000000000099e-05
5.548097999999999816e-05
5.547352999999999876e-05
5.546981000000000280e-05
5.546981000000000280e-05
5.546981000000000280e-05
5.547352999999999876e-05
5.548097999999999816e-05
5.548842999999999755e-05
5.550333000000000312e-05
5.551450999999999917e-05
5.552940999999999796e-05
5.554059000000000079e-05
5.554430999999999675e-05
5.554804000000000019e-05
5.554430999999999675e-05
5.553685999999999736e-05
5.551823000000000191e-05
5.549587999999999695e-05
5.547352999999999876e-05
5.544373000000000118e-05
5.541764999999999956e-05
5.539530000000000138e-05
5.538040000000000259e-05
5.537295000000000319e-05
5.537295000000000319e-05
5.538411999999999854e-05
5.539901999999999733e-05
5.542138000000000300e-05
5.544744999999999714e-05
5.548097999999999816e-05
5.551078000000000251e-05
5.553685999999999736e-05
5.555921000000000232e-05
5.557783999999999777e-05
5.559274000000000333e-05
5.560019000000000273e-05
5.560391999999999939e-05
5.559646999999999999e-05
5.558900999999999990e-05
5.558156000000000050e-05
5.557411000000000111e-05
5.556666000000000171e-05
5.556666000000000171e-05
5.557038999999999837e-05
5.557411000000000111e-05
5.558528999999999716e-05
5.560019000000000273e-05
5.560764000000000212e-05
5.561881999999999818e-05
5.562254000000000091e-05
5.561509000000000152e-05
5.560764000000000212e-05
5.559646999999999999e-05
5.558156000000000050e-05
5.556666000000000171e-05
5.555548999999999958e-05
5.554430999999999675e-05
5.554430999999999675e-05
5.553685999999999736e-05
5.553314000000000140e-05
5.552568000000000130e-05
5.551450999999999917e-05
5.550705999999999978e-05
5.549216000000000099e-05
5.548097999999999816e-05
5.547352999999999876e-05
5.546235000000000271e-05
5.545862999999999997e-05
5.546235000000000271e-05
5.546235000000000271e-05
5.546607999999999937e-05
5.546981000000000280e-05
5.546981000000000280e-05
5.546607999999999937e-05
5.546235000000000271e-05
5.545862999999999997e-05
5.545118000000000058e-05
5.544744999999999714e-05
5.544744999999999714e-05
5.544373000000000118e-05
5.544373000000000118e-05
5.544744999999999714e-05
5.544373000000000118e-05
5.544373000000000118e-05
5.543628000000000179e-05
5.542883000000000239e-05
5.542138000000000300e-05
