1.796346999999999964e-05
1.796346999999999964e-05
1.796346999999999964e-05
1.796346999999999964e-05
1.796346999999999964e-05
1.796346999999999964e-05
1.796346999999999964e-05
1.796346999999999964e-05
1.796346999999999964e-05
1.796346999999999964e-05
1.796346999999999964e-05
1.796346999999999964e-05
1.796346999999999964e-05
1.796346999999999964e-05
1.795602000000000024e-05
1.795602000000000024e-05
1.794857000000000085e-05
1.794857000000000085e-05
1.794111000000000075e-05
1.793366000000000136e-05
1.793366000000000136e-05
1.792620999999999858e-05
1.791875999999999918e-05
1.791875999999999918e-05
1.791875999999999918e-05
1.791130999999999979e-05
1.790386000000000039e-05
1.790386000000000039e-05
1.789641000000000100e-05
1.788896000000000160e-05
1.788150999999999882e-05
1.787405999999999942e-05
1.786661000000000003e-05
1.785916000000000063e-05
1.785171000000000124e-05
1.784425999999999845e-05
1.782935999999999966e-05
1.782191000000000027e-05
1.780700000000000078e-05
1.779209999999999860e-05
1.779209999999999860e-05
1.777719999999999981e-05
1.776975000000000042e-05
1.775485000000000163e-05
1.774739999999999884e-05
1.773994999999999945e-05
1.773250000000000005e-05
1.773250000000000005e-05
1.771760000000000126e-05
1.771014999999999848e-05
1.769524999999999969e-05
1.768778999999999959e-05
1.768034000000000020e-05
1.766544000000000141e-05
1.766544000000000141e-05
1.765053999999999923e-05
1.764308999999999984e-05
1.762819000000000105e-05
1.762074000000000165e-05
1.760583999999999947e-05
1.760583999999999947e-05
1.759839000000000008e-05
1.759094000000000068e-05
1.757603999999999850e-05
1.756858999999999911e-05
1.755367999999999962e-05
1.754623000000000022e-05
1.753878000000000083e-05
1.753133000000000143e-05
1.752387999999999865e-05
1.752387999999999865e-05
1.751642999999999926e-05
1.750897999999999986e-05
1.750153000000000047e-05
1.749408000000000107e-05
1.749408000000000107e-05
1.748663000000000168e-05
1.747917999999999889e-05
1.747917999999999889e-05
1.747172999999999950e-05
1.746428000000000010e-05
1.745683000000000071e-05
1.744938000000000131e-05
1.744192999999999853e-05
1.743447999999999913e-05
1.742701999999999904e-05
1.741956999999999965e-05
1.741212000000000025e-05
1.740467000000000086e-05
1.739722000000000146e-05
1.738976999999999868e-05
1.738231999999999928e-05
1.737486999999999989e-05
1.736742000000000049e-05
1.735997000000000110e-05
1.735251999999999831e-05
1.735251999999999831e-05
1.734506999999999892e-05
1.733761999999999952e-05
1.733017000000000013e-05
1.732272000000000073e-05
1.731527000000000134e-05
1.730781999999999856e-05
1.730035999999999846e-05
1.729290999999999907e-05
1.728545999999999967e-05
1.728545999999999967e-05
1.728545999999999967e-05
1.727801000000000028e-05
1.727801000000000028e-05
1.727056000000000088e-05
1.726311000000000149e-05
1.726311000000000149e-05
1.725565999999999870e-05
1.724820999999999931e-05
1.724075999999999991e-05
1.724075999999999991e-05
1.722586000000000112e-05
1.722586000000000112e-05
1.721840999999999834e-05
1.721095999999999894e-05
1.720350999999999955e-05
1.719606000000000015e-05
1.718861000000000076e-05
1.718116000000000136e-05
1.717370000000000127e-05
1.716624999999999849e-05
1.716624999999999849e-05
1.715879999999999909e-05
1.715879999999999909e-05
1.715134999999999970e-05
1.714390000000000030e-05
1.714390000000000030e-05
1.713645000000000091e-05
1.712900000000000151e-05
1.712900000000000151e-05
1.712154999999999873e-05
1.711409999999999933e-05
1.710664999999999994e-05
1.709920000000000054e-05
1.709920000000000054e-05
1.709175000000000115e-05
1.708429999999999836e-05
1.707684999999999897e-05
1.706939999999999957e-05
1.706195000000000018e-05
1.705450000000000078e-05
1.704704000000000069e-05
1.703959000000000129e-05
1.703213999999999851e-05
1.702468999999999912e-05
1.701723999999999972e-05
1.700979000000000033e-05
1.699489000000000154e-05
1.698743999999999875e-05
1.697998999999999936e-05
1.697998999999999936e-05
1.697253999999999996e-05
1.697253999999999996e-05
1.696509000000000057e-05
1.695764000000000117e-05
1.695018999999999839e-05
1.694273999999999899e-05
1.693528999999999960e-05
1.692038000000000011e-05
1.691293000000000071e-05
1.690548000000000132e-05
1.690548000000000132e-05
1.689802999999999854e-05
1.689057999999999914e-05
1.688312999999999975e-05
1.687568000000000035e-05
1.686823000000000096e-05
1.686078000000000156e-05
1.684587999999999938e-05
1.684587999999999938e-05
1.683098000000000059e-05
1.681607999999999841e-05
1.680117999999999962e-05
1.679373000000000023e-05
1.677882000000000074e-05
1.677882000000000074e-05
1.676391999999999856e-05
1.675646999999999917e-05
1.674901999999999977e-05
1.674157000000000038e-05
1.673412000000000098e-05
1.672667000000000159e-05
1.671921999999999880e-05
1.671176999999999941e-05
1.670432000000000001e-05
1.668942000000000122e-05
1.668196999999999844e-05
1.666706999999999965e-05
1.665960999999999956e-05
1.665216000000000016e-05
1.665216000000000016e-05
1.664471000000000077e-05
1.663726000000000137e-05
1.663726000000000137e-05
1.662980999999999859e-05
1.662235999999999919e-05
1.662235999999999919e-05
1.661490999999999980e-05
1.660746000000000040e-05
1.660746000000000040e-05
1.660001000000000101e-05
1.659256000000000161e-05
1.659256000000000161e-05
1.659256000000000161e-05
1.658510999999999883e-05
1.657765999999999943e-05
1.657021000000000004e-05
1.656276000000000064e-05
1.654785999999999847e-05
1.654040999999999907e-05
1.653294999999999898e-05
1.652549999999999958e-05
1.652549999999999958e-05
1.651805000000000019e-05
1.650315000000000140e-05
1.649569999999999861e-05
1.648824999999999922e-05
1.648079999999999982e-05
1.646590000000000103e-05
1.646590000000000103e-05
1.645845000000000164e-05
1.645099999999999885e-05
1.644354999999999946e-05
1.642865000000000067e-05
1.642120000000000127e-05
1.641374999999999849e-05
1.640628999999999840e-05
1.639883999999999900e-05
1.639883999999999900e-05
1.639138999999999961e-05
1.637649000000000082e-05
1.636904000000000142e-05
1.636158999999999864e-05
1.635413999999999924e-05
1.633924000000000045e-05
1.633924000000000045e-05
1.633179000000000106e-05
1.631688999999999888e-05
1.630943999999999948e-05
1.630199000000000009e-05
1.629454000000000069e-05
1.627963999999999852e-05
1.627217999999999842e-05
1.627217999999999842e-05
1.626472999999999903e-05
1.625727999999999963e-05
1.624983000000000024e-05
1.624238000000000084e-05
1.623493000000000145e-05
1.622002999999999927e-05
1.622002999999999927e-05
1.621257999999999987e-05
1.621257999999999987e-05
1.620513000000000048e-05
1.619768000000000108e-05
1.619023000000000169e-05
1.619023000000000169e-05
1.618277999999999890e-05
1.617532999999999951e-05
1.616788000000000011e-05
1.616788000000000011e-05
1.616043000000000072e-05
1.616043000000000072e-05
1.615298000000000132e-05
1.614552000000000123e-05
1.614552000000000123e-05
1.614552000000000123e-05
1.613806999999999845e-05
1.613061999999999905e-05
1.612316999999999966e-05
1.611572000000000026e-05
1.611572000000000026e-05
1.610082000000000147e-05
1.610082000000000147e-05
1.609336999999999869e-05
1.608591999999999929e-05
1.607846999999999990e-05
1.607102000000000050e-05
1.606357000000000111e-05
1.604866999999999893e-05
1.604121999999999954e-05
1.602632000000000075e-05
1.601886000000000065e-05
1.601141000000000126e-05
1.600395999999999847e-05
1.599650999999999908e-05
1.598161000000000029e-05
1.597416000000000089e-05
1.596671000000000150e-05
1.595925999999999871e-05
1.595925999999999871e-05
1.594435999999999992e-05
1.593691000000000053e-05
1.592946000000000113e-05
1.591455999999999896e-05
1.590710999999999956e-05
1.589220000000000007e-05
1.589220000000000007e-05
1.588475000000000068e-05
1.587730000000000128e-05
1.586984999999999850e-05
1.586239999999999910e-05
1.585494999999999971e-05
1.584750000000000031e-05
1.584005000000000092e-05
1.583260000000000152e-05
1.583260000000000152e-05
1.582514999999999874e-05
1.581769999999999934e-05
1.581769999999999934e-05
1.581024999999999995e-05
1.580280000000000055e-05
1.579535000000000116e-05
1.578789999999999838e-05
1.578044999999999898e-05
1.577299999999999959e-05
1.577299999999999959e-05
1.576553999999999949e-05
1.576553999999999949e-05
1.575809000000000010e-05
1.575064000000000070e-05
1.574319000000000131e-05
1.573573999999999852e-05
1.572828999999999913e-05
1.572083999999999973e-05
1.571339000000000034e-05
1.570594000000000094e-05
1.570594000000000094e-05
1.569103999999999876e-05
1.568358999999999937e-05
1.567613999999999997e-05
1.566869000000000058e-05
1.566124000000000118e-05
1.565378999999999840e-05
1.564633999999999901e-05
1.563888999999999961e-05
1.563888999999999961e-05
1.563142999999999952e-05
1.561653000000000073e-05
1.560908000000000133e-05
1.560162999999999855e-05
1.559417999999999915e-05
1.558672999999999976e-05
1.557928000000000036e-05
1.557183000000000097e-05
1.556438000000000157e-05
1.555692999999999879e-05
1.554947999999999939e-05
1.554203000000000000e-05
1.553458000000000060e-05
1.552713000000000121e-05
1.551967999999999843e-05
1.551222999999999903e-05
1.551222999999999903e-05
1.551222999999999903e-05
1.550476999999999894e-05
1.549731999999999954e-05
1.549731999999999954e-05
1.548987000000000015e-05
1.548242000000000075e-05
1.547497000000000136e-05
1.547497000000000136e-05
1.546751999999999857e-05
1.546006999999999918e-05
1.546006999999999918e-05
1.545261999999999978e-05
1.545261999999999978e-05
1.544517000000000039e-05
1.543772000000000099e-05
1.543027000000000160e-05
1.542281999999999882e-05
1.541536999999999942e-05
1.540792000000000003e-05
1.540047000000000063e-05
1.539302000000000124e-05
1.538556999999999845e-05
1.538556999999999845e-05
1.537810999999999836e-05
1.537065999999999896e-05
1.536320999999999957e-05
1.535576000000000017e-05
1.534086000000000138e-05
1.533340999999999860e-05
1.532595999999999920e-05
1.531850999999999981e-05
1.530361000000000102e-05
1.529616000000000162e-05
1.528870999999999884e-05
1.528125999999999945e-05
1.527381000000000005e-05
1.526636000000000066e-05
1.525891000000000126e-05
1.525891000000000126e-05
1.525139999999999936e-05
1.524394999999999997e-05
1.522904000000000048e-05
1.522158999999999939e-05
1.521413999999999999e-05
1.520669000000000060e-05
1.519923999999999951e-05
1.519923999999999951e-05
1.519179000000000011e-05
1.518434000000000072e-05
1.517688999999999963e-05
1.516944000000000023e-05
1.516199000000000084e-05
1.515453999999999975e-05
1.514709000000000036e-05
1.513963999999999927e-05
1.513218999999999987e-05
1.512474000000000048e-05
1.512474000000000048e-05
1.511728999999999939e-05
1.510983999999999999e-05
1.510239000000000060e-05
1.509493000000000050e-05
1.508747999999999941e-05
1.508003000000000002e-05
1.507258000000000062e-05
1.507258000000000062e-05
1.506512999999999953e-05
1.505768000000000014e-05
1.505023000000000074e-05
1.504277999999999966e-05
1.502787999999999917e-05
1.502042999999999978e-05
1.501298000000000038e-05
1.500552999999999929e-05
1.499807999999999990e-05
1.499063000000000050e-05
1.498317999999999941e-05
1.496826999999999992e-05
1.496082000000000053e-05
1.495336999999999944e-05
1.494592000000000004e-05
1.493847000000000065e-05
1.493101999999999956e-05
1.492357000000000016e-05
1.491612000000000077e-05
1.490866999999999968e-05
1.490122000000000029e-05
1.488631999999999980e-05
1.487887000000000041e-05
1.487141999999999932e-05
1.486396999999999992e-05
1.484906999999999944e-05
1.484160999999999934e-05
1.482671000000000055e-05
1.481925999999999946e-05
1.481925999999999946e-05
1.480436000000000067e-05
1.479690999999999959e-05
1.478946000000000019e-05
1.477455999999999971e-05
1.476711000000000031e-05
1.475965999999999922e-05
1.475220999999999983e-05
1.475220999999999983e-05
1.474476000000000043e-05
1.473730999999999934e-05
1.472985999999999995e-05
1.471495000000000046e-05
1.470749999999999937e-05
1.470004999999999997e-05
1.469260000000000058e-05
1.469260000000000058e-05
1.467770000000000009e-05
1.467025000000000070e-05
1.466279999999999961e-05
1.465535000000000022e-05
1.464790000000000082e-05
1.464044999999999973e-05
1.463300000000000034e-05
1.462554999999999925e-05
1.462554999999999925e-05
1.461809999999999985e-05
1.461065000000000046e-05
1.460319999999999937e-05
1.459574999999999997e-05
1.458830000000000058e-05
1.458084000000000048e-05
1.457338999999999939e-05
1.456594000000000000e-05
1.455849000000000060e-05
1.455103999999999952e-05
1.454359000000000012e-05
1.453614000000000072e-05
1.452124000000000024e-05
1.451379000000000085e-05
1.450633999999999976e-05
1.449889000000000036e-05
1.449143999999999927e-05
1.448398999999999988e-05
1.446908999999999939e-05
1.446164000000000000e-05
1.445417999999999990e-05
1.443927999999999942e-05
1.443927999999999942e-05
1.442438000000000063e-05
1.441692999999999954e-05
1.440203000000000075e-05
1.439457999999999966e-05
1.437967999999999918e-05
1.437222999999999978e-05
1.436478000000000039e-05
1.435732999999999930e-05
1.434243000000000051e-05
1.433497999999999942e-05
1.432006999999999993e-05
1.431262000000000053e-05
1.431262000000000053e-05
1.429772000000000005e-05
1.429027000000000065e-05
1.428281999999999957e-05
1.427537000000000017e-05
1.426792000000000078e-05
1.425302000000000029e-05
1.424556999999999920e-05
1.424556999999999920e-05
1.424556999999999920e-05
1.423811999999999981e-05
1.423067000000000041e-05
1.422321999999999932e-05
1.421576999999999993e-05
1.420832000000000053e-05
1.420086000000000044e-05
1.419340999999999935e-05
1.418595999999999995e-05
1.418595999999999995e-05
1.417105999999999947e-05
1.416361000000000008e-05
1.415616000000000068e-05
1.414126000000000020e-05
1.413381000000000080e-05
1.412635999999999971e-05
1.411891000000000032e-05
1.411145999999999923e-05
1.409656000000000044e-05
1.408910999999999935e-05
1.407419999999999986e-05
1.406675000000000046e-05
1.405929999999999937e-05
1.404440000000000058e-05
1.403694999999999950e-05
1.402205000000000071e-05
1.400715000000000022e-05
1.399224999999999974e-05
1.399224999999999974e-05
1.397734999999999925e-05
1.396245000000000046e-05
1.394754999999999998e-05
1.394008999999999988e-05
1.393264000000000049e-05
1.392518999999999940e-05
1.391029000000000061e-05
1.390283999999999952e-05
1.389539000000000013e-05
1.388048999999999964e-05
1.387304000000000025e-05
1.386558999999999916e-05
1.385813999999999976e-05
1.385069000000000037e-05
1.384323999999999928e-05
1.382834000000000049e-05
1.381342999999999930e-05
1.380597999999999991e-05
1.379107999999999943e-05
1.377618000000000064e-05
1.376128000000000015e-05
1.374637999999999967e-05
1.373893000000000027e-05
1.372402999999999979e-05
1.371658000000000039e-05
1.370167999999999991e-05
1.368677000000000042e-05
1.367931999999999933e-05
1.367186999999999993e-05
1.365696999999999945e-05
1.364952000000000006e-05
1.363461999999999957e-05
1.362717000000000018e-05
1.361972000000000078e-05
1.361226999999999969e-05
1.361226999999999969e-05
1.360482000000000030e-05
1.359736999999999921e-05
1.358247000000000042e-05
1.357501999999999933e-05
1.356010999999999984e-05
1.355266000000000044e-05
1.355266000000000044e-05
1.353775999999999996e-05
1.353031000000000057e-05
1.352285999999999948e-05
1.352285999999999948e-05
1.350796000000000069e-05
1.350050999999999960e-05
1.350050999999999960e-05
1.349306000000000020e-05
1.348561000000000081e-05
1.348561000000000081e-05
1.347815999999999972e-05
1.347071000000000032e-05
1.346325999999999923e-05
1.344836000000000044e-05
1.343345999999999996e-05
1.342599999999999986e-05
1.341855000000000047e-05
1.340364999999999999e-05
1.338874999999999950e-05
1.336639999999999962e-05
1.335150000000000083e-05
1.333660000000000035e-05
1.331425000000000047e-05
1.329933999999999929e-05
1.327698999999999941e-05
1.326209000000000062e-05
1.324719000000000013e-05
1.323228999999999965e-05
1.322484000000000025e-05
1.320993999999999977e-05
1.320249000000000037e-05
1.319503999999999928e-05
1.318014000000000049e-05
1.317268000000000040e-05
1.317268000000000040e-05
1.316522999999999931e-05
1.315777999999999992e-05
1.314287999999999943e-05
1.312798000000000064e-05
1.311308000000000016e-05
1.310563000000000076e-05
1.308327999999999919e-05
1.306092999999999931e-05
1.304601999999999982e-05
1.302366999999999994e-05
1.300132000000000006e-05
1.297897000000000018e-05
1.296406999999999970e-05
1.294171999999999982e-05
1.292681999999999933e-05
1.291190999999999985e-05
1.289700999999999936e-05
1.288211000000000057e-05
1.287465999999999948e-05
1.285976000000000069e-05
1.285230999999999960e-05
1.285230999999999960e-05
1.283741000000000081e-05
1.282995999999999972e-05
1.281505999999999924e-05
1.280016000000000045e-05
1.279270999999999936e-05
1.278524999999999927e-05
1.277035000000000048e-05
1.276289999999999939e-05
1.275544999999999999e-05
1.274054999999999951e-05
1.273310000000000011e-05
1.272565000000000072e-05
1.271819999999999963e-05
1.270330000000000084e-05
1.269584999999999975e-05
1.268094999999999926e-05
1.267349999999999987e-05
1.266605000000000047e-05
1.265859000000000038e-05
1.264368999999999990e-05
1.262878999999999941e-05
1.262134000000000002e-05
1.261389000000000062e-05
1.259899000000000014e-05
1.259899000000000014e-05
1.258408999999999965e-05
1.256918999999999917e-05
1.256173999999999977e-05
1.254683999999999929e-05
1.253938999999999989e-05
1.252448000000000041e-05
1.251702999999999932e-05
1.250213000000000053e-05
1.248723000000000004e-05
1.247978000000000065e-05
1.247232999999999956e-05
1.246488000000000016e-05
1.244997999999999968e-05
1.243507999999999919e-05
1.242762999999999980e-05
1.241272999999999932e-05
1.240526999999999922e-05
1.239037000000000043e-05
1.237546999999999995e-05
1.236056999999999946e-05
1.235312000000000007e-05
1.233821999999999958e-05
1.233077000000000019e-05
1.231586999999999970e-05
1.230096999999999922e-05
1.228607000000000043e-05
1.227861999999999934e-05
1.226370999999999985e-05
1.224880999999999937e-05
1.223391000000000058e-05
1.221901000000000009e-05
1.221156000000000070e-05
1.219666000000000021e-05
1.218921000000000082e-05
1.217431000000000033e-05
1.215940999999999985e-05
1.215196000000000046e-05
1.214450000000000036e-05
1.212959999999999988e-05
1.211469999999999939e-05
1.209980000000000060e-05
1.209234999999999951e-05
1.208490000000000012e-05
1.206999999999999963e-05
1.205510000000000084e-05
1.204020000000000036e-05
1.203274999999999927e-05
1.201783999999999978e-05
1.199548999999999990e-05
1.198058999999999942e-05
1.196569000000000063e-05
1.195823999999999954e-05
1.193588999999999966e-05
1.192098999999999917e-05
1.191353999999999978e-05
1.190609000000000038e-05
1.189863999999999930e-05
1.188372999999999981e-05
1.186882999999999932e-05
1.186137999999999993e-05
1.184647999999999944e-05
1.183903000000000005e-05
1.182412999999999956e-05
1.180923000000000077e-05
1.179433000000000029e-05
1.177942999999999981e-05
1.177198000000000041e-05
1.175706999999999923e-05
1.174217000000000044e-05
1.172726999999999995e-05
1.171236999999999947e-05
1.170492000000000007e-05
1.169001999999999959e-05
1.167512000000000080e-05
1.166022000000000031e-05
1.165276999999999923e-05
1.163787000000000044e-05
1.162295999999999925e-05
1.160806000000000046e-05
1.159315999999999998e-05
1.158571000000000058e-05
1.157081000000000010e-05
1.155590999999999961e-05
1.154846000000000022e-05
1.153355999999999974e-05
1.152611000000000034e-05
1.151120999999999986e-05
1.149630000000000037e-05
1.148139999999999988e-05
1.146649999999999940e-05
1.145905000000000000e-05
1.144414999999999952e-05
1.142925000000000073e-05
1.141435000000000024e-05
1.139944999999999976e-05
1.139200000000000037e-05
1.137708999999999918e-05
1.136219000000000039e-05
1.135473999999999930e-05
1.133984000000000051e-05
1.133238999999999942e-05
1.131749000000000063e-05
1.131003999999999954e-05
1.130259000000000015e-05
1.128768999999999966e-05
1.128024000000000027e-05
1.127278999999999918e-05
1.125789000000000039e-05
1.124297999999999921e-05
1.122808000000000042e-05
1.121317999999999993e-05
1.120573000000000054e-05
1.119083000000000005e-05
1.117592999999999957e-05
1.116103000000000078e-05
1.114613000000000030e-05
1.113867999999999921e-05
1.112378000000000042e-05
1.110141999999999984e-05
1.108651999999999935e-05
1.107906999999999996e-05
1.105672000000000008e-05
1.104181999999999959e-05
1.102692000000000080e-05
1.101202000000000032e-05
1.099711999999999984e-05
1.098221000000000035e-05
1.096730999999999986e-05
1.095240999999999938e-05
1.094495999999999998e-05
1.093005999999999950e-05
1.092261000000000010e-05
1.090770999999999962e-05
1.089281000000000083e-05
1.089281000000000083e-05
1.087791000000000035e-05
1.087045999999999926e-05
1.085554999999999977e-05
1.084064999999999928e-05
1.082575000000000049e-05
1.081829999999999940e-05
1.080340000000000061e-05
1.078850000000000013e-05
1.077359999999999965e-05
1.076615000000000025e-05
1.075124999999999977e-05
1.073634000000000028e-05
1.072143999999999979e-05
1.071399000000000040e-05
1.069908999999999991e-05
1.069164000000000052e-05
1.067674000000000003e-05
1.066929000000000064e-05
1.065439000000000015e-05
1.064694000000000076e-05
1.063948999999999967e-05
1.062458999999999919e-05
1.061713999999999979e-05
1.060223000000000030e-05
1.059477999999999921e-05
1.057988000000000042e-05
1.057242999999999933e-05
1.057242999999999933e-05
1.056497999999999994e-05
1.055753000000000054e-05
1.054263000000000006e-05
1.053518000000000066e-05
1.052028000000000018e-05
1.051283000000000079e-05
1.050537999999999970e-05
1.049047999999999921e-05
1.047556999999999972e-05
1.046066999999999924e-05
1.045321999999999984e-05
1.044577000000000045e-05
1.043831999999999936e-05
1.042342000000000057e-05
1.041596999999999948e-05
1.040852000000000008e-05
1.040107000000000069e-05
1.038617000000000021e-05
1.038617000000000021e-05
1.037126999999999972e-05
1.036382000000000033e-05
1.035636999999999924e-05
1.034145999999999975e-05
1.033401000000000035e-05
1.031910999999999987e-05
1.031910999999999987e-05
1.030420999999999938e-05
1.028931000000000059e-05
1.027441000000000011e-05
1.025950999999999963e-05
1.024461000000000084e-05
1.022971000000000035e-05
1.020734999999999977e-05
1.019244999999999929e-05
1.017755000000000050e-05
1.015520000000000062e-05
1.013285000000000074e-05
1.011795000000000026e-05
1.010304999999999977e-05
1.008068999999999919e-05
1.006579000000000040e-05
1.005088999999999992e-05
1.002854000000000004e-05
1.001363999999999956e-05
9.998736999999999201e-06
9.976385999999999929e-06
9.954033999999999571e-06
9.939132999999999695e-06
9.924231999999999818e-06
9.901879999999999460e-06
9.879528000000000796e-06
9.872077000000000315e-06
9.864626999999999226e-06
9.864626999999999226e-06
9.864626999999999226e-06
9.857176000000000439e-06
9.842275000000000562e-06
9.819923000000000204e-06
9.805022000000000328e-06
9.790121000000000451e-06
9.775220000000000575e-06
9.775220000000000575e-06
9.775220000000000575e-06
9.767769000000000093e-06
9.767769000000000093e-06
9.752868000000000217e-06
9.745418000000000822e-06
9.730515999999999859e-06
9.723066000000000464e-06
9.708165000000000587e-06
9.693264000000000711e-06
9.685813000000000230e-06
9.678361999999999748e-06
9.670912000000000353e-06
9.663460999999999872e-06
9.656011000000000477e-06
9.648559999999999995e-06
9.648559999999999995e-06
9.641110000000000600e-06
9.626207999999999637e-06
9.626207999999999637e-06
9.626207999999999637e-06
9.618758000000000242e-06
9.611306999999999761e-06
9.596405999999999884e-06
9.581505000000000008e-06
9.566604000000000131e-06
9.559152999999999650e-06
9.544251999999999773e-06
9.529350999999999897e-06
9.514450000000000020e-06
9.506998999999999539e-06
9.499548000000000752e-06
9.484646999999999181e-06
9.469745999999999305e-06
9.454844999999999428e-06
9.432493000000000764e-06
9.425042999999999675e-06
9.402690999999999317e-06
9.387789999999999441e-06
9.372888999999999564e-06
9.372888999999999564e-06
9.357987000000000296e-06
9.343086000000000419e-06
9.328185000000000543e-06
9.313284000000000666e-06
9.305833000000000185e-06
9.283481999999999219e-06
9.268579999999999950e-06
9.253679000000000074e-06
9.238778000000000197e-06
9.223877000000000321e-06
9.208976000000000444e-06
9.186624000000000086e-06
9.179174000000000691e-06
9.164271999999999729e-06
9.156822000000000334e-06
9.141921000000000457e-06
9.134469999999999976e-06
9.127018999999999494e-06
9.119569000000000099e-06
9.119569000000000099e-06
9.112117999999999618e-06
9.104668000000000223e-06
9.097216999999999741e-06
9.089767000000000346e-06
9.082315999999999865e-06
9.082315999999999865e-06
9.074864999999999383e-06
9.067414999999999988e-06
9.067414999999999988e-06
9.059963999999999507e-06
9.059963999999999507e-06
9.052514000000000112e-06
9.052514000000000112e-06
9.045062999999999630e-06
9.037612000000000843e-06
9.022710999999999272e-06
9.015260999999999877e-06
9.000360000000000001e-06
8.992908999999999520e-06
8.985458000000000732e-06
8.970556999999999162e-06
8.963106999999999767e-06
8.955655999999999285e-06
8.948205999999999890e-06
8.940754999999999409e-06
8.925853999999999532e-06
8.925853999999999532e-06
8.918403000000000745e-06
8.903501999999999174e-06
8.888600999999999298e-06
8.873699999999999421e-06
8.866249000000000634e-06
8.843897000000000276e-06
8.828996000000000400e-06
8.814095000000000523e-06
8.799194000000000647e-06
8.784293000000000770e-06
8.761941000000000412e-06
8.739589000000000054e-06
8.739589000000000054e-06
8.724688000000000178e-06
8.709787000000000301e-06
8.687434999999999943e-06
8.665082999999999586e-06
8.627831000000000438e-06
8.598027999999999598e-06
8.560774999999999364e-06
8.545873999999999487e-06
8.538424000000000092e-06
8.545873999999999487e-06
8.545873999999999487e-06
8.568225999999999845e-06
8.590578000000000203e-06
8.605479000000000080e-06
8.605479000000000080e-06
8.598027999999999598e-06
8.575675999999999240e-06
8.545873999999999487e-06
8.508620999999999253e-06
8.463917999999999624e-06
8.419214000000000602e-06
8.381961000000000367e-06
8.359609999999999402e-06
8.352159000000000614e-06
8.352159000000000614e-06
8.359609999999999402e-06
8.374510999999999278e-06
8.381961000000000367e-06
8.389411999999999155e-06
8.381961000000000367e-06
8.359609999999999402e-06
8.329807000000000257e-06
8.292554000000000022e-06
8.255301999999999180e-06
8.225499000000000035e-06
8.188245999999999800e-06
8.158444000000000047e-06
8.121190999999999813e-06
8.098838999999999455e-06
8.061585999999999221e-06
8.031783999999999468e-06
7.987080999999999838e-06
7.949827999999999604e-06
7.905124000000000582e-06
7.852970000000000471e-06
7.800816000000000361e-06
7.748662000000000250e-06
7.696508000000000139e-06
7.659254999999999904e-06
7.621973000000000352e-06
7.599620999999999994e-06
7.599620999999999994e-06
7.599620999999999994e-06
7.629453000000000151e-06
7.666706000000000386e-06
7.726309999999999892e-06
7.785915000000000484e-06
7.852970000000000471e-06
7.920025000000000459e-06
7.979629999999999357e-06
8.016882999999999591e-06
8.046684999999999344e-06
8.069036999999999702e-06
8.091389000000000060e-06
8.106289999999999937e-06
8.113739999999999332e-06
8.121190999999999813e-06
8.113739999999999332e-06
8.106289999999999937e-06
8.098838999999999455e-06
8.083937999999999579e-06
8.061585999999999221e-06
8.039234999999999949e-06
8.024334000000000073e-06
8.001981999999999715e-06
7.987080999999999838e-06
7.972179000000000570e-06
7.957278000000000693e-06
7.942377000000000817e-06
7.934926999999999728e-06
7.927475999999999246e-06
7.920025000000000459e-06
7.912574999999999370e-06
7.912574999999999370e-06
7.905124000000000582e-06
7.897673999999999493e-06
7.890223000000000706e-06
7.875322000000000829e-06
7.867871000000000348e-06
7.867871000000000348e-06
7.860420999999999259e-06
7.852970000000000471e-06
7.852970000000000471e-06
7.838069000000000595e-06
7.823168000000000718e-06
7.808267000000000842e-06
7.793365999999999271e-06
7.785915000000000484e-06
7.771014000000000608e-06
7.756113000000000731e-06
7.741210999999999768e-06
7.726309999999999892e-06
7.711409000000000015e-06
7.689056999999999657e-06
7.674155999999999781e-06
7.659254999999999904e-06
7.636902999999999547e-06
7.621973000000000352e-06
7.599620999999999994e-06
7.584720000000000117e-06
7.569819000000000241e-06
7.554918000000000365e-06
7.540016999999999641e-06
7.532566000000000007e-06
7.525115999999999765e-06
7.525115999999999765e-06
7.517665000000000130e-06
7.510213999999999649e-06
7.502764000000000254e-06
7.495312999999999772e-06
7.487863000000000377e-06
7.480411999999999896e-06
7.472961000000000261e-06
7.472961000000000261e-06
7.465511000000000019e-06
7.458060000000000385e-06
7.450610000000000143e-06
7.443158999999999661e-06
7.443158999999999661e-06
7.435709000000000266e-06
7.435709000000000266e-06
7.435709000000000266e-06
7.435709000000000266e-06
7.428257999999999785e-06
7.420807000000000150e-06
7.413356999999999908e-06
7.405906000000000274e-06
7.405906000000000274e-06
7.391005000000000398e-06
7.376103999999999674e-06
7.368653000000000040e-06
7.361202999999999798e-06
7.353752000000000163e-06
7.346301999999999921e-06
7.338851000000000287e-06
7.331399999999999805e-06
7.316498999999999929e-06
7.301598000000000052e-06
7.286697000000000176e-06
7.279245999999999694e-06
7.264344999999999818e-06
7.249443999999999941e-06
7.234543000000000065e-06
7.219642000000000188e-06
7.204741000000000312e-06
7.189839000000000196e-06
7.167488000000000078e-06
7.152585999999999962e-06
7.137685000000000085e-06
7.115333999999999967e-06
7.092981999999999609e-06
7.078080999999999732e-06
7.055729000000000222e-06
7.033376999999999864e-06
7.018475999999999987e-06
7.003575000000000111e-06
6.981222999999999753e-06
6.966321999999999876e-06
6.943970000000000365e-06
6.921618000000000007e-06
6.906717000000000131e-06
6.899266999999999889e-06
6.876915000000000378e-06
6.862013999999999655e-06
6.847112999999999778e-06
6.839662000000000144e-06
6.817309999999999786e-06
6.802408999999999909e-06
6.780057000000000398e-06
6.772607000000000156e-06
6.750254999999999798e-06
6.727903000000000288e-06
6.713002000000000411e-06
6.690650000000000053e-06
6.675749000000000177e-06
6.653398000000000058e-06
6.638495999999999942e-06
6.616144999999999824e-06
6.601243999999999947e-06
6.586341999999999831e-06
6.571440999999999955e-06
6.549088999999999597e-06
6.534187999999999721e-06
6.519286999999999844e-06
6.489485000000000091e-06
6.467132999999999733e-06
6.444781000000000222e-06
6.414978999999999622e-06
6.392627000000000111e-06
6.362825000000000359e-06
6.333022999999999759e-06
6.303219999999999766e-06
6.273418000000000013e-06
6.243616000000000260e-06
6.221263999999999902e-06
6.198912000000000392e-06
6.169109999999999792e-06
6.146758000000000281e-06
6.124405999999999923e-06
6.102054999999999804e-06
6.079703000000000293e-06
6.057350999999999935e-06
6.027549000000000183e-06
6.012648000000000306e-06
5.982845000000000314e-06
5.953042999999999714e-06
5.923240999999999961e-06
5.893437999999999968e-06
5.863636000000000216e-06
5.826382999999999981e-06
5.796581000000000228e-06
5.759327999999999994e-06
5.736975999999999636e-06
5.707173999999999883e-06
5.684822000000000372e-06
5.662470000000000014e-06
5.632668000000000261e-06
5.625216999999999780e-06
5.602865999999999661e-06
5.580514000000000150e-06
5.573062999999999669e-06
5.558161999999999792e-06
5.535810000000000282e-06
5.513459000000000163e-06
5.491106999999999805e-06
5.461305000000000052e-06
5.438952999999999694e-06
5.416601000000000183e-06
5.386798999999999583e-06
5.364447000000000072e-06
5.342094999999999715e-06
5.319743999999999596e-06
5.297392000000000085e-06
5.275039999999999727e-06
5.260138999999999851e-06
5.252688000000000216e-06
5.237787000000000340e-06
5.230337000000000098e-06
5.215436000000000221e-06
5.200534000000000106e-06
5.185633000000000229e-06
5.163280999999999871e-06
5.148379999999999995e-06
5.133479000000000118e-06
5.118578000000000242e-06
5.096225999999999884e-06
5.066424000000000131e-06
5.044071999999999773e-06
5.029170999999999896e-06
5.014270000000000020e-06
5.014270000000000020e-06
4.999369000000000143e-06
4.977016999999999786e-06
4.932312999999999917e-06
4.872709000000000411e-06
4.805653999999999577e-06
4.716247000000000078e-06
4.619389000000000099e-06
4.522532000000000358e-06
4.418222999999999897e-06
4.306465000000000281e-06
4.194705999999999577e-06
4.082946999999999721e-06
3.978639000000000347e-06
3.881781999999999759e-06
3.792360000000000059e-06
3.710404000000000195e-06
3.635898000000000150e-06
3.576292999999999981e-06
3.524138999999999870e-06
3.479435999999999817e-06
3.457083999999999883e-06
3.442183000000000006e-06
3.427282000000000130e-06
3.427282000000000130e-06
3.427282000000000130e-06
3.434731999999999948e-06
3.464534999999999941e-06
3.501786999999999936e-06
3.561392000000000104e-06
3.620996999999999850e-06
3.680601000000000203e-06
3.740205999999999948e-06
3.807260999999999935e-06
3.881781999999999759e-06
3.956286999999999989e-06
4.023343000000000215e-06
4.082946999999999721e-06
4.150001999999999709e-06
4.209607000000000301e-06
4.261761000000000412e-06
4.306465000000000281e-06
4.328816000000000399e-06
4.351167999999999910e-06
4.366068999999999786e-06
4.380969999999999663e-06
4.388421000000000144e-06
4.388421000000000144e-06
4.388421000000000144e-06
4.380969999999999663e-06
4.388421000000000144e-06
4.388421000000000144e-06
4.388421000000000144e-06
4.395871999999999779e-06
4.395871999999999779e-06
4.395871999999999779e-06
4.395871999999999779e-06
4.388421000000000144e-06
4.380969999999999663e-06
4.366068999999999786e-06
4.358619000000000391e-06
4.343717999999999668e-06
4.321366000000000157e-06
4.299013999999999799e-06
4.276662000000000288e-06
4.254311000000000170e-06
4.239409000000000054e-06
4.217057999999999935e-06
4.202157000000000059e-06
4.179804999999999701e-06
4.172354000000000067e-06
4.157453000000000190e-06
4.142552000000000314e-06
4.127650999999999590e-06
4.112749999999999714e-06
4.112749999999999714e-06
4.105299000000000079e-06
4.090398000000000203e-06
4.082946999999999721e-06
4.075497000000000326e-06
4.068045999999999845e-06
4.068045999999999845e-06
4.060595999999999603e-06
4.053144999999999968e-06
4.038244000000000092e-06
4.038244000000000092e-06
4.038244000000000092e-06
4.038244000000000092e-06
4.038244000000000092e-06
4.038244000000000092e-06
4.053144999999999968e-06
4.068045999999999845e-06
4.090398000000000203e-06
4.112749999999999714e-06
4.127650999999999590e-06
4.135100999999999832e-06
4.135100999999999832e-06
4.120199999999999956e-06
4.112749999999999714e-06
4.097847999999999598e-06
4.082946999999999721e-06
4.075497000000000326e-06
4.068045999999999845e-06
4.053144999999999968e-06
4.053144999999999968e-06
4.045694000000000334e-06
4.038244000000000092e-06
4.038244000000000092e-06
4.030792999999999610e-06
4.023343000000000215e-06
4.015891999999999734e-06
4.008441000000000100e-06
4.000990999999999857e-06
3.986089999999999981e-06
3.986089999999999981e-06
3.971189000000000104e-06
3.948836999999999747e-06
3.933935999999999870e-06
3.919033999999999754e-06
3.904132999999999878e-06
3.881781999999999759e-06
3.859430000000000248e-06
3.844529000000000372e-06
3.822177000000000014e-06
3.799811000000000117e-06
3.777459000000000182e-06
3.747657000000000006e-06
3.732754999999999890e-06
3.702953000000000137e-06
3.680601000000000203e-06
3.658250000000000084e-06
3.635898000000000150e-06
3.613545999999999792e-06
3.598644999999999915e-06
3.568843000000000162e-06
3.546490999999999804e-06
3.524138999999999870e-06
3.501786999999999936e-06
3.479435999999999817e-06
3.457083999999999883e-06
3.434731999999999948e-06
3.419831000000000072e-06
3.390028999999999895e-06
3.360225999999999903e-06
3.345325000000000027e-06
3.315522999999999850e-06
3.293170999999999916e-06
3.263369000000000163e-06
3.233566999999999986e-06
3.211215000000000052e-06
3.188863000000000118e-06
3.166511000000000183e-06
3.159060999999999941e-06
3.136709000000000007e-06
3.121808000000000130e-06
3.106906999999999830e-06
3.099456000000000196e-06
3.084554999999999896e-06
3.077103999999999838e-06
3.062202999999999961e-06
3.047302000000000085e-06
3.039851000000000027e-06
3.024950000000000151e-06
3.017499999999999908e-06
3.010048999999999851e-06
3.010048999999999851e-06
3.002599000000000032e-06
3.002599000000000032e-06
3.002599000000000032e-06
3.002599000000000032e-06
2.995147999999999974e-06
2.995147999999999974e-06
2.987696999999999916e-06
2.987696999999999916e-06
2.987696999999999916e-06
2.987696999999999916e-06
2.980247000000000098e-06
2.980247000000000098e-06
2.980247000000000098e-06
2.987696999999999916e-06
2.987696999999999916e-06
2.987696999999999916e-06
2.995147999999999974e-06
2.995147999999999974e-06
3.002599000000000032e-06
3.002599000000000032e-06
3.010048999999999851e-06
3.010048999999999851e-06
3.017499999999999908e-06
3.017499999999999908e-06
3.017499999999999908e-06
3.017499999999999908e-06
3.017499999999999908e-06
3.017499999999999908e-06
3.017499999999999908e-06
3.010048999999999851e-06
3.010048999999999851e-06
3.010048999999999851e-06
3.002599000000000032e-06
3.002599000000000032e-06
3.002599000000000032e-06
3.002599000000000032e-06
3.002599000000000032e-06
3.002599000000000032e-06
3.002599000000000032e-06
3.002599000000000032e-06
3.002599000000000032e-06
3.002599000000000032e-06
3.002599000000000032e-06
3.002599000000000032e-06
2.995147999999999974e-06
2.995147999999999974e-06
2.995147999999999974e-06
2.995147999999999974e-06
2.987696999999999916e-06
2.987696999999999916e-06
2.980247000000000098e-06
2.980247000000000098e-06
2.980247000000000098e-06
2.980247000000000098e-06
2.980247000000000098e-06
2.987696999999999916e-06
2.987696999999999916e-06
2.987696999999999916e-06
2.987696999999999916e-06
2.995147999999999974e-06
2.995147999999999974e-06
2.995147999999999974e-06
2.995147999999999974e-06
3.002599000000000032e-06
3.002599000000000032e-06
3.010048999999999851e-06
3.010048999999999851e-06
3.010048999999999851e-06
3.010048999999999851e-06
3.010048999999999851e-06
3.017499999999999908e-06
3.017499999999999908e-06
3.017499999999999908e-06
3.017499999999999908e-06
3.024950000000000151e-06
3.024950000000000151e-06
3.017499999999999908e-06
3.017499999999999908e-06
3.017499999999999908e-06
3.010048999999999851e-06
3.002599000000000032e-06
3.002599000000000032e-06
2.995147999999999974e-06
2.995147999999999974e-06
2.995147999999999974e-06
2.995147999999999974e-06
2.995147999999999974e-06
3.002599000000000032e-06
3.002599000000000032e-06
3.010048999999999851e-06
3.010048999999999851e-06
3.010048999999999851e-06
3.010048999999999851e-06
3.010048999999999851e-06
3.010048999999999851e-06
3.010048999999999851e-06
3.010048999999999851e-06
3.010048999999999851e-06
3.010048999999999851e-06
3.010048999999999851e-06
3.010048999999999851e-06
3.010048999999999851e-06
3.010048999999999851e-06
3.010048999999999851e-06
3.010048999999999851e-06
3.017499999999999908e-06
3.017499999999999908e-06
3.017499999999999908e-06
3.017499999999999908e-06
3.024950000000000151e-06
3.024950000000000151e-06
3.024950000000000151e-06
3.024950000000000151e-06
3.024950000000000151e-06
3.024950000000000151e-06
3.024950000000000151e-06
3.024950000000000151e-06
3.017499999999999908e-06
3.017499999999999908e-06
3.017499999999999908e-06
3.010048999999999851e-06
3.010048999999999851e-06
3.010048999999999851e-06
3.010048999999999851e-06
3.010048999999999851e-06
3.010048999999999851e-06
3.002599000000000032e-06
3.002599000000000032e-06
3.002599000000000032e-06
3.002599000000000032e-06
3.002599000000000032e-06
3.010048999999999851e-06
3.010048999999999851e-06
3.010048999999999851e-06
3.010048999999999851e-06
3.017499999999999908e-06
3.017499999999999908e-06
3.024950000000000151e-06
3.032401000000000208e-06
3.032401000000000208e-06
3.039851000000000027e-06
3.039851000000000027e-06
3.039851000000000027e-06
3.047302000000000085e-06
3.047302000000000085e-06
3.054753000000000143e-06
3.054753000000000143e-06
3.054753000000000143e-06
3.054753000000000143e-06
3.054753000000000143e-06
3.054753000000000143e-06
3.054753000000000143e-06
3.054753000000000143e-06
3.054753000000000143e-06
3.054753000000000143e-06
3.054753000000000143e-06
3.054753000000000143e-06
3.054753000000000143e-06
3.054753000000000143e-06
3.054753000000000143e-06
3.054753000000000143e-06
3.047302000000000085e-06
3.047302000000000085e-06
3.054753000000000143e-06
3.054753000000000143e-06
3.054753000000000143e-06
3.054753000000000143e-06
3.062202999999999961e-06
3.062202999999999961e-06
3.062202999999999961e-06
3.062202999999999961e-06
3.062202999999999961e-06
3.069654000000000019e-06
3.069654000000000019e-06
3.069654000000000019e-06
3.069654000000000019e-06
3.069654000000000019e-06
3.069654000000000019e-06
3.069654000000000019e-06
3.069654000000000019e-06
3.077103999999999838e-06
3.077103999999999838e-06
3.077103999999999838e-06
3.077103999999999838e-06
3.069654000000000019e-06
3.069654000000000019e-06
3.069654000000000019e-06
3.077103999999999838e-06
3.069654000000000019e-06
3.069654000000000019e-06
3.069654000000000019e-06
3.069654000000000019e-06
3.069654000000000019e-06
3.069654000000000019e-06
3.069654000000000019e-06
3.069654000000000019e-06
3.069654000000000019e-06
3.069654000000000019e-06
3.069654000000000019e-06
3.077103999999999838e-06
3.077103999999999838e-06
3.077103999999999838e-06
3.077103999999999838e-06
3.077103999999999838e-06
3.077103999999999838e-06
3.077103999999999838e-06
3.077103999999999838e-06
3.077103999999999838e-06
3.084554999999999896e-06
3.084554999999999896e-06
3.084554999999999896e-06
3.092005000000000138e-06
3.092005000000000138e-06
3.092005000000000138e-06
3.092005000000000138e-06
3.092005000000000138e-06
3.099456000000000196e-06
3.099456000000000196e-06
3.099456000000000196e-06
3.099456000000000196e-06
3.099456000000000196e-06
3.099456000000000196e-06
3.099456000000000196e-06
3.092005000000000138e-06
3.092005000000000138e-06
3.092005000000000138e-06
3.092005000000000138e-06
3.084554999999999896e-06
3.084554999999999896e-06
3.077103999999999838e-06
3.069654000000000019e-06
3.062202999999999961e-06
3.054753000000000143e-06
3.054753000000000143e-06
3.047302000000000085e-06
3.039851000000000027e-06
3.039851000000000027e-06
3.039851000000000027e-06
3.032401000000000208e-06
3.032401000000000208e-06
3.032401000000000208e-06
3.032401000000000208e-06
3.032401000000000208e-06
3.039851000000000027e-06
3.039851000000000027e-06
3.039851000000000027e-06
3.047302000000000085e-06
3.054753000000000143e-06
3.062202999999999961e-06
3.069654000000000019e-06
3.077103999999999838e-06
3.077103999999999838e-06
3.084554999999999896e-06
3.084554999999999896e-06
3.084554999999999896e-06
3.084554999999999896e-06
3.077103999999999838e-06
3.077103999999999838e-06
3.077103999999999838e-06
3.077103999999999838e-06
3.077103999999999838e-06
3.077103999999999838e-06
3.077103999999999838e-06
3.077103999999999838e-06
3.077103999999999838e-06
3.084554999999999896e-06
3.084554999999999896e-06
3.092005000000000138e-06
3.092005000000000138e-06
3.099456000000000196e-06
3.099456000000000196e-06
3.099456000000000196e-06
3.099456000000000196e-06
3.099456000000000196e-06
3.099456000000000196e-06
3.106906999999999830e-06
3.106906999999999830e-06
3.106906999999999830e-06
3.106906999999999830e-06
3.106906999999999830e-06
3.106906999999999830e-06
3.106906999999999830e-06
3.106906999999999830e-06
3.106906999999999830e-06
3.106906999999999830e-06
3.099456000000000196e-06
3.099456000000000196e-06
3.099456000000000196e-06
3.099456000000000196e-06
3.099456000000000196e-06
3.099456000000000196e-06
3.099456000000000196e-06
3.092005000000000138e-06
3.092005000000000138e-06
3.092005000000000138e-06
3.084554999999999896e-06
3.084554999999999896e-06
3.077103999999999838e-06
3.077103999999999838e-06
3.077103999999999838e-06
3.077103999999999838e-06
3.077103999999999838e-06
3.069654000000000019e-06
3.069654000000000019e-06
3.062202999999999961e-06
3.062202999999999961e-06
3.062202999999999961e-06
3.062202999999999961e-06
3.062202999999999961e-06
3.062202999999999961e-06
3.062202999999999961e-06
3.054753000000000143e-06
3.054753000000000143e-06
3.054753000000000143e-06
3.054753000000000143e-06
3.054753000000000143e-06
3.047302000000000085e-06
3.047302000000000085e-06
3.047302000000000085e-06
3.047302000000000085e-06
3.047302000000000085e-06
3.047302000000000085e-06
3.047302000000000085e-06
3.054753000000000143e-06
3.054753000000000143e-06
3.054753000000000143e-06
3.062202999999999961e-06
3.062202999999999961e-06
3.069654000000000019e-06
3.069654000000000019e-06
3.077103999999999838e-06
3.084554999999999896e-06
3.084554999999999896e-06
3.092005000000000138e-06
3.092005000000000138e-06
3.099456000000000196e-06
3.099456000000000196e-06
3.099456000000000196e-06
3.106906999999999830e-06
3.106906999999999830e-06
3.106906999999999830e-06
3.106906999999999830e-06
3.106906999999999830e-06
3.114357000000000072e-06
3.114357000000000072e-06
3.106906999999999830e-06
3.106906999999999830e-06
3.106906999999999830e-06
3.106906999999999830e-06
3.106906999999999830e-06
3.114357000000000072e-06
3.114357000000000072e-06
3.114357000000000072e-06
3.114357000000000072e-06
3.114357000000000072e-06
3.114357000000000072e-06
3.106906999999999830e-06
3.106906999999999830e-06
3.106906999999999830e-06
3.106906999999999830e-06
3.106906999999999830e-06
3.106906999999999830e-06
3.106906999999999830e-06
3.099456000000000196e-06
3.099456000000000196e-06
3.099456000000000196e-06
3.099456000000000196e-06
3.099456000000000196e-06
3.099456000000000196e-06
3.092005000000000138e-06
3.092005000000000138e-06
3.092005000000000138e-06
3.092005000000000138e-06
3.092005000000000138e-06
3.092005000000000138e-06
3.092005000000000138e-06
3.092005000000000138e-06
3.092005000000000138e-06
3.099456000000000196e-06
3.099456000000000196e-06
3.099456000000000196e-06
3.099456000000000196e-06
3.099456000000000196e-06
3.099456000000000196e-06
3.099456000000000196e-06
3.099456000000000196e-06
3.099456000000000196e-06
3.099456000000000196e-06
3.106906999999999830e-06
3.106906999999999830e-06
3.106906999999999830e-06
3.114357000000000072e-06
3.114357000000000072e-06
3.114357000000000072e-06
3.121808000000000130e-06
3.121808000000000130e-06
3.121808000000000130e-06
3.129257999999999949e-06
3.129257999999999949e-06
3.136709000000000007e-06
3.136709000000000007e-06
3.144160000000000065e-06
3.144160000000000065e-06
3.144160000000000065e-06
3.151609999999999883e-06
3.151609999999999883e-06
3.144160000000000065e-06
3.144160000000000065e-06
3.144160000000000065e-06
3.144160000000000065e-06
3.144160000000000065e-06
3.144160000000000065e-06
3.136709000000000007e-06
3.136709000000000007e-06
3.136709000000000007e-06
3.136709000000000007e-06
3.136709000000000007e-06
3.136709000000000007e-06
3.136709000000000007e-06
3.136709000000000007e-06
3.136709000000000007e-06
3.129257999999999949e-06
3.129257999999999949e-06
3.121808000000000130e-06
3.114357000000000072e-06
3.106906999999999830e-06
3.099456000000000196e-06
3.099456000000000196e-06
3.099456000000000196e-06
3.092005000000000138e-06
3.084554999999999896e-06
3.084554999999999896e-06
3.084554999999999896e-06
3.077103999999999838e-06
3.077103999999999838e-06
3.077103999999999838e-06
3.084554999999999896e-06
3.084554999999999896e-06
3.092005000000000138e-06
3.092005000000000138e-06
3.099456000000000196e-06
3.099456000000000196e-06
3.099456000000000196e-06
3.099456000000000196e-06
3.099456000000000196e-06
3.092005000000000138e-06
3.092005000000000138e-06
3.084554999999999896e-06
3.077103999999999838e-06
3.077103999999999838e-06
3.069654000000000019e-06
3.069654000000000019e-06
3.062202999999999961e-06
3.062202999999999961e-06
3.054753000000000143e-06
3.054753000000000143e-06
3.054753000000000143e-06
3.054753000000000143e-06
3.054753000000000143e-06
3.054753000000000143e-06
3.054753000000000143e-06
3.062202999999999961e-06
3.062202999999999961e-06
3.062202999999999961e-06
3.062202999999999961e-06
3.062202999999999961e-06
3.062202999999999961e-06
3.062202999999999961e-06
3.062202999999999961e-06
3.069654000000000019e-06
3.077103999999999838e-06
3.084554999999999896e-06
3.092005000000000138e-06
3.099456000000000196e-06
3.099456000000000196e-06
3.106906999999999830e-06
3.106906999999999830e-06
3.106906999999999830e-06
3.106906999999999830e-06
3.106906999999999830e-06
3.099456000000000196e-06
3.099456000000000196e-06
3.099456000000000196e-06
3.092005000000000138e-06
3.084554999999999896e-06
3.077103999999999838e-06
3.069654000000000019e-06
3.069654000000000019e-06
3.062202999999999961e-06
3.062202999999999961e-06
3.062202999999999961e-06
3.062202999999999961e-06
3.062202999999999961e-06
3.069654000000000019e-06
3.069654000000000019e-06
3.077103999999999838e-06
3.077103999999999838e-06
3.084554999999999896e-06
3.084554999999999896e-06
3.092005000000000138e-06
3.092005000000000138e-06
3.099456000000000196e-06
3.099456000000000196e-06
3.099456000000000196e-06
3.099456000000000196e-06
3.099456000000000196e-06
3.099456000000000196e-06
3.099456000000000196e-06
3.099456000000000196e-06
3.099456000000000196e-06
3.099456000000000196e-06
3.099456000000000196e-06
3.099456000000000196e-06
3.099456000000000196e-06
3.106906999999999830e-06
3.106906999999999830e-06
3.114357000000000072e-06
3.121808000000000130e-06
3.129257999999999949e-06
3.136709000000000007e-06
3.151609999999999883e-06
3.151609999999999883e-06
3.159060999999999941e-06
3.159060999999999941e-06
3.159060999999999941e-06
3.151609999999999883e-06
3.144160000000000065e-06
3.136709000000000007e-06
3.129257999999999949e-06
3.121808000000000130e-06
3.114357000000000072e-06
3.106906999999999830e-06
3.106906999999999830e-06
3.099456000000000196e-06
3.099456000000000196e-06
3.099456000000000196e-06
3.092005000000000138e-06
3.092005000000000138e-06
3.084554999999999896e-06
3.077103999999999838e-06
3.077103999999999838e-06
3.069654000000000019e-06
3.069654000000000019e-06
3.069654000000000019e-06
3.077103999999999838e-06
3.077103999999999838e-06
3.077103999999999838e-06
3.077103999999999838e-06
3.084554999999999896e-06
3.084554999999999896e-06
3.084554999999999896e-06
3.084554999999999896e-06
3.084554999999999896e-06
3.084554999999999896e-06
3.084554999999999896e-06
3.092005000000000138e-06
3.092005000000000138e-06
3.084554999999999896e-06
3.084554999999999896e-06
3.084554999999999896e-06
3.077103999999999838e-06
3.069654000000000019e-06
3.062202999999999961e-06
3.054753000000000143e-06
3.054753000000000143e-06
3.047302000000000085e-06
3.047302000000000085e-06
3.047302000000000085e-06
3.047302000000000085e-06
3.047302000000000085e-06
