-3.600000000000000227e-04
3.499999999999999964e-04
1.360000000000000098e-03
2.830000000000000050e-03
4.400000000000000265e-03
5.910000000000000323e-03
6.989999999999999686e-03
8.489999999999999283e-03
1.009000000000000001e-02
1.154999999999999950e-02
1.264999999999999979e-02
1.413000000000000020e-02
1.567999999999999949e-02
1.726000000000000104e-02
1.825999999999999845e-02
1.980000000000000163e-02
2.131999999999999867e-02
2.287000000000000144e-02
2.387999999999999845e-02
2.542000000000000162e-02
2.690000000000000030e-02
2.844999999999999959e-02
2.948999999999999885e-02
3.107000000000000040e-02
3.255000000000000254e-02
3.411999999999999755e-02
3.513999999999999763e-02
3.665000000000000202e-02
3.824999999999999928e-02
3.982000000000000123e-02
4.136000000000000093e-02
4.236000000000000182e-02
4.392000000000000071e-02
4.540999999999999898e-02
4.698000000000000093e-02
4.796999999999999875e-02
4.950999999999999845e-02
5.099999999999999672e-02
5.258000000000000174e-02
5.362999999999999712e-02
5.517999999999999988e-02
5.671000000000000346e-02
5.825999999999999929e-02
5.927000000000000324e-02
6.079999999999999988e-02
6.233000000000000346e-02
6.385000000000000397e-02
6.490999999999999548e-02
6.643000000000000294e-02
6.797999999999999876e-02
6.947000000000000397e-02
7.055999999999999772e-02
7.206999999999999518e-02
7.359999999999999876e-02
7.509000000000000397e-02
7.609000000000000485e-02
7.764999999999999680e-02
7.929999999999999549e-02
8.081000000000000683e-02
8.236999999999999877e-02
8.337999999999999579e-02
8.487999999999999712e-02
8.641000000000000070e-02
8.791999999999999815e-02
8.898000000000000353e-02
9.050999999999999324e-02
9.205000000000000682e-02
9.353999999999999815e-02
9.463000000000000578e-02
9.614000000000000323e-02
9.768000000000000294e-02
9.912999999999999590e-02
1.001800000000000052e-01
1.017399999999999971e-01
1.033000000000000029e-01
1.048400000000000026e-01
1.058199999999999974e-01
1.074900000000000022e-01
1.089100000000000068e-01
1.105499999999999955e-01
1.115400000000000003e-01
1.131199999999999983e-01
1.146500000000000019e-01
1.162200000000000039e-01
1.172200000000000047e-01
1.192899999999999933e-01
1.203199999999999964e-01
1.218400000000000039e-01
1.233400000000000052e-01
1.243200000000000000e-01
1.258900000000000019e-01
1.274200000000000055e-01
1.289599999999999913e-01
1.299299999999999899e-01
1.315099999999999880e-01
1.330300000000000094e-01
1.345699999999999952e-01
1.355699999999999961e-01
1.371499999999999941e-01
1.386799999999999977e-01
1.403099999999999903e-01
1.413300000000000112e-01
1.428699999999999970e-01
1.443800000000000083e-01
1.459199999999999942e-01
1.469100000000000128e-01
1.484199999999999964e-01
1.499900000000000122e-01
1.515499999999999903e-01
1.525600000000000012e-01
1.540499999999999925e-01
1.556500000000000106e-01
1.571500000000000119e-01
1.582099999999999895e-01
1.597000000000000086e-01
1.612800000000000067e-01
1.628199999999999925e-01
1.643699999999999883e-01
1.653799999999999992e-01
1.670000000000000095e-01
1.684499999999999886e-01
1.700599999999999890e-01
1.710599999999999898e-01
1.725200000000000067e-01
1.741000000000000048e-01
1.756199999999999983e-01
1.765700000000000047e-01
1.781399999999999928e-01
1.797199999999999909e-01
1.812400000000000122e-01
1.822900000000000076e-01
1.837900000000000089e-01
1.853499999999999870e-01
1.868799999999999906e-01
1.878900000000000015e-01
1.894299999999999873e-01
1.909599999999999909e-01
1.924899999999999944e-01
1.934800000000000131e-01
1.950000000000000067e-01
1.964899999999999980e-01
1.980600000000000138e-01
1.990899999999999892e-01
2.011600000000000055e-01
2.021699999999999886e-01
2.037400000000000044e-01
2.052499999999999880e-01
2.063099999999999934e-01
2.078099999999999947e-01
2.093899999999999928e-01
2.110100000000000031e-01
2.120400000000000063e-01
2.135599999999999998e-01
2.149999999999999967e-01
2.166599999999999915e-01
2.176400000000000001e-01
2.191700000000000037e-01
2.206500000000000128e-01
2.222000000000000086e-01
2.232399999999999940e-01
2.247999999999999998e-01
2.263000000000000012e-01
2.278600000000000070e-01
2.288900000000000101e-01
2.304299999999999959e-01
2.319499999999999895e-01
2.334900000000000031e-01
2.345099999999999962e-01
2.360200000000000076e-01
2.375899999999999956e-01
2.390799999999999870e-01
2.401399999999999924e-01
2.421699999999999964e-01
2.431699999999999973e-01
2.446500000000000064e-01
2.462399999999999867e-01
2.472900000000000098e-01
2.488499999999999879e-01
2.503600000000000270e-01
2.520100000000000118e-01
2.530299999999999772e-01
2.545600000000000085e-01
2.559899999999999953e-01
2.576300000000000257e-01
2.586499999999999910e-01
2.601800000000000224e-01
2.617200000000000082e-01
2.632300000000000195e-01
2.642900000000000249e-01
2.657999999999999807e-01
2.673400000000000221e-01
2.688099999999999934e-01
2.698599999999999888e-01
2.713999999999999746e-01
2.729500000000000259e-01
2.744500000000000273e-01
2.754599999999999826e-01
2.770400000000000085e-01
2.785500000000000198e-01
2.800699999999999856e-01
2.810400000000000120e-01
2.826400000000000023e-01
2.841600000000000237e-01
2.857000000000000095e-01
2.871900000000000008e-01
2.882700000000000262e-01
2.898600000000000065e-01
2.913799999999999724e-01
2.928799999999999737e-01
2.939300000000000246e-01
2.954999999999999849e-01
2.970400000000000262e-01
2.985700000000000021e-01
2.995700000000000029e-01
3.011400000000000188e-01
3.026699999999999946e-01
3.041800000000000059e-01
3.051800000000000068e-01
3.067799999999999971e-01
3.082900000000000085e-01
3.098600000000000243e-01
3.108699999999999797e-01
3.124299999999999855e-01
3.139500000000000068e-01
3.154899999999999927e-01
3.164699999999999736e-01
3.179799999999999849e-01
3.195200000000000262e-01
3.210700000000000220e-01
3.220799999999999774e-01
3.235700000000000243e-01
3.251700000000000146e-01
3.266700000000000159e-01
3.282100000000000017e-01
3.291999999999999926e-01
3.307999999999999829e-01
3.323099999999999943e-01
3.338499999999999801e-01
3.348700000000000010e-01
3.364099999999999868e-01
3.379499999999999726e-01
3.394599999999999840e-01
3.404699999999999949e-01
3.419599999999999862e-01
3.435300000000000020e-01
3.450799999999999979e-01
3.461099999999999732e-01
3.476000000000000201e-01
3.491799999999999904e-01
3.507000000000000117e-01
3.517600000000000171e-01
3.532600000000000184e-01
3.548299999999999788e-01
3.563700000000000201e-01
3.573899999999999855e-01
3.589200000000000168e-01
3.604700000000000126e-01
3.619899999999999785e-01
3.629800000000000249e-01
3.651099999999999901e-01
3.660800000000000165e-01
3.676300000000000123e-01
3.691599999999999882e-01
3.701900000000000190e-01
3.716800000000000104e-01
3.732699999999999907e-01
3.747699999999999920e-01
3.758199999999999874e-01
3.773099999999999787e-01
3.789000000000000146e-01
3.804199999999999804e-01
3.814500000000000113e-01
3.829699999999999771e-01
3.845000000000000084e-01
3.860399999999999943e-01
3.870000000000000107e-01
3.885399999999999965e-01
3.900199999999999778e-01
3.916399999999999881e-01
3.926499999999999990e-01
3.942200000000000149e-01
3.957200000000000162e-01
3.973700000000000010e-01
3.983400000000000274e-01
3.999599999999999822e-01
4.014699999999999935e-01
4.030299999999999994e-01
4.039699999999999958e-01
4.061400000000000010e-01
4.071400000000000019e-01
4.086699999999999777e-01
4.102100000000000191e-01
4.112000000000000099e-01
4.127299999999999858e-01
4.142299999999999871e-01
4.157699999999999729e-01
4.168000000000000038e-01
4.183600000000000096e-01
4.198700000000000210e-01
4.214399999999999813e-01
4.224700000000000122e-01
4.239999999999999880e-01
4.254899999999999793e-01
4.270599999999999952e-01
4.280800000000000161e-01
4.296099999999999919e-01
4.311400000000000232e-01
4.326499999999999790e-01
4.336999999999999744e-01
4.352199999999999958e-01
4.367599999999999816e-01
4.383000000000000229e-01
4.394000000000000128e-01
4.409299999999999886e-01
4.425000000000000044e-01
4.440100000000000158e-01
4.450500000000000012e-01
4.465999999999999970e-01
4.481200000000000183e-01
4.496499999999999941e-01
4.511899999999999800e-01
4.522300000000000209e-01
4.537499999999999867e-01
4.552899999999999725e-01
4.568099999999999938e-01
4.578699999999999992e-01
4.593800000000000106e-01
4.609199999999999964e-01
4.623900000000000232e-01
4.634300000000000086e-01
4.649699999999999944e-01
4.665199999999999902e-01
4.680300000000000016e-01
4.690300000000000025e-01
4.706000000000000183e-01
4.721299999999999941e-01
4.736299999999999955e-01
4.746299999999999963e-01
4.762199999999999767e-01
4.777299999999999880e-01
4.792699999999999738e-01
4.802899999999999947e-01
4.819300000000000250e-01
4.833600000000000119e-01
4.849700000000000122e-01
4.859700000000000131e-01
4.880300000000000193e-01
4.890800000000000147e-01
4.906300000000000106e-01
4.921599999999999864e-01
4.931400000000000228e-01
4.947099999999999831e-01
4.962400000000000144e-01
4.977800000000000002e-01
4.987599999999999811e-01
5.003600000000000270e-01
5.018700000000000383e-01
5.034300000000000441e-01
5.044499999999999540e-01
5.060099999999999598e-01
5.075300000000000367e-01
5.090599999999999570e-01
5.100700000000000234e-01
5.115499999999999492e-01
5.131000000000000005e-01
5.146600000000000064e-01
5.156600000000000072e-01
5.171599999999999531e-01
5.187300000000000244e-01
5.203499999999999792e-01
5.213700000000000001e-01
5.228599999999999914e-01
5.244499999999999718e-01
5.259700000000000486e-01
5.270299999999999985e-01
5.285300000000000553e-01
5.301000000000000156e-01
5.316100000000000270e-01
5.331399999999999473e-01
5.341299999999999937e-01
5.356600000000000250e-01
5.372200000000000308e-01
5.387600000000000167e-01
5.397800000000000376e-01
5.412700000000000289e-01
5.428699999999999637e-01
5.443799999999999750e-01
5.454400000000000359e-01
5.469199999999999617e-01
5.484900000000000331e-01
5.500300000000000189e-01
5.510899999999999688e-01
5.525999999999999801e-01
5.541300000000000114e-01
5.556600000000000428e-01
5.566600000000000437e-01
5.582000000000000295e-01
5.596700000000000008e-01
5.612200000000000522e-01
5.622200000000000530e-01
5.637799999999999478e-01
5.652800000000000047e-01
5.668499999999999650e-01
5.678800000000000514e-01
5.699100000000000277e-01
5.709100000000000286e-01
5.724799999999999889e-01
5.740199999999999747e-01
5.750399999999999956e-01
5.765500000000000069e-01
5.780999999999999472e-01
5.796200000000000241e-01
5.806200000000000250e-01
5.821399999999999908e-01
5.836299999999999821e-01
5.852000000000000535e-01
5.862300000000000288e-01
5.878700000000000037e-01
5.893000000000000460e-01
5.908799999999999608e-01
5.919100000000000472e-01
5.934500000000000330e-01
5.949499999999999789e-01
5.965300000000000047e-01
5.975300000000000056e-01
5.990799999999999459e-01
6.006200000000000427e-01
6.021300000000000541e-01
6.031699999999999839e-01
6.047500000000000098e-01
6.063100000000000156e-01
6.072999999999999510e-01
6.088299999999999823e-01
6.103800000000000336e-01
6.114100000000000090e-01
6.129299999999999748e-01
6.144800000000000262e-01
6.160200000000000120e-01
6.170099999999999474e-01
6.190600000000000547e-01
6.200299999999999701e-01
6.216399999999999704e-01
6.232499999999999707e-01
6.242799999999999461e-01
6.257800000000000029e-01
6.273400000000000087e-01
6.288500000000000201e-01
6.298899999999999499e-01
6.313900000000000068e-01
6.329500000000000126e-01
6.344899999999999984e-01
6.355199999999999738e-01
6.370599999999999596e-01
6.385899999999999910e-01
6.401499999999999968e-01
6.411400000000000432e-01
6.426800000000000290e-01
6.441799999999999748e-01
6.457600000000000007e-01
6.468000000000000416e-01
6.483400000000000274e-01
6.498399999999999732e-01
6.513999999999999790e-01
6.524199999999999999e-01
6.539700000000000513e-01
6.554600000000000426e-01
6.569700000000000539e-01
6.579800000000000093e-01
6.595199999999999951e-01
6.610599999999999810e-01
6.625799999999999468e-01
6.641399999999999526e-01
6.651299999999999990e-01
6.666800000000000503e-01
6.681599999999999762e-01
6.698399999999999910e-01
6.707800000000000429e-01
6.724099999999999522e-01
6.739000000000000545e-01
6.754700000000000149e-01
6.764999999999999902e-01
6.780000000000000471e-01
6.795200000000000129e-01
6.810599999999999987e-01
6.820800000000000196e-01
6.836100000000000509e-01
6.851599999999999913e-01
6.866999999999999771e-01
6.877299999999999525e-01
6.892599999999999838e-01
6.907999999999999696e-01
6.922899999999999610e-01
6.933899999999999508e-01
6.949400000000000022e-01
6.964799999999999880e-01
6.979800000000000448e-01
6.990199999999999747e-01
7.010600000000000165e-01
7.020899999999999919e-01
7.035900000000000487e-01
7.050899999999999945e-01
7.060899999999999954e-01
7.076400000000000468e-01
7.091899999999999871e-01
7.106900000000000439e-01
7.117599999999999483e-01
7.132699999999999596e-01
7.148200000000000109e-01
7.163000000000000478e-01
7.173899999999999721e-01
7.189200000000000035e-01
7.204700000000000548e-01
7.219799999999999551e-01
7.229900000000000215e-01
7.245399999999999618e-01
7.260400000000000187e-01
7.275599999999999845e-01
7.285399999999999654e-01
7.301299999999999457e-01
7.316399999999999570e-01
7.332999999999999519e-01
7.343100000000000183e-01
7.358799999999999786e-01
7.374100000000000099e-01
7.389299999999999757e-01
7.399599999999999511e-01
7.414899999999999824e-01
7.430600000000000538e-01
7.446000000000000396e-01
7.461100000000000509e-01
7.470999999999999863e-01
7.486599999999999921e-01
7.501799999999999580e-01
7.517000000000000348e-01
7.526800000000000157e-01
7.542100000000000470e-01
7.557500000000000329e-01
7.572999999999999732e-01
7.583299999999999486e-01
7.598899999999999544e-01
7.614100000000000312e-01
7.630200000000000315e-01
7.639399999999999524e-01
7.655600000000000183e-01
7.671000000000000041e-01
7.686500000000000554e-01
7.696399999999999908e-01
7.711400000000000476e-01
7.727100000000000080e-01
7.741999999999999993e-01
7.752499999999999947e-01
7.767300000000000315e-01
7.783099999999999463e-01
7.798399999999999777e-01
7.809000000000000385e-01
7.824299999999999589e-01
7.840000000000000302e-01
7.855199999999999960e-01
7.870599999999999818e-01
7.880500000000000282e-01
7.896699999999999831e-01
7.912599999999999634e-01
7.927899999999999947e-01
7.938100000000000156e-01
7.953000000000000069e-01
7.968699999999999672e-01
7.983900000000000441e-01
7.994299999999999740e-01
8.009199999999999653e-01
8.024400000000000421e-01
8.039800000000000280e-01
8.050399999999999778e-01
8.065600000000000547e-01
8.081099999999999950e-01
8.096400000000000263e-01
8.106299999999999617e-01
8.121699999999999475e-01
8.136900000000000244e-01
8.152800000000000047e-01
8.162599999999999856e-01
8.178999999999999604e-01
8.193099999999999827e-01
8.209699999999999775e-01
8.219999999999999529e-01
8.240100000000000202e-01
8.249999999999999556e-01
8.265700000000000269e-01
8.281100000000000128e-01
8.291600000000000081e-01
8.306999999999999940e-01
8.322399999999999798e-01
8.337799999999999656e-01
8.347700000000000120e-01
8.363199999999999523e-01
8.378299999999999637e-01
8.394099999999999895e-01
8.404199999999999449e-01
8.419699999999999962e-01
8.434800000000000075e-01
8.450499999999999678e-01
8.460800000000000542e-01
8.476000000000000201e-01
8.491100000000000314e-01
8.506200000000000427e-01
8.516399999999999526e-01
8.531699999999999839e-01
8.547099999999999698e-01
8.562300000000000466e-01
8.572600000000000220e-01
8.587900000000000533e-01
8.603100000000000191e-01
8.618099999999999650e-01
8.629000000000000004e-01
8.644199999999999662e-01
8.659700000000000175e-01
8.674699999999999633e-01
8.690400000000000347e-01
8.700400000000000356e-01
8.715699999999999559e-01
8.730799999999999672e-01
8.746199999999999530e-01
8.756399999999999739e-01
8.771700000000000053e-01
8.787300000000000111e-01
8.802600000000000424e-01
8.813100000000000378e-01
8.829000000000000181e-01
8.843800000000000550e-01
8.858599999999999808e-01
8.869700000000000362e-01
8.884900000000000020e-01
8.900500000000000078e-01
8.915600000000000191e-01
8.925699999999999745e-01
8.941299999999999804e-01
8.956399999999999917e-01
8.972499999999999920e-01
8.982099999999999529e-01
8.997800000000000242e-01
9.012999999999999901e-01
9.028300000000000214e-01
9.038500000000000423e-01
9.054100000000000481e-01
9.069500000000000339e-01
9.084699999999999998e-01
9.099699999999999456e-01
9.110500000000000265e-01
9.126100000000000323e-01
9.141299999999999981e-01
9.156300000000000550e-01
9.166499999999999648e-01
9.182000000000000162e-01
9.197300000000000475e-01
9.212299999999999933e-01
9.222200000000000397e-01
9.237999999999999545e-01
9.253200000000000314e-01
9.268800000000000372e-01
9.278800000000000381e-01
9.294599999999999529e-01
9.309699999999999642e-01
9.325200000000000156e-01
9.335400000000000365e-01
9.351099999999999968e-01
9.366400000000000281e-01
9.382700000000000484e-01
9.392700000000000493e-01
9.407799999999999496e-01
9.423500000000000210e-01
9.438400000000000123e-01
9.448699999999999877e-01
9.463500000000000245e-01
9.478999999999999648e-01
9.494299999999999962e-01
9.509699999999999820e-01
9.519999999999999574e-01
9.536400000000000432e-01
9.551500000000000545e-01
9.566900000000000404e-01
9.576999999999999957e-01
9.592500000000000471e-01
9.607799999999999674e-01
9.623399999999999732e-01
9.633300000000000196e-01
9.648400000000000309e-01
9.663899999999999713e-01
9.679100000000000481e-01
9.689200000000000035e-01
9.704199999999999493e-01
9.719700000000000006e-01
9.735000000000000320e-01
9.745599999999999818e-01
9.760900000000000132e-01
9.776500000000000190e-01
9.791699999999999848e-01
9.801999999999999602e-01
9.817099999999999715e-01
9.832699999999999774e-01
9.848299999999999832e-01
9.858299999999999841e-01
9.873899999999999899e-01
9.888900000000000468e-01
9.904500000000000526e-01
9.919499999999999984e-01
9.929999999999999938e-01
9.944899999999999851e-01
9.960200000000000164e-01
9.975500000000000478e-01
9.986199999999999521e-01
1.000129999999999963e+00
1.001670000000000060e+00
1.003209999999999935e+00
1.004210000000000047e+00
1.005749999999999922e+00
1.007249999999999979e+00
1.008829999999999893e+00
1.009840000000000071e+00
1.011379999999999946e+00
1.012880000000000003e+00
1.014450000000000074e+00
1.015479999999999938e+00
1.017009999999999970e+00
1.018510000000000026e+00
1.020070000000000032e+00
1.021090000000000053e+00
1.022720000000000073e+00
1.024259999999999948e+00
1.025249999999999995e+00
1.026820000000000066e+00
1.028340000000000032e+00
1.029879999999999907e+00
1.030880000000000019e+00
1.032459999999999933e+00
1.033979999999999899e+00
1.035539999999999905e+00
1.037029999999999896e+00
1.038110000000000088e+00
1.039630000000000054e+00
1.041169999999999929e+00
1.042669999999999986e+00
1.043639999999999901e+00
1.045179999999999998e+00
1.046729999999999938e+00
1.048259999999999970e+00
1.049250000000000016e+00
1.050810000000000022e+00
1.052329999999999988e+00
1.053960000000000008e+00
1.054950000000000054e+00
1.056550000000000100e+00
1.058060000000000000e+00
1.059609999999999941e+00
1.060629999999999962e+00
1.062159999999999993e+00
1.063700000000000090e+00
1.065220000000000056e+00
1.066200000000000037e+00
1.067709999999999937e+00
1.069280000000000008e+00
1.070829999999999949e+00
1.071870000000000100e+00
1.073909999999999920e+00
1.074940000000000007e+00
1.076459999999999972e+00
1.078009999999999913e+00
1.079029999999999934e+00
1.080580000000000096e+00
1.082109999999999905e+00
1.083669999999999911e+00
1.084689999999999932e+00
1.086219999999999963e+00
1.087760000000000060e+00
1.089299999999999935e+00
1.090270000000000072e+00
1.091860000000000053e+00
1.093310000000000004e+00
1.094929999999999959e+00
1.095879999999999965e+00
1.097460000000000102e+00
1.099040000000000017e+00
1.100549999999999917e+00
1.101620000000000044e+00
1.103110000000000035e+00
1.104680000000000106e+00
1.106219999999999981e+00
1.107240000000000002e+00
1.108759999999999968e+00
1.110279999999999934e+00
1.111850000000000005e+00
1.112819999999999920e+00
1.114360000000000017e+00
1.115830000000000100e+00
1.117439999999999989e+00
1.118959999999999955e+00
1.120000000000000107e+00
1.121599999999999930e+00
1.123159999999999936e+00
1.124689999999999968e+00
1.125739999999999963e+00
1.127250000000000085e+00
1.128810000000000091e+00
1.130349999999999966e+00
1.131359999999999921e+00
1.132889999999999953e+00
1.134419999999999984e+00
1.135950000000000015e+00
1.136959999999999971e+00
1.138490000000000002e+00
1.139979999999999993e+00
1.141520000000000090e+00
1.142549999999999955e+00
1.144099999999999895e+00
1.145610000000000017e+00
1.147170000000000023e+00
1.148190000000000044e+00
1.149720000000000075e+00
1.151219999999999910e+00
1.152789999999999981e+00
1.153810000000000002e+00
1.155860000000000110e+00
1.156859999999999999e+00
1.158360000000000056e+00
1.159920000000000062e+00
1.160930000000000017e+00
1.162460000000000049e+00
1.163939999999999975e+00
1.165519999999999889e+00
1.166560000000000041e+00
1.168129999999999891e+00
1.169650000000000079e+00
1.171219999999999928e+00
1.172220000000000040e+00
1.173740000000000006e+00
1.175289999999999946e+00
1.176819999999999977e+00
1.177869999999999973e+00
1.179370000000000029e+00
1.180940000000000101e+00
1.182450000000000001e+00
1.183519999999999905e+00
1.185040000000000093e+00
1.186549999999999994e+00
1.188059999999999894e+00
1.189079999999999915e+00
1.190620000000000012e+00
1.192180000000000017e+00
1.193699999999999983e+00
1.194690000000000030e+00
1.196260000000000101e+00
1.197859999999999925e+00
1.199379999999999891e+00
1.200919999999999987e+00
1.201950000000000074e+00
1.203489999999999949e+00
1.205030000000000046e+00
1.206530000000000102e+00
1.207619999999999916e+00
1.209119999999999973e+00
1.210660000000000069e+00
1.212139999999999995e+00
1.213189999999999991e+00
1.214749999999999996e+00
1.216299999999999937e+00
1.217819999999999903e+00
1.218809999999999949e+00
1.220380000000000020e+00
1.221910000000000052e+00
1.223449999999999926e+00
1.224439999999999973e+00
1.226029999999999953e+00
1.227549999999999919e+00
1.229100000000000081e+00
1.230129999999999946e+00
1.231659999999999977e+00
1.233200000000000074e+00
1.234739999999999949e+00
1.235729999999999995e+00
1.237740000000000062e+00
1.238769999999999927e+00
1.240289999999999893e+00
1.241910000000000069e+00
1.242909999999999959e+00
1.244469999999999965e+00
1.245989999999999931e+00
1.247530000000000028e+00
1.248520000000000074e+00
1.250099999999999989e+00
1.251619999999999955e+00
1.253169999999999895e+00
1.254189999999999916e+00
1.255730000000000013e+00
1.257260000000000044e+00
1.258790000000000076e+00
1.259770000000000056e+00
1.261309999999999931e+00
1.262869999999999937e+00
1.264399999999999968e+00
1.265430000000000055e+00
1.266920000000000046e+00
1.268520000000000092e+00
1.270029999999999992e+00
1.271090000000000053e+00
1.272590000000000110e+00
1.274170000000000025e+00
1.275700000000000056e+00
1.276729999999999920e+00
1.278259999999999952e+00
1.279789999999999983e+00
1.281330000000000080e+00
1.282859999999999889e+00
1.283860000000000001e+00
1.285339999999999927e+00
1.286869999999999958e+00
1.288419999999999899e+00
1.289460000000000051e+00
1.291050000000000031e+00
1.292529999999999957e+00
1.294130000000000003e+00
1.295179999999999998e+00
1.296699999999999964e+00
1.298249999999999904e+00
1.299779999999999935e+00
1.300810000000000022e+00
1.302329999999999988e+00
1.303879999999999928e+00
1.305399999999999894e+00
1.306389999999999940e+00
1.307919999999999972e+00
1.309409999999999963e+00
1.311010000000000009e+00
1.312040000000000095e+00
1.313579999999999970e+00
1.315090000000000092e+00
1.316659999999999942e+00
1.317690000000000028e+00
1.319229999999999903e+00
1.320740000000000025e+00
1.322310000000000096e+00
1.323849999999999971e+00
1.324850000000000083e+00
1.326389999999999958e+00
1.327900000000000080e+00
1.329460000000000086e+00
1.330449999999999910e+00
1.332000000000000073e+00
1.333469999999999933e+00
1.335010000000000030e+00
1.336049999999999960e+00
1.337679999999999980e+00
1.339120000000000088e+00
1.340740000000000043e+00
1.341690000000000049e+00
1.343299999999999939e+00
1.344829999999999970e+00
1.346370000000000067e+00
1.347390000000000088e+00
1.348910000000000053e+00
1.350449999999999928e+00
1.351960000000000051e+00
1.352989999999999915e+00
1.354519999999999946e+00
1.356030000000000069e+00
1.357539999999999969e+00
1.358600000000000030e+00
1.360619999999999941e+00
1.361690000000000067e+00
1.363199999999999967e+00
1.364780000000000104e+00
1.365790000000000060e+00
1.367320000000000091e+00
1.368840000000000057e+00
1.370400000000000063e+00
1.371420000000000083e+00
1.372940000000000049e+00
1.374489999999999990e+00
1.376079999999999970e+00
1.377150000000000096e+00
1.378649999999999931e+00
1.380200000000000093e+00
1.381690000000000085e+00
1.382730000000000015e+00
1.384249999999999980e+00
1.385820000000000052e+00
1.387329999999999952e+00
1.388339999999999907e+00
1.389899999999999913e+00
1.391399999999999970e+00
1.392949999999999910e+00
1.393929999999999891e+00
1.395510000000000028e+00
1.397049999999999903e+00
1.398590000000000000e+00
1.399599999999999955e+00
1.401159999999999961e+00
1.402760000000000007e+00
1.404300000000000104e+00
1.405780000000000030e+00
1.406840000000000090e+00
1.408400000000000096e+00
1.409929999999999906e+00
1.411459999999999937e+00
1.412469999999999892e+00
1.414029999999999898e+00
1.415550000000000086e+00
1.417070000000000052e+00
1.418069999999999942e+00
1.419659999999999922e+00
1.421180000000000110e+00
1.422730000000000050e+00
1.423740000000000006e+00
1.425310000000000077e+00
1.426819999999999977e+00
1.428360000000000074e+00
1.429349999999999898e+00
1.430830000000000046e+00
1.432390000000000052e+00
1.433939999999999992e+00
1.434949999999999948e+00
1.436439999999999939e+00
1.438020000000000076e+00
1.439529999999999976e+00
1.440579999999999972e+00
1.442569999999999908e+00
1.443650000000000100e+00
1.445249999999999924e+00
1.446790000000000020e+00
1.447740000000000027e+00
1.449359999999999982e+00
1.450890000000000013e+00
1.452420000000000044e+00
1.453410000000000091e+00
1.454930000000000057e+00
1.456490000000000062e+00
1.458040000000000003e+00
1.459039999999999893e+00
1.460560000000000080e+00
1.462139999999999995e+00
1.463659999999999961e+00
1.464699999999999891e+00
1.466220000000000079e+00
1.467789999999999928e+00
1.469309999999999894e+00
1.470359999999999889e+00
1.471859999999999946e+00
1.473440000000000083e+00
1.474949999999999983e+00
1.475959999999999939e+00
1.477479999999999905e+00
1.478969999999999896e+00
1.480509999999999993e+00
1.481519999999999948e+00
1.483589999999999964e+00
1.484569999999999945e+00
1.486150000000000082e+00
1.487670000000000048e+00
1.488730000000000109e+00
1.490310000000000024e+00
1.491870000000000029e+00
1.493389999999999995e+00
1.494439999999999991e+00
1.495959999999999956e+00
1.497489999999999988e+00
1.499030000000000085e+00
1.500000000000000000e+00
1.501549999999999940e+00
1.503049999999999997e+00
1.504620000000000068e+00
1.505640000000000089e+00
1.507190000000000030e+00
1.508720000000000061e+00
1.510270000000000001e+00
1.511309999999999931e+00
1.512839999999999963e+00
1.514340000000000019e+00
1.515930000000000000e+00
1.516950000000000021e+00
1.518469999999999986e+00
1.520000000000000018e+00
1.521530000000000049e+00
1.522550000000000070e+00
1.524680000000000035e+00
1.525679999999999925e+00
1.527169999999999916e+00
1.528720000000000079e+00
1.529730000000000034e+00
1.531290000000000040e+00
1.532790000000000097e+00
1.534359999999999946e+00
1.535379999999999967e+00
1.536929999999999907e+00
1.538419999999999899e+00
1.539979999999999905e+00
1.540999999999999925e+00
1.542510000000000048e+00
1.544070000000000054e+00
1.545570000000000110e+00
1.546610000000000040e+00
1.548119999999999941e+00
1.549660000000000037e+00
1.551150000000000029e+00
1.552179999999999893e+00
1.553709999999999924e+00
1.555269999999999930e+00
1.556789999999999896e+00
1.557819999999999983e+00
1.559369999999999923e+00
1.560890000000000111e+00
1.562429999999999986e+00
1.563409999999999966e+00
1.565530000000000088e+00
1.566529999999999978e+00
1.568060000000000009e+00
1.569600000000000106e+00
1.570659999999999945e+00
1.572160000000000002e+00
1.573700000000000099e+00
1.575190000000000090e+00
1.576230000000000020e+00
1.577849999999999975e+00
1.579320000000000057e+00
1.580899999999999972e+00
1.581919999999999993e+00
1.583469999999999933e+00
1.585020000000000095e+00
1.586540000000000061e+00
1.587530000000000108e+00
1.589089999999999892e+00
1.590629999999999988e+00
1.592179999999999929e+00
1.593180000000000041e+00
1.594749999999999890e+00
1.596240000000000103e+00
1.597800000000000109e+00
1.598810000000000064e+00
1.600340000000000096e+00
1.601900000000000102e+00
1.603450000000000042e+00
1.604449999999999932e+00
1.606519999999999948e+00
1.607539999999999969e+00
1.609150000000000080e+00
1.610600000000000032e+00
1.611580000000000013e+00
1.613259999999999916e+00
1.614780000000000104e+00
1.616330000000000044e+00
1.617350000000000065e+00
1.618910000000000071e+00
1.620419999999999972e+00
1.621960000000000068e+00
1.622959999999999958e+00
1.624470000000000081e+00
1.625999999999999890e+00
1.627550000000000052e+00
1.628540000000000099e+00
1.630060000000000064e+00
1.631629999999999914e+00
1.633150000000000102e+00
1.634179999999999966e+00
1.635659999999999892e+00
1.637250000000000094e+00
1.638779999999999903e+00
1.639839999999999964e+00
1.641340000000000021e+00
1.642900000000000027e+00
1.644419999999999993e+00
1.645429999999999948e+00
1.647450000000000081e+00
1.648460000000000036e+00
1.650009999999999977e+00
1.651659999999999906e+00
1.652679999999999927e+00
1.654179999999999984e+00
1.655769999999999964e+00
1.657289999999999930e+00
1.658320000000000016e+00
1.659829999999999917e+00
1.661399999999999988e+00
1.662930000000000019e+00
1.663980000000000015e+00
1.665489999999999915e+00
1.667049999999999921e+00
1.668570000000000109e+00
1.669569999999999999e+00
1.671110000000000095e+00
1.672600000000000087e+00
1.674139999999999961e+00
1.675149999999999917e+00
1.676690000000000014e+00
1.678209999999999980e+00
1.679789999999999894e+00
1.680809999999999915e+00
1.682339999999999947e+00
1.683850000000000069e+00
1.685429999999999984e+00
1.686450000000000005e+00
1.687999999999999945e+00
1.689500000000000002e+00
1.691040000000000099e+00
1.692579999999999973e+00
1.693570000000000020e+00
1.695189999999999975e+00
1.696669999999999900e+00
1.698269999999999946e+00
1.699279999999999902e+00
1.700839999999999907e+00
1.702329999999999899e+00
1.703910000000000036e+00
1.704930000000000057e+00
1.706490000000000062e+00
1.707989999999999897e+00
1.709549999999999903e+00
1.710579999999999989e+00
1.712099999999999955e+00
1.713649999999999896e+00
1.715170000000000083e+00
1.716199999999999948e+00
1.717700000000000005e+00
1.719230000000000036e+00
1.720730000000000093e+00
1.721770000000000023e+00
1.723289999999999988e+00
1.724839999999999929e+00
1.726350000000000051e+00
1.727409999999999890e+00
1.728949999999999987e+00
1.730469999999999953e+00
1.731980000000000075e+00
1.733640000000000070e+00
1.734629999999999894e+00
1.736180000000000057e+00
1.737700000000000022e+00
1.739249999999999963e+00
1.740250000000000075e+00
1.741759999999999975e+00
1.743290000000000006e+00
1.744779999999999998e+00
1.745849999999999902e+00
1.747379999999999933e+00
1.748939999999999939e+00
1.750450000000000061e+00
1.751509999999999900e+00
1.753049999999999997e+00
1.754599999999999937e+00
1.756099999999999994e+00
1.757100000000000106e+00
1.758680000000000021e+00
1.760210000000000052e+00
1.761749999999999927e+00
1.762750000000000039e+00
1.764320000000000110e+00
1.765819999999999945e+00
1.767379999999999951e+00
1.768389999999999906e+00
1.769910000000000094e+00
1.771509999999999918e+00
1.773050000000000015e+00
1.774569999999999981e+00
1.775609999999999911e+00
1.777160000000000073e+00
1.778690000000000104e+00
1.780210000000000070e+00
1.781190000000000051e+00
1.782780000000000031e+00
1.784299999999999997e+00
1.785840000000000094e+00
1.786839999999999984e+00
1.788410000000000055e+00
1.789930000000000021e+00
1.791449999999999987e+00
1.792480000000000073e+00
1.794019999999999948e+00
1.795570000000000110e+00
1.797120000000000051e+00
1.798110000000000097e+00
1.799649999999999972e+00
1.801190000000000069e+00
1.802740000000000009e+00
1.803749999999999964e+00
1.805239999999999956e+00
1.806850000000000067e+00
1.808359999999999967e+00
1.809399999999999897e+00
1.810990000000000100e+00
1.812559999999999949e+00
1.814079999999999915e+00
1.815609999999999946e+00
1.816610000000000058e+00
1.818119999999999958e+00
1.819660000000000055e+00
1.821209999999999996e+00
1.822230000000000016e+00
1.823730000000000073e+00
1.825299999999999923e+00
1.826810000000000045e+00
1.827830000000000066e+00
1.829329999999999901e+00
1.830910000000000037e+00
1.832430000000000003e+00
1.833479999999999999e+00
1.834989999999999899e+00
1.836549999999999905e+00
1.838140000000000107e+00
1.839169999999999972e+00
1.840670000000000028e+00
1.842209999999999903e+00
1.843769999999999909e+00
1.844780000000000086e+00
1.846330000000000027e+00
1.847849999999999993e+00
1.849409999999999998e+00
1.850430000000000019e+00
1.851969999999999894e+00
1.853460000000000107e+00
1.855059999999999931e+00
1.856570000000000054e+00
1.857639999999999958e+00
1.859150000000000080e+00
1.860710000000000086e+00
1.862230000000000052e+00
1.863229999999999942e+00
1.864759999999999973e+00
1.866249999999999964e+00
1.867890000000000050e+00
1.868880000000000097e+00
1.870440000000000103e+00
1.871930000000000094e+00
1.873499999999999943e+00
1.874519999999999964e+00
1.876079999999999970e+00
1.877569999999999961e+00
1.879150000000000098e+00
1.880190000000000028e+00
1.881709999999999994e+00
1.883240000000000025e+00
1.884770000000000056e+00
1.885790000000000077e+00
1.887310000000000043e+00
1.888819999999999943e+00
1.890349999999999975e+00
1.891380000000000061e+00
1.893450000000000077e+00
1.894460000000000033e+00
1.896060000000000079e+00
1.897629999999999928e+00
1.898590000000000000e+00
1.900199999999999889e+00
1.901699999999999946e+00
1.903280000000000083e+00
1.904309999999999947e+00
1.905850000000000044e+00
1.907359999999999944e+00
1.908919999999999950e+00
1.909909999999999997e+00
1.911440000000000028e+00
1.912970000000000059e+00
1.914449999999999985e+00
1.915480000000000071e+00
1.916989999999999972e+00
1.918560000000000043e+00
1.920060000000000100e+00
1.921149999999999913e+00
1.922660000000000036e+00
1.924190000000000067e+00
1.925710000000000033e+00
1.926739999999999897e+00
1.928290000000000060e+00
1.929820000000000091e+00
1.931349999999999900e+00
1.932320000000000038e+00
1.934490000000000043e+00
1.935489999999999933e+00
1.937009999999999899e+00
1.938539999999999930e+00
1.939589999999999925e+00
1.941130000000000022e+00
1.942669999999999897e+00
1.944199999999999928e+00
1.945270000000000055e+00
1.946790000000000020e+00
1.948339999999999961e+00
1.949840000000000018e+00
1.950860000000000039e+00
1.952420000000000044e+00
1.953980000000000050e+00
1.955500000000000016e+00
1.956509999999999971e+00
1.958059999999999912e+00
1.959559999999999969e+00
1.961109999999999909e+00
1.962139999999999995e+00
1.963640000000000052e+00
1.965179999999999927e+00
1.966730000000000089e+00
1.967740000000000045e+00
1.969289999999999985e+00
1.970809999999999951e+00
1.972359999999999891e+00
1.973349999999999937e+00
1.974860000000000060e+00
1.976539999999999964e+00
1.978050000000000086e+00
1.979589999999999961e+00
1.980590000000000073e+00
1.982169999999999987e+00
1.983670000000000044e+00
1.985190000000000010e+00
1.986220000000000097e+00
1.987780000000000102e+00
1.989309999999999912e+00
1.990869999999999918e+00
1.991870000000000029e+00
1.993400000000000061e+00
1.994969999999999910e+00
1.996499999999999941e+00
1.997500000000000053e+00
1.999000000000000110e+00
2.000579999999999803e+00
2.002120000000000122e+00
2.003159999999999830e+00
2.004659999999999886e+00
2.006219999999999892e+00
2.007740000000000080e+00
2.008789999999999853e+00
2.010289999999999910e+00
2.011810000000000098e+00
2.013339999999999907e+00
2.014330000000000176e+00
2.015880000000000116e+00
2.017419999999999991e+00
2.018969999999999931e+00
2.020579999999999821e+00
2.021500000000000075e+00
2.023089999999999833e+00
2.024680000000000035e+00
2.026180000000000092e+00
2.027249999999999996e+00
2.028729999999999922e+00
2.030299999999999994e+00
2.031800000000000050e+00
2.032849999999999824e+00
2.034370000000000012e+00
2.035899999999999821e+00
2.037450000000000205e+00
2.038450000000000095e+00
2.040000000000000036e+00
2.041529999999999845e+00
2.043089999999999851e+00
2.044090000000000185e+00
2.045630000000000059e+00
2.047140000000000182e+00
2.048729999999999940e+00
2.049770000000000092e+00
2.051299999999999901e+00
2.052830000000000155e+00
2.054380000000000095e+00
2.055400000000000116e+00
2.057430000000000092e+00
2.058419999999999916e+00
2.059940000000000104e+00
2.061469999999999914e+00
2.062479999999999869e+00
2.064020000000000188e+00
2.065539999999999932e+00
2.067120000000000068e+00
2.068109999999999893e+00
2.069659999999999833e+00
2.071149999999999824e+00
2.072740000000000027e+00
2.073760000000000048e+00
2.075299999999999923e+00
2.076820000000000110e+00
2.078370000000000051e+00
2.079380000000000006e+00
2.080900000000000194e+00
2.082409999999999872e+00
2.083940000000000126e+00
2.084989999999999899e+00
2.086500000000000021e+00
2.088070000000000093e+00
2.088859999999999939e+00
2.088849999999999874e+00
2.088849999999999874e+00
2.089160000000000128e+00
2.090730000000000199e+00
2.092249999999999943e+00
2.093799999999999883e+00
2.094800000000000217e+00
2.096359999999999779e+00
2.097910000000000164e+00
2.099450000000000038e+00
2.100449999999999928e+00
2.101949999999999985e+00
2.103530000000000122e+00
2.105030000000000179e+00
2.106079999999999952e+00
2.107549999999999812e+00
2.109090000000000131e+00
2.110609999999999875e+00
2.111670000000000158e+00
2.113179999999999836e+00
2.114720000000000155e+00
2.116270000000000095e+00
2.117269999999999985e+00
2.118889999999999940e+00
2.120340000000000114e+00
2.121970000000000134e+00
2.122980000000000089e+00
2.124530000000000030e+00
2.126020000000000021e+00
2.127580000000000027e+00
2.128589999999999982e+00
2.130630000000000024e+00
2.131619999999999848e+00
2.133169999999999789e+00
2.134689999999999976e+00
2.135759999999999881e+00
2.137270000000000003e+00
2.138850000000000140e+00
2.140369999999999884e+00
2.141379999999999839e+00
2.142900000000000027e+00
2.144429999999999836e+00
2.146009999999999973e+00
2.147009999999999863e+00
2.148649999999999949e+00
2.150150000000000006e+00
2.151720000000000077e+00
2.152740000000000098e+00
2.154279999999999973e+00
2.155769999999999964e+00
2.157280000000000086e+00
2.158310000000000173e+00
2.159870000000000179e+00
2.161389999999999922e+00
2.162959999999999994e+00
2.163959999999999884e+00
2.165459999999999940e+00
2.167009999999999881e+00
2.168520000000000003e+00
2.169589999999999907e+00
2.171100000000000030e+00
2.172649999999999970e+00
2.174160000000000093e+00
2.175710000000000033e+00
2.176740000000000119e+00
2.178370000000000140e+00
2.179780000000000051e+00
2.181420000000000137e+00
2.182939999999999880e+00
2.184000000000000163e+00
2.185519999999999907e+00
2.187069999999999848e+00
2.188079999999999803e+00
2.189610000000000056e+00
2.191139999999999866e+00
2.192670000000000119e+00
2.193740000000000023e+00
2.195250000000000146e+00
2.196800000000000086e+00
2.198290000000000077e+00
2.199370000000000047e+00
2.200899999999999856e+00
2.202430000000000110e+00
2.203939999999999788e+00
2.204909999999999926e+00
2.206550000000000011e+00
2.208089999999999886e+00
2.209610000000000074e+00
2.210599999999999898e+00
2.212680000000000202e+00
2.213690000000000158e+00
2.215219999999999967e+00
2.216730000000000089e+00
2.217810000000000059e+00
2.219329999999999803e+00
2.220880000000000187e+00
2.222379999999999800e+00
2.223440000000000083e+00
2.224969999999999892e+00
2.226480000000000015e+00
2.227990000000000137e+00
2.229000000000000092e+00
2.230560000000000098e+00
2.232110000000000039e+00
2.233649999999999913e+00
2.234630000000000116e+00
2.236209999999999809e+00
2.237719999999999931e+00
2.239269999999999872e+00
2.240279999999999827e+00
2.241859999999999964e+00
2.243380000000000152e+00
2.244940000000000158e+00
2.245940000000000047e+00
2.247500000000000053e+00
2.249029999999999863e+00
2.250539999999999985e+00
2.251549999999999940e+00
2.253659999999999997e+00
2.254680000000000017e+00
2.256200000000000205e+00
2.257750000000000146e+00
2.258729999999999905e+00
2.260310000000000041e+00
2.261820000000000164e+00
2.263360000000000039e+00
2.264390000000000125e+00
2.265950000000000131e+00
2.267479999999999940e+00
2.269019999999999815e+00
2.270020000000000149e+00
2.271549999999999958e+00
2.273080000000000211e+00
2.274620000000000086e+00
2.275630000000000042e+00
2.277130000000000098e+00
2.278700000000000170e+00
2.280219999999999914e+00
2.281280000000000197e+00
2.282789999999999875e+00
2.284349999999999881e+00
2.285870000000000068e+00
2.286910000000000220e+00
2.288510000000000044e+00
2.290090000000000181e+00
2.291609999999999925e+00
2.292629999999999946e+00
2.294150000000000134e+00
2.295679999999999943e+00
2.297229999999999883e+00
2.298740000000000006e+00
2.299770000000000092e+00
2.301260000000000083e+00
2.302779999999999827e+00
2.304310000000000080e+00
2.305379999999999985e+00
2.306869999999999976e+00
2.308429999999999982e+00
2.309959999999999791e+00
2.310999999999999943e+00
2.312510000000000066e+00
2.314060000000000006e+00
2.315609999999999946e+00
2.316580000000000084e+00
2.318140000000000089e+00
2.319640000000000146e+00
2.321210000000000218e+00
2.322200000000000042e+00
2.323739999999999917e+00
2.325250000000000039e+00
2.326799999999999979e+00
2.327859999999999818e+00
2.329480000000000217e+00
2.330999999999999961e+00
2.332570000000000032e+00
2.333499999999999908e+00
2.335119999999999862e+00
2.336650000000000116e+00
2.338189999999999991e+00
2.339729999999999865e+00
2.340739999999999821e+00
2.342280000000000140e+00
2.343809999999999949e+00
2.345369999999999955e+00
2.346379999999999910e+00
2.347910000000000164e+00
2.349400000000000155e+00
2.350929999999999964e+00
2.351970000000000116e+00
2.353530000000000122e+00
2.355030000000000179e+00
2.356590000000000185e+00
2.357610000000000205e+00
2.359129999999999949e+00
2.360650000000000137e+00
2.362179999999999946e+00
2.363220000000000098e+00
2.364749999999999908e+00
2.366299999999999848e+00
2.367820000000000036e+00
2.368879999999999875e+00
2.370449999999999946e+00
2.371929999999999872e+00
2.373520000000000074e+00
2.374470000000000081e+00
2.376110000000000166e+00
2.377639999999999976e+00
2.379179999999999851e+00
2.380729999999999791e+00
2.381740000000000190e+00
2.383270000000000000e+00
2.384780000000000122e+00
2.386330000000000062e+00
2.387370000000000214e+00
2.388900000000000023e+00
2.390460000000000029e+00
2.391950000000000021e+00
2.393029999999999990e+00
2.394540000000000113e+00
2.396079999999999988e+00
2.397590000000000110e+00
2.398579999999999934e+00
2.400100000000000122e+00
2.401650000000000063e+00
2.403189999999999937e+00
2.404189999999999827e+00
2.405749999999999833e+00
2.407259999999999955e+00
2.408889999999999976e+00
2.409879999999999800e+00
2.411459999999999937e+00
2.412980000000000125e+00
2.414530000000000065e+00
2.415550000000000086e+00
2.417100000000000026e+00
2.418629999999999836e+00
2.420150000000000023e+00
2.421660000000000146e+00
2.422670000000000101e+00
2.424220000000000041e+00
2.425759999999999916e+00
2.427309999999999857e+00
2.428300000000000125e+00
2.429879999999999818e+00
2.431379999999999875e+00
2.432939999999999880e+00
2.433949999999999836e+00
2.435599999999999987e+00
2.437139999999999862e+00
2.438670000000000115e+00
2.439690000000000136e+00
2.441250000000000142e+00
2.442779999999999951e+00
2.444319999999999826e+00
2.445300000000000029e+00
2.446800000000000086e+00
2.448339999999999961e+00
2.449870000000000214e+00
2.450899999999999856e+00
2.452409999999999979e+00
2.453969999999999985e+00
2.455490000000000173e+00
2.456539999999999946e+00
2.458530000000000104e+00
2.459630000000000205e+00
2.461139999999999883e+00
2.462689999999999824e+00
2.463690000000000158e+00
2.465250000000000163e+00
2.466769999999999907e+00
2.468290000000000095e+00
2.469310000000000116e+00
2.470800000000000107e+00
2.472379999999999800e+00
2.473899999999999988e+00
2.474950000000000205e+00
2.476449999999999818e+00
2.478019999999999889e+00
2.479540000000000077e+00
2.480589999999999851e+00
2.482099999999999973e+00
2.483670000000000044e+00
2.485279999999999934e+00
2.486289999999999889e+00
2.487849999999999895e+00
2.489370000000000083e+00
2.490899999999999892e+00
2.491899999999999782e+00
2.493440000000000101e+00
2.494949999999999779e+00
2.496459999999999901e+00
2.497500000000000053e+00
2.499550000000000161e+00
2.500550000000000050e+00
2.502120000000000122e+00
2.503620000000000179e+00
2.504680000000000017e+00
2.506190000000000140e+00
2.507750000000000146e+00
2.509279999999999955e+00
2.510289999999999910e+00
2.511810000000000098e+00
2.513329999999999842e+00
2.514889999999999848e+00
2.515890000000000182e+00
2.517510000000000137e+00
2.519000000000000128e+00
2.520570000000000199e+00
2.521570000000000089e+00
2.523149999999999782e+00
2.524649999999999839e+00
2.526219999999999910e+00
2.527239999999999931e+00
2.528779999999999806e+00
2.530310000000000059e+00
2.531849999999999934e+00
2.532890000000000086e+00
2.534400000000000208e+00
2.535950000000000149e+00
2.537469999999999892e+00
2.538520000000000110e+00
2.540540000000000020e+00
2.541570000000000107e+00
2.543060000000000098e+00
2.544579999999999842e+00
2.545630000000000059e+00
2.547169999999999934e+00
2.548690000000000122e+00
2.550250000000000128e+00
2.551260000000000083e+00
2.552789999999999893e+00
2.554310000000000080e+00
2.555860000000000021e+00
2.556890000000000107e+00
2.558399999999999785e+00
2.559940000000000104e+00
2.561449999999999783e+00
2.562520000000000131e+00
2.564039999999999875e+00
2.565580000000000194e+00
2.567060000000000120e+00
2.568130000000000024e+00
2.569669999999999899e+00
2.571239999999999970e+00
2.572760000000000158e+00
2.573749999999999982e+00
2.575309999999999988e+00
2.576820000000000110e+00
2.578359999999999985e+00
2.579349999999999810e+00
2.580950000000000077e+00
2.582530000000000214e+00
2.584099999999999842e+00
2.585609999999999964e+00
2.586669999999999803e+00
2.588189999999999991e+00
2.589719999999999800e+00
2.591229999999999922e+00
2.592220000000000191e+00
2.593770000000000131e+00
2.595310000000000006e+00
2.596830000000000194e+00
2.597830000000000084e+00
2.599390000000000089e+00
2.600909999999999833e+00
2.602450000000000152e+00
2.603439999999999976e+00
2.605020000000000113e+00
2.606539999999999857e+00
2.608080000000000176e+00
2.609119999999999884e+00
2.610660000000000203e+00
2.612169999999999881e+00
2.613719999999999821e+00
2.614700000000000024e+00
2.616239999999999899e+00
2.617789999999999839e+00
2.619419999999999860e+00
2.620429999999999815e+00
2.621939999999999937e+00
2.623520000000000074e+00
2.625039999999999818e+00
2.626570000000000071e+00
2.627590000000000092e+00
2.629160000000000164e+00
2.630679999999999907e+00
2.632229999999999848e+00
2.633249999999999869e+00
2.634790000000000187e+00
2.636319999999999997e+00
2.637869999999999937e+00
2.638869999999999827e+00
2.640359999999999818e+00
2.641900000000000137e+00
2.643409999999999815e+00
2.644449999999999967e+00
2.645960000000000090e+00
2.647520000000000095e+00
2.649049999999999905e+00
2.650079999999999991e+00
2.651600000000000179e+00
2.653179999999999872e+00
2.654689999999999994e+00
2.655710000000000015e+00
2.657239999999999824e+00
2.658799999999999830e+00
2.660309999999999953e+00
2.661309999999999842e+00
2.663370000000000015e+00
2.664369999999999905e+00
2.666020000000000056e+00
2.667539999999999800e+00
2.668569999999999887e+00
2.670090000000000074e+00
2.671670000000000211e+00
2.673169999999999824e+00
2.674240000000000173e+00
2.675730000000000164e+00
2.677319999999999922e+00
2.678840000000000110e+00
2.679860000000000131e+00
2.681379999999999875e+00
2.682910000000000128e+00
2.684470000000000134e+00
2.685439999999999827e+00
2.686999999999999833e+00
2.688480000000000203e+00
2.690010000000000012e+00
2.691040000000000099e+00
2.692600000000000104e+00
2.694100000000000161e+00
2.695660000000000167e+00
2.696670000000000122e+00
2.698209999999999997e+00
2.699739999999999807e+00
2.701280000000000125e+00
2.702300000000000146e+00
2.704369999999999941e+00
2.705360000000000209e+00
2.706980000000000164e+00
2.708520000000000039e+00
2.709519999999999929e+00
2.711040000000000116e+00
2.712549999999999795e+00
2.714129999999999932e+00
2.715170000000000083e+00
2.716720000000000024e+00
2.718230000000000146e+00
2.719809999999999839e+00
2.720819999999999794e+00
2.722360000000000113e+00
2.723860000000000170e+00
2.725449999999999928e+00
2.726440000000000197e+00
2.727990000000000137e+00
2.729509999999999881e+00
2.731040000000000134e+00
2.732089999999999907e+00
2.733600000000000030e+00
2.735149999999999970e+00
2.736639999999999961e+00
2.737680000000000113e+00
2.739189999999999792e+00
2.740749999999999797e+00
2.742269999999999985e+00
2.743290000000000006e+00
2.745350000000000179e+00
2.746379999999999821e+00
2.747889999999999944e+00
2.749429999999999819e+00
2.750459999999999905e+00
2.751970000000000027e+00
2.753530000000000033e+00
2.755129999999999857e+00
2.756190000000000140e+00
2.757699999999999818e+00
2.759149999999999991e+00
2.760740000000000194e+00
2.761800000000000033e+00
