-3.499999999999999964e-04
-3.499999999999999964e-04
1.949999999999999910e-03
3.950000000000000386e-03
7.040000000000000251e-03
9.110000000000000042e-03
1.217000000000000026e-02
1.417999999999999990e-02
1.731999999999999859e-02
1.939000000000000098e-02
2.246000000000000080e-02
2.446999999999999870e-02
2.750000000000000014e-02
2.954000000000000029e-02
3.261000000000000010e-02
3.468999999999999861e-02
3.774999999999999883e-02
3.980000000000000204e-02
4.288999999999999757e-02
4.488000000000000322e-02
4.796999999999999875e-02
5.000999999999999890e-02
5.308000000000000218e-02
5.516000000000000070e-02
5.822999999999999704e-02
6.026999999999999719e-02
6.328999999999999904e-02
6.540999999999999592e-02
6.850000000000000533e-02
7.054000000000000548e-02
7.356999999999999651e-02
7.557999999999999441e-02
7.864999999999999769e-02
8.071000000000000396e-02
8.379000000000000337e-02
8.581999999999999351e-02
8.871999999999999331e-02
9.075999999999999346e-02
9.378999999999999837e-02
9.588000000000000689e-02
9.887999999999999567e-02
1.009599999999999942e-01
1.040599999999999997e-01
1.060999999999999999e-01
1.091799999999999993e-01
1.111999999999999933e-01
1.143200000000000049e-01
1.163799999999999973e-01
1.194400000000000045e-01
1.214699999999999946e-01
1.244900000000000034e-01
1.265300000000000036e-01
1.295999999999999930e-01
1.316900000000000015e-01
1.347399999999999987e-01
1.367899999999999949e-01
1.398600000000000121e-01
1.418600000000000139e-01
1.449600000000000055e-01
1.469799999999999995e-01
1.500700000000000089e-01
1.521299999999999875e-01
1.552099999999999869e-01
1.572399999999999909e-01
1.602800000000000058e-01
1.623900000000000066e-01
1.654500000000000137e-01
1.675000000000000100e-01
1.705299999999999871e-01
1.725099999999999967e-01
1.756199999999999983e-01
1.776600000000000124e-01
1.807400000000000118e-01
1.827699999999999880e-01
1.858400000000000052e-01
1.878900000000000015e-01
1.909299999999999886e-01
1.929700000000000026e-01
1.959799999999999875e-01
1.980500000000000038e-01
2.011499999999999955e-01
2.031900000000000095e-01
2.063000000000000111e-01
2.083000000000000129e-01
2.112400000000000111e-01
2.133099999999999996e-01
2.163700000000000068e-01
2.184099999999999930e-01
2.214200000000000057e-01
2.234599999999999920e-01
2.265300000000000091e-01
2.286100000000000076e-01
2.316699999999999871e-01
2.337200000000000111e-01
2.368000000000000105e-01
2.388099999999999945e-01
2.418899999999999939e-01
2.439099999999999879e-01
2.469999999999999973e-01
2.490600000000000036e-01
2.521599999999999953e-01
2.541900000000000270e-01
2.572499999999999787e-01
2.593300000000000050e-01
2.623900000000000121e-01
2.644400000000000084e-01
2.674799999999999955e-01
2.694699999999999873e-01
2.725699999999999790e-01
2.746000000000000107e-01
2.776799999999999824e-01
2.797000000000000042e-01
2.827899999999999858e-01
2.848600000000000021e-01
2.878999999999999893e-01
2.899200000000000110e-01
2.929399999999999782e-01
2.950300000000000145e-01
2.980999999999999761e-01
3.001699999999999924e-01
3.032599999999999740e-01
3.052599999999999758e-01
3.083799999999999875e-01
3.104299999999999837e-01
3.135100000000000109e-01
3.155399999999999872e-01
3.185499999999999998e-01
3.204299999999999926e-01
3.234799999999999898e-01
3.255700000000000260e-01
3.286000000000000032e-01
3.306700000000000195e-01
3.337600000000000011e-01
3.357700000000000129e-01
3.388399999999999745e-01
3.408499999999999863e-01
3.439400000000000235e-01
3.459999999999999742e-01
3.490900000000000114e-01
3.511299999999999977e-01
3.541900000000000048e-01
3.562500000000000111e-01
3.593100000000000183e-01
3.613600000000000145e-01
3.644100000000000117e-01
3.664100000000000135e-01
3.695100000000000051e-01
3.715200000000000169e-01
3.745899999999999785e-01
3.766200000000000103e-01
3.797099999999999920e-01
3.817599999999999882e-01
3.848099999999999854e-01
3.868300000000000072e-01
3.898499999999999743e-01
3.919599999999999751e-01
3.950299999999999923e-01
3.971100000000000185e-01
4.001799999999999802e-01
4.022100000000000120e-01
4.052999999999999936e-01
4.073499999999999899e-01
4.104499999999999815e-01
4.124900000000000233e-01
4.154999999999999805e-01
4.175599999999999867e-01
4.206300000000000039e-01
4.226800000000000002e-01
4.257099999999999773e-01
4.278000000000000136e-01
4.308699999999999752e-01
4.329100000000000170e-01
4.359600000000000142e-01
4.379600000000000160e-01
4.410600000000000076e-01
4.429699999999999749e-01
4.460500000000000020e-01
4.480999999999999983e-01
4.511600000000000055e-01
4.532200000000000117e-01
4.562599999999999989e-01
4.583300000000000152e-01
4.613900000000000223e-01
4.633999999999999786e-01
4.664900000000000158e-01
4.684900000000000175e-01
4.715599999999999792e-01
4.736099999999999755e-01
4.767199999999999771e-01
4.787600000000000189e-01
4.818100000000000160e-01
4.838299999999999823e-01
4.868299999999999850e-01
4.889399999999999857e-01
4.920399999999999774e-01
4.940999999999999837e-01
4.971599999999999908e-01
4.991999999999999771e-01
5.022799999999999487e-01
5.043299999999999450e-01
5.074199999999999822e-01
5.094499999999999584e-01
5.124499999999999611e-01
5.145300000000000429e-01
5.175999999999999490e-01
5.196499999999999453e-01
5.226699999999999680e-01
5.247699999999999587e-01
5.278399999999999759e-01
5.298699999999999521e-01
5.329300000000000148e-01
5.349000000000000421e-01
5.380300000000000082e-01
5.400899999999999590e-01
5.431799999999999962e-01
5.452200000000000379e-01
5.482900000000000551e-01
5.503299999999999859e-01
5.533799999999999830e-01
5.553000000000000158e-01
5.583299999999999930e-01
5.603399999999999492e-01
5.634200000000000319e-01
5.654299999999999882e-01
5.685099999999999598e-01
5.705599999999999561e-01
5.736499999999999932e-01
5.756900000000000350e-01
5.787400000000000322e-01
5.807600000000000540e-01
5.837799999999999656e-01
5.858499999999999819e-01
5.889400000000000190e-01
5.910100000000000353e-01
5.940800000000000525e-01
5.961100000000000287e-01
5.992100000000000204e-01
6.012399999999999967e-01
6.043199999999999683e-01
6.063699999999999646e-01
6.093800000000000328e-01
6.114399999999999835e-01
6.145100000000000007e-01
6.165599999999999969e-01
6.196000000000000396e-01
6.216899999999999649e-01
6.247599999999999820e-01
6.268000000000000238e-01
6.298300000000000010e-01
6.318500000000000227e-01
6.349700000000000344e-01
6.370200000000000307e-01
6.401099999999999568e-01
6.421400000000000441e-01
6.452299999999999702e-01
6.472700000000000120e-01
6.503299999999999637e-01
6.523999999999999799e-01
6.554299999999999571e-01
6.574400000000000244e-01
6.604999999999999760e-01
6.625499999999999723e-01
6.656400000000000095e-01
6.676600000000000312e-01
6.705999999999999739e-01
6.726199999999999957e-01
6.756699999999999928e-01
6.776999999999999691e-01
6.807299999999999462e-01
6.828100000000000280e-01
6.858800000000000452e-01
6.879600000000000160e-01
6.910100000000000131e-01
6.930600000000000094e-01
6.961800000000000210e-01
6.981899999999999773e-01
7.012800000000000145e-01
7.033000000000000362e-01
7.063199999999999479e-01
7.083800000000000097e-01
7.114500000000000268e-01
7.134899999999999576e-01
7.165300000000000002e-01
7.186200000000000365e-01
7.217000000000000082e-01
7.237299999999999844e-01
7.267799999999999816e-01
7.287799999999999834e-01
7.318900000000000405e-01
7.339499999999999913e-01
7.370200000000000085e-01
7.390600000000000502e-01
7.421400000000000219e-01
7.442100000000000382e-01
7.472600000000000353e-01
7.493100000000000316e-01
7.523400000000000087e-01
7.543299999999999450e-01
7.574300000000000477e-01
7.594800000000000439e-01
7.625499999999999501e-01
7.645499999999999519e-01
7.676399999999999890e-01
7.696800000000000308e-01
7.727600000000000025e-01
7.747899999999999787e-01
7.778399999999999759e-01
7.799000000000000377e-01
7.829599999999999893e-01
7.848699999999999566e-01
7.879199999999999537e-01
7.901599999999999735e-01
7.930899999999999617e-01
7.951099999999999834e-01
7.981899999999999551e-01
8.002299999999999969e-01
8.032599999999999740e-01
8.053299999999999903e-01
8.084000000000000075e-01
8.104400000000000492e-01
8.134700000000000264e-01
8.155700000000000172e-01
8.186099999999999488e-01
8.206700000000000106e-01
8.237299999999999622e-01
8.257400000000000295e-01
8.288499999999999757e-01
8.309100000000000374e-01
8.339699999999999891e-01
8.360199999999999854e-01
8.391100000000000225e-01
8.411699999999999733e-01
8.442100000000000160e-01
8.462600000000000122e-01
8.492899999999999894e-01
8.513300000000000312e-01
8.544000000000000483e-01
8.564599999999999991e-01
8.595300000000000162e-01
8.615300000000000180e-01
8.646200000000000552e-01
8.666700000000000514e-01
8.697500000000000231e-01
8.717799999999999994e-01
8.748299999999999965e-01
8.768700000000000383e-01
8.799599999999999644e-01
8.820400000000000462e-01
8.850799999999999779e-01
8.871599999999999486e-01
8.902499999999999858e-01
8.922700000000000076e-01
8.953200000000000047e-01
8.973499999999999810e-01
9.004199999999999982e-01
9.024699999999999944e-01
9.055600000000000316e-01
9.075900000000000079e-01
9.106400000000000050e-01
9.126999999999999558e-01
9.157499999999999529e-01
9.176400000000000112e-01
9.208499999999999464e-01
9.228899999999999881e-01
9.259899999999999798e-01
9.280100000000000016e-01
9.311099999999999932e-01
9.329800000000000315e-01
9.360699999999999577e-01
9.381399999999999739e-01
9.411800000000000166e-01
9.432099999999999929e-01
9.462399999999999700e-01
9.482800000000000118e-01
9.513500000000000290e-01
9.534099999999999797e-01
9.564799999999999969e-01
9.584700000000000442e-01
9.615700000000000358e-01
9.636299999999999866e-01
9.666900000000000492e-01
9.687200000000000255e-01
9.717500000000000027e-01
9.737999999999999989e-01
9.768799999999999706e-01
9.789600000000000524e-01
9.820100000000000495e-01
9.840900000000000203e-01
9.871699999999999919e-01
9.892100000000000337e-01
9.922699999999999854e-01
9.942800000000000527e-01
9.973499999999999588e-01
9.993999999999999551e-01
1.002469999999999972e+00
1.004499999999999948e+00
1.007589999999999986e+00
1.009640000000000093e+00
1.012680000000000025e+00
1.014760000000000106e+00
1.017789999999999973e+00
1.019830000000000014e+00
1.022920000000000051e+00
1.024950000000000028e+00
1.028040000000000065e+00
1.030089999999999950e+00
1.033190000000000053e+00
1.035230000000000095e+00
1.038289999999999935e+00
1.040329999999999977e+00
1.043339999999999934e+00
1.045409999999999950e+00
1.048459999999999948e+00
1.050519999999999898e+00
1.053569999999999895e+00
1.055590000000000028e+00
1.058699999999999974e+00
1.060740000000000016e+00
1.063639999999999919e+00
1.065660000000000052e+00
1.068710000000000049e+00
1.070780000000000065e+00
1.073860000000000037e+00
1.075930000000000053e+00
1.078969999999999985e+00
1.081050000000000066e+00
1.084109999999999907e+00
1.086170000000000080e+00
1.089229999999999920e+00
1.091239999999999988e+00
1.094289999999999985e+00
1.096349999999999936e+00
1.099409999999999998e+00
1.101450000000000040e+00
1.104540000000000077e+00
1.106570000000000054e+00
1.109620000000000051e+00
1.111690000000000067e+00
1.114729999999999999e+00
1.116770000000000040e+00
1.119860000000000078e+00
1.121879999999999988e+00
1.124980000000000091e+00
1.127029999999999976e+00
1.130109999999999948e+00
1.132149999999999990e+00
1.135229999999999961e+00
1.137259999999999938e+00
1.140279999999999960e+00
1.142320000000000002e+00
1.145380000000000065e+00
1.147440000000000015e+00
1.150490000000000013e+00
1.152530000000000054e+00
1.155640000000000001e+00
1.157640000000000002e+00
1.160719999999999974e+00
1.162740000000000107e+00
1.165820000000000078e+00
1.167899999999999938e+00
1.170979999999999910e+00
1.173019999999999952e+00
1.176039999999999974e+00
1.178150000000000031e+00
1.181219999999999937e+00
1.183110000000000106e+00
1.186180000000000012e+00
1.188169999999999948e+00
1.191230000000000011e+00
1.193300000000000027e+00
1.196360000000000090e+00
1.198409999999999975e+00
1.201489999999999947e+00
1.203519999999999923e+00
1.206569999999999920e+00
1.208650000000000002e+00
1.211680000000000090e+00
1.213729999999999976e+00
1.216830000000000078e+00
1.218860000000000054e+00
1.221959999999999935e+00
1.223980000000000068e+00
1.227070000000000105e+00
1.229119999999999990e+00
1.232210000000000027e+00
1.234240000000000004e+00
1.237260000000000026e+00
1.239300000000000068e+00
1.242369999999999974e+00
1.244429999999999925e+00
1.247479999999999922e+00
1.249530000000000030e+00
1.252610000000000001e+00
1.254620000000000068e+00
1.257679999999999909e+00
1.259710000000000107e+00
1.262809999999999988e+00
1.264869999999999939e+00
1.267959999999999976e+00
1.269989999999999952e+00
1.273030000000000106e+00
1.275130000000000097e+00
1.278189999999999937e+00
1.280250000000000110e+00
1.283300000000000107e+00
1.285309999999999953e+00
1.288359999999999950e+00
1.290419999999999900e+00
1.293500000000000094e+00
1.295539999999999914e+00
1.298620000000000108e+00
1.300669999999999993e+00
1.303530000000000078e+00
1.305590000000000028e+00
1.308629999999999960e+00
1.310699999999999976e+00
1.313779999999999948e+00
1.315819999999999990e+00
1.318910000000000027e+00
1.320929999999999938e+00
1.324019999999999975e+00
1.326070000000000082e+00
1.329150000000000054e+00
1.331180000000000030e+00
1.334179999999999922e+00
1.336219999999999963e+00
1.339290000000000092e+00
1.341360000000000108e+00
1.344419999999999948e+00
1.346470000000000056e+00
1.349550000000000027e+00
1.351560000000000095e+00
1.354610000000000092e+00
1.356649999999999912e+00
1.359730000000000105e+00
1.361790000000000056e+00
1.364870000000000028e+00
1.366889999999999938e+00
1.369960000000000067e+00
1.372060000000000057e+00
1.375119999999999898e+00
1.377180000000000071e+00
1.380239999999999911e+00
1.382230000000000070e+00
1.385270000000000001e+00
1.387329999999999952e+00
1.390430000000000055e+00
1.392460000000000031e+00
1.395550000000000068e+00
1.397599999999999953e+00
1.400649999999999951e+00
1.402700000000000058e+00
1.405720000000000081e+00
1.407680000000000042e+00
1.410879999999999912e+00
1.412930000000000019e+00
1.415999999999999925e+00
1.418009999999999993e+00
1.420960000000000001e+00
1.423010000000000108e+00
1.426080000000000014e+00
1.428129999999999900e+00
1.431119999999999948e+00
1.433159999999999989e+00
1.436229999999999896e+00
1.438299999999999912e+00
1.441349999999999909e+00
1.443400000000000016e+00
1.446490000000000054e+00
1.448490000000000055e+00
1.451570000000000027e+00
1.453600000000000003e+00
1.456690000000000040e+00
1.458749999999999991e+00
1.461810000000000054e+00
1.463840000000000030e+00
1.466909999999999936e+00
1.469000000000000083e+00
1.472059999999999924e+00
1.474110000000000031e+00
1.477170000000000094e+00
1.479179999999999939e+00
1.482250000000000068e+00
1.484280000000000044e+00
1.486350000000000060e+00
1.489409999999999901e+00
1.491449999999999942e+00
1.494529999999999914e+00
1.496550000000000047e+00
1.499630000000000019e+00
1.501670000000000060e+00
1.504739999999999966e+00
1.506799999999999917e+00
1.509870000000000045e+00
1.511900000000000022e+00
1.514939999999999953e+00
1.517039999999999944e+00
1.520110000000000072e+00
1.522159999999999958e+00
1.525190000000000046e+00
1.527190000000000047e+00
1.530270000000000019e+00
1.532319999999999904e+00
1.535400000000000098e+00
1.537439999999999918e+00
1.540499999999999980e+00
1.542550000000000088e+00
1.545600000000000085e+00
1.547649999999999970e+00
1.550680000000000058e+00
1.552680000000000060e+00
1.555779999999999941e+00
1.557830000000000048e+00
1.560910000000000020e+00
1.562929999999999930e+00
1.566040000000000099e+00
1.568109999999999893e+00
1.571169999999999956e+00
1.573209999999999997e+00
1.576230000000000020e+00
1.578270000000000062e+00
1.581329999999999902e+00
1.583420000000000050e+00
1.586470000000000047e+00
1.588529999999999998e+00
1.591599999999999904e+00
1.593620000000000037e+00
1.596700000000000008e+00
1.598749999999999893e+00
1.601799999999999891e+00
1.603860000000000063e+00
1.606959999999999944e+00
1.608999999999999986e+00
1.611869999999999914e+00
1.613969999999999905e+00
1.617029999999999967e+00
1.619080000000000075e+00
1.622120000000000006e+00
1.624120000000000008e+00
1.627210000000000045e+00
1.629250000000000087e+00
1.632330000000000059e+00
1.634349999999999969e+00
1.637450000000000072e+00
1.639499999999999957e+00
1.642560000000000020e+00
1.644579999999999931e+00
1.647610000000000019e+00
1.649690000000000101e+00
1.652749999999999941e+00
1.654830000000000023e+00
1.657909999999999995e+00
1.659920000000000062e+00
1.663040000000000074e+00
1.665089999999999959e+00
1.668160000000000087e+00
1.670199999999999907e+00
1.673210000000000086e+00
1.675259999999999971e+00
1.678320000000000034e+00
1.680390000000000050e+00
1.683429999999999982e+00
1.685499999999999998e+00
1.688590000000000035e+00
1.690609999999999946e+00
1.693680000000000074e+00
1.695719999999999894e+00
1.698779999999999957e+00
1.700839999999999907e+00
1.703920000000000101e+00
1.705980000000000052e+00
1.709019999999999984e+00
1.711090000000000000e+00
1.714139999999999997e+00
1.716199999999999948e+00
1.719260000000000010e+00
1.721270000000000078e+00
1.724339999999999984e+00
1.726359999999999895e+00
1.729440000000000088e+00
1.731470000000000065e+00
1.734580000000000011e+00
1.736620000000000053e+00
1.739689999999999959e+00
1.741530000000000022e+00
1.744560000000000111e+00
1.746620000000000061e+00
1.749719999999999942e+00
1.751759999999999984e+00
1.754850000000000021e+00
1.756860000000000088e+00
1.759959999999999969e+00
1.762010000000000076e+00
1.765090000000000048e+00
1.767130000000000090e+00
1.770140000000000047e+00
1.772199999999999998e+00
1.775260000000000060e+00
1.777330000000000076e+00
1.780359999999999943e+00
1.782450000000000090e+00
1.785530000000000062e+00
1.787549999999999972e+00
1.790620000000000100e+00
1.792629999999999946e+00
1.795719999999999983e+00
1.797779999999999934e+00
1.800869999999999971e+00
1.802920000000000078e+00
1.805970000000000075e+00
1.808030000000000026e+00
1.811080000000000023e+00
1.813169999999999948e+00
1.816210000000000102e+00
1.818210000000000104e+00
1.821299999999999919e+00
1.823299999999999921e+00
1.826370000000000049e+00
1.828430000000000000e+00
1.831530000000000102e+00
1.833569999999999922e+00
1.836629999999999985e+00
1.838640000000000052e+00
1.841690000000000049e+00
1.843769999999999909e+00
1.846850000000000103e+00
1.848899999999999988e+00
1.851979999999999960e+00
1.853830000000000089e+00
1.856919999999999904e+00
1.858959999999999946e+00
1.862060000000000048e+00
1.864100000000000090e+00
1.867119999999999891e+00
1.869169999999999998e+00
1.872219999999999995e+00
1.874279999999999946e+00
1.877320000000000100e+00
1.879410000000000025e+00
1.882460000000000022e+00
1.884500000000000064e+00
1.887559999999999905e+00
1.889569999999999972e+00
1.892679999999999918e+00
1.894740000000000091e+00
1.897820000000000062e+00
1.899869999999999948e+00
1.902930000000000010e+00
1.904959999999999987e+00
1.908020000000000049e+00
1.910099999999999909e+00
1.913149999999999906e+00
1.915149999999999908e+00
1.918230000000000102e+00
1.920239999999999947e+00
1.923329999999999984e+00
1.925359999999999960e+00
1.928460000000000063e+00
1.930509999999999948e+00
1.933550000000000102e+00
1.935570000000000013e+00
1.938630000000000075e+00
1.940700000000000092e+00
1.943789999999999907e+00
1.945850000000000080e+00
1.948919999999999986e+00
1.950970000000000093e+00
1.954050000000000065e+00
1.956080000000000041e+00
1.959179999999999922e+00
1.961209999999999898e+00
1.964220000000000077e+00
1.966280000000000028e+00
1.969379999999999908e+00
1.971400000000000041e+00
1.974450000000000038e+00
1.976539999999999964e+00
1.979600000000000026e+00
1.981649999999999912e+00
1.984509999999999996e+00
1.986529999999999907e+00
1.989640000000000075e+00
1.991700000000000026e+00
1.994790000000000063e+00
1.996830000000000105e+00
1.999900000000000011e+00
2.001939999999999831e+00
2.004999999999999893e+00
2.007080000000000197e+00
2.010120000000000129e+00
2.012119999999999909e+00
2.015179999999999971e+00
2.017220000000000013e+00
2.020309999999999828e+00
2.022349999999999870e+00
2.025450000000000195e+00
2.027489999999999792e+00
2.030530000000000168e+00
2.032570000000000210e+00
2.035629999999999828e+00
2.037700000000000067e+00
2.040750000000000064e+00
2.042819999999999858e+00
2.045869999999999855e+00
2.047940000000000094e+00
2.051039999999999974e+00
2.053059999999999885e+00
2.056130000000000013e+00
2.058180000000000121e+00
2.061199999999999921e+00
2.063239999999999963e+00
2.066339999999999844e+00
2.068360000000000198e+00
2.071419999999999817e+00
2.073500000000000121e+00
2.076569999999999805e+00
2.078599999999999781e+00
2.081659999999999844e+00
2.083680000000000199e+00
2.086780000000000079e+00
2.088830000000000187e+00
2.089249999999999829e+00
2.089249999999999829e+00
2.089669999999999916e+00
2.091689999999999827e+00
2.094749999999999890e+00
2.096820000000000128e+00
2.099889999999999812e+00
2.101929999999999854e+00
2.104999999999999982e+00
2.106850000000000112e+00
2.109879999999999978e+00
2.111930000000000085e+00
2.115019999999999900e+00
2.117059999999999942e+00
2.120109999999999939e+00
2.122189999999999799e+00
2.125220000000000109e+00
2.127270000000000216e+00
2.130329999999999835e+00
2.132350000000000190e+00
2.135429999999999939e+00
2.137469999999999981e+00
2.140559999999999796e+00
2.142599999999999838e+00
2.145700000000000163e+00
2.147759999999999891e+00
2.150819999999999954e+00
2.152859999999999996e+00
2.155879999999999797e+00
2.157910000000000217e+00
2.161000000000000032e+00
2.163060000000000205e+00
2.166119999999999823e+00
2.168130000000000113e+00
2.171240000000000059e+00
2.173290000000000166e+00
2.176349999999999785e+00
2.178389999999999826e+00
2.181449999999999889e+00
2.183499999999999996e+00
2.186560000000000059e+00
2.188619999999999788e+00
2.191689999999999916e+00
2.193770000000000220e+00
2.196839999999999904e+00
2.198879999999999946e+00
2.201940000000000008e+00
2.203959999999999919e+00
2.206989999999999785e+00
2.209049999999999958e+00
2.212130000000000152e+00
2.214170000000000194e+00
2.217220000000000191e+00
2.219269999999999854e+00
2.222160000000000135e+00
2.224219999999999864e+00
2.227269999999999861e+00
2.229309999999999903e+00
2.232400000000000162e+00
2.234420000000000073e+00
2.237509999999999888e+00
2.239559999999999995e+00
2.242649999999999810e+00
2.244699999999999918e+00
2.247780000000000111e+00
2.249810000000000088e+00
2.252839999999999954e+00
2.254879999999999995e+00
2.257940000000000058e+00
2.260009999999999852e+00
2.263049999999999784e+00
2.265070000000000139e+00
2.268159999999999954e+00
2.270230000000000192e+00
2.273299999999999876e+00
2.275319999999999787e+00
2.278389999999999915e+00
2.280450000000000088e+00
2.283500000000000085e+00
2.285569999999999879e+00
2.288609999999999811e+00
2.290700000000000180e+00
2.293750000000000178e+00
2.295790000000000219e+00
2.298880000000000035e+00
2.300889999999999880e+00
2.303920000000000190e+00
2.305989999999999984e+00
2.309060000000000112e+00
2.311100000000000154e+00
2.314160000000000217e+00
2.316190000000000193e+00
2.319249999999999812e+00
2.321320000000000050e+00
2.324359999999999982e+00
2.326420000000000154e+00
2.329499999999999904e+00
2.331529999999999880e+00
2.334610000000000074e+00
2.336660000000000181e+00
2.339770000000000127e+00
2.341810000000000169e+00
2.344869999999999788e+00
2.346890000000000143e+00
2.349950000000000205e+00
2.351989999999999803e+00
2.355069999999999997e+00
2.357130000000000170e+00
2.360180000000000167e+00
2.362029999999999852e+00
2.365130000000000177e+00
2.367179999999999840e+00
2.370239999999999903e+00
2.372279999999999944e+00
2.375360000000000138e+00
2.377400000000000180e+00
2.380479999999999929e+00
2.382530000000000037e+00
2.385580000000000034e+00
2.387659999999999894e+00
2.390719999999999956e+00
2.392780000000000129e+00
2.395849999999999813e+00
2.397850000000000037e+00
2.400889999999999969e+00
2.402950000000000141e+00
2.406029999999999891e+00
2.408079999999999998e+00
2.411129999999999995e+00
2.413180000000000103e+00
2.416240000000000165e+00
2.418309999999999960e+00
2.421349999999999891e+00
2.423389999999999933e+00
2.426480000000000192e+00
2.428510000000000169e+00
2.431599999999999984e+00
2.433640000000000025e+00
2.436739999999999906e+00
2.438779999999999948e+00
2.441840000000000011e+00
2.443880000000000052e+00
2.446919999999999984e+00
2.448970000000000091e+00
2.452010000000000023e+00
2.454079999999999817e+00
2.457139999999999880e+00
2.459200000000000053e+00
2.462279999999999802e+00
2.464290000000000092e+00
2.467369999999999841e+00
2.469409999999999883e+00
2.472469999999999946e+00
2.474540000000000184e+00
2.477440000000000087e+00
2.479480000000000128e+00
2.482530000000000125e+00
2.484630000000000116e+00
2.487670000000000048e+00
2.489730000000000221e+00
2.492780000000000218e+00
2.494800000000000129e+00
2.497850000000000126e+00
2.499899999999999789e+00
2.502990000000000048e+00
2.505020000000000024e+00
2.508100000000000218e+00
2.510139999999999816e+00
2.513199999999999878e+00
2.515260000000000051e+00
2.518279999999999852e+00
2.520309999999999828e+00
2.523400000000000087e+00
2.525459999999999816e+00
2.528529999999999944e+00
2.530580000000000052e+00
2.533659999999999801e+00
2.535709999999999908e+00
2.538790000000000102e+00
2.540840000000000209e+00
2.543849999999999945e+00
2.545889999999999986e+00
2.548939999999999984e+00
2.551000000000000156e+00
2.554079999999999906e+00
2.556150000000000144e+00
2.559219999999999828e+00
2.561230000000000118e+00
2.564309999999999867e+00
2.566339999999999844e+00
2.569420000000000037e+00
2.571470000000000145e+00
2.574570000000000025e+00
2.576589999999999936e+00
2.579639999999999933e+00
2.581729999999999858e+00
2.584789999999999921e+00
2.586850000000000094e+00
2.589900000000000091e+00
2.591909999999999936e+00
2.594790000000000152e+00
2.596839999999999815e+00
2.599909999999999943e+00
2.601949999999999985e+00
2.605039999999999800e+00
2.607079999999999842e+00
2.610139999999999905e+00
2.612179999999999946e+00
2.615209999999999813e+00
2.617290000000000116e+00
2.620369999999999866e+00
2.622430000000000039e+00
2.625500000000000167e+00
2.627499999999999947e+00
2.630609999999999893e+00
2.632670000000000066e+00
2.635749999999999815e+00
2.637799999999999923e+00
2.640820000000000167e+00
2.642840000000000078e+00
2.645880000000000010e+00
2.647969999999999935e+00
2.651029999999999998e+00
2.653090000000000170e+00
2.656169999999999920e+00
2.658180000000000209e+00
2.661259999999999959e+00
2.663300000000000001e+00
2.666370000000000129e+00
2.668419999999999792e+00
2.671499999999999986e+00
2.673540000000000028e+00
2.676579999999999959e+00
2.678659999999999819e+00
2.681729999999999947e+00
2.683800000000000185e+00
2.686840000000000117e+00
2.688849999999999962e+00
2.691910000000000025e+00
2.693950000000000067e+00
2.697029999999999816e+00
2.699059999999999793e+00
2.702150000000000052e+00
2.704190000000000094e+00
2.707250000000000156e+00
2.709270000000000067e+00
2.712330000000000130e+00
2.714420000000000055e+00
2.717490000000000183e+00
2.719559999999999977e+00
2.722440000000000193e+00
2.724460000000000104e+00
2.727559999999999985e+00
2.729629999999999779e+00
2.732699999999999907e+00
2.734739999999999949e+00
2.737769999999999815e+00
2.739790000000000170e+00
2.742859999999999854e+00
2.744920000000000027e+00
2.747980000000000089e+00
2.750059999999999949e+00
2.753109999999999946e+00
2.755139999999999922e+00
2.758220000000000116e+00
2.760260000000000158e+00
2.763339999999999907e+00
2.765390000000000015e+00
2.768470000000000208e+00
2.770509999999999806e+00
2.773569999999999869e+00
2.775630000000000042e+00
2.778700000000000170e+00
2.780749999999999833e+00
2.783799999999999830e+00
2.785820000000000185e+00
2.788899999999999935e+00
2.790919999999999845e+00
2.794000000000000039e+00
2.796050000000000146e+00
2.799129999999999896e+00
2.801169999999999938e+00
2.804219999999999935e+00
2.806249999999999911e+00
2.809320000000000039e+00
2.811380000000000212e+00
2.814459999999999962e+00
2.816510000000000069e+00
2.819580000000000197e+00
2.821610000000000174e+00
2.824699999999999989e+00
2.826760000000000161e+00
2.829829999999999846e+00
2.831859999999999822e+00
2.834700000000000220e+00
2.836749999999999883e+00
2.839830000000000076e+00
2.841889999999999805e+00
2.844939999999999802e+00
2.847010000000000041e+00
2.850060000000000038e+00
2.852100000000000080e+00
2.855179999999999829e+00
2.857209999999999805e+00
2.860289999999999999e+00
2.862330000000000041e+00
2.865419999999999856e+00
2.867469999999999963e+00
2.870540000000000092e+00
2.872580000000000133e+00
2.875649999999999817e+00
2.877709999999999990e+00
2.880749999999999922e+00
2.882769999999999833e+00
2.885850000000000026e+00
2.887859999999999872e+00
2.890940000000000065e+00
2.892980000000000107e+00
2.896079999999999988e+00
2.898109999999999964e+00
2.901180000000000092e+00
2.903200000000000003e+00
2.906260000000000066e+00
2.908319999999999794e+00
2.911389999999999922e+00
2.913429999999999964e+00
2.916510000000000158e+00
2.918550000000000200e+00
2.921660000000000146e+00
2.923680000000000057e+00
2.926759999999999806e+00
2.928799999999999848e+00
2.931810000000000027e+00
2.933870000000000200e+00
2.936949999999999950e+00
2.938979999999999926e+00
2.942019999999999857e+00
2.944100000000000161e+00
2.947169999999999845e+00
2.949230000000000018e+00
2.952119999999999855e+00
2.954140000000000210e+00
2.957219999999999960e+00
2.959270000000000067e+00
2.962349999999999817e+00
2.964409999999999989e+00
2.967470000000000052e+00
2.969520000000000159e+00
2.972570000000000157e+00
2.974650000000000016e+00
2.977689999999999948e+00
2.979709999999999859e+00
2.982779999999999987e+00
2.984809999999999963e+00
2.987880000000000091e+00
2.989920000000000133e+00
2.993020000000000014e+00
2.995049999999999990e+00
2.998130000000000184e+00
3.000160000000000160e+00
3.003210000000000157e+00
3.005269999999999886e+00
3.008329999999999949e+00
3.010390000000000121e+00
3.013479999999999936e+00
3.015509999999999913e+00
3.018609999999999793e+00
3.020630000000000148e+00
3.023709999999999898e+00
3.025739999999999874e+00
3.028779999999999806e+00
3.030839999999999979e+00
3.033900000000000041e+00
3.035940000000000083e+00
3.038969999999999949e+00
3.041049999999999809e+00
3.044130000000000003e+00
3.046190000000000175e+00
3.049230000000000107e+00
3.051250000000000018e+00
3.054349999999999898e+00
3.056389999999999940e+00
3.059470000000000134e+00
3.061519999999999797e+00
3.064599999999999991e+00
3.066640000000000033e+00
3.069690000000000030e+00
3.071750000000000203e+00
3.074809999999999821e+00
3.076820000000000110e+00
3.079889999999999795e+00
3.081749999999999989e+00
3.084820000000000118e+00
3.086850000000000094e+00
3.089939999999999909e+00
3.092000000000000082e+00
3.095060000000000144e+00
3.097100000000000186e+00
3.100150000000000183e+00
3.102139999999999898e+00
3.105220000000000091e+00
3.107299999999999951e+00
3.110370000000000079e+00
3.112420000000000186e+00
3.115489999999999871e+00
3.117519999999999847e+00
3.120610000000000106e+00
3.122650000000000148e+00
3.125690000000000079e+00
3.127740000000000187e+00
3.130809999999999871e+00
3.132829999999999782e+00
3.135879999999999779e+00
3.137970000000000148e+00
3.141039999999999832e+00
3.143100000000000005e+00
3.146139999999999937e+00
3.148149999999999782e+00
3.151260000000000172e+00
3.153319999999999901e+00
3.156390000000000029e+00
3.158430000000000071e+00
3.161509999999999820e+00
3.163559999999999928e+00
3.166599999999999859e+00
3.168660000000000032e+00
3.171720000000000095e+00
3.173740000000000006e+00
3.176810000000000134e+00
3.178859999999999797e+00
3.181919999999999860e+00
3.183940000000000214e+00
3.187040000000000095e+00
3.189080000000000137e+00
3.192159999999999886e+00
3.194209999999999994e+00
3.197249999999999925e+00
3.199300000000000033e+00
3.202379999999999782e+00
3.204450000000000021e+00
3.207500000000000018e+00
3.209589999999999943e+00
3.212629999999999875e+00
3.214669999999999916e+00
3.217740000000000045e+00
3.219780000000000086e+00
3.221789999999999932e+00
3.224860000000000060e+00
3.226879999999999971e+00
3.229969999999999786e+00
3.232019999999999893e+00
3.235120000000000218e+00
3.237150000000000194e+00
3.240219999999999878e+00
3.242259999999999920e+00
3.245309999999999917e+00
3.247370000000000090e+00
3.250440000000000218e+00
3.252510000000000012e+00
3.255560000000000009e+00
3.257610000000000117e+00
3.260699999999999932e+00
3.262719999999999843e+00
3.265800000000000036e+00
3.267840000000000078e+00
3.270880000000000010e+00
3.272920000000000051e+00
3.275970000000000049e+00
3.278020000000000156e+00
3.281080000000000219e+00
3.283160000000000078e+00
3.286210000000000075e+00
3.288269999999999804e+00
3.291319999999999801e+00
3.293330000000000091e+00
3.296240000000000059e+00
3.298290000000000166e+00
3.301379999999999981e+00
3.303420000000000023e+00
3.306490000000000151e+00
3.308530000000000193e+00
3.311620000000000008e+00
3.313680000000000181e+00
3.316730000000000178e+00
3.318740000000000023e+00
3.321790000000000020e+00
3.323840000000000128e+00
3.326909999999999812e+00
3.328939999999999788e+00
3.332040000000000113e+00
3.334080000000000155e+00
3.337159999999999904e+00
3.339189999999999880e+00
3.342260000000000009e+00
3.344300000000000050e+00
3.347370000000000179e+00
3.349439999999999973e+00
3.352500000000000036e+00
3.354560000000000208e+00
3.357629999999999892e+00
3.359669999999999934e+00
3.362729999999999997e+00
3.364780000000000104e+00
3.367820000000000036e+00
3.369870000000000143e+00
3.372920000000000140e+00
3.374960000000000182e+00
3.378019999999999801e+00
3.380090000000000039e+00
3.383140000000000036e+00
3.385190000000000143e+00
3.388269999999999893e+00
3.390289999999999804e+00
3.393380000000000063e+00
3.395430000000000170e+00
3.398509999999999920e+00
3.400539999999999896e+00
3.403620000000000090e+00
3.405670000000000197e+00
3.408749999999999947e+00
3.410789999999999988e+00
3.413829999999999920e+00
3.415840000000000209e+00
3.418750000000000178e+00
3.420990000000000197e+00
3.423880000000000035e+00
3.425889999999999880e+00
3.428990000000000204e+00
3.431029999999999802e+00
3.434099999999999930e+00
3.436139999999999972e+00
3.439220000000000166e+00
3.441250000000000142e+00
3.444329999999999892e+00
3.446390000000000065e+00
3.449450000000000127e+00
3.451509999999999856e+00
3.454579999999999984e+00
3.456609999999999960e+00
3.459670000000000023e+00
3.461720000000000130e+00
3.464749999999999996e+00
3.466800000000000104e+00
3.469879999999999853e+00
3.471909999999999830e+00
3.474979999999999958e+00
3.477050000000000196e+00
3.480090000000000128e+00
3.482139999999999791e+00
3.485209999999999919e+00
3.487249999999999961e+00
3.490340000000000220e+00
3.492370000000000196e+00
3.495460000000000012e+00
3.497489999999999988e+00
3.500579999999999803e+00
3.502660000000000107e+00
3.505710000000000104e+00
3.507750000000000146e+00
3.510769999999999946e+00
3.512799999999999923e+00
3.515890000000000182e+00
3.517939999999999845e+00
3.521009999999999973e+00
3.523029999999999884e+00
3.526130000000000209e+00
3.528169999999999806e+00
3.531250000000000000e+00
3.533279999999999976e+00
3.536360000000000170e+00
3.538390000000000146e+00
3.541440000000000143e+00
3.543509999999999938e+00
3.546580000000000066e+00
3.548659999999999926e+00
3.551559999999999828e+00
3.553589999999999804e+00
3.556649999999999867e+00
3.558689999999999909e+00
3.561720000000000219e+00
3.563769999999999882e+00
3.566840000000000011e+00
3.568880000000000052e+00
3.571959999999999802e+00
3.573999999999999844e+00
3.577059999999999906e+00
3.579130000000000145e+00
3.582180000000000142e+00
3.584239999999999871e+00
3.587299999999999933e+00
3.589339999999999975e+00
3.592410000000000103e+00
3.594440000000000079e+00
3.597560000000000091e+00
3.599610000000000198e+00
3.602679999999999882e+00
3.604699999999999793e+00
3.607740000000000169e+00
3.609780000000000211e+00
3.612859999999999960e+00
3.614910000000000068e+00
3.617960000000000065e+00
3.619979999999999976e+00
3.623089999999999922e+00
3.625129999999999963e+00
3.628210000000000157e+00
3.630240000000000133e+00
3.633309999999999818e+00
3.635359999999999925e+00
3.638409999999999922e+00
3.640480000000000160e+00
3.643530000000000157e+00
3.645610000000000017e+00
3.648660000000000014e+00
3.650710000000000122e+00
3.653789999999999871e+00
3.655809999999999782e+00
3.658840000000000092e+00
3.660899999999999821e+00
3.663969999999999949e+00
3.666009999999999991e+00
3.669090000000000185e+00
3.671120000000000161e+00
3.674020000000000064e+00
3.676070000000000171e+00
3.679129999999999789e+00
3.681169999999999831e+00
3.684229999999999894e+00
3.686249999999999805e+00
3.689340000000000064e+00
3.691399999999999793e+00
3.694490000000000052e+00
3.696540000000000159e+00
3.699600000000000222e+00
3.701630000000000198e+00
3.704680000000000195e+00
3.706719999999999793e+00
3.709779999999999855e+00
3.711840000000000028e+00
3.714890000000000025e+00
3.716920000000000002e+00
3.720029999999999948e+00
3.722059999999999924e+00
3.725140000000000118e+00
3.727170000000000094e+00
3.730239999999999778e+00
3.732289999999999885e+00
3.735370000000000079e+00
3.737400000000000055e+00
3.740479999999999805e+00
3.742539999999999978e+00
3.745600000000000041e+00
3.747650000000000148e+00
3.750719999999999832e+00
3.752740000000000187e+00
3.755770000000000053e+00
3.757820000000000160e+00
3.760909999999999975e+00
3.762950000000000017e+00
3.766020000000000145e+00
3.768060000000000187e+00
3.771119999999999806e+00
3.773200000000000109e+00
3.776229999999999976e+00
3.778280000000000083e+00
3.781369999999999898e+00
3.783409999999999940e+00
3.786480000000000068e+00
3.788520000000000110e+00
3.791609999999999925e+00
3.793660000000000032e+00
3.796720000000000095e+00
3.798760000000000137e+00
3.801810000000000134e+00
3.803669999999999884e+00
3.806740000000000013e+00
3.808790000000000120e+00
3.811840000000000117e+00
3.813909999999999911e+00
3.816980000000000040e+00
3.819010000000000016e+00
3.822080000000000144e+00
3.824120000000000186e+00
3.827189999999999870e+00
3.829239999999999977e+00
3.832320000000000171e+00
3.834360000000000213e+00
3.837419999999999831e+00
3.839490000000000069e+00
3.842540000000000067e+00
3.844609999999999861e+00
3.847669999999999924e+00
3.849680000000000213e+00
3.852720000000000145e+00
3.854779999999999873e+00
3.857860000000000067e+00
3.859890000000000043e+00
3.862969999999999793e+00
3.865009999999999835e+00
3.868079999999999963e+00
3.870130000000000070e+00
3.873170000000000002e+00
3.875220000000000109e+00
3.878299999999999859e+00
3.880360000000000031e+00
3.883439999999999781e+00
3.885470000000000201e+00
3.888560000000000016e+00
3.890610000000000124e+00
3.893670000000000186e+00
3.895719999999999850e+00
3.898750000000000160e+00
3.900780000000000136e+00
3.903830000000000133e+00
3.905889999999999862e+00
3.908980000000000121e+00
3.911039999999999850e+00
3.914099999999999913e+00
3.916119999999999823e+00
3.919200000000000017e+00
3.921229999999999993e+00
3.924310000000000187e+00
3.926369999999999916e+00
3.929450000000000109e+00
3.931309999999999860e+00
3.934379999999999988e+00
3.936449999999999783e+00
3.939509999999999845e+00
3.941559999999999953e+00
3.944630000000000081e+00
3.946629999999999860e+00
3.949679999999999858e+00
3.951719999999999899e+00
3.954810000000000159e+00
3.956840000000000135e+00
3.959940000000000015e+00
3.961980000000000057e+00
3.965050000000000185e+00
3.967089999999999783e+00
3.970120000000000093e+00
3.972189999999999888e+00
3.975260000000000016e+00
3.977320000000000189e+00
3.980389999999999873e+00
3.982409999999999783e+00
3.985489999999999977e+00
3.987569999999999837e+00
3.990639999999999965e+00
3.992680000000000007e+00
3.995709999999999873e+00
3.997739999999999849e+00
4.000770000000000159e+00
4.002849999999999575e+00
4.005919999999999703e+00
4.007990000000000386e+00
4.011050000000000004e+00
4.013069999999999915e+00
4.016160000000000174e+00
4.018209999999999837e+00
4.021270000000000344e+00
4.023329999999999629e+00
4.026399999999999757e+00
4.028430000000000177e+00
4.031489999999999796e+00
4.033559999999999590e+00
4.036629999999999718e+00
4.038680000000000270e+00
4.041750000000000398e+00
4.043770000000000309e+00
4.046809999999999796e+00
4.048840000000000217e+00
4.051750000000000185e+00
4.053790000000000227e+00
4.056879999999999598e+00
4.058919999999999639e+00
4.061989999999999768e+00
4.064020000000000188e+00
4.067090000000000316e+00
4.069130000000000358e+00
4.072210000000000107e+00
4.074270000000000280e+00
4.077320000000000277e+00
4.079340000000000188e+00
4.082429999999999559e+00
4.084500000000000242e+00
4.087570000000000370e+00
4.089599999999999902e+00
4.092640000000000278e+00
4.094660000000000188e+00
4.097730000000000317e+00
4.099800000000000111e+00
4.102859999999999729e+00
4.104930000000000412e+00
4.107980000000000409e+00
4.110000000000000320e+00
4.113089999999999691e+00
4.115149999999999864e+00
4.118210000000000370e+00
4.120260000000000034e+00
4.123339999999999783e+00
4.125379999999999825e+00
4.128440000000000332e+00
4.130499999999999616e+00
4.133560000000000123e+00
4.135620000000000296e+00
4.138659999999999783e+00
4.140690000000000204e+00
4.143760000000000332e+00
4.145780000000000243e+00
4.148859999999999992e+00
4.150920000000000165e+00
4.153999999999999915e+00
4.156049999999999578e+00
4.159099999999999575e+00
4.161129999999999995e+00
4.164209999999999745e+00
4.166260000000000296e+00
4.169150000000000134e+00
4.171210000000000306e+00
4.174280000000000435e+00
4.176309999999999967e+00
4.179400000000000226e+00
4.181440000000000268e+00
4.184520000000000017e+00
4.186560000000000059e+00
4.189589999999999925e+00
4.191609999999999836e+00
4.194700000000000095e+00
4.196749999999999758e+00
4.199799999999999756e+00
4.201870000000000438e+00
4.204930000000000057e+00
4.206979999999999720e+00
4.210040000000000227e+00
4.212089999999999890e+00
4.215169999999999639e+00
4.217190000000000438e+00
4.220270000000000188e+00
4.222330000000000361e+00
4.225399999999999601e+00
4.227450000000000152e+00
4.230509999999999771e+00
4.232579999999999565e+00
4.235619999999999941e+00
4.237639999999999851e+00
4.240709999999999980e+00
4.242750000000000021e+00
4.245809999999999640e+00
4.247849999999999682e+00
4.250949999999999562e+00
4.252979999999999983e+00
4.256059999999999732e+00
4.258090000000000153e+00
4.261160000000000281e+00
4.263230000000000075e+00
4.266280000000000072e+00
4.268340000000000245e+00
4.271410000000000373e+00
4.273460000000000036e+00
4.276550000000000296e+00
4.278590000000000337e+00
4.281649999999999956e+00
4.283699999999999619e+00
4.286719999999999864e+00
4.288770000000000415e+00
4.291669999999999874e+00
4.293720000000000425e+00
4.296780000000000044e+00
4.298820000000000086e+00
4.301899999999999835e+00
4.303960000000000008e+00
4.307019999999999627e+00
4.309059999999999668e+00
4.312120000000000175e+00
4.314169999999999838e+00
4.317249999999999588e+00
4.319309999999999761e+00
4.322390000000000398e+00
4.324419999999999931e+00
4.327480000000000437e+00
4.329530000000000101e+00
4.332589999999999719e+00
4.334609999999999630e+00
4.337679999999999758e+00
4.339710000000000178e+00
4.342749999999999666e+00
4.344820000000000348e+00
4.347920000000000229e+00
4.349969999999999892e+00
4.353030000000000399e+00
4.355070000000000441e+00
4.358139999999999681e+00
4.360179999999999723e+00
4.363229999999999720e+00
4.365300000000000402e+00
4.368369999999999642e+00
4.370429999999999815e+00
4.373509999999999565e+00
4.375530000000000364e+00
4.378610000000000113e+00
4.380650000000000155e+00
4.383680000000000021e+00
4.385729999999999684e+00
4.388810000000000322e+00
4.390830000000000233e+00
4.393880000000000230e+00
4.395950000000000024e+00
4.399040000000000283e+00
4.401089999999999947e+00
4.404160000000000075e+00
4.406170000000000364e+00
4.409239999999999604e+00
4.411120000000000374e+00
4.414209999999999745e+00
4.416249999999999787e+00
4.419330000000000425e+00
4.421359999999999957e+00
4.424430000000000085e+00
4.426479999999999748e+00
4.429560000000000386e+00
4.431560000000000166e+00
4.434630000000000294e+00
4.436659999999999826e+00
4.439729999999999954e+00
4.441769999999999996e+00
4.444869999999999877e+00
4.446909999999999918e+00
4.449980000000000047e+00
4.452020000000000088e+00
4.455090000000000217e+00
4.457119999999999749e+00
4.460180000000000256e+00
4.462240000000000428e+00
4.465300000000000047e+00
4.467380000000000351e+00
4.470430000000000348e+00
4.472439999999999749e+00
4.475539999999999630e+00
4.477599999999999802e+00
4.480620000000000047e+00
4.482680000000000220e+00
4.484680000000000000e+00
4.487759999999999749e+00
4.489819999999999922e+00
4.492899999999999672e+00
4.494950000000000223e+00
4.498029999999999973e+00
4.500060000000000393e+00
4.503099999999999881e+00
4.505160000000000053e+00
4.508239999999999803e+00
4.510290000000000354e+00
4.513359999999999594e+00
4.515419999999999767e+00
4.518480000000000274e+00
4.520509999999999806e+00
4.523579999999999934e+00
4.525640000000000107e+00
4.528660000000000352e+00
4.530710000000000015e+00
4.533789999999999765e+00
4.535800000000000054e+00
4.538890000000000313e+00
4.540949999999999598e+00
4.544030000000000236e+00
4.546079999999999899e+00
4.549140000000000406e+00
4.551160000000000316e+00
4.554240000000000066e+00
4.556289999999999729e+00
4.559370000000000367e+00
4.561410000000000409e+00
4.564499999999999780e+00
4.566519999999999690e+00
4.569589999999999819e+00
4.571649999999999991e+00
4.574720000000000120e+00
4.576740000000000030e+00
4.579769999999999897e+00
4.581809999999999938e+00
4.584909999999999819e+00
4.586940000000000239e+00
4.590029999999999610e+00
4.592069999999999652e+00
4.595150000000000290e+00
4.597179999999999822e+00
4.600249999999999950e+00
4.602280000000000371e+00
4.605360000000000120e+00
4.607429999999999914e+00
4.610479999999999912e+00
4.612540000000000084e+00
4.615619999999999834e+00
4.617650000000000254e+00
4.620720000000000383e+00
4.622770000000000046e+00
4.625630000000000130e+00
4.627670000000000172e+00
4.630740000000000300e+00
4.632769999999999833e+00
4.635839999999999961e+00
4.637920000000000265e+00
4.640979999999999883e+00
4.643040000000000056e+00
4.646090000000000053e+00
4.648130000000000095e+00
4.651180000000000092e+00
4.653240000000000265e+00
4.656310000000000393e+00
4.658350000000000435e+00
4.661430000000000184e+00
4.663470000000000226e+00
4.666549999999999976e+00
4.668610000000000149e+00
4.671669999999999767e+00
4.673680000000000057e+00
4.676730000000000054e+00
4.678779999999999717e+00
4.681860000000000355e+00
4.683880000000000265e+00
4.686969999999999636e+00
4.689009999999999678e+00
4.692090000000000316e+00
4.694130000000000358e+00
4.697210000000000107e+00
4.699250000000000149e+00
4.702320000000000277e+00
4.704379999999999562e+00
4.707419999999999938e+00
4.709489999999999732e+00
4.712559999999999860e+00
4.714590000000000281e+00
4.717660000000000409e+00
4.719710000000000072e+00
4.722749999999999559e+00
4.724779999999999980e+00
4.727850000000000108e+00
4.729899999999999771e+00
4.732960000000000278e+00
4.735030000000000072e+00
4.738069999999999560e+00
4.740129999999999733e+00
4.743219999999999992e+00
4.745269999999999655e+00
4.748140000000000249e+00
4.750210000000000043e+00
4.753269999999999662e+00
4.755300000000000082e+00
4.758390000000000342e+00
4.760440000000000005e+00
4.763510000000000133e+00
4.765550000000000175e+00
4.768620000000000303e+00
4.770609999999999573e+00
4.773679999999999701e+00
4.775750000000000384e+00
4.778810000000000002e+00
4.780840000000000423e+00
4.783920000000000172e+00
4.785949999999999704e+00
4.789030000000000342e+00
4.791089999999999627e+00
4.794159999999999755e+00
4.796199999999999797e+00
4.799260000000000304e+00
4.801330000000000098e+00
4.804369999999999585e+00
4.806440000000000268e+00
4.809520000000000017e+00
4.811550000000000438e+00
4.814610000000000056e+00
4.816659999999999719e+00
4.819689999999999586e+00
4.821729999999999627e+00
4.824810000000000265e+00
4.826850000000000307e+00
4.829920000000000435e+00
4.831999999999999851e+00
4.835029999999999717e+00
4.837089999999999890e+00
4.840160000000000018e+00
4.842209999999999681e+00
4.845259999999999678e+00
4.847279999999999589e+00
4.850360000000000227e+00
4.852409999999999890e+00
4.855489999999999640e+00
4.857560000000000322e+00
4.860629999999999562e+00
4.862659999999999982e+00
4.865709999999999980e+00
4.867709999999999759e+00
4.870790000000000397e+00
4.872679999999999900e+00
4.875740000000000407e+00
4.877769999999999939e+00
4.880849999999999689e+00
4.882909999999999862e+00
4.885979999999999990e+00
4.888020000000000032e+00
4.891099999999999781e+00
4.893130000000000202e+00
4.896169999999999689e+00
4.898229999999999862e+00
4.901309999999999611e+00
4.903389999999999915e+00
4.906450000000000422e+00
4.908500000000000085e+00
4.911550000000000082e+00
4.913599999999999746e+00
4.916629999999999612e+00
4.918660000000000032e+00
4.921739999999999782e+00
4.923790000000000333e+00
4.926859999999999573e+00
4.928899999999999615e+00
4.931969999999999743e+00
4.934029999999999916e+00
4.937090000000000423e+00
4.939160000000000217e+00
4.942199999999999704e+00
4.944230000000000125e+00
4.947300000000000253e+00
4.949360000000000426e+00
4.952449999999999797e+00
4.954509999999999970e+00
4.957569999999999588e+00
4.959600000000000009e+00
4.962650000000000006e+00
4.964680000000000426e+00
4.967749999999999666e+00
4.969809999999999839e+00
4.972850000000000215e+00
4.974890000000000256e+00
4.977990000000000137e+00
4.980030000000000179e+00
4.983109999999999928e+00
4.985140000000000349e+00
4.988229999999999720e+00
4.990260000000000140e+00
4.993140000000000356e+00
4.995210000000000150e+00
4.998260000000000147e+00
4.999970000000000248e+00
5.000040000000000262e+00
5.000040000000000262e+00
5.000040000000000262e+00
5.000040000000000262e+00
5.000049999999999883e+00
5.000040000000000262e+00
5.000040000000000262e+00
5.000040000000000262e+00
5.000040000000000262e+00
5.000040000000000262e+00
5.000040000000000262e+00
5.000040000000000262e+00
5.000040000000000262e+00
5.000049999999999883e+00
5.000049999999999883e+00
5.000049999999999883e+00
5.000049999999999883e+00
5.000049999999999883e+00
5.000049999999999883e+00
5.000049999999999883e+00
5.000049999999999883e+00
5.000049999999999883e+00
5.000049999999999883e+00
5.000049999999999883e+00
5.000049999999999883e+00
5.000049999999999883e+00
5.000049999999999883e+00
5.000040000000000262e+00
5.000049999999999883e+00
5.000049999999999883e+00
5.000049999999999883e+00
5.000049999999999883e+00
5.000049999999999883e+00
5.000049999999999883e+00
5.000049999999999883e+00
