5.621486000000000001e-05
5.620368999999999788e-05
5.619623999999999849e-05
5.618878999999999909e-05
5.618133999999999970e-05
5.617761000000000304e-05
5.617389000000000030e-05
5.616270999999999747e-05
5.615153000000000142e-05
5.614408000000000202e-05
5.613663000000000263e-05
5.612546000000000050e-05
5.611427999999999767e-05
5.611427999999999767e-05
5.610682999999999827e-05
5.609937999999999888e-05
5.609192999999999948e-05
5.608448000000000009e-05
5.607329999999999726e-05
5.605468000000000251e-05
5.603231999999999684e-05
5.600996999999999866e-05
5.598762000000000047e-05
5.595782000000000289e-05
5.592801999999999854e-05
5.590193999999999692e-05
5.587586000000000207e-05
5.584978000000000045e-05
5.582370999999999953e-05
5.579762999999999791e-05
5.576409999999999690e-05
5.573429999999999932e-05
5.570076999999999830e-05
5.567097000000000072e-05
5.562999000000000031e-05
5.558900999999999990e-05
5.554430999999999675e-05
5.549961000000000038e-05
5.545118000000000058e-05
5.540275000000000077e-05
5.535432000000000096e-05
5.531334000000000055e-05
5.526863999999999741e-05
5.522765999999999700e-05
5.519413000000000276e-05
5.516061000000000244e-05
5.512708000000000143e-05
5.509355000000000041e-05
5.506001999999999939e-05
5.502649999999999908e-05
5.498924000000000140e-05
5.495198999999999765e-05
5.491100999999999724e-05
5.487376000000000027e-05
5.482905999999999712e-05
5.478807999999999671e-05
5.474710000000000307e-05
5.470984999999999932e-05
5.466886999999999891e-05
5.463162000000000194e-05
5.460180999999999688e-05
5.456829000000000334e-05
5.453847999999999829e-05
5.450495999999999797e-05
5.447514999999999969e-05
5.443790000000000272e-05
5.440437000000000170e-05
5.437084000000000068e-05
5.433732000000000037e-05
5.430378999999999935e-05
5.427025999999999834e-05
5.423301000000000136e-05
5.419575999999999761e-05
5.416223000000000337e-05
5.412497999999999962e-05
5.409144999999999860e-05
5.405420000000000163e-05
5.402067000000000061e-05
5.398341000000000294e-05
5.394989000000000262e-05
5.391636000000000161e-05
5.387910999999999785e-05
5.384929999999999958e-05
5.381577999999999926e-05
5.378597000000000098e-05
5.375245000000000066e-05
5.371891999999999965e-05
5.368538999999999863e-05
5.365185999999999762e-05
5.361461000000000064e-05
5.357735999999999689e-05
5.353638000000000326e-05
5.349168000000000011e-05
5.344697000000000304e-05
5.339854000000000323e-05
5.335011999999999735e-05
5.329796000000000089e-05
5.324953000000000108e-05
5.320110000000000128e-05
5.315267000000000147e-05
5.310425000000000236e-05
5.305582000000000256e-05
5.301110999999999871e-05
5.296268999999999961e-05
5.291425999999999980e-05
5.286210000000000333e-05
5.280621999999999736e-05
5.275033999999999816e-05
5.269445999999999896e-05
5.263113000000000036e-05
5.256407999999999903e-05
5.249701999999999700e-05
5.242997000000000244e-05
5.236291000000000041e-05
5.229213000000000242e-05
5.222508000000000109e-05
5.215801999999999906e-05
5.209469000000000046e-05
5.203136000000000187e-05
5.196803000000000327e-05
5.190469999999999790e-05
5.184510000000000274e-05
5.178176999999999737e-05
5.171843999999999877e-05
5.165137999999999674e-05
5.158433000000000218e-05
5.150982000000000076e-05
5.143159000000000337e-05
5.135335999999999921e-05
5.127139999999999839e-05
5.119317000000000100e-05
5.111122000000000088e-05
5.102552999999999662e-05
5.094729999999999924e-05
5.086534999999999912e-05
5.078712000000000173e-05
5.070887999999999687e-05
5.063438000000000292e-05
5.056732000000000089e-05
5.049282000000000016e-05
5.042575999999999813e-05
5.035498000000000014e-05
5.028792999999999881e-05
5.022086999999999678e-05
5.014637000000000283e-05
5.007186000000000140e-05
5.000107999999999663e-05
4.991912000000000259e-05
4.983717000000000247e-05
4.974776000000000225e-05
4.965835000000000203e-05
4.956521999999999908e-05
4.947209000000000291e-05
4.937151000000000056e-05
4.927465000000000095e-05
4.917779000000000134e-05
4.907720999999999899e-05
4.897289999999999998e-05
4.886859000000000098e-05
4.876800999999999863e-05
4.867114999999999902e-05
4.857056999999999667e-05
4.846998000000000040e-05
4.837313000000000149e-05
4.827253999999999844e-05
4.817941000000000226e-05
4.808255000000000265e-05
4.798197000000000031e-05
4.788511000000000069e-05
4.778826000000000178e-05
4.769140000000000217e-05
4.758709000000000317e-05
4.748277999999999738e-05
4.737846999999999838e-05
4.727789000000000281e-05
4.716986000000000106e-05
4.706555000000000206e-05
4.696124000000000305e-05
4.686437999999999666e-05
4.676380000000000109e-05
4.666694000000000148e-05
4.657009000000000257e-05
4.647323000000000296e-05
4.638010000000000001e-05
4.628324000000000039e-05
4.618265999999999805e-05
4.608207000000000178e-05
4.598148999999999943e-05
4.588090999999999708e-05
4.577287000000000142e-05
4.566857000000000311e-05
4.556425999999999733e-05
4.545623000000000236e-05
4.535192000000000335e-05
4.524760999999999757e-05
4.513958000000000261e-05
4.503154000000000016e-05
4.493095999999999782e-05
4.482664999999999881e-05
4.472607000000000324e-05
4.462549000000000089e-05
4.452863000000000128e-05
4.443177000000000167e-05
4.433491000000000206e-05
4.424177999999999911e-05
4.414491999999999949e-05
4.404807000000000058e-05
4.395492999999999693e-05
4.385807999999999802e-05
4.376121999999999841e-05
4.366435999999999880e-05
4.356749999999999919e-05
4.347065000000000027e-05
4.337750999999999662e-05
4.328438000000000045e-05
4.319124999999999749e-05
4.310557000000000071e-05
4.301616000000000050e-05
4.293047999999999694e-05
4.284480000000000016e-05
4.275538999999999994e-05
4.266971000000000316e-05
4.258402999999999960e-05
4.249461999999999939e-05
4.240520999999999917e-05
4.231580999999999965e-05
4.222639999999999944e-05
4.213698999999999922e-05
4.205131000000000244e-05
4.195817999999999949e-05
4.187250000000000271e-05
4.179054000000000189e-05
4.170485999999999833e-05
4.162289999999999751e-05
4.154093999999999669e-05
4.145899000000000334e-05
4.138075999999999918e-05
4.129508000000000240e-05
4.121683999999999754e-05
4.113488999999999742e-05
4.104921000000000063e-05
4.096724999999999981e-05
4.088157000000000303e-05
4.079588999999999948e-05
4.071021000000000269e-05
4.062451999999999844e-05
4.053511999999999892e-05
4.044943000000000144e-05
4.036374999999999788e-05
4.027807000000000110e-05
4.019612000000000098e-05
4.011416000000000016e-05
4.003593000000000277e-05
3.995769999999999861e-05
3.987947000000000123e-05
3.980495999999999980e-05
3.973044999999999837e-05
3.965222000000000099e-05
3.958144000000000300e-05
3.950320999999999883e-05
3.942870999999999811e-05
3.935419999999999668e-05
3.927969000000000203e-05
3.920145999999999787e-05
3.912695999999999714e-05
3.904872999999999976e-05
3.897795000000000177e-05
3.889970999999999691e-05
3.882147999999999952e-05
3.875070000000000153e-05
3.867620000000000080e-05
3.860542000000000281e-05
3.853463999999999804e-05
3.846386000000000005e-05
3.839679999999999802e-05
3.832974000000000277e-05
3.826269000000000144e-05
3.819562999999999940e-05
3.813230000000000081e-05
3.807269999999999887e-05
3.801309999999999694e-05
3.794976999999999834e-05
3.789388999999999914e-05
3.783428000000000328e-05
3.777468000000000134e-05
3.771506999999999871e-05
3.765546999999999677e-05
3.759586000000000091e-05
3.753998000000000171e-05
3.748782999999999917e-05
3.742822000000000331e-05
3.737979999999999743e-05
3.733136999999999762e-05
3.727921000000000115e-05
3.723450999999999801e-05
3.718981000000000164e-05
3.714509999999999779e-05
3.710040000000000142e-05
3.705569999999999828e-05
3.701471999999999786e-05
3.697001000000000079e-05
3.692530999999999765e-05
3.688432999999999724e-05
3.684334999999999683e-05
3.680237999999999712e-05
3.676511999999999944e-05
3.673159999999999913e-05
3.670179000000000085e-05
3.666453999999999709e-05
3.663101000000000285e-05
3.659748000000000184e-05
3.656396000000000152e-05
3.653043000000000051e-05
3.650063000000000293e-05
3.647081999999999787e-05
3.644102000000000029e-05
3.641494999999999937e-05
3.638514000000000109e-05
3.636279000000000291e-05
3.633671000000000128e-05
3.631064000000000036e-05
3.628455999999999874e-05
3.625847999999999712e-05
3.623241000000000298e-05
3.620633000000000136e-05
3.618398000000000317e-05
3.616162999999999821e-05
3.613926999999999933e-05
3.612064999999999780e-05
3.609829999999999962e-05
3.608339000000000013e-05
3.606849000000000134e-05
3.604986999999999981e-05
3.603123999999999758e-05
3.600888999999999940e-05
3.599025999999999717e-05
3.596790999999999899e-05
3.594182999999999737e-05
3.591947999999999918e-05
3.589713000000000100e-05
3.587478000000000281e-05
3.584870000000000119e-05
3.583006999999999897e-05
3.581144999999999744e-05
3.578909999999999926e-05
3.577046999999999703e-05
3.575184000000000158e-05
3.573322000000000005e-05
3.571832000000000126e-05
3.569596000000000238e-05
3.567734000000000085e-05
3.565499000000000267e-05
3.563636000000000044e-05
3.561401000000000226e-05
3.559165999999999730e-05
3.556184999999999902e-05
3.553205000000000144e-05
3.550224999999999708e-05
3.547244999999999950e-05
3.543891999999999848e-05
3.540912000000000090e-05
3.537186000000000323e-05
3.533834000000000291e-05
3.530481000000000190e-05
3.527128000000000088e-05
3.523402999999999713e-05
3.520050000000000289e-05
3.516324999999999914e-05
3.512971999999999812e-05
3.509618999999999711e-05
3.505894000000000013e-05
3.502540999999999912e-05
3.499187999999999810e-05
3.495463000000000113e-05
3.491737999999999738e-05
3.488013000000000040e-05
3.484287000000000273e-05
3.480561999999999897e-05
3.476837000000000200e-05
3.473110999999999755e-05
3.469386000000000057e-05
3.465660999999999682e-05
3.461563000000000319e-05
3.457837999999999944e-05
3.454112000000000176e-05
3.450015000000000205e-05
3.445543999999999820e-05
3.441445999999999779e-05
3.436976000000000142e-05
3.432505999999999828e-05
3.427662999999999847e-05
3.422819999999999867e-05
3.417231999999999946e-05
3.412016999999999692e-05
3.406428999999999772e-05
3.400468000000000186e-05
3.394507999999999993e-05
3.388546999999999729e-05
3.382587000000000213e-05
3.376625999999999949e-05
3.370665999999999756e-05
3.364705000000000170e-05
3.358744999999999976e-05
3.352784999999999782e-05
3.347196999999999862e-05
3.340864000000000003e-05
3.335276000000000083e-05
3.329688000000000163e-05
3.324100000000000242e-05
3.318512000000000322e-05
3.312178999999999785e-05
3.306218000000000199e-05
3.300258000000000006e-05
3.293925000000000146e-05
3.287964999999999952e-05
3.281632000000000093e-05
3.274925999999999890e-05
3.268593000000000030e-05
3.261886999999999827e-05
3.255181999999999694e-05
3.248848999999999834e-05
3.241771000000000035e-05
3.235064999999999832e-05
3.228359999999999699e-05
3.221281999999999900e-05
3.214575999999999697e-05
3.207871000000000241e-05
3.201537999999999704e-05
3.195204999999999844e-05
3.188499000000000319e-05
3.182165999999999782e-05
3.175832999999999922e-05
3.169500000000000063e-05
3.163167000000000203e-05
3.157207000000000009e-05
3.150874000000000150e-05
3.144541000000000290e-05
3.138580000000000027e-05
3.132619999999999833e-05
3.126659000000000247e-05
3.120699000000000053e-05
3.114738999999999860e-05
3.109150999999999939e-05
3.103189999999999676e-05
3.096856999999999816e-05
3.091268999999999896e-05
3.085308999999999703e-05
3.079348000000000117e-05
3.073387999999999923e-05
3.067427000000000337e-05
3.061093999999999800e-05
3.055134000000000284e-05
3.049161999999999928e-05
3.043201000000000003e-05
3.036868000000000144e-05
3.030907999999999950e-05
3.024575000000000091e-05
3.018614000000000166e-05
3.012280999999999967e-05
3.006321000000000113e-05
3.000359999999999849e-05
2.994399999999999994e-05
2.988440000000000139e-05
2.982478999999999876e-05
2.976519000000000021e-05
2.970558000000000096e-05
2.964969999999999837e-05
2.959009999999999982e-05
2.953422000000000062e-05
2.947834000000000142e-05
2.941872999999999879e-05
2.936284999999999958e-05
2.930698000000000108e-05
2.925109999999999849e-05
2.919521999999999929e-05
2.913561000000000005e-05
2.907973000000000084e-05
2.902385000000000164e-05
2.896796999999999906e-05
2.891208999999999985e-05
2.885622000000000135e-05
2.880033999999999876e-05
2.874817999999999891e-05
2.868858000000000036e-05
2.863270000000000116e-05
2.857681999999999857e-05
2.852093999999999937e-05
2.846506000000000017e-05
2.840545000000000092e-05
2.835329999999999838e-05
2.829741999999999918e-05
2.824527000000000003e-05
2.818939000000000083e-05
2.813723000000000097e-05
2.808507999999999843e-05
2.802919999999999923e-05
2.797705000000000008e-05
2.792862000000000027e-05
2.787646000000000042e-05
2.783176000000000066e-05
2.777961000000000151e-05
2.773863000000000110e-05
2.769020000000000129e-05
2.764550000000000153e-05
2.760452000000000112e-05
2.755981000000000067e-05
2.751884000000000095e-05
2.747413000000000050e-05
2.743315000000000009e-05
2.739218000000000037e-05
2.735491999999999931e-05
2.731393999999999890e-05
2.727668999999999854e-05
2.723944000000000156e-05
2.720219000000000120e-05
2.716866000000000018e-05
2.713140999999999982e-05
2.709414999999999876e-05
2.706062999999999844e-05
2.702710000000000081e-05
2.698983999999999975e-05
2.695631999999999944e-05
2.692278999999999842e-05
2.688554000000000144e-05
2.685201000000000043e-05
2.681847999999999941e-05
2.678122999999999905e-05
2.674770000000000142e-05
2.671045000000000106e-05
2.668065000000000009e-05
2.664338999999999903e-05
2.661359000000000145e-05
2.658006000000000043e-05
2.655025999999999946e-05
2.652045999999999850e-05
2.649066000000000092e-05
2.646084999999999925e-05
2.643477999999999833e-05
2.640870000000000009e-05
2.638261999999999847e-05
2.635655000000000094e-05
2.633046999999999932e-05
2.630812000000000114e-05
2.628203999999999951e-05
2.625596000000000128e-05
2.623360999999999971e-05
2.620753000000000148e-05
2.618517999999999990e-05
2.615910000000000167e-05
2.613303000000000075e-05
2.611067999999999918e-05
2.608832000000000029e-05
2.606224999999999937e-05
2.604362000000000053e-05
2.602126999999999896e-05
2.599892000000000078e-05
2.597656999999999920e-05
2.595421000000000032e-05
2.593558999999999879e-05
2.591324000000000061e-05
2.589087999999999833e-05
2.587226000000000020e-05
2.584990999999999862e-05
2.582754999999999974e-05
2.580893000000000160e-05
2.578658000000000003e-05
2.576422000000000114e-05
2.574559999999999962e-05
2.572325000000000143e-05
2.570461999999999921e-05
2.568227000000000102e-05
2.566736999999999884e-05
2.564874000000000000e-05
2.563011000000000117e-05
2.561893999999999904e-05
2.560031000000000020e-05
2.558541000000000141e-05
2.557422999999999858e-05
2.555932999999999979e-05
2.555188000000000039e-05
2.553698000000000160e-05
2.552952999999999882e-05
2.552207999999999942e-05
2.551089999999999998e-05
2.550345000000000059e-05
2.549600000000000119e-05
2.549227999999999846e-05
2.548854999999999841e-05
2.548109999999999901e-05
2.547737999999999967e-05
2.546993000000000027e-05
2.546620000000000022e-05
2.545875000000000083e-05
2.545875000000000083e-05
2.545503000000000148e-05
2.544757000000000139e-05
2.544384999999999865e-05
2.544011999999999860e-05
2.543266999999999921e-05
2.542894999999999986e-05
2.542521999999999981e-05
2.542150000000000047e-05
2.541405000000000107e-05
2.540660000000000168e-05
2.540287000000000163e-05
2.539541999999999885e-05
2.539169999999999950e-05
2.538423999999999940e-05
2.537679000000000001e-05
2.536562000000000127e-05
2.536189000000000122e-05
2.535443999999999843e-05
2.534326999999999969e-05
2.533582000000000030e-05
2.532837000000000090e-05
2.531719000000000146e-05
2.530973999999999868e-05
2.530228999999999928e-05
2.529110999999999984e-05
2.528366000000000044e-05
2.527248999999999831e-05
2.526503999999999892e-05
2.525757999999999882e-05
2.525012999999999943e-05
2.523896000000000069e-05
2.523523000000000064e-05
2.522778000000000124e-05
2.522405999999999851e-05
2.521660999999999911e-05
2.521287999999999906e-05
2.520915999999999972e-05
2.520542999999999967e-05
2.520542999999999967e-05
2.520542999999999967e-05
2.520542999999999967e-05
2.520542999999999967e-05
2.520542999999999967e-05
2.520542999999999967e-05
2.520542999999999967e-05
2.520915999999999972e-05
2.521660999999999911e-05
2.522032999999999846e-05
2.522778000000000124e-05
2.523151000000000129e-05
2.523896000000000069e-05
2.524268000000000003e-05
2.525012999999999943e-05
2.525385999999999948e-05
2.526130999999999887e-05
2.526503999999999892e-05
2.526503999999999892e-05
2.526876000000000165e-05
2.526876000000000165e-05
2.526876000000000165e-05
2.526876000000000165e-05
2.526876000000000165e-05
2.526876000000000165e-05
2.526876000000000165e-05
2.526876000000000165e-05
2.526503999999999892e-05
2.526503999999999892e-05
2.526130999999999887e-05
2.525757999999999882e-05
2.525385999999999948e-05
2.525012999999999943e-05
2.524268000000000003e-05
2.523896000000000069e-05
2.523896000000000069e-05
2.523151000000000129e-05
2.522405999999999851e-05
2.521660999999999911e-05
2.520542999999999967e-05
2.519798000000000027e-05
2.519053000000000088e-05
2.517935000000000144e-05
2.517189999999999865e-05
2.516444999999999926e-05
2.515328000000000052e-05
2.514583000000000112e-05
2.514210000000000107e-05
2.513465000000000168e-05
2.512346999999999885e-05
2.511601999999999945e-05
2.511230000000000011e-05
2.510485000000000071e-05
2.509740000000000132e-05
2.508621999999999849e-05
2.507876999999999909e-05
2.506758999999999965e-05
2.505642000000000091e-05
2.504897000000000151e-05
2.503406999999999933e-05
2.501917000000000054e-05
2.501172000000000115e-05
2.499681000000000166e-05
2.498563999999999953e-05
2.497074000000000074e-05
2.495583999999999856e-05
2.494838999999999916e-05
2.493347999999999967e-05
2.492231000000000093e-05
2.490367999999999871e-05
2.488877999999999991e-05
2.487388000000000112e-05
2.485524999999999890e-05
2.483290000000000071e-05
2.481427999999999919e-05
2.479192000000000030e-05
2.476956999999999873e-05
2.474722000000000055e-05
2.472486999999999897e-05
2.469879000000000074e-05
2.467643999999999917e-05
2.465781000000000033e-05
2.463545999999999876e-05
2.460938000000000052e-05
2.459447999999999835e-05
2.457213000000000016e-05
2.454977999999999859e-05
2.453114999999999975e-05
2.451253000000000161e-05
2.449389999999999939e-05
2.447527000000000055e-05
2.445291999999999898e-05
2.443430000000000084e-05
2.441193999999999856e-05
2.438587000000000103e-05
2.436350999999999876e-05
2.434116000000000057e-05
2.431508999999999965e-05
2.428901000000000142e-05
2.426292999999999980e-05
2.424058000000000161e-05
2.421823000000000004e-05
2.419214999999999842e-05
2.416607000000000019e-05
2.414371999999999862e-05
2.411765000000000108e-05
2.409901999999999886e-05
2.407294000000000062e-05
2.405058999999999905e-05
2.402824000000000087e-05
2.400588999999999929e-05
2.398354000000000111e-05
2.396117999999999884e-05
2.393883000000000065e-05
2.391274999999999903e-05
2.389040000000000084e-05
2.386432999999999992e-05
2.384197000000000104e-05
2.381590000000000012e-05
2.378981999999999850e-05
2.376374000000000026e-05
2.374138999999999869e-05
2.371159000000000111e-05
2.368550999999999949e-05
2.365570999999999852e-05
2.362218000000000089e-05
2.359237999999999993e-05
2.356257999999999896e-05
2.353278000000000138e-05
2.350669999999999976e-05
2.347689999999999879e-05
2.345082000000000056e-05
2.342101999999999959e-05
2.339494000000000136e-05
2.336885999999999974e-05
2.333905999999999877e-05
2.330926000000000119e-05
2.328317999999999957e-05
2.325710000000000133e-05
2.322730000000000037e-05
2.320121999999999875e-05
2.317515000000000121e-05
2.314906999999999959e-05
2.311553999999999858e-05
2.308947000000000104e-05
2.305594000000000003e-05
2.302613999999999906e-05
2.299261000000000143e-05
2.295908000000000042e-05
2.292183000000000005e-05
2.288456999999999899e-05
2.284731999999999863e-05
2.281007000000000165e-05
2.276909000000000124e-05
2.273556000000000023e-05
2.269457999999999981e-05
2.265732999999999945e-05
2.262007999999999909e-05
2.258282999999999872e-05
2.254557000000000105e-05
2.251577000000000008e-05
2.247851999999999972e-05
2.244871999999999875e-05
2.241146000000000108e-05
2.238166000000000011e-05
2.234812999999999909e-05
2.231460999999999878e-05
2.227735000000000110e-05
2.224382000000000009e-05
2.220656999999999972e-05
2.216931999999999936e-05
2.213206999999999900e-05
2.209481000000000132e-05
2.205383000000000091e-05
2.201286000000000120e-05
2.197560000000000014e-05
2.193463000000000042e-05
2.189365000000000001e-05
2.185266999999999960e-05
2.181541999999999924e-05
2.177816000000000157e-05
2.174091000000000120e-05
2.169993000000000079e-05
2.166268000000000043e-05
2.162543000000000006e-05
2.159561999999999840e-05
2.155837000000000142e-05
2.152112000000000106e-05
2.148387000000000070e-05
2.144289000000000028e-05
2.140562999999999922e-05
2.137210999999999891e-05
2.133112999999999849e-05
2.129388000000000152e-05
2.125662000000000046e-05
2.121937000000000009e-05
2.118211999999999973e-05
2.114858999999999871e-05
2.111133999999999835e-05
2.107408000000000068e-05
2.103683000000000031e-05
2.100329999999999930e-05
2.096977999999999898e-05
2.093625000000000135e-05
2.090645000000000039e-05
2.086918999999999932e-05
2.083566999999999901e-05
2.080214000000000138e-05
2.077234000000000041e-05
2.073880999999999940e-05
2.070527999999999838e-05
2.066803000000000140e-05
2.063450000000000039e-05
2.059725000000000003e-05
2.056371999999999901e-05
2.052646999999999865e-05
2.048921000000000097e-05
2.045196000000000061e-05
2.041471000000000025e-05
2.037744999999999918e-05
2.034019999999999882e-05
2.029921999999999841e-05
2.026570000000000148e-05
2.022844000000000042e-05
2.019119000000000005e-05
2.015393999999999969e-05
2.011667999999999863e-05
2.007943000000000165e-05
2.004218000000000129e-05
2.000493000000000093e-05
1.996395000000000052e-05
1.992297000000000011e-05
1.988571999999999974e-05
1.984473999999999933e-05
1.980375999999999892e-05
1.976650999999999856e-05
1.972925000000000088e-05
1.969573000000000057e-05
1.966219999999999955e-05
1.962494999999999919e-05
1.959142000000000156e-05
1.955417000000000120e-05
1.951691000000000013e-05
1.948337999999999912e-05
1.944612999999999875e-05
1.941260000000000113e-05
1.938280000000000016e-05
1.934926999999999914e-05
1.932320000000000161e-05
1.929338999999999994e-05
1.927103999999999837e-05
1.924497000000000084e-05
1.921888999999999922e-05
1.919281000000000098e-05
1.917045999999999941e-05
1.914438000000000118e-05
1.911831000000000026e-05
1.909222999999999864e-05
1.906243000000000106e-05
1.903634999999999944e-05
1.900654999999999847e-05
1.897675000000000089e-05
1.894693999999999922e-05
1.891714000000000164e-05
1.888734000000000067e-05
1.885753999999999970e-05
1.882773000000000142e-05
1.880166000000000050e-05
1.877184999999999883e-05
1.874578000000000130e-05
1.871225000000000029e-05
1.868616999999999867e-05
1.866010000000000113e-05
1.863401999999999951e-05
1.860794000000000128e-05
1.858185999999999966e-05
1.855578999999999874e-05
1.852971000000000051e-05
1.850362999999999888e-05
1.848128000000000070e-05
1.845519999999999908e-05
1.842913000000000155e-05
1.840304999999999993e-05
1.837697000000000169e-05
1.835090000000000077e-05
1.832853999999999850e-05
1.830247000000000097e-05
1.827638999999999935e-05
1.825776000000000051e-05
1.823913999999999898e-05
1.821679000000000080e-05
1.819815999999999857e-05
1.817952999999999973e-05
1.816463000000000094e-05
1.814600999999999942e-05
1.812738000000000058e-05
1.810874999999999836e-05
1.808640000000000017e-05
1.806777000000000133e-05
1.804914999999999981e-05
1.803052000000000097e-05
1.801189999999999944e-05
1.798954000000000056e-05
1.797463999999999838e-05
1.795602000000000024e-05
1.794111000000000075e-05
1.792248999999999923e-05
1.790759000000000044e-05
1.788896000000000160e-05
1.787032999999999937e-05
1.785543000000000058e-05
1.783680999999999906e-05
1.781818000000000022e-05
1.779955000000000138e-05
1.778464999999999921e-05
1.776230000000000102e-05
1.775112000000000158e-05
1.773250000000000005e-05
1.772132000000000061e-05
1.770641999999999843e-05
1.769524999999999969e-05
1.768034000000000020e-05
1.766917000000000146e-05
1.765426999999999928e-05
1.764308999999999984e-05
1.763192000000000109e-05
1.761701000000000160e-05
1.760583999999999947e-05
1.759094000000000068e-05
1.757230999999999846e-05
1.756112999999999901e-05
1.754251000000000088e-05
1.753133000000000143e-05
1.751270999999999991e-05
1.749408000000000107e-05
1.747917999999999889e-05
1.745683000000000071e-05
1.743819999999999848e-05
1.741585000000000030e-05
1.739349999999999872e-05
1.737486999999999989e-05
1.735251999999999831e-05
1.733388999999999948e-05
1.731899000000000069e-05
1.730035999999999846e-05
1.728545999999999967e-05
1.727056000000000088e-05
1.725565999999999870e-05
1.724820999999999931e-05
1.723702999999999986e-05
1.722958000000000047e-05
1.722586000000000112e-05
1.721840999999999834e-05
1.721468000000000168e-05
1.721095999999999894e-05
1.720350999999999955e-05
1.719606000000000015e-05
1.719233000000000011e-05
1.718488000000000071e-05
1.717743000000000132e-05
1.716997999999999853e-05
1.716252999999999914e-05
1.715507999999999974e-05
1.714763000000000035e-05
1.714018000000000095e-05
1.713273000000000156e-05
1.712900000000000151e-05
1.712527999999999877e-05
1.712154999999999873e-05
1.711782999999999938e-05
1.711409999999999933e-05
1.710664999999999994e-05
1.710291999999999989e-05
1.709920000000000054e-05
1.709547000000000050e-05
1.708429999999999836e-05
1.707684999999999897e-05
1.706939999999999957e-05
1.706566999999999953e-05
1.705822000000000013e-05
1.704704000000000069e-05
1.704332000000000134e-05
1.703586999999999856e-05
1.703586999999999856e-05
1.703586999999999856e-05
1.703586999999999856e-05
1.703586999999999856e-05
1.703586999999999856e-05
1.704332000000000134e-05
1.704704000000000069e-05
1.705450000000000078e-05
1.705822000000000013e-05
1.706566999999999953e-05
1.706566999999999953e-05
1.706566999999999953e-05
1.706566999999999953e-05
1.706195000000000018e-05
1.705822000000000013e-05
1.705077000000000074e-05
1.704332000000000134e-05
1.703586999999999856e-05
1.702841999999999916e-05
1.702096999999999977e-05
1.701352000000000037e-05
1.700234000000000093e-05
1.699862000000000158e-05
1.699116999999999880e-05
1.698370999999999871e-05
1.697998999999999936e-05
1.697253999999999996e-05
1.697253999999999996e-05
1.697253999999999996e-05
1.697253999999999996e-05
1.696880999999999992e-05
1.696880999999999992e-05
1.696880999999999992e-05
1.696880999999999992e-05
1.696880999999999992e-05
1.696509000000000057e-05
1.696136000000000052e-05
1.695764000000000117e-05
1.695391000000000113e-05
1.694645999999999834e-05
1.694273999999999899e-05
1.693528999999999960e-05
1.693155999999999955e-05
1.692784000000000020e-05
1.692038000000000011e-05
1.691666000000000076e-05
1.691293000000000071e-05
1.690921000000000137e-05
1.690548000000000132e-05
1.690175999999999858e-05
1.689802999999999854e-05
1.689057999999999914e-05
1.688312999999999975e-05
1.687568000000000035e-05
1.687196000000000100e-05
1.686078000000000156e-05
1.684959999999999873e-05
1.684587999999999938e-05
1.683469999999999994e-05
1.682725000000000055e-05
1.681980000000000115e-05
1.681234999999999837e-05
1.680489999999999897e-05
1.679744999999999958e-05
1.678627000000000014e-05
1.678255000000000079e-05
1.677137000000000135e-05
1.676391999999999856e-05
1.675274999999999982e-05
1.674530000000000042e-05
1.673412000000000098e-05
1.672294000000000154e-05
1.671548999999999876e-05
1.670058999999999997e-05
1.668569000000000118e-05
1.667451999999999905e-05
1.666333999999999960e-05
1.665216000000000016e-05
1.663726000000000137e-05
1.662608999999999924e-05
1.661490999999999980e-05
1.660374000000000105e-05
1.659256000000000161e-05
1.657765999999999943e-05
1.656276000000000064e-05
1.654785999999999847e-05
1.652922999999999963e-05
1.651433000000000084e-05
1.649197999999999926e-05
1.646590000000000103e-05
1.643981999999999941e-05
1.641374999999999849e-05
1.638767000000000026e-05
1.635786999999999929e-05
1.633179000000000106e-05
1.630199000000000009e-05
1.627590999999999847e-05
1.624983000000000024e-05
1.622747999999999866e-05
1.620884999999999983e-05
1.618277999999999890e-05
1.616788000000000011e-05
1.614925000000000128e-05
1.613061999999999905e-05
1.611572000000000026e-05
1.609709999999999874e-05
1.608218999999999925e-05
1.606357000000000111e-05
1.604866999999999893e-05
1.603004000000000009e-05
1.601141000000000126e-05
1.598905999999999968e-05
1.596671000000000150e-05
1.594435999999999992e-05
1.592200999999999835e-05
1.589593000000000012e-05
1.587357999999999854e-05
1.585123000000000036e-05
1.582887000000000148e-05
1.580280000000000055e-05
1.577671999999999893e-05
1.575437000000000075e-05
1.572828999999999913e-05
1.570222000000000160e-05
1.567240999999999993e-05
1.564260999999999896e-05
1.561281000000000138e-05
1.558301000000000041e-05
1.554947999999999939e-05
1.551594999999999838e-05
1.548615000000000080e-05
1.545261999999999978e-05
1.542281999999999882e-05
1.539674000000000058e-05
1.536693999999999961e-05
1.534086000000000138e-05
1.531850999999999981e-05
1.529243000000000158e-05
1.526636000000000066e-05
1.524394999999999997e-05
1.522158999999999939e-05
1.519923999999999951e-05
1.517317000000000028e-05
1.515080999999999970e-05
1.512845999999999982e-05
1.510239000000000060e-05
1.508003000000000002e-05
1.505396000000000079e-05
1.502787999999999917e-05
1.500552999999999929e-05
1.497573000000000002e-05
1.494965000000000009e-05
1.492357000000000016e-05
1.489749000000000024e-05
1.486768999999999927e-05
1.483789000000000000e-05
1.480809000000000072e-05
1.478201000000000080e-05
1.475592999999999917e-05
1.472241000000000055e-05
1.469633000000000063e-05
1.467398000000000075e-05
1.464790000000000082e-05
1.462181999999999920e-05
1.459574999999999997e-05
1.456967000000000005e-05
1.454732000000000017e-05
1.452124000000000024e-05
1.449516000000000031e-05
1.446535999999999935e-05
1.443927999999999942e-05
1.440948000000000015e-05
1.437967999999999918e-05
1.434987999999999990e-05
1.432379999999999998e-05
1.429772000000000005e-05
1.427165000000000082e-05
1.424929000000000024e-05
1.422321999999999932e-05
1.420086000000000044e-05
1.417851000000000056e-05
1.415616000000000068e-05
1.413753000000000015e-05
1.411891000000000032e-05
1.409656000000000044e-05
1.407792999999999991e-05
1.405929999999999937e-05
1.403323000000000015e-05
1.401832999999999966e-05
1.399597000000000078e-05
1.396989999999999986e-05
1.395126999999999933e-05
1.392518999999999940e-05
1.389912000000000017e-05
1.387675999999999959e-05
1.385440999999999972e-05
1.383205999999999984e-05
1.380597999999999991e-05
1.378363000000000003e-05
1.376128000000000015e-05
1.373893000000000027e-05
1.371285000000000035e-05
1.369050000000000047e-05
1.367186999999999993e-05
1.364580000000000071e-05
1.362344000000000013e-05
1.360109000000000025e-05
1.358247000000000042e-05
1.355639000000000049e-05
1.353775999999999996e-05
1.351914000000000013e-05
1.349677999999999955e-05
1.347815999999999972e-05
1.345580999999999984e-05
1.343717999999999931e-05
1.341855000000000047e-05
1.339993000000000064e-05
1.338130000000000011e-05
1.336266999999999957e-05
1.334777000000000078e-05
1.332914999999999926e-05
1.331052000000000042e-05
1.329561999999999994e-05
1.327327000000000006e-05
1.325463999999999953e-05
1.323601000000000069e-05
1.321366000000000081e-05
1.319503999999999928e-05
1.317268000000000040e-05
1.315406000000000057e-05
1.313171000000000069e-05
1.310935000000000011e-05
1.309444999999999963e-05
1.307582999999999979e-05
1.305347999999999991e-05
1.303857000000000042e-05
1.301995000000000059e-05
1.300505000000000011e-05
1.298641999999999958e-05
1.297152000000000079e-05
1.295662000000000030e-05
1.294171999999999982e-05
1.292308999999999929e-05
1.291190999999999985e-05
1.289329000000000001e-05
1.288211000000000057e-05
1.286721000000000009e-05
1.285603999999999965e-05
1.284113000000000016e-05
1.282995999999999972e-05
1.282251000000000033e-05
1.280760999999999984e-05
1.279643000000000040e-05
1.278524999999999927e-05
1.277035000000000048e-05
1.275918000000000004e-05
1.274800000000000060e-05
1.273310000000000011e-05
1.272192000000000067e-05
1.270702000000000019e-05
1.269584999999999975e-05
1.268094999999999926e-05
1.266605000000000047e-05
1.265113999999999929e-05
1.263624000000000050e-05
1.262507000000000006e-05
1.261016999999999958e-05
1.259899000000000014e-05
1.258781000000000070e-05
1.257664000000000026e-05
1.256546000000000082e-05
1.255429000000000038e-05
1.254310999999999924e-05
1.253938999999999989e-05
1.252821000000000045e-05
1.251702999999999932e-05
1.250586000000000057e-05
1.249840999999999948e-05
1.248723000000000004e-05
1.247605999999999961e-05
1.246859999999999951e-05
1.246115000000000012e-05
1.244997999999999968e-05
1.244253000000000028e-05
1.243507999999999919e-05
1.242762999999999980e-05
1.242018000000000040e-05
1.241272999999999932e-05
1.240899999999999927e-05
1.240154999999999987e-05
1.239781999999999983e-05
1.239037000000000043e-05
1.238664999999999939e-05
1.238291999999999934e-05
1.238291999999999934e-05
1.238291999999999934e-05
1.237919999999999999e-05
1.237919999999999999e-05
1.237919999999999999e-05
1.237919999999999999e-05
1.237919999999999999e-05
1.237919999999999999e-05
1.237919999999999999e-05
1.237919999999999999e-05
1.237919999999999999e-05
1.237919999999999999e-05
1.237919999999999999e-05
1.237919999999999999e-05
1.237919999999999999e-05
1.237919999999999999e-05
1.237546999999999995e-05
1.237546999999999995e-05
1.237546999999999995e-05
1.237175000000000060e-05
1.237175000000000060e-05
1.237175000000000060e-05
1.236802000000000055e-05
1.236802000000000055e-05
1.236802000000000055e-05
1.236802000000000055e-05
1.237175000000000060e-05
1.237175000000000060e-05
1.237546999999999995e-05
1.237546999999999995e-05
1.237919999999999999e-05
1.238291999999999934e-05
1.238664999999999939e-05
1.239410000000000048e-05
1.239781999999999983e-05
1.240526999999999922e-05
1.241272999999999932e-05
1.241272999999999932e-05
1.242018000000000040e-05
1.243135000000000084e-05
1.243880000000000024e-05
1.244253000000000028e-05
1.245370000000000072e-05
1.246115000000000012e-05
1.247232999999999956e-05
1.247978000000000065e-05
1.249096000000000009e-05
1.250586000000000057e-05
1.251330999999999997e-05
1.252448000000000041e-05
1.253565999999999985e-05
1.254310999999999924e-05
1.255429000000000038e-05
1.256546000000000082e-05
1.257664000000000026e-05
1.258781000000000070e-05
1.259899000000000014e-05
1.261016999999999958e-05
1.262507000000000006e-05
1.263251999999999946e-05
1.264741999999999994e-05
1.266232000000000043e-05
1.267349999999999987e-05
1.268840000000000035e-05
1.269957000000000079e-05
1.271446999999999958e-05
1.272938000000000076e-05
1.274427999999999955e-05
1.275918000000000004e-05
1.277779999999999987e-05
1.279270999999999936e-05
1.281132999999999919e-05
1.282622999999999968e-05
1.284486000000000021e-05
1.286349000000000074e-05
1.288211000000000057e-05
1.290073999999999941e-05
1.291935999999999924e-05
1.293798999999999977e-05
1.295662000000000030e-05
1.297524000000000013e-05
1.299387000000000067e-05
1.301249999999999950e-05
1.303111999999999934e-05
1.304974999999999987e-05
1.307209999999999975e-05
1.309073000000000028e-05
1.310935000000000011e-05
1.313171000000000069e-05
1.315033000000000052e-05
1.317268000000000040e-05
1.319503999999999928e-05
1.321366000000000081e-05
1.323601000000000069e-05
1.325836999999999957e-05
1.328071999999999945e-05
1.330306999999999933e-05
1.332541999999999921e-05
1.334777000000000078e-05
1.337012999999999967e-05
1.339247999999999955e-05
1.341855000000000047e-05
1.344090999999999935e-05
1.346325999999999923e-05
1.348933000000000015e-05
1.351541000000000008e-05
1.354149000000000001e-05
1.356756999999999993e-05
1.359363999999999916e-05
1.361972000000000078e-05
1.364952000000000006e-05
1.367931999999999933e-05
1.370539999999999926e-05
1.373520000000000022e-05
1.376128000000000015e-05
1.378736000000000008e-05
1.381342999999999930e-05
1.383950999999999923e-05
1.386931000000000020e-05
1.389539000000000013e-05
1.391774000000000000e-05
1.394381999999999993e-05
1.397361999999999921e-05
1.399970000000000083e-05
1.402578000000000075e-05
1.405929999999999937e-05
1.408910999999999935e-05
1.411891000000000032e-05
1.414870999999999959e-05
1.417851000000000056e-05
1.421203999999999988e-05
1.424556999999999920e-05
1.427910000000000022e-05
1.431262000000000053e-05
1.434987999999999990e-05
1.439084999999999961e-05
1.443183000000000002e-05
1.446908999999999939e-05
1.450633999999999976e-05
1.454359000000000012e-05
1.458457000000000053e-05
1.462181999999999920e-05
1.465535000000000022e-05
1.469260000000000058e-05
1.472612999999999990e-05
1.475965999999999922e-05
1.479690999999999959e-05
1.483044000000000060e-05
1.486396999999999992e-05
1.489749000000000024e-05
1.493101999999999956e-05
1.496455000000000058e-05
1.499807999999999990e-05
1.503160000000000021e-05
1.506885999999999958e-05
1.510239000000000060e-05
1.513590999999999922e-05
1.516944000000000023e-05
1.520669000000000060e-05
1.524021999999999992e-05
1.527752999999999940e-05
1.531106000000000041e-05
1.535204000000000082e-05
1.538556999999999845e-05
1.542281999999999882e-05
1.546006999999999918e-05
1.549731999999999954e-05
1.553829999999999995e-05
1.557556000000000102e-05
1.561281000000000138e-05
1.565005999999999835e-05
1.568730999999999872e-05
1.572456999999999978e-05
1.576182000000000014e-05
1.579907000000000051e-05
1.583260000000000152e-05
1.586984999999999850e-05
1.590710999999999956e-05
1.594435999999999992e-05
1.598161000000000029e-05
1.601514000000000130e-05
1.605239000000000167e-05
1.608591999999999929e-05
1.612316999999999966e-05
1.616043000000000072e-05
1.619768000000000108e-05
1.623493000000000145e-05
1.626845999999999907e-05
1.630570999999999944e-05
1.633924000000000045e-05
1.637277000000000147e-05
1.641001999999999844e-05
1.644726999999999881e-05
1.648452999999999987e-05
1.652178000000000023e-05
1.655903000000000060e-05
1.659256000000000161e-05
1.662980999999999859e-05
1.666706999999999965e-05
1.670432000000000001e-05
1.674157000000000038e-05
1.677882000000000074e-05
1.681234999999999837e-05
1.684959999999999873e-05
1.688685999999999979e-05
1.692411000000000016e-05
1.696136000000000052e-05
1.699862000000000158e-05
1.703586999999999856e-05
1.706566999999999953e-05
1.710291999999999989e-05
1.714018000000000095e-05
1.717743000000000132e-05
1.721840999999999834e-05
1.725565999999999870e-05
1.729290999999999907e-05
1.733388999999999948e-05
1.737486999999999989e-05
1.741585000000000030e-05
1.745310000000000066e-05
1.749408000000000107e-05
1.753506000000000148e-05
1.757230999999999846e-05
1.761328999999999887e-05
1.765426999999999928e-05
1.769524999999999969e-05
1.773250000000000005e-05
1.777348000000000046e-05
1.781445000000000017e-05
1.785543000000000058e-05
1.789269000000000165e-05
1.793366000000000136e-05
1.797463999999999838e-05
1.801561999999999879e-05
1.804914999999999981e-05
1.809013000000000022e-05
1.812738000000000058e-05
1.816836000000000099e-05
1.820561000000000136e-05
1.824285999999999833e-05
1.828383999999999874e-05
1.832481999999999915e-05
1.836579999999999956e-05
1.840304999999999993e-05
1.844774999999999968e-05
1.848501000000000075e-05
1.852599000000000116e-05
1.856696000000000087e-05
1.861167000000000133e-05
1.864892000000000169e-05
1.869362000000000145e-05
1.873832999999999852e-05
1.877930000000000162e-05
1.882400999999999869e-05
1.886870999999999845e-05
1.890968999999999886e-05
1.895438999999999861e-05
1.899909999999999907e-05
1.904379999999999883e-05
1.908849999999999859e-05
1.913320999999999905e-05
1.917790999999999881e-05
1.922260999999999856e-05
1.926731999999999902e-05
1.931574999999999883e-05
1.935671999999999854e-05
1.940514999999999834e-05
1.944612999999999875e-05
1.949083999999999921e-05
1.953553999999999897e-05
1.958023999999999873e-05
1.962121999999999914e-05
1.966591999999999890e-05
1.970689999999999931e-05
1.975160999999999977e-05
1.979630999999999953e-05
1.984100999999999928e-05
1.988571999999999974e-05
1.992668999999999945e-05
1.997511999999999926e-05
2.001609999999999967e-05
2.006452999999999947e-05
2.010550999999999989e-05
2.015020999999999964e-05
2.019492000000000010e-05
2.023588999999999981e-05
2.028060000000000027e-05
2.032530000000000003e-05
2.036628000000000044e-05
2.040726000000000085e-05
2.045196000000000061e-05
2.048921000000000097e-05
2.053392000000000143e-05
2.057489000000000114e-05
2.061214999999999882e-05
2.065684999999999857e-05
2.069782999999999898e-05
2.073880999999999940e-05
2.077605999999999976e-05
2.082075999999999952e-05
2.086546999999999998e-05
2.090645000000000039e-05
2.094742000000000010e-05
2.099213000000000055e-05
2.103311000000000097e-05
2.107781000000000072e-05
2.111879000000000113e-05
2.115977000000000155e-05
2.120074000000000126e-05
2.124544999999999833e-05
2.128269999999999869e-05
2.132739999999999845e-05
2.137210999999999891e-05
2.141308999999999932e-05
2.145778999999999907e-05
2.149876999999999949e-05
2.153973999999999920e-05
2.158071999999999961e-05
2.162543000000000006e-05
2.166268000000000043e-05
2.170366000000000084e-05
2.174836000000000060e-05
2.178561000000000096e-05
2.183032000000000142e-05
2.187129999999999844e-05
2.191227000000000154e-05
2.195697999999999861e-05
2.200167999999999837e-05
2.204265999999999878e-05
2.208735999999999854e-05
2.213206999999999900e-05
2.217303999999999871e-05
2.221774999999999916e-05
2.226244999999999892e-05
2.229969999999999929e-05
2.234440999999999974e-05
2.238539000000000015e-05
2.242635999999999987e-05
2.246734000000000028e-05
2.251205000000000073e-05
2.255302000000000045e-05
2.259773000000000090e-05
2.264243000000000066e-05
2.268341000000000107e-05
2.272811000000000083e-05
2.276909000000000124e-05
2.281752000000000105e-05
2.286222000000000081e-05
2.290320000000000122e-05
2.295163000000000102e-05
2.299633000000000078e-05
2.304104000000000124e-05
2.308574000000000100e-05
2.313044000000000075e-05
2.317515000000000121e-05
2.321985000000000097e-05
2.326828000000000078e-05
2.330926000000000119e-05
2.335396000000000095e-05
2.340239000000000075e-05
2.344337000000000116e-05
2.349180000000000097e-05
2.353278000000000138e-05
2.358120000000000048e-05
2.362218000000000089e-05
2.367061000000000070e-05
2.371904000000000051e-05
2.376374000000000026e-05
2.381217000000000007e-05
2.385688000000000053e-05
2.390529999999999963e-05
2.395372999999999944e-05
2.400215999999999925e-05
2.405058999999999905e-05
2.409901999999999886e-05
2.415117000000000140e-05
2.419960000000000120e-05
2.425176000000000106e-05
2.430391000000000021e-05
2.435234000000000002e-05
2.440448999999999917e-05
2.445291999999999898e-05
2.450134999999999878e-05
2.454977999999999859e-05
2.459820999999999839e-05
2.464291000000000154e-05
2.469134000000000134e-05
2.473604000000000110e-05
2.478820000000000096e-05
2.483290000000000071e-05
2.488506000000000057e-05
2.493347999999999967e-05
2.498563999999999953e-05
2.503406999999999933e-05
2.508249999999999914e-05
2.513465000000000168e-05
2.518308000000000148e-05
2.523523000000000064e-05
2.528366000000000044e-05
2.533209000000000025e-05
2.538423999999999940e-05
2.542894999999999986e-05
2.548109999999999901e-05
2.552952999999999882e-05
2.558168000000000136e-05
2.563011000000000117e-05
2.568227000000000102e-05
2.573070000000000083e-05
2.578284999999999998e-05
2.583872999999999918e-05
2.589087999999999833e-05
2.594304000000000157e-05
2.599892000000000078e-05
2.605479999999999998e-05
2.610694999999999913e-05
2.616282999999999833e-05
2.621871000000000092e-05
2.627086000000000007e-05
2.632301999999999993e-05
2.637516999999999908e-05
2.642732999999999893e-05
2.647575000000000143e-05
2.652418000000000123e-05
2.657261000000000104e-05
2.661732000000000150e-05
2.666202000000000125e-05
2.671045000000000106e-05
2.675515000000000082e-05
2.679613000000000123e-05
2.684083000000000099e-05
2.688554000000000144e-05
2.693024000000000120e-05
2.697867000000000101e-05
2.702337000000000077e-05
2.707553000000000062e-05
2.712023000000000038e-05
2.716866000000000018e-05
2.722453999999999938e-05
2.726923999999999914e-05
2.732511999999999834e-05
2.737355000000000154e-05
2.742198000000000134e-05
2.747786000000000054e-05
2.753000999999999970e-05
2.758216999999999955e-05
2.763804999999999875e-05
2.769392000000000064e-05
2.774979999999999984e-05
2.780567999999999904e-05
2.786529000000000168e-05
2.792117000000000088e-05
2.797332000000000003e-05
2.802919999999999923e-05
2.808880999999999848e-05
2.814468000000000037e-05
2.820055999999999957e-05
2.825271999999999942e-05
2.830859999999999862e-05
2.836820000000000056e-05
2.842407999999999976e-05
2.847995999999999896e-05
2.853584000000000155e-05
2.859544000000000010e-05
2.865504999999999935e-05
2.871465000000000128e-05
2.877426000000000053e-05
2.883385999999999908e-05
2.889346999999999833e-05
2.895307000000000027e-05
2.901267999999999951e-05
2.906855999999999871e-05
2.912816000000000065e-05
2.918403999999999985e-05
2.923991999999999905e-05
2.929580000000000164e-05
2.935540000000000019e-05
2.940756000000000004e-05
2.946343999999999924e-05
2.951558999999999840e-05
2.957520000000000103e-05
2.963108000000000023e-05
2.968322999999999939e-05
2.973910999999999859e-05
2.979871000000000052e-05
2.985831999999999977e-05
2.991791999999999832e-05
2.997753000000000096e-05
3.003712999999999950e-05
3.009673999999999875e-05
3.015634000000000069e-05
3.021594999999999994e-05
3.027554999999999849e-05
3.033516000000000112e-05
3.039475999999999967e-05
3.045063999999999887e-05
3.051024000000000081e-05
3.056624000000000163e-05
3.062583999999999679e-05
3.068544999999999942e-05
3.074877999999999802e-05
3.080837999999999996e-05
3.086799000000000259e-05
3.093132000000000119e-05
3.099092000000000312e-05
3.105425000000000172e-05
3.111758000000000032e-05
3.118090999999999891e-05
3.124423999999999751e-05
3.130757000000000288e-05
3.137090000000000148e-05
3.143423000000000007e-05
3.149755999999999867e-05
3.156088999999999726e-05
3.162422000000000263e-05
3.168382999999999849e-05
3.174715999999999709e-05
3.180675999999999903e-05
3.186637000000000166e-05
3.192970000000000026e-05
3.198930000000000219e-05
3.204890999999999805e-05
3.210850999999999999e-05
3.216811000000000193e-05
3.222771999999999779e-05
3.228731999999999972e-05
3.234319999999999893e-05
3.240281000000000156e-05
3.246240999999999672e-05
3.252201999999999936e-05
3.258162000000000129e-05
3.263750000000000050e-05
3.269711000000000313e-05
3.275299000000000233e-05
3.281258999999999749e-05
3.287218999999999943e-05
3.293180000000000206e-05
3.299139999999999723e-05
3.305100999999999986e-05
3.310688999999999906e-05
3.316649000000000100e-05
3.322609999999999686e-05
3.328198000000000284e-05
3.334531000000000143e-05
3.340491000000000337e-05
3.346451999999999923e-05
3.352412000000000116e-05
3.358372000000000310e-05
3.363960000000000230e-05
3.369920999999999816e-05
3.375881000000000010e-05
3.381842000000000273e-05
3.387801999999999789e-05
3.393389999999999710e-05
3.399350999999999973e-05
3.405311000000000167e-05
3.411271999999999753e-05
3.417605000000000290e-05
3.423564999999999806e-05
3.429526000000000070e-05
3.435858999999999929e-05
3.441819000000000123e-05
3.447779000000000317e-05
3.453739999999999903e-05
3.459327999999999823e-05
3.465288000000000016e-05
3.470875999999999936e-05
3.476837000000000200e-05
3.482796999999999716e-05
3.488757999999999980e-05
3.494718000000000173e-05
3.501051000000000033e-05
3.507012000000000296e-05
3.513345000000000156e-05
3.519678000000000016e-05
3.526010999999999875e-05
3.532343999999999735e-05
3.538677000000000272e-05
3.545010000000000132e-05
3.551342999999999991e-05
3.557675999999999851e-05
3.564008999999999710e-05
3.570342000000000247e-05
3.576674000000000037e-05
3.582635000000000301e-05
3.588594999999999817e-05
3.594927999999999676e-05
3.601261000000000213e-05
3.607221999999999799e-05
3.613926999999999933e-05
3.620259999999999792e-05
3.626965999999999995e-05
3.633298999999999855e-05
3.640003999999999988e-05
3.646710000000000191e-05
3.653415000000000324e-05
3.660120999999999850e-05
3.666827000000000053e-05
3.673159999999999913e-05
3.679865000000000046e-05
3.686571000000000249e-05
3.692904000000000108e-05
3.699609000000000242e-05
3.706314999999999767e-05
3.712648000000000304e-05
3.719352999999999760e-05
3.726058999999999963e-05
3.732764000000000096e-05
3.739470000000000299e-05
3.746174999999999755e-05
3.752880999999999958e-05
3.759586000000000091e-05
3.766292000000000294e-05
3.772996999999999750e-05
3.780075000000000226e-05
3.786780999999999752e-05
3.793485999999999885e-05
3.800192000000000088e-05
3.807269999999999887e-05
3.814347999999999686e-05
3.821426000000000163e-05
3.828503999999999962e-05
3.835210000000000165e-05
3.842287999999999964e-05
3.849365999999999763e-05
3.856444000000000240e-05
3.863522000000000039e-05
3.870227000000000172e-05
3.877678000000000315e-05
3.884382999999999770e-05
3.891462000000000317e-05
3.898166999999999773e-05
3.904872999999999976e-05
3.911578000000000109e-05
3.918655999999999908e-05
3.925362000000000111e-05
3.932067000000000244e-05
3.938772999999999770e-05
3.945477999999999903e-05
3.952184000000000106e-05
3.958889000000000239e-05
3.965594999999999765e-05
3.972673000000000241e-05
3.979377999999999697e-05
3.986083999999999900e-05
3.992789000000000033e-05
3.999495000000000236e-05
4.006199999999999692e-05
4.012905999999999895e-05
4.019983999999999694e-05
4.027062000000000171e-05
4.034139999999999970e-05
4.041217999999999769e-05
4.047923999999999972e-05
4.053884000000000166e-05
4.059099999999999812e-05
4.063196999999999783e-05
4.066549999999999885e-05
4.069158000000000047e-05
4.071021000000000269e-05
4.072137999999999805e-05
4.072882999999999744e-05
4.073627999999999684e-05
4.073627999999999684e-05
4.073627999999999684e-05
4.073627999999999684e-05
4.073627999999999684e-05
4.073627999999999684e-05
4.073627999999999684e-05
4.073256000000000088e-05
4.072511000000000148e-05
4.072137999999999805e-05
4.071766000000000209e-05
4.071392999999999865e-05
4.070647999999999926e-05
4.070275000000000260e-05
4.069902999999999986e-05
4.069158000000000047e-05
4.069158000000000047e-05
4.069158000000000047e-05
4.068784999999999703e-05
4.068413000000000107e-05
4.068039999999999764e-05
4.068039999999999764e-05
4.067668000000000168e-05
4.067294999999999824e-05
4.067294999999999824e-05
4.067294999999999824e-05
4.066923000000000228e-05
4.066549999999999885e-05
4.066549999999999885e-05
4.066178000000000289e-05
4.065804999999999945e-05
