5.193822999999999891e-05
5.193077999999999952e-05
5.193077999999999952e-05
5.193077999999999952e-05
5.193077999999999952e-05
5.193077999999999952e-05
5.192333000000000012e-05
5.190843000000000133e-05
5.189353000000000254e-05
5.187116999999999688e-05
5.184881999999999870e-05
5.180412000000000233e-05
5.175941999999999918e-05
5.169235999999999715e-05
5.161786000000000320e-05
5.151354999999999742e-05
5.140923999999999841e-05
5.129748000000000001e-05
5.116336999999999665e-05
5.102181000000000066e-05
5.088024999999999791e-05
5.073124000000000253e-05
5.058967999999999977e-05
5.043320999999999753e-05
5.028420000000000215e-05
5.013519000000000000e-05
4.997872999999999845e-05
4.983717000000000247e-05
4.968814999999999961e-05
4.953913999999999746e-05
4.939758000000000148e-05
4.924856999999999933e-05
4.909955999999999717e-05
4.895800000000000119e-05
4.880898999999999904e-05
4.865997000000000296e-05
4.851096000000000081e-05
4.837684999999999745e-05
4.822784000000000207e-05
4.808627999999999931e-05
4.794472000000000333e-05
4.781805999999999936e-05
4.768395000000000278e-05
4.754983999999999941e-05
4.742318000000000222e-05
4.729651999999999825e-05
4.716986000000000106e-05
4.704319999999999710e-05
4.691653999999999990e-05
4.678988000000000271e-05
4.667066999999999814e-05
4.653656000000000155e-05
4.640989999999999759e-05
4.628324000000000039e-05
4.615658000000000320e-05
4.602991999999999923e-05
4.590326000000000204e-05
4.578404999999999747e-05
4.565739000000000028e-05
4.553818000000000248e-05
4.541151999999999851e-05
4.529231000000000072e-05
4.518055000000000232e-05
4.506133999999999774e-05
4.494959000000000004e-05
4.483038000000000225e-05
4.471116999999999767e-05
4.459195999999999988e-05
4.447275000000000208e-05
4.434608999999999811e-05
4.421943000000000092e-05
4.409276999999999695e-05
4.397355999999999916e-05
4.384690000000000197e-05
4.372768999999999739e-05
4.360847999999999960e-05
4.348927000000000180e-05
4.337750999999999662e-05
4.325829999999999883e-05
4.314655000000000112e-05
4.303479000000000272e-05
4.292302999999999754e-05
4.281126999999999914e-05
4.269951000000000074e-05
4.258775000000000234e-05
4.246853999999999777e-05
4.235677999999999937e-05
4.223757000000000157e-05
4.211835999999999700e-05
4.199915999999999990e-05
4.187995000000000210e-05
4.176073999999999753e-05
4.164152999999999973e-05
4.152232000000000194e-05
4.141055999999999676e-05
4.129134999999999896e-05
4.117214000000000117e-05
4.106038000000000277e-05
4.094861999999999759e-05
4.083686999999999989e-05
4.071766000000000209e-05
4.061335000000000308e-05
4.050158999999999791e-05
4.039727999999999890e-05
4.028552000000000050e-05
4.017376000000000210e-05
4.006945999999999701e-05
3.995769999999999861e-05
3.984594000000000021e-05
3.973418000000000181e-05
3.962241999999999663e-05
3.950320999999999883e-05
3.938400000000000104e-05
3.926479000000000324e-05
3.914557999999999867e-05
3.902637000000000087e-05
3.890716000000000308e-05
3.878795999999999920e-05
3.866875000000000141e-05
3.854953999999999683e-05
3.843777999999999843e-05
3.831112000000000124e-05
3.819190999999999667e-05
3.807269999999999887e-05
3.795349000000000108e-05
3.783428000000000328e-05
3.770761999999999931e-05
3.758096000000000212e-05
3.746174999999999755e-05
3.733509000000000036e-05
3.720843000000000316e-05
3.708176999999999920e-05
3.694766000000000261e-05
3.682844999999999804e-05
3.670179000000000085e-05
3.657512999999999688e-05
3.645591999999999908e-05
3.633671000000000128e-05
3.621750999999999741e-05
3.609829999999999962e-05
3.597909000000000182e-05
3.586732999999999664e-05
3.574811999999999884e-05
3.563636000000000044e-05
3.551715000000000265e-05
3.539793999999999807e-05
3.527873000000000028e-05
3.515207000000000309e-05
3.503285999999999851e-05
3.490620000000000132e-05
3.477953999999999735e-05
3.464543000000000077e-05
3.451876999999999680e-05
3.438466000000000021e-05
3.425800000000000302e-05
3.413133999999999905e-05
3.399723000000000247e-05
3.386311999999999910e-05
3.372901000000000252e-05
3.359489999999999916e-05
3.345334000000000317e-05
3.331922999999999981e-05
3.318512000000000322e-05
3.305100999999999986e-05
3.290944999999999710e-05
3.277534000000000052e-05
3.263377999999999776e-05
3.249967000000000117e-05
3.236554999999999711e-05
3.223144000000000052e-05
3.210478000000000333e-05
3.197066999999999997e-05
3.183656000000000338e-05
3.170245000000000002e-05
3.156833999999999666e-05
3.144167999999999947e-05
3.130757000000000288e-05
3.118090999999999891e-05
3.105425000000000172e-05
3.092758999999999775e-05
3.080093000000000056e-05
3.067427000000000337e-05
3.055505999999999880e-05
3.042829000000000069e-05
3.030907999999999950e-05
3.018986999999999832e-05
3.007066000000000052e-05
2.994399999999999994e-05
2.982478999999999876e-05
2.969813000000000156e-05
2.957892000000000038e-05
2.945970999999999920e-05
2.934050000000000140e-05
2.922129000000000021e-05
2.910207999999999903e-05
2.898287000000000123e-05
2.887112000000000014e-05
2.875190999999999896e-05
2.862524999999999838e-05
2.851348999999999998e-05
2.840173000000000158e-05
2.828996999999999979e-05
2.817821000000000139e-05
2.806644999999999960e-05
2.795469000000000119e-05
2.784294000000000010e-05
2.773863000000000110e-05
2.761941999999999991e-05
2.750766000000000151e-05
2.739589999999999972e-05
2.729159000000000072e-05
2.717237999999999953e-05
2.706062999999999844e-05
2.694887000000000004e-05
2.683711000000000164e-05
2.672534999999999985e-05
2.660613999999999866e-05
2.650182999999999966e-05
2.639007000000000126e-05
2.627830999999999947e-05
2.615910000000000167e-05
2.604735000000000058e-05
2.593558999999999879e-05
2.582383000000000039e-05
2.570461999999999921e-05
2.558541000000000141e-05
2.546620000000000022e-05
2.535443999999999843e-05
2.523523000000000064e-05
2.512346999999999885e-05
2.501172000000000115e-05
2.489250999999999996e-05
2.478075000000000156e-05
2.467643999999999917e-05
2.457213000000000016e-05
2.446782000000000115e-05
2.437096999999999885e-05
2.425921000000000045e-05
2.416235000000000084e-05
2.405803999999999845e-05
2.394628000000000004e-05
2.384197000000000104e-05
2.373021999999999995e-05
2.361846000000000155e-05
2.349925000000000036e-05
2.338748999999999857e-05
2.327573000000000017e-05
2.316396999999999838e-05
2.305220999999999998e-05
2.294045000000000158e-05
2.283614999999999988e-05
2.273184000000000088e-05
2.262007999999999909e-05
2.252321999999999948e-05
2.241891000000000047e-05
2.231460999999999878e-05
2.222519999999999856e-05
2.212088999999999955e-05
2.203147999999999934e-05
2.192718000000000103e-05
2.183032000000000142e-05
2.172600999999999902e-05
2.163659999999999881e-05
2.153228999999999980e-05
2.142799000000000149e-05
2.133112999999999849e-05
2.122681999999999949e-05
2.112995999999999988e-05
2.103311000000000097e-05
2.093625000000000135e-05
2.083938999999999835e-05
2.074252999999999874e-05
2.064567999999999983e-05
2.055626999999999962e-05
2.045941000000000000e-05
2.036999999999999979e-05
2.027315000000000088e-05
2.018374000000000066e-05
2.009433000000000044e-05
2.000493000000000093e-05
1.990807000000000132e-05
1.981866000000000110e-05
1.972925000000000088e-05
1.963985000000000137e-05
1.955789000000000054e-05
1.946848000000000033e-05
1.937908000000000081e-05
1.930456999999999939e-05
1.921515999999999917e-05
1.913320999999999905e-05
1.905870000000000101e-05
1.897675000000000089e-05
1.889479000000000007e-05
1.881282999999999924e-05
1.874578000000000130e-05
1.866382000000000048e-05
1.858185999999999966e-05
1.850735999999999893e-05
1.842540000000000150e-05
1.835090000000000077e-05
1.826893999999999995e-05
1.818697999999999913e-05
1.811247999999999840e-05
1.804541999999999976e-05
1.797091999999999903e-05
1.789641000000000100e-05
1.782935999999999966e-05
1.776230000000000102e-05
1.769524999999999969e-05
1.762819000000000105e-05
1.756112999999999901e-05
1.749408000000000107e-05
1.743447999999999913e-05
1.737486999999999989e-05
1.731527000000000134e-05
1.725565999999999870e-05
1.719606000000000015e-05
1.713645000000000091e-05
1.707684999999999897e-05
1.702468999999999912e-05
1.696509000000000057e-05
1.690548000000000132e-05
1.684587999999999938e-05
1.678627000000000014e-05
1.672667000000000159e-05
1.666706999999999965e-05
1.661490999999999980e-05
1.655531000000000125e-05
1.650315000000000140e-05
1.644354999999999946e-05
1.639138999999999961e-05
1.633924000000000045e-05
1.627963999999999852e-05
1.622002999999999927e-05
1.616788000000000011e-05
1.610827000000000087e-05
1.604866999999999893e-05
1.598905999999999968e-05
1.593691000000000053e-05
1.587730000000000128e-05
1.581769999999999934e-05
1.576553999999999949e-05
1.570594000000000094e-05
1.564633999999999901e-05
1.559417999999999915e-05
1.554203000000000000e-05
1.548987000000000015e-05
1.543772000000000099e-05
1.538556999999999845e-05
1.532595999999999920e-05
1.527381000000000005e-05
1.521413999999999999e-05
1.516199000000000084e-05
1.510239000000000060e-05
1.504277999999999966e-05
1.498317999999999941e-05
1.492357000000000016e-05
1.485652000000000053e-05
1.478946000000000019e-05
1.472985999999999995e-05
1.466279999999999961e-05
1.459574999999999997e-05
1.452124000000000024e-05
1.445417999999999990e-05
1.438713000000000027e-05
1.431262000000000053e-05
1.424556999999999920e-05
1.418595999999999995e-05
1.411145999999999923e-05
1.404440000000000058e-05
1.396989999999999986e-05
1.390283999999999952e-05
1.383578999999999988e-05
1.376872999999999955e-05
1.369423000000000051e-05
1.362717000000000018e-05
1.355266000000000044e-05
1.348561000000000081e-05
1.341109999999999938e-05
1.333660000000000035e-05
1.325463999999999953e-05
1.318014000000000049e-05
1.310563000000000076e-05
1.302366999999999994e-05
1.293427000000000042e-05
1.285230999999999960e-05
1.277779999999999987e-05
1.268840000000000035e-05
1.260643999999999953e-05
1.253192999999999980e-05
1.244997999999999968e-05
1.237546999999999995e-05
1.228607000000000043e-05
1.221156000000000070e-05
1.212959999999999988e-05
1.204764999999999975e-05
1.196569000000000063e-05
1.187628000000000041e-05
1.179433000000000029e-05
1.171236999999999947e-05
1.162295999999999925e-05
1.154101000000000082e-05
1.145905000000000000e-05
1.136963999999999979e-05
1.128024000000000027e-05
1.119827999999999945e-05
1.111632000000000032e-05
1.102692000000000080e-05
1.094495999999999998e-05
1.084810000000000037e-05
1.076615000000000025e-05
1.067674000000000003e-05
1.057988000000000042e-05
1.049047999999999921e-05
1.039361999999999960e-05
1.030420999999999938e-05
1.019990000000000038e-05
1.011049999999999917e-05
1.000619000000000016e-05
9.916780999999999337e-06
9.812473000000000809e-06
9.723066000000000464e-06
9.626207999999999637e-06
9.529350999999999897e-06
9.432493000000000764e-06
9.343086000000000419e-06
9.246229000000000679e-06
9.156822000000000334e-06
9.059963999999999507e-06
8.963106999999999767e-06
8.866249000000000634e-06
8.776842000000000289e-06
8.679985000000000548e-06
8.590578000000000203e-06
8.493719999999999376e-06
8.404313000000000725e-06
8.314906000000000380e-06
8.225499000000000035e-06
8.136091999999999690e-06
8.039234999999999949e-06
7.957278000000000693e-06
7.867871000000000348e-06
7.785915000000000484e-06
7.703959000000000620e-06
7.614521999999999870e-06
7.532566000000000007e-06
7.450610000000000143e-06
7.361202999999999798e-06
7.279245999999999694e-06
7.189839000000000196e-06
7.107883000000000332e-06
7.025926999999999622e-06
6.936520000000000123e-06
6.839662000000000144e-06
6.757706000000000280e-06
6.668298999999999935e-06
6.586341999999999831e-06
6.496935000000000333e-06
6.400077999999999746e-06
6.318120999999999643e-06
6.228714000000000145e-06
6.139308000000000039e-06
6.049900999999999693e-06
5.953042999999999714e-06
5.863636000000000216e-06
5.774228999999999870e-06
5.684822000000000372e-06
5.595415000000000027e-06
5.506007999999999682e-06
5.424051999999999818e-06
5.334645000000000320e-06
5.252688000000000216e-06
5.163280999999999871e-06
5.081325000000000007e-06
4.999369000000000143e-06
4.909961999999999798e-06
4.820555000000000300e-06
4.738598000000000197e-06
4.649190999999999852e-06
4.567234999999999988e-06
4.485279000000000124e-06
4.395871999999999779e-06
4.306465000000000281e-06
4.224508000000000177e-06
4.135100999999999832e-06
4.053144999999999968e-06
3.963737999999999623e-06
3.881781999999999759e-06
3.799811000000000117e-06
3.717854000000000013e-06
3.635898000000000150e-06
3.561392000000000104e-06
3.479435999999999817e-06
3.412380000000000014e-06
3.337875000000000208e-06
3.255918000000000105e-06
3.181412000000000060e-06
3.099456000000000196e-06
3.032401000000000208e-06
2.950444000000000105e-06
2.875938999999999876e-06
2.801432999999999831e-06
2.726927000000000209e-06
2.659871999999999798e-06
2.585366000000000176e-06
2.518311000000000189e-06
2.443805000000000144e-06
2.369299000000000098e-06
2.302244000000000111e-06
2.227738000000000066e-06
2.160683000000000079e-06
2.093628000000000091e-06
2.026571999999999864e-06
1.959516999999999877e-06
1.892454999999999908e-06
1.825399999999999921e-06
1.758343999999999906e-06
1.691288999999999919e-06
1.624233999999999931e-06
1.564628999999999974e-06
1.497573999999999987e-06
1.430519000000000000e-06
1.363464000000000012e-06
1.303859000000000055e-06
1.236804000000000068e-06
1.169748000000000053e-06
1.102693000000000066e-06
1.043088999999999925e-06
9.760332999999999391e-07
9.164251000000000208e-07
8.568203999999999873e-07
7.972157999999999990e-07
7.376110999999999656e-07
6.705558999999999939e-07
6.109511999999999604e-07
5.513465999999999721e-07
4.917419999999999838e-07
4.321354999999999853e-07
3.725308000000000048e-07
3.129262000000000165e-07
2.533215999999999752e-07
1.862654000000000024e-07
1.266607999999999876e-07
5.960510000000000213e-08
0.000000000000000000e+00
-5.960510000000000213e-08
-1.192102000000000043e-07
-1.788147999999999926e-07
-2.309688999999999898e-07
-2.905745000000000057e-07
-3.427285000000000107e-07
-3.948826000000000078e-07
-4.470367000000000050e-07
-5.066431000000000112e-07
-5.513465999999999721e-07
-5.960501000000000388e-07
-6.407535999999999997e-07
-6.929076000000000047e-07
-7.376110999999999656e-07
-7.823146000000000323e-07
-8.270180999999999932e-07
-8.791720999999999981e-07
-9.238755999999999590e-07
-9.685828000000000008e-07
-1.020736999999999990e-06
-1.072891000000000101e-06
-1.117593999999999942e-06
-1.162298000000000023e-06
-1.207001000000000076e-06
-1.259154999999999975e-06
-1.303859000000000055e-06
-1.341112000000000078e-06
-1.393265999999999977e-06
-1.437969000000000030e-06
-1.482672999999999899e-06
-1.527375999999999952e-06
-1.572080000000000032e-06
-1.609333000000000055e-06
-1.654035999999999896e-06
-1.706190000000000007e-06
-1.743443000000000030e-06
-1.780696000000000052e-06
-1.832849999999999951e-06
-1.870102999999999974e-06
-1.907363000000000190e-06
-1.952067000000000059e-06
-1.989319999999999869e-06
-2.034022999999999922e-06
-2.071276000000000157e-06
-2.108528999999999968e-06
-2.153232000000000021e-06
-2.183035000000000013e-06
-2.220287999999999824e-06
-2.264990999999999877e-06
-2.302244000000000111e-06
-2.346947000000000164e-06
-2.384199999999999975e-06
-2.428903999999999844e-06
-2.473606999999999897e-06
-2.510860000000000131e-06
-2.555564000000000000e-06
-2.600267000000000053e-06
-2.644970999999999922e-06
-2.682224000000000156e-06
-2.726927000000000209e-06
-2.764180000000000020e-06
-2.801432999999999831e-06
-2.838686000000000065e-06
-2.875938999999999876e-06
-2.913192000000000110e-06
-2.950444000000000105e-06
-2.980247000000000098e-06
-3.024950000000000151e-06
-3.054753000000000143e-06
-3.092005000000000138e-06
-3.121808000000000130e-06
-3.159060999999999941e-06
-3.188863000000000118e-06
-3.233566999999999986e-06
-3.263369000000000163e-06
-3.300621999999999974e-06
-3.330424000000000150e-06
-3.360225999999999903e-06
-3.390028999999999895e-06
-3.427282000000000130e-06
-3.457083999999999883e-06
-3.486886000000000059e-06
-3.516689000000000051e-06
-3.546490999999999804e-06
-3.576292999999999981e-06
-3.606095999999999973e-06
-3.620996999999999850e-06
-3.650799000000000026e-06
-3.680601000000000203e-06
-3.702953000000000137e-06
-3.725305000000000071e-06
-3.747657000000000006e-06
-3.770008000000000124e-06
-3.799811000000000117e-06
-3.814726000000000380e-06
-3.837077999999999890e-06
-3.866879999999999643e-06
-3.881781999999999759e-06
-3.911584000000000359e-06
-3.933935999999999870e-06
-3.956286999999999989e-06
-3.978639000000000347e-06
-4.000990999999999857e-06
-4.030792999999999610e-06
-4.060595999999999603e-06
-4.082946999999999721e-06
-4.112749999999999714e-06
-4.142552000000000314e-06
-4.172354000000000067e-06
-4.202157000000000059e-06
-4.231958999999999812e-06
-4.261761000000000412e-06
-4.299013999999999799e-06
-4.321366000000000157e-06
-4.358619000000000391e-06
-4.388421000000000144e-06
-4.418222999999999897e-06
-4.448025999999999890e-06
-4.485279000000000124e-06
-4.515080999999999877e-06
-4.552334000000000111e-06
-4.582135999999999864e-06
-4.626839999999999733e-06
-4.656642000000000333e-06
-4.693894999999999720e-06
-4.738598000000000197e-06
-4.775850999999999584e-06
-4.820555000000000300e-06
-4.857807999999999687e-06
-4.902511000000000164e-06
-4.947215000000000033e-06
-4.991917999999999662e-06
-5.029170999999999896e-06
-5.073874000000000373e-06
-5.118578000000000242e-06
-5.155830999999999629e-06
-5.200534000000000106e-06
-5.237787000000000340e-06
-5.267590000000000332e-06
-5.312292999999999962e-06
-5.342094999999999715e-06
-5.379347999999999949e-06
-5.409150999999999941e-06
-5.453854000000000418e-06
-5.483656000000000171e-06
-5.513459000000000163e-06
-5.558161999999999792e-06
-5.587964999999999785e-06
-5.632668000000000261e-06
-5.669920999999999649e-06
-5.707173999999999883e-06
-5.759327999999999994e-06
-5.796581000000000228e-06
-5.841283999999999858e-06
-5.885987999999999726e-06
-5.930691000000000203e-06
-5.967943999999999590e-06
-6.020097999999999701e-06
-6.057350999999999935e-06
-6.102054999999999804e-06
-6.146758000000000281e-06
-6.191462000000000149e-06
-6.228714000000000145e-06
-6.273418000000000013e-06
-6.325572000000000124e-06
-6.370275999999999993e-06
-6.414978999999999622e-06
-6.467132999999999733e-06
-6.519286999999999844e-06
-6.563990999999999713e-06
-6.608694000000000189e-06
-6.660848000000000300e-06
-6.720453000000000045e-06
-6.765155999999999675e-06
-6.817309999999999786e-06
-6.862013999999999655e-06
-6.914167999999999765e-06
-6.966321999999999876e-06
-7.011025000000000353e-06
-7.055729000000000222e-06
-7.100431999999999851e-06
-7.152585999999999962e-06
-7.197289999999999831e-06
-7.241993000000000307e-06
-7.286697000000000176e-06
-7.338851000000000287e-06
-7.376103999999999674e-06
-7.420807000000000150e-06
-7.472961000000000261e-06
-7.517665000000000130e-06
-7.562367999999999760e-06
-7.607071999999999628e-06
-7.659254999999999904e-06
-7.703959000000000620e-06
-7.748662000000000250e-06
-7.793365999999999271e-06
-7.845519999999999382e-06
-7.890223000000000706e-06
-7.927475999999999246e-06
-7.979629999999999357e-06
-8.024334000000000073e-06
-8.069036999999999702e-06
-8.121190999999999813e-06
-8.173344999999999924e-06
-8.225499000000000035e-06
-8.277653000000000146e-06
-8.322356999999999167e-06
-8.374510999999999278e-06
-8.426664999999999389e-06
-8.478818999999999500e-06
-8.530972999999999611e-06
-8.583126999999999722e-06
-8.627831000000000438e-06
-8.679985000000000548e-06
-8.732139000000000659e-06
-8.776842000000000289e-06
-8.821545999999999310e-06
-8.873699999999999421e-06
-8.925853999999999532e-06
-8.970556999999999162e-06
-9.015260999999999877e-06
-9.059963999999999507e-06
-9.104668000000000223e-06
-9.149370999999999852e-06
-9.194075000000000568e-06
-9.238778000000000197e-06
-9.283481999999999219e-06
-9.320734999999999453e-06
-9.372888999999999564e-06
-9.417591999999999194e-06
-9.462295999999999910e-06
-9.506998999999999539e-06
-9.551703000000000255e-06
-9.588954999999999403e-06
-9.633659000000000119e-06
-9.685813000000000230e-06
-9.723066000000000464e-06
-9.760319000000000698e-06
-9.812473000000000809e-06
-9.849725999999999349e-06
-9.886978999999999584e-06
-9.939132999999999695e-06
-9.976385999999999929e-06
-1.001363999999999956e-05
-1.005833999999999931e-05
-1.009558999999999968e-05
-1.014030000000000014e-05
-1.017755000000000050e-05
-1.021479999999999917e-05
-1.026696000000000072e-05
-1.030420999999999938e-05
-1.034145999999999975e-05
-1.039361999999999960e-05
-1.043086999999999996e-05
-1.047556999999999972e-05
-1.052028000000000018e-05
-1.056497999999999994e-05
-1.060967999999999970e-05
-1.065439000000000015e-05
-1.069908999999999991e-05
-1.074380000000000037e-05
-1.078850000000000013e-05
-1.083319999999999989e-05
-1.087791000000000035e-05
-1.091516000000000071e-05
-1.095986000000000047e-05
-1.101202000000000032e-05
-1.105672000000000008e-05
-1.110141999999999984e-05
-1.115357999999999969e-05
-1.119827999999999945e-05
-1.124297999999999921e-05
-1.129514000000000075e-05
-1.133984000000000051e-05
-1.139944999999999976e-05
-1.145160000000000061e-05
-1.149630000000000037e-05
-1.154846000000000022e-05
-1.160060999999999937e-05
-1.166022000000000031e-05
-1.170492000000000007e-05
-1.175706999999999923e-05
-1.180177999999999968e-05
-1.184647999999999944e-05
-1.189863999999999930e-05
-1.193588999999999966e-05
-1.197314000000000002e-05
-1.202529999999999988e-05
-1.206255000000000024e-05
-1.209980000000000060e-05
-1.213704999999999927e-05
-1.217431000000000033e-05
-1.221156000000000070e-05
-1.224880999999999937e-05
-1.229351999999999982e-05
-1.232332000000000079e-05
-1.236056999999999946e-05
-1.240526999999999922e-05
-1.244253000000000028e-05
-1.248723000000000004e-05
-1.253192999999999980e-05
-1.257664000000000026e-05
-1.262134000000000002e-05
-1.267349999999999987e-05
-1.272565000000000072e-05
-1.277035000000000048e-05
-1.281505999999999924e-05
-1.285976000000000069e-05
-1.291935999999999924e-05
-1.296406999999999970e-05
-1.301622000000000055e-05
-1.306092999999999931e-05
-1.311308000000000016e-05
-1.317268000000000040e-05
-1.322484000000000025e-05
-1.327698999999999941e-05
-1.332914999999999926e-05
-1.338130000000000011e-05
-1.343345999999999996e-05
-1.349306000000000020e-05
-1.354520999999999936e-05
-1.358991999999999981e-05
-1.364207000000000066e-05
-1.369423000000000051e-05
-1.374637999999999967e-05
-1.379853000000000051e-05
-1.384323999999999928e-05
-1.389539000000000013e-05
-1.394008999999999988e-05
-1.399970000000000083e-05
-1.404440000000000058e-05
-1.408910999999999935e-05
-1.413381000000000080e-05
-1.418595999999999995e-05
-1.423067000000000041e-05
-1.427537000000000017e-05
-1.432006999999999993e-05
-1.436478000000000039e-05
-1.440203000000000075e-05
-1.444673000000000051e-05
-1.449143999999999927e-05
-1.453614000000000072e-05
-1.457338999999999939e-05
-1.461809999999999985e-05
-1.466279999999999961e-05
-1.470004999999999997e-05
-1.475220999999999983e-05
-1.478946000000000019e-05
-1.483415999999999995e-05
-1.488631999999999980e-05
-1.492357000000000016e-05
-1.496826999999999992e-05
-1.501298000000000038e-05
-1.505768000000000014e-05
-1.509493000000000050e-05
-1.513218999999999987e-05
-1.516944000000000023e-05
-1.520669000000000060e-05
-1.523650000000000057e-05
-1.527381000000000005e-05
-1.531106000000000041e-05
-1.534086000000000138e-05
-1.537810999999999836e-05
-1.541536999999999942e-05
-1.545261999999999978e-05
-1.548987000000000015e-05
-1.551967999999999843e-05
-1.556438000000000157e-05
-1.559417999999999915e-05
-1.563142999999999952e-05
-1.566869000000000058e-05
-1.570594000000000094e-05
-1.572828999999999913e-05
-1.576553999999999949e-05
-1.578789999999999838e-05
-1.582514999999999874e-05
-1.584750000000000031e-05
-1.587730000000000128e-05
-1.589966000000000017e-05
-1.593691000000000053e-05
-1.596671000000000150e-05
-1.599650999999999908e-05
-1.602632000000000075e-05
-1.606357000000000111e-05
-1.609336999999999869e-05
-1.613061999999999905e-05
-1.616043000000000072e-05
-1.619768000000000108e-05
-1.622747999999999866e-05
-1.626472999999999903e-05
-1.629454000000000069e-05
-1.633179000000000106e-05
-1.636158999999999864e-05
-1.639883999999999900e-05
-1.642865000000000067e-05
-1.646590000000000103e-05
-1.649569999999999861e-05
-1.653294999999999898e-05
-1.657021000000000004e-05
-1.660001000000000101e-05
-1.663726000000000137e-05
-1.666706999999999965e-05
-1.671176999999999941e-05
-1.674157000000000038e-05
-1.678627000000000014e-05
-1.681607999999999841e-05
-1.685332999999999878e-05
-1.689802999999999854e-05
-1.692784000000000020e-05
-1.697253999999999996e-05
-1.700234000000000093e-05
-1.703959000000000129e-05
-1.707684999999999897e-05
-1.710664999999999994e-05
-1.715134999999999970e-05
-1.718116000000000136e-05
-1.721840999999999834e-05
-1.724820999999999931e-05
-1.727801000000000028e-05
-1.730781999999999856e-05
-1.733761999999999952e-05
-1.735997000000000110e-05
-1.738976999999999868e-05
-1.741956999999999965e-05
-1.744192999999999853e-05
-1.747172999999999950e-05
-1.749408000000000107e-05
-1.752387999999999865e-05
-1.755367999999999962e-05
-1.758349000000000129e-05
-1.761328999999999887e-05
-1.764308999999999984e-05
-1.767289000000000080e-05
-1.771014999999999848e-05
-1.773994999999999945e-05
-1.778464999999999921e-05
-1.781445000000000017e-05
-1.785916000000000063e-05
-1.789641000000000100e-05
-1.792620999999999858e-05
-1.797091999999999903e-05
-1.800816999999999940e-05
-1.804541999999999976e-05
-1.807522000000000073e-05
-1.811247999999999840e-05
-1.814227999999999937e-05
-1.817208000000000034e-05
-1.820188000000000131e-05
-1.823168999999999959e-05
-1.824658999999999838e-05
-1.827638999999999935e-05
-1.829874000000000092e-05
-1.832108999999999910e-05
-1.834345000000000138e-05
-1.837324999999999896e-05
-1.839560000000000053e-05
-1.841794999999999872e-05
-1.844030000000000029e-05
-1.847010999999999857e-05
-1.849990999999999954e-05
-1.852226000000000111e-05
-1.855205999999999869e-05
-1.858185999999999966e-05
-1.861167000000000133e-05
-1.863401999999999951e-05
-1.866382000000000048e-05
-1.868616999999999867e-05
-1.870852000000000024e-05
-1.873832999999999852e-05
-1.875323000000000070e-05
-1.878303000000000166e-05
-1.880537999999999985e-05
-1.882027999999999864e-05
-1.884263000000000021e-05
-1.887243999999999849e-05
-1.888734000000000067e-05
-1.891714000000000164e-05
-1.893948999999999982e-05
-1.896929000000000079e-05
-1.900654999999999847e-05
-1.902890000000000004e-05
-1.905870000000000101e-05
-1.908104999999999919e-05
-1.911831000000000026e-05
-1.914065999999999844e-05
-1.917045999999999941e-05
-1.919281000000000098e-05
-1.921515999999999917e-05
-1.924497000000000084e-05
-1.926731999999999902e-05
-1.928967000000000060e-05
-1.931947000000000156e-05
-1.933437000000000035e-05
-1.936417999999999863e-05
-1.938653000000000021e-05
-1.941633000000000117e-05
-1.944612999999999875e-05
-1.946848000000000033e-05
-1.949828999999999861e-05
-1.952064000000000018e-05
-1.955789000000000054e-05
-1.958023999999999873e-05
-1.961749999999999979e-05
-1.964730000000000076e-05
-1.968455000000000112e-05
-1.970689999999999931e-05
-1.974414999999999967e-05
-1.977396000000000134e-05
-1.981120999999999832e-05
-1.984100999999999928e-05
-1.987081000000000025e-05
-1.990061999999999853e-05
-1.993786999999999890e-05
-1.996022000000000047e-05
-1.999747000000000083e-05
-2.002727999999999911e-05
-2.006452999999999947e-05
-2.009433000000000044e-05
-2.013159000000000151e-05
-2.016138999999999909e-05
-2.019863999999999945e-05
-2.023588999999999981e-05
-2.027315000000000088e-05
-2.030294999999999846e-05
-2.034019999999999882e-05
-2.037744999999999918e-05
-2.040726000000000085e-05
-2.045196000000000061e-05
-2.048176000000000158e-05
-2.051901999999999925e-05
-2.054882000000000022e-05
-2.058607000000000058e-05
-2.061587000000000155e-05
-2.065312999999999923e-05
-2.068293000000000019e-05
-2.071273000000000116e-05
-2.074998000000000153e-05
-2.077978999999999981e-05
-2.082448999999999956e-05
-2.085429000000000053e-05
-2.089154000000000090e-05
-2.092879999999999857e-05
-2.096604999999999893e-05
-2.099584999999999990e-05
-2.103311000000000097e-05
-2.107036000000000133e-05
-2.110761000000000169e-05
-2.115231000000000145e-05
-2.118211999999999973e-05
-2.121937000000000009e-05
-2.126406999999999985e-05
-2.130133000000000091e-05
-2.134603000000000067e-05
-2.138328000000000104e-05
-2.142053999999999871e-05
-2.146523999999999847e-05
-2.150248999999999883e-05
-2.153973999999999920e-05
-2.158444999999999965e-05
-2.162170000000000002e-05
-2.166639999999999978e-05
-2.170366000000000084e-05
-2.174091000000000120e-05
-2.179306000000000036e-05
-2.183777000000000081e-05
-2.188247000000000057e-05
-2.193463000000000042e-05
-2.197933000000000018e-05
-2.203892999999999873e-05
-2.208363999999999919e-05
-2.212833999999999895e-05
-2.217303999999999871e-05
-2.222519999999999856e-05
-2.226989999999999832e-05
-2.230714999999999868e-05
-2.235930999999999853e-05
-2.239655999999999890e-05
-2.244126999999999936e-05
-2.248596999999999911e-05
-2.253812000000000166e-05
-2.259028000000000151e-05
-2.263498000000000127e-05
-2.267968000000000102e-05
-2.273184000000000088e-05
-2.277654000000000064e-05
-2.281379000000000100e-05
-2.286595000000000085e-05
-2.291065000000000061e-05
-2.294790000000000097e-05
-2.299261000000000143e-05
-2.304476000000000059e-05
-2.308947000000000104e-05
-2.314162000000000020e-05
-2.318631999999999996e-05
-2.323847999999999981e-05
-2.329062999999999896e-05
-2.333532999999999872e-05
-2.338003999999999918e-05
-2.343218999999999833e-05
-2.347689999999999879e-05
-2.352159999999999855e-05
-2.356629999999999831e-05
-2.361100999999999876e-05
-2.365570999999999852e-05
-2.369295999999999889e-05
-2.374511999999999874e-05
-2.378236999999999910e-05
-2.382706999999999886e-05
-2.387922999999999871e-05
-2.392392999999999847e-05
-2.396863000000000162e-05
-2.400588999999999929e-05
-2.405803999999999845e-05
-2.410274000000000159e-05
-2.414744999999999866e-05
-2.419960000000000120e-05
-2.424431000000000166e-05
-2.428155999999999864e-05
-2.432625999999999840e-05
-2.437096999999999885e-05
-2.440821999999999922e-05
-2.445291999999999898e-05
-2.449762999999999943e-05
-2.453487999999999980e-05
-2.457957999999999955e-05
-2.462429000000000001e-05
-2.466898999999999977e-05
-2.471368999999999953e-05
-2.476584999999999938e-05
-2.481054999999999914e-05
-2.486270000000000168e-05
-2.491486000000000154e-05
-2.495956000000000129e-05
-2.501917000000000054e-05
-2.506387000000000030e-05
-2.510857000000000006e-05
-2.515328000000000052e-05
-2.521287999999999906e-05
-2.525012999999999943e-05
-2.529483999999999989e-05
-2.533953999999999964e-05
-2.539169999999999950e-05
-2.542894999999999986e-05
-2.546620000000000022e-05
-2.551834999999999938e-05
-2.555561000000000044e-05
-2.559286000000000080e-05
-2.564500999999999996e-05
-2.568227000000000102e-05
-2.571952000000000138e-05
-2.577167000000000054e-05
-2.580893000000000160e-05
-2.585363000000000136e-05
-2.589833000000000112e-05
-2.594304000000000157e-05
-2.598028999999999855e-05
-2.603244999999999840e-05
-2.606969999999999877e-05
-2.611439999999999852e-05
-2.615910000000000167e-05
-2.621126000000000152e-05
-2.625596000000000128e-05
-2.630066999999999835e-05
-2.635282000000000089e-05
-2.639752000000000065e-05
-2.643477999999999833e-05
-2.647948000000000147e-05
-2.653163000000000063e-05
-2.656889000000000169e-05
-2.660613999999999866e-05
-2.665829000000000121e-05
-2.669554999999999888e-05
-2.673279999999999924e-05
-2.677749999999999900e-05
-2.681476000000000007e-05
-2.685945999999999982e-05
-2.689671000000000019e-05
-2.693397000000000125e-05
-2.697867000000000101e-05
-2.702337000000000077e-05
-2.706062999999999844e-05
-2.710533000000000159e-05
-2.715003000000000135e-05
-2.719473999999999842e-05
-2.723944000000000156e-05
-2.728414000000000132e-05
-2.732884999999999839e-05
-2.737355000000000154e-05
-2.742570000000000069e-05
-2.747041000000000115e-05
-2.751511000000000091e-05
-2.755981000000000067e-05
-2.761941999999999991e-05
-2.766411999999999967e-05
-2.770138000000000073e-05
-2.774608000000000049e-05
-2.779822999999999965e-05
-2.783549000000000071e-05
-2.787274000000000107e-05
-2.791744000000000083e-05
-2.795469000000000119e-05
-2.799940000000000165e-05
-2.802919999999999923e-05
-2.806644999999999960e-05
-2.811116000000000005e-05
-2.814096000000000102e-05
-2.818566000000000078e-05
-2.822291999999999846e-05
-2.826016999999999882e-05
-2.830486999999999858e-05
-2.834212999999999964e-05
-2.837938000000000000e-05
-2.841663000000000037e-05
-2.844643000000000133e-05
-2.848368999999999901e-05
-2.852093999999999937e-05
-2.855818999999999974e-05
-2.858799000000000070e-05
-2.862524999999999838e-05
-2.865504999999999935e-05
-2.869229999999999971e-05
-2.872956000000000077e-05
-2.875935999999999835e-05
-2.879660999999999872e-05
-2.882640999999999969e-05
-2.887112000000000014e-05
-2.890092000000000111e-05
-2.894562000000000087e-05
-2.897541999999999845e-05
-2.901267999999999951e-05
-2.905737999999999927e-05
-2.909462999999999963e-05
-2.913934000000000009e-05
-2.918403999999999985e-05
-2.922129000000000021e-05
-2.926600000000000067e-05
-2.931070000000000043e-05
-2.934050000000000140e-05
-2.939266000000000125e-05
-2.942991000000000162e-05
-2.946715999999999859e-05
-2.950441999999999965e-05
-2.954167000000000002e-05
-2.957892000000000038e-05
-2.962362000000000014e-05
-2.966088000000000120e-05
-2.970558000000000096e-05
-2.974283000000000132e-05
-2.978008999999999900e-05
-2.981733999999999936e-05
-2.984714000000000033e-05
-2.989185000000000079e-05
-2.991419999999999897e-05
-2.995144999999999934e-05
-2.998125000000000030e-05
-3.001105999999999858e-05
-3.004085999999999955e-05
-3.007066000000000052e-05
-3.009300999999999871e-05
-3.013025999999999907e-05
-3.015262000000000134e-05
-3.018241999999999892e-05
-3.021221999999999989e-05
-3.024202000000000086e-05
-3.027927999999999853e-05
-3.030163000000000011e-05
-3.033888000000000047e-05
-3.036122999999999866e-05
-3.039102999999999962e-05
-3.042084000000000129e-05
-3.045063999999999887e-05
-3.047299000000000044e-05
-3.050279000000000141e-05
-3.053271000000000061e-05
-3.055505999999999880e-05
-3.059232000000000325e-05
-3.061467000000000143e-05
-3.065191999999999841e-05
-3.067427000000000337e-05
-3.071153000000000104e-05
-3.073387999999999923e-05
-3.076367999999999681e-05
-3.078603000000000177e-05
-3.081582999999999935e-05
-3.084563999999999763e-05
-3.086799000000000259e-05
-3.089779000000000017e-05
-3.092013999999999836e-05
-3.094994000000000271e-05
-3.097230000000000160e-05
-3.099464999999999978e-05
-3.102444999999999736e-05
-3.103935000000000293e-05
-3.106170000000000112e-05
-3.109150999999999939e-05
-3.110640999999999818e-05
-3.112876000000000315e-05
-3.115856000000000073e-05
-3.117345999999999952e-05
-3.119580999999999770e-05
-3.121817000000000336e-05
-3.122562000000000276e-05
-3.124797000000000094e-05
-3.127031999999999913e-05
-3.129266999999999731e-05
-3.130011999999999671e-05
-3.132247000000000167e-05
-3.134483000000000055e-05
-3.135972999999999934e-05
-3.137462999999999813e-05
-3.138952999999999692e-05
-3.140443000000000249e-05
-3.141933000000000128e-05
-3.143423000000000007e-05
-3.144912999999999886e-05
-3.146402999999999765e-05
-3.147893999999999714e-05
-3.149384000000000271e-05
-3.151619000000000089e-05
-3.153108999999999968e-05
-3.154598999999999847e-05
-3.156088999999999726e-05
-3.158324000000000222e-05
-3.159815000000000171e-05
-3.161305000000000050e-05
-3.162794999999999929e-05
-3.164284999999999808e-05
-3.165774999999999687e-05
-3.167265000000000244e-05
-3.168010000000000184e-05
-3.168755000000000123e-05
-3.170245000000000002e-05
-3.171734999999999881e-05
-3.173225999999999830e-05
-3.173970999999999769e-05
-3.176206000000000266e-05
-3.177696000000000145e-05
-3.179186000000000024e-05
-3.179930999999999963e-05
-3.182165999999999782e-05
-3.183656000000000338e-05
-3.185146000000000217e-05
-3.185892000000000227e-05
-3.188127000000000045e-05
-3.189616999999999924e-05
-3.191106999999999803e-05
-3.192596999999999682e-05
-3.193342000000000299e-05
-3.194832000000000178e-05
-3.195577000000000118e-05
-3.197066999999999997e-05
-3.197811999999999936e-05
-3.198557999999999946e-05
-3.200047999999999825e-05
-3.201537999999999704e-05
-3.203028000000000261e-05
-3.204518000000000140e-05
-3.205263000000000079e-05
-3.206752999999999958e-05
-3.207497999999999898e-05
-3.208987999999999777e-05
-3.209732999999999716e-05
-3.210478000000000333e-05
-3.211223999999999665e-05
-3.211223999999999665e-05
-3.211223999999999665e-05
-3.211969000000000282e-05
-3.211969000000000282e-05
-3.212714000000000222e-05
-3.213459000000000161e-05
-3.213459000000000161e-05
-3.214204000000000101e-05
-3.214949000000000040e-05
-3.214949000000000040e-05
-3.215693999999999980e-05
-3.215693999999999980e-05
-3.216438999999999919e-05
-3.216438999999999919e-05
-3.216438999999999919e-05
-3.216438999999999919e-05
-3.216438999999999919e-05
-3.216438999999999919e-05
-3.216438999999999919e-05
-3.216438999999999919e-05
-3.216438999999999919e-05
-3.216438999999999919e-05
-3.216438999999999919e-05
-3.216438999999999919e-05
-3.216438999999999919e-05
-3.216438999999999919e-05
-3.216438999999999919e-05
-3.215693999999999980e-05
-3.214949000000000040e-05
-3.214204000000000101e-05
-3.213459000000000161e-05
-3.213459000000000161e-05
-3.212714000000000222e-05
-3.212714000000000222e-05
-3.211969000000000282e-05
-3.212714000000000222e-05
-3.212714000000000222e-05
-3.212714000000000222e-05
-3.213459000000000161e-05
-3.213459000000000161e-05
-3.214204000000000101e-05
-3.214204000000000101e-05
-3.214949000000000040e-05
-3.215693999999999980e-05
-3.216438999999999919e-05
-3.216438999999999919e-05
-3.217183999999999859e-05
-3.217928999999999798e-05
-3.218673999999999738e-05
-3.219418999999999677e-05
-3.220164000000000294e-05
-3.220164000000000294e-05
-3.220164000000000294e-05
-3.220164000000000294e-05
-3.220164000000000294e-05
-3.220164000000000294e-05
-3.220164000000000294e-05
-3.220164000000000294e-05
-3.220164000000000294e-05
-3.220164000000000294e-05
-3.219418999999999677e-05
-3.218673999999999738e-05
-3.217928999999999798e-05
-3.217928999999999798e-05
-3.217183999999999859e-05
-3.216438999999999919e-05
-3.215693999999999980e-05
-3.214949000000000040e-05
-3.214204000000000101e-05
-3.213459000000000161e-05
-3.212714000000000222e-05
-3.211969000000000282e-05
-3.211223999999999665e-05
-3.211223999999999665e-05
-3.210478000000000333e-05
-3.209732999999999716e-05
-3.209732999999999716e-05
-3.209732999999999716e-05
-3.208987999999999777e-05
-3.208987999999999777e-05
-3.208987999999999777e-05
-3.208987999999999777e-05
-3.208987999999999777e-05
-3.208987999999999777e-05
-3.208987999999999777e-05
-3.208987999999999777e-05
-3.208987999999999777e-05
-3.208242999999999837e-05
-3.208242999999999837e-05
-3.208242999999999837e-05
-3.208987999999999777e-05
-3.208987999999999777e-05
-3.208987999999999777e-05
-3.209732999999999716e-05
-3.209732999999999716e-05
-3.210478000000000333e-05
-3.211223999999999665e-05
-3.211223999999999665e-05
-3.211223999999999665e-05
-3.211969000000000282e-05
-3.211969000000000282e-05
-3.212714000000000222e-05
-3.212714000000000222e-05
-3.212714000000000222e-05
-3.212714000000000222e-05
-3.212714000000000222e-05
-3.212714000000000222e-05
-3.212714000000000222e-05
-3.212714000000000222e-05
-3.212714000000000222e-05
-3.212714000000000222e-05
-3.213459000000000161e-05
-3.212714000000000222e-05
-3.212714000000000222e-05
-3.212714000000000222e-05
-3.211969000000000282e-05
-3.211969000000000282e-05
-3.211223999999999665e-05
-3.211223999999999665e-05
-3.211223999999999665e-05
-3.211223999999999665e-05
-3.211223999999999665e-05
-3.210478000000000333e-05
-3.209732999999999716e-05
-3.208987999999999777e-05
-3.207497999999999898e-05
-3.206752999999999958e-05
-3.205263000000000079e-05
-3.205263000000000079e-05
-3.203773000000000200e-05
-3.203028000000000261e-05
-3.202283000000000321e-05
-3.201537999999999704e-05
-3.200792999999999764e-05
-3.200047999999999825e-05
-3.199302999999999885e-05
-3.199302999999999885e-05
-3.198557999999999946e-05
-3.198557999999999946e-05
-3.197811999999999936e-05
-3.197066999999999997e-05
-3.197066999999999997e-05
-3.195577000000000118e-05
-3.195577000000000118e-05
-3.194832000000000178e-05
-3.194087000000000239e-05
-3.193342000000000299e-05
-3.192596999999999682e-05
-3.192596999999999682e-05
-3.192596999999999682e-05
-3.192596999999999682e-05
-3.192596999999999682e-05
-3.192596999999999682e-05
-3.191851999999999743e-05
-3.191851999999999743e-05
-3.191106999999999803e-05
-3.190361999999999864e-05
-3.189616999999999924e-05
-3.188871999999999985e-05
-3.187382000000000106e-05
-3.186637000000000166e-05
-3.185892000000000227e-05
-3.184401000000000278e-05
-3.182910999999999721e-05
-3.180675999999999903e-05
-3.179930999999999963e-05
-3.177696000000000145e-05
-3.175461000000000326e-05
-3.173225999999999830e-05
-3.171734999999999881e-05
-3.169500000000000063e-05
-3.168010000000000184e-05
-3.166520000000000304e-05
-3.164284999999999808e-05
-3.162794999999999929e-05
-3.161305000000000050e-05
-3.160560000000000111e-05
-3.159815000000000171e-05
-3.158324000000000222e-05
-3.157579000000000283e-05
-3.157579000000000283e-05
-3.157579000000000283e-05
-3.157579000000000283e-05
-3.157579000000000283e-05
-3.157579000000000283e-05
-3.158324000000000222e-05
-3.158324000000000222e-05
-3.159069000000000162e-05
-3.159069000000000162e-05
-3.159815000000000171e-05
-3.159815000000000171e-05
-3.159815000000000171e-05
-3.159069000000000162e-05
-3.159069000000000162e-05
-3.158324000000000222e-05
-3.158324000000000222e-05
-3.157579000000000283e-05
-3.156088999999999726e-05
-3.155343999999999787e-05
-3.154598999999999847e-05
-3.153853999999999908e-05
-3.153108999999999968e-05
-3.152364000000000029e-05
-3.150874000000000150e-05
-3.150129000000000210e-05
-3.149384000000000271e-05
-3.149384000000000271e-05
-3.149384000000000271e-05
-3.149384000000000271e-05
-3.150129000000000210e-05
-3.150874000000000150e-05
-3.152364000000000029e-05
-3.153108999999999968e-05
-3.154598999999999847e-05
-3.155343999999999787e-05
-3.156088999999999726e-05
-3.156833999999999666e-05
-3.157579000000000283e-05
-3.157579000000000283e-05
-3.157579000000000283e-05
-3.156833999999999666e-05
-3.155343999999999787e-05
-3.154598999999999847e-05
-3.153853999999999908e-05
-3.152364000000000029e-05
-3.151619000000000089e-05
-3.150129000000000210e-05
-3.148639000000000331e-05
-3.147893999999999714e-05
-3.147148999999999775e-05
-3.146402999999999765e-05
-3.146402999999999765e-05
-3.145657999999999826e-05
-3.145657999999999826e-05
-3.145657999999999826e-05
-3.146402999999999765e-05
-3.146402999999999765e-05
-3.147148999999999775e-05
-3.147893999999999714e-05
-3.147893999999999714e-05
-3.148639000000000331e-05
-3.150129000000000210e-05
-3.150874000000000150e-05
-3.151619000000000089e-05
-3.153108999999999968e-05
-3.153853999999999908e-05
-3.153853999999999908e-05
-3.154598999999999847e-05
-3.154598999999999847e-05
-3.154598999999999847e-05
-3.154598999999999847e-05
-3.153853999999999908e-05
-3.153108999999999968e-05
-3.152364000000000029e-05
-3.150874000000000150e-05
-3.149384000000000271e-05
-3.147893999999999714e-05
-3.147148999999999775e-05
-3.145657999999999826e-05
-3.144167999999999947e-05
-3.142678000000000068e-05
-3.141933000000000128e-05
-3.140443000000000249e-05
-3.138952999999999692e-05
-3.137462999999999813e-05
-3.135972999999999934e-05
-3.135227999999999995e-05
-3.133737000000000046e-05
-3.132247000000000167e-05
-3.131502000000000227e-05
-3.130757000000000288e-05
-3.130011999999999671e-05
-3.129266999999999731e-05
-3.129266999999999731e-05
-3.129266999999999731e-05
-3.129266999999999731e-05
-3.129266999999999731e-05
-3.129266999999999731e-05
-3.130011999999999671e-05
-3.130011999999999671e-05
-3.130757000000000288e-05
-3.131502000000000227e-05
-3.131502000000000227e-05
-3.131502000000000227e-05
-3.131502000000000227e-05
-3.131502000000000227e-05
-3.131502000000000227e-05
-3.131502000000000227e-05
-3.131502000000000227e-05
-3.131502000000000227e-05
-3.131502000000000227e-05
-3.131502000000000227e-05
-3.131502000000000227e-05
-3.131502000000000227e-05
-3.130757000000000288e-05
-3.130011999999999671e-05
-3.130011999999999671e-05
-3.129266999999999731e-05
-3.129266999999999731e-05
-3.128521999999999792e-05
-3.128521999999999792e-05
-3.127776999999999852e-05
-3.127031999999999913e-05
-3.125542000000000034e-05
-3.124797000000000094e-05
-3.123307000000000215e-05
-3.122562000000000276e-05
-3.121817000000000336e-05
-3.120325999999999710e-05
-3.118835999999999831e-05
-3.118090999999999891e-05
-3.116601000000000012e-05
-3.115856000000000073e-05
-3.115111000000000133e-05
-3.113621000000000254e-05
-3.112876000000000315e-05
-3.111385999999999758e-05
-3.109895999999999879e-05
-3.109150999999999939e-05
-3.107659999999999991e-05
-3.106170000000000112e-05
-3.104680000000000232e-05
-3.103935000000000293e-05
-3.102444999999999736e-05
-3.100954999999999857e-05
-3.099464999999999978e-05
-3.097975000000000099e-05
-3.097230000000000160e-05
-3.097230000000000160e-05
-3.096485000000000220e-05
-3.095740000000000281e-05
-3.095740000000000281e-05
-3.094994000000000271e-05
-3.094249000000000332e-05
-3.094249000000000332e-05
-3.093503999999999715e-05
-3.093503999999999715e-05
-3.093503999999999715e-05
-3.093503999999999715e-05
-3.093503999999999715e-05
-3.093503999999999715e-05
-3.093503999999999715e-05
-3.093503999999999715e-05
-3.094249000000000332e-05
-3.093503999999999715e-05
-3.093503999999999715e-05
-3.092758999999999775e-05
-3.092758999999999775e-05
-3.092013999999999836e-05
-3.091268999999999896e-05
-3.091268999999999896e-05
-3.090523999999999957e-05
-3.089779000000000017e-05
-3.088289000000000138e-05
-3.087544000000000199e-05
-3.087544000000000199e-05
-3.086799000000000259e-05
-3.086054000000000320e-05
-3.086054000000000320e-05
-3.086054000000000320e-05
-3.085308999999999703e-05
-3.085308999999999703e-05
-3.085308999999999703e-05
-3.084563999999999763e-05
-3.084563999999999763e-05
-3.084563999999999763e-05
-3.084563999999999763e-05
-3.083818999999999824e-05
-3.083818999999999824e-05
-3.083073999999999884e-05
-3.082327999999999875e-05
-3.081582999999999935e-05
-3.080093000000000056e-05
-3.079348000000000117e-05
-3.078603000000000177e-05
-3.077858000000000238e-05
-3.077113000000000298e-05
-3.076367999999999681e-05
-3.074877999999999802e-05
-3.074132999999999862e-05
-3.072642999999999983e-05
-3.071898000000000044e-05
-3.070408000000000165e-05
-3.068917000000000216e-05
-3.068172000000000276e-05
-3.067427000000000337e-05
-3.066681999999999720e-05
-3.065936999999999780e-05
-3.065936999999999780e-05
-3.065191999999999841e-05
-3.064446999999999901e-05
-3.063701999999999962e-05
-3.062212000000000083e-05
-3.061467000000000143e-05
-3.059232000000000325e-05
-3.058486999999999708e-05
-3.056996999999999829e-05
-3.054760999999999940e-05
-3.052526000000000122e-05
-3.049533999999999863e-05
-3.046554000000000105e-05
-3.044318999999999948e-05
-3.041338999999999851e-05
-3.039102999999999962e-05
-3.036122999999999866e-05
-3.033888000000000047e-05
-3.031652999999999890e-05
-3.028673000000000132e-05
-3.027182999999999914e-05
-3.024947000000000025e-05
-3.022711999999999868e-05
-3.021221999999999989e-05
-3.018986999999999832e-05
-3.017496999999999953e-05
-3.015262000000000134e-05
-3.014516999999999856e-05
-3.013025999999999907e-05
-3.011536000000000028e-05
-3.010791000000000088e-05
-3.009300999999999871e-05
-3.008555999999999931e-05
-3.007066000000000052e-05
-3.006321000000000113e-05
-3.004830999999999895e-05
-3.004085999999999955e-05
-3.003341000000000016e-05
-3.002596000000000076e-05
-3.001851000000000137e-05
-3.000359999999999849e-05
-2.999614999999999909e-05
-2.998125000000000030e-05
-2.996635000000000151e-05
-2.995889999999999873e-05
-2.994399999999999994e-05
-2.992910000000000115e-05
-2.991419999999999897e-05
-2.990674999999999958e-05
-2.989930000000000018e-05
-2.988440000000000139e-05
-2.987694000000000130e-05
-2.986203999999999912e-05
-2.984714000000000033e-05
-2.983969000000000093e-05
-2.983224000000000154e-05
-2.981733999999999936e-05
-2.980244000000000057e-05
-2.978008999999999900e-05
-2.977263999999999960e-05
-2.975774000000000081e-05
-2.973537999999999854e-05
-2.971303000000000035e-05
-2.969813000000000156e-05
-2.967577999999999999e-05
-2.965342999999999842e-05
-2.963852999999999963e-05
-2.961617000000000074e-05
-2.958636999999999978e-05
-2.957147000000000099e-05
-2.954911999999999941e-05
-2.952677000000000123e-05
-2.951186999999999905e-05
-2.948951000000000016e-05
-2.946715999999999859e-05
-2.944481000000000041e-05
-2.942245999999999883e-05
-2.940011000000000065e-05
-2.937775999999999907e-05
-2.935540000000000019e-05
-2.933304999999999862e-05
-2.932559999999999922e-05
-2.931070000000000043e-05
-2.928834999999999886e-05
-2.928089999999999946e-05
-2.926600000000000067e-05
-2.925855000000000128e-05
-2.924364999999999910e-05
-2.922129000000000021e-05
-2.920639000000000142e-05
-2.919148999999999925e-05
-2.916914000000000106e-05
-2.913934000000000009e-05
-2.911698999999999852e-05
-2.909462999999999963e-05
-2.906482999999999867e-05
-2.903503000000000109e-05
-2.901267999999999951e-05
-2.899033000000000133e-05
-2.896051999999999966e-05
-2.893817000000000148e-05
-2.891581999999999990e-05
-2.889346999999999833e-05
-2.887112000000000014e-05
-2.884876000000000126e-05
-2.882640999999999969e-05
-2.881151000000000090e-05
-2.878170999999999993e-05
-2.875935999999999835e-05
-2.873701000000000017e-05
-2.870719999999999850e-05
-2.869229999999999971e-05
-2.866249999999999874e-05
-2.863270000000000116e-05
-2.860290000000000019e-05
-2.857308999999999853e-05
-2.855074000000000034e-05
-2.852093999999999937e-05
-2.850604000000000058e-05
-2.847623999999999961e-05
-2.845388000000000073e-05
-2.843897999999999855e-05
-2.841663000000000037e-05
-2.840173000000000158e-05
-2.838682999999999940e-05
-2.837938000000000000e-05
-2.836448000000000121e-05
-2.835702999999999843e-05
-2.834212999999999964e-05
-2.833466999999999955e-05
-2.832722000000000015e-05
-2.831977000000000076e-05
-2.831232000000000136e-05
-2.830486999999999858e-05
-2.829741999999999918e-05
-2.828252000000000039e-05
-2.827507000000000100e-05
-2.826016999999999882e-05
-2.825271999999999942e-05
-2.823782000000000063e-05
-2.822291999999999846e-05
-2.820800999999999897e-05
-2.818566000000000078e-05
-2.817075999999999860e-05
-2.814096000000000102e-05
-2.812605999999999884e-05
-2.809626000000000126e-05
-2.806644999999999960e-05
-2.805155000000000081e-05
-2.802174999999999984e-05
-2.799940000000000165e-05
-2.797705000000000008e-05
-2.794723999999999841e-05
-2.793233999999999962e-05
-2.790253999999999865e-05
-2.788019000000000047e-05
-2.786529000000000168e-05
-2.783549000000000071e-05
-2.781312999999999844e-05
-2.779822999999999965e-05
-2.778333000000000086e-05
-2.776097999999999928e-05
-2.774608000000000049e-05
-2.773863000000000110e-05
-2.772372999999999892e-05
-2.771627999999999952e-05
-2.770883000000000013e-05
-2.770883000000000013e-05
-2.770883000000000013e-05
-2.771627999999999952e-05
-2.772372999999999892e-05
-2.773117999999999832e-05
-2.773863000000000110e-05
-2.774608000000000049e-05
-2.775352999999999989e-05
-2.776097999999999928e-05
-2.776842999999999868e-05
-2.777588000000000146e-05
-2.779078000000000025e-05
-2.779078000000000025e-05
-2.779822999999999965e-05
-2.780567999999999904e-05
-2.780567999999999904e-05
-2.780567999999999904e-05
-2.780567999999999904e-05
-2.780567999999999904e-05
-2.780567999999999904e-05
-2.780567999999999904e-05
-2.780567999999999904e-05
-2.779822999999999965e-05
-2.779078000000000025e-05
-2.779078000000000025e-05
-2.778333000000000086e-05
-2.777588000000000146e-05
-2.776842999999999868e-05
-2.776097999999999928e-05
-2.774608000000000049e-05
-2.774608000000000049e-05
-2.773863000000000110e-05
-2.773117999999999832e-05
-2.772372999999999892e-05
-2.771627999999999952e-05
-2.770883000000000013e-05
