4.551210000000000086e-05
4.952423999999999867e-05
5.427770999999999773e-05
5.973153999999999833e-05
6.578164000000000331e-05
7.223011999999999955e-05
7.883506000000000411e-05
8.537294000000000664e-05
9.165751000000000193e-05
9.755463999999999878e-05
1.029488999999999995e-04
1.076688000000000016e-04
1.092185000000000047e-04
1.092185000000000047e-04
1.092185000000000047e-04
1.092185000000000047e-04
1.092185000000000047e-04
1.092185000000000047e-04
1.092185000000000047e-04
1.092185000000000047e-04
1.092185000000000047e-04
1.092185000000000047e-04
1.092185000000000047e-04
1.092185000000000047e-04
1.092185000000000047e-04
1.092185000000000047e-04
1.092185000000000047e-04
1.092185000000000047e-04
1.092185000000000047e-04
1.092185000000000047e-04
1.092185000000000047e-04
1.092185000000000047e-04
1.092185000000000047e-04
1.092185000000000047e-04
1.092185000000000047e-04
1.092185000000000047e-04
1.092185000000000047e-04
1.092185000000000047e-04
1.092185000000000047e-04
1.092185000000000047e-04
1.092185000000000047e-04
1.092185000000000047e-04
1.092185000000000047e-04
1.092185000000000047e-04
1.092185000000000047e-04
1.092185000000000047e-04
1.092185000000000047e-04
1.092185000000000047e-04
1.092185000000000047e-04
1.092185000000000047e-04
1.092185000000000047e-04
1.092185000000000047e-04
1.092185000000000047e-04
1.092185000000000047e-04
1.092185000000000047e-04
1.092185000000000047e-04
1.092185000000000047e-04
1.092185000000000047e-04
1.092185000000000047e-04
1.092185000000000047e-04
1.092185000000000047e-04
1.092185000000000047e-04
1.092185000000000047e-04
1.092185000000000047e-04
1.092185000000000047e-04
1.092185000000000047e-04
1.092185000000000047e-04
1.092185000000000047e-04
1.092185000000000047e-04
1.092185000000000047e-04
1.092185000000000047e-04
1.092185000000000047e-04
1.092185000000000047e-04
1.092185000000000047e-04
1.092185000000000047e-04
1.092185000000000047e-04
1.092185000000000047e-04
1.092185000000000047e-04
1.092185000000000047e-04
1.092185000000000047e-04
1.092185000000000047e-04
1.092185000000000047e-04
1.073745000000000000e-04
1.060333999999999935e-04
1.053218999999999987e-04
1.051654000000000011e-04
1.054448000000000039e-04
1.059812000000000010e-04
1.065698000000000041e-04
1.070615999999999983e-04
1.073931000000000001e-04
1.075681999999999978e-04
1.076018000000000037e-04
1.074974000000000052e-04
1.072850999999999937e-04
1.069983000000000018e-04
1.067226000000000004e-04
1.065177000000000051e-04
1.063313999999999964e-04
1.060967000000000035e-04
1.056794999999999967e-04
1.049045999999999985e-04
1.036975999999999946e-04
1.020212999999999985e-04
9.984569999999999849e-05
9.712251000000000467e-05
9.381818000000000102e-05
8.992896999999999696e-05
8.547352999999999613e-05
8.054496999999999330e-05
7.529602999999999405e-05
6.989436000000000346e-05
6.447405999999999710e-05
5.914666999999999863e-05
5.400577000000000182e-05
4.918151999999999799e-05
4.482664999999999881e-05
4.114233999999999681e-05
3.836700000000000044e-05
3.666453999999999709e-05
3.616162999999999821e-05
3.694021000000000321e-05
3.898540000000000116e-05
4.221150000000000065e-05
4.642480000000000315e-05
5.139806000000000236e-05
5.687050999999999771e-05
6.257043999999999584e-05
6.825895999999999537e-05
7.374631000000000307e-05
7.885740999999999552e-05
8.342089000000000557e-05
8.728028999999999779e-05
9.040581000000000170e-05
9.284588000000000357e-05
9.466754000000000401e-05
9.601610000000000385e-05
9.702565000000000506e-05
9.778934000000000519e-05
9.843754000000000349e-05
9.901495999999999703e-05
9.952905000000000551e-05
9.996117999999999963e-05
1.002592000000000039e-04
1.004268000000000055e-04
1.005124999999999969e-04
1.006019000000000032e-04
1.007323000000000045e-04
1.009855999999999975e-04
1.015258000000000030e-04
1.024199000000000051e-04
1.036082000000000019e-04
1.050015000000000009e-04
1.065810000000000016e-04
1.082611000000000060e-04
1.092185000000000047e-04
1.092185000000000047e-04
1.092185000000000047e-04
1.092185000000000047e-04
1.092185000000000047e-04
1.092185000000000047e-04
1.092185000000000047e-04
1.092185000000000047e-04
1.092185000000000047e-04
1.092185000000000047e-04
1.092185000000000047e-04
1.092185000000000047e-04
1.092185000000000047e-04
1.092185000000000047e-04
1.092185000000000047e-04
1.092185000000000047e-04
1.092185000000000047e-04
1.092185000000000047e-04
1.092185000000000047e-04
1.092185000000000047e-04
1.092185000000000047e-04
1.092185000000000047e-04
1.092185000000000047e-04
1.092185000000000047e-04
1.092185000000000047e-04
1.092185000000000047e-04
1.092185000000000047e-04
1.092185000000000047e-04
1.092185000000000047e-04
1.092185000000000047e-04
1.092185000000000047e-04
1.092185000000000047e-04
1.092185000000000047e-04
1.092185000000000047e-04
1.092185000000000047e-04
1.092185000000000047e-04
1.092185000000000047e-04
1.092185000000000047e-04
1.092185000000000047e-04
1.092185000000000047e-04
1.092185000000000047e-04
1.092185000000000047e-04
1.092185000000000047e-04
1.092185000000000047e-04
1.092185000000000047e-04
1.092185000000000047e-04
1.092185000000000047e-04
1.092185000000000047e-04
1.092185000000000047e-04
1.092185000000000047e-04
1.092185000000000047e-04
1.092185000000000047e-04
1.092185000000000047e-04
1.092185000000000047e-04
1.092185000000000047e-04
1.092185000000000047e-04
1.092185000000000047e-04
1.092185000000000047e-04
1.092185000000000047e-04
1.092185000000000047e-04
1.092185000000000047e-04
1.092185000000000047e-04
1.092185000000000047e-04
1.092185000000000047e-04
1.092185000000000047e-04
1.092185000000000047e-04
1.092185000000000047e-04
1.092185000000000047e-04
1.092185000000000047e-04
1.092185000000000047e-04
1.092185000000000047e-04
1.092185000000000047e-04
1.092185000000000047e-04
1.092185000000000047e-04
1.092185000000000047e-04
1.092185000000000047e-04
1.092185000000000047e-04
1.092185000000000047e-04
1.092185000000000047e-04
1.092185000000000047e-04
1.092185000000000047e-04
1.092185000000000047e-04
1.092185000000000047e-04
1.092185000000000047e-04
1.092185000000000047e-04
1.092185000000000047e-04
1.092185000000000047e-04
1.092185000000000047e-04
1.092185000000000047e-04
1.092185000000000047e-04
1.092185000000000047e-04
1.092185000000000047e-04
1.092185000000000047e-04
1.092185000000000047e-04
1.092185000000000047e-04
1.092185000000000047e-04
1.092185000000000047e-04
1.092185000000000047e-04
1.092185000000000047e-04
1.092185000000000047e-04
1.092185000000000047e-04
1.092185000000000047e-04
1.092185000000000047e-04
1.092185000000000047e-04
1.092185000000000047e-04
1.092185000000000047e-04
1.092185000000000047e-04
1.092185000000000047e-04
1.092185000000000047e-04
1.092185000000000047e-04
1.092185000000000047e-04
1.092185000000000047e-04
1.092185000000000047e-04
1.092185000000000047e-04
1.092185000000000047e-04
1.092185000000000047e-04
1.092185000000000047e-04
1.092185000000000047e-04
1.092185000000000047e-04
1.092185000000000047e-04
1.092185000000000047e-04
1.092185000000000047e-04
1.092185000000000047e-04
1.092185000000000047e-04
1.092185000000000047e-04
1.092185000000000047e-04
1.092185000000000047e-04
1.092185000000000047e-04
1.092185000000000047e-04
1.092185000000000047e-04
1.092185000000000047e-04
1.092185000000000047e-04
1.092185000000000047e-04
1.092185000000000047e-04
1.092185000000000047e-04
1.092185000000000047e-04
1.092185000000000047e-04
1.092185000000000047e-04
1.092185000000000047e-04
1.092185000000000047e-04
1.092185000000000047e-04
1.092185000000000047e-04
1.092185000000000047e-04
1.092185000000000047e-04
1.092185000000000047e-04
1.092185000000000047e-04
1.092185000000000047e-04
1.092185000000000047e-04
1.092185000000000047e-04
1.092185000000000047e-04
1.092185000000000047e-04
1.092185000000000047e-04
1.092185000000000047e-04
1.092185000000000047e-04
1.092185000000000047e-04
1.092185000000000047e-04
1.092185000000000047e-04
1.092185000000000047e-04
1.092185000000000047e-04
1.092185000000000047e-04
1.092185000000000047e-04
1.092185000000000047e-04
1.092185000000000047e-04
1.092185000000000047e-04
1.092185000000000047e-04
1.092185000000000047e-04
1.092185000000000047e-04
1.092185000000000047e-04
1.092185000000000047e-04
1.092185000000000047e-04
1.092185000000000047e-04
1.092185000000000047e-04
1.092185000000000047e-04
1.092185000000000047e-04
1.092185000000000047e-04
1.092185000000000047e-04
1.092185000000000047e-04
1.092185000000000047e-04
1.092185000000000047e-04
1.092185000000000047e-04
1.092185000000000047e-04
1.092185000000000047e-04
1.092185000000000047e-04
1.092185000000000047e-04
1.092185000000000047e-04
1.092185000000000047e-04
1.092185000000000047e-04
1.092185000000000047e-04
1.092185000000000047e-04
1.092185000000000047e-04
1.092185000000000047e-04
1.092185000000000047e-04
1.092185000000000047e-04
1.092185000000000047e-04
1.092185000000000047e-04
1.092185000000000047e-04
1.092185000000000047e-04
1.092185000000000047e-04
1.092185000000000047e-04
1.092185000000000047e-04
1.092185000000000047e-04
1.092185000000000047e-04
1.092185000000000047e-04
1.092185000000000047e-04
1.092185000000000047e-04
1.092185000000000047e-04
1.092185000000000047e-04
1.092185000000000047e-04
1.092185000000000047e-04
1.092185000000000047e-04
1.092185000000000047e-04
1.092185000000000047e-04
1.092185000000000047e-04
1.092185000000000047e-04
1.092185000000000047e-04
1.092185000000000047e-04
1.092185000000000047e-04
1.092185000000000047e-04
1.092185000000000047e-04
1.092185000000000047e-04
1.092185000000000047e-04
1.092185000000000047e-04
1.092185000000000047e-04
1.092185000000000047e-04
1.092185000000000047e-04
1.092185000000000047e-04
1.092185000000000047e-04
1.092185000000000047e-04
1.092185000000000047e-04
1.092185000000000047e-04
1.092185000000000047e-04
1.092185000000000047e-04
1.092185000000000047e-04
1.092185000000000047e-04
1.092185000000000047e-04
1.092185000000000047e-04
1.092185000000000047e-04
1.092185000000000047e-04
1.092185000000000047e-04
1.092185000000000047e-04
1.092185000000000047e-04
1.092185000000000047e-04
1.092185000000000047e-04
1.092185000000000047e-04
1.092185000000000047e-04
1.092185000000000047e-04
1.092185000000000047e-04
1.092185000000000047e-04
1.092185000000000047e-04
1.092185000000000047e-04
1.092185000000000047e-04
1.092185000000000047e-04
1.092185000000000047e-04
1.092185000000000047e-04
1.092185000000000047e-04
1.092185000000000047e-04
1.092185000000000047e-04
1.092185000000000047e-04
1.092185000000000047e-04
1.092185000000000047e-04
1.092185000000000047e-04
1.092185000000000047e-04
1.092185000000000047e-04
1.092185000000000047e-04
1.092185000000000047e-04
1.092185000000000047e-04
1.092185000000000047e-04
1.092185000000000047e-04
1.092185000000000047e-04
1.092185000000000047e-04
1.092185000000000047e-04
1.092185000000000047e-04
1.092185000000000047e-04
1.092185000000000047e-04
1.092185000000000047e-04
1.092185000000000047e-04
1.092185000000000047e-04
1.092185000000000047e-04
1.092185000000000047e-04
1.092185000000000047e-04
1.092185000000000047e-04
1.092185000000000047e-04
1.092185000000000047e-04
1.092185000000000047e-04
1.092185000000000047e-04
1.092185000000000047e-04
1.092185000000000047e-04
1.092185000000000047e-04
1.092185000000000047e-04
1.092185000000000047e-04
1.092185000000000047e-04
1.092185000000000047e-04
1.092185000000000047e-04
1.092185000000000047e-04
1.092185000000000047e-04
1.092185000000000047e-04
1.092185000000000047e-04
1.092185000000000047e-04
1.092185000000000047e-04
1.092185000000000047e-04
1.092185000000000047e-04
1.092185000000000047e-04
1.092185000000000047e-04
1.092185000000000047e-04
1.092185000000000047e-04
1.092185000000000047e-04
1.092185000000000047e-04
1.092185000000000047e-04
1.092185000000000047e-04
1.092185000000000047e-04
1.092185000000000047e-04
1.092185000000000047e-04
1.092185000000000047e-04
1.092185000000000047e-04
1.092185000000000047e-04
1.092185000000000047e-04
1.092185000000000047e-04
1.092185000000000047e-04
1.092185000000000047e-04
1.092185000000000047e-04
1.092185000000000047e-04
1.092185000000000047e-04
1.092185000000000047e-04
1.092185000000000047e-04
1.092185000000000047e-04
1.092185000000000047e-04
1.092185000000000047e-04
1.092185000000000047e-04
1.092185000000000047e-04
1.092185000000000047e-04
1.092185000000000047e-04
1.092185000000000047e-04
1.092185000000000047e-04
1.092185000000000047e-04
1.092185000000000047e-04
1.092185000000000047e-04
1.092185000000000047e-04
1.092185000000000047e-04
1.092185000000000047e-04
1.092185000000000047e-04
1.092185000000000047e-04
1.092185000000000047e-04
1.092185000000000047e-04
1.092185000000000047e-04
1.092185000000000047e-04
1.092185000000000047e-04
1.092185000000000047e-04
1.092185000000000047e-04
1.092185000000000047e-04
1.092185000000000047e-04
1.092185000000000047e-04
1.092185000000000047e-04
1.092185000000000047e-04
1.092185000000000047e-04
1.092185000000000047e-04
1.092185000000000047e-04
1.092185000000000047e-04
1.092185000000000047e-04
1.092185000000000047e-04
1.092185000000000047e-04
1.092185000000000047e-04
1.092185000000000047e-04
1.092185000000000047e-04
1.092185000000000047e-04
1.092185000000000047e-04
1.092185000000000047e-04
1.092185000000000047e-04
1.092185000000000047e-04
1.092185000000000047e-04
1.092185000000000047e-04
1.092185000000000047e-04
1.092185000000000047e-04
1.092185000000000047e-04
1.092185000000000047e-04
1.092185000000000047e-04
1.092185000000000047e-04
1.092185000000000047e-04
1.092185000000000047e-04
1.092185000000000047e-04
1.092185000000000047e-04
1.092185000000000047e-04
1.092185000000000047e-04
1.092185000000000047e-04
1.092185000000000047e-04
1.092185000000000047e-04
1.092185000000000047e-04
1.092185000000000047e-04
1.092185000000000047e-04
1.092185000000000047e-04
1.092185000000000047e-04
1.092185000000000047e-04
1.092185000000000047e-04
1.092185000000000047e-04
1.092185000000000047e-04
1.092185000000000047e-04
1.092185000000000047e-04
1.092185000000000047e-04
1.092185000000000047e-04
1.092185000000000047e-04
1.092185000000000047e-04
1.092185000000000047e-04
1.092185000000000047e-04
1.092185000000000047e-04
1.092185000000000047e-04
1.092185000000000047e-04
1.092185000000000047e-04
1.092185000000000047e-04
1.092185000000000047e-04
1.092185000000000047e-04
1.092185000000000047e-04
1.092185000000000047e-04
1.092185000000000047e-04
1.092185000000000047e-04
1.092185000000000047e-04
1.092185000000000047e-04
1.092185000000000047e-04
1.092185000000000047e-04
1.092185000000000047e-04
1.092185000000000047e-04
1.092185000000000047e-04
1.092185000000000047e-04
1.092185000000000047e-04
1.092185000000000047e-04
1.092185000000000047e-04
1.092185000000000047e-04
1.092185000000000047e-04
1.092185000000000047e-04
1.092185000000000047e-04
1.092185000000000047e-04
1.092185000000000047e-04
1.092185000000000047e-04
1.092185000000000047e-04
1.092185000000000047e-04
1.092185000000000047e-04
1.092185000000000047e-04
1.092185000000000047e-04
1.092185000000000047e-04
1.092185000000000047e-04
1.092185000000000047e-04
1.092185000000000047e-04
1.092185000000000047e-04
1.092185000000000047e-04
1.092185000000000047e-04
1.092185000000000047e-04
1.092185000000000047e-04
1.092185000000000047e-04
1.092185000000000047e-04
1.092185000000000047e-04
1.092185000000000047e-04
1.092185000000000047e-04
1.092185000000000047e-04
1.092185000000000047e-04
1.092185000000000047e-04
1.092185000000000047e-04
1.092185000000000047e-04
1.092185000000000047e-04
1.092185000000000047e-04
1.092185000000000047e-04
1.092185000000000047e-04
1.092185000000000047e-04
1.092185000000000047e-04
1.092185000000000047e-04
1.092185000000000047e-04
1.092185000000000047e-04
1.092185000000000047e-04
1.092185000000000047e-04
1.092185000000000047e-04
1.092185000000000047e-04
1.092185000000000047e-04
1.092185000000000047e-04
1.092185000000000047e-04
1.092185000000000047e-04
1.092185000000000047e-04
1.092185000000000047e-04
1.092185000000000047e-04
1.092185000000000047e-04
1.092185000000000047e-04
1.092185000000000047e-04
1.092185000000000047e-04
1.092185000000000047e-04
1.092185000000000047e-04
1.092185000000000047e-04
1.092185000000000047e-04
1.092185000000000047e-04
1.092185000000000047e-04
1.092185000000000047e-04
1.092185000000000047e-04
1.092185000000000047e-04
1.092185000000000047e-04
1.092185000000000047e-04
1.092185000000000047e-04
1.092185000000000047e-04
1.092185000000000047e-04
1.092185000000000047e-04
1.092185000000000047e-04
1.092185000000000047e-04
1.092185000000000047e-04
1.092185000000000047e-04
1.092185000000000047e-04
1.092185000000000047e-04
1.092185000000000047e-04
1.092185000000000047e-04
1.092185000000000047e-04
1.092185000000000047e-04
1.092185000000000047e-04
1.092185000000000047e-04
1.092185000000000047e-04
1.092185000000000047e-04
1.092185000000000047e-04
1.092185000000000047e-04
1.092185000000000047e-04
1.092185000000000047e-04
1.092185000000000047e-04
1.092185000000000047e-04
1.092185000000000047e-04
1.092185000000000047e-04
1.092185000000000047e-04
1.092185000000000047e-04
1.092185000000000047e-04
1.092185000000000047e-04
1.092185000000000047e-04
1.092185000000000047e-04
1.092185000000000047e-04
1.092185000000000047e-04
1.092185000000000047e-04
1.092185000000000047e-04
1.092185000000000047e-04
1.092185000000000047e-04
1.092185000000000047e-04
1.092185000000000047e-04
1.092185000000000047e-04
1.092185000000000047e-04
1.092185000000000047e-04
1.092185000000000047e-04
1.092185000000000047e-04
1.092185000000000047e-04
1.092185000000000047e-04
1.092185000000000047e-04
1.092185000000000047e-04
1.092185000000000047e-04
1.092185000000000047e-04
1.092185000000000047e-04
1.092185000000000047e-04
1.092185000000000047e-04
1.092185000000000047e-04
1.092185000000000047e-04
1.092185000000000047e-04
1.092185000000000047e-04
1.092185000000000047e-04
1.092185000000000047e-04
1.092185000000000047e-04
1.092185000000000047e-04
1.092185000000000047e-04
1.092185000000000047e-04
1.092185000000000047e-04
1.092185000000000047e-04
1.092185000000000047e-04
1.092185000000000047e-04
1.092185000000000047e-04
1.092185000000000047e-04
1.092185000000000047e-04
1.092185000000000047e-04
1.092185000000000047e-04
1.092185000000000047e-04
1.092185000000000047e-04
1.092185000000000047e-04
1.092185000000000047e-04
1.092185000000000047e-04
1.092185000000000047e-04
1.092185000000000047e-04
1.092185000000000047e-04
1.092185000000000047e-04
1.092185000000000047e-04
1.092185000000000047e-04
1.092185000000000047e-04
1.092185000000000047e-04
1.092185000000000047e-04
1.092185000000000047e-04
1.092185000000000047e-04
1.092185000000000047e-04
1.092185000000000047e-04
1.092185000000000047e-04
1.092185000000000047e-04
1.092185000000000047e-04
1.092185000000000047e-04
1.092185000000000047e-04
1.092185000000000047e-04
1.092185000000000047e-04
1.092185000000000047e-04
1.092185000000000047e-04
1.092185000000000047e-04
1.092185000000000047e-04
1.092185000000000047e-04
1.092185000000000047e-04
1.092185000000000047e-04
1.092185000000000047e-04
1.092185000000000047e-04
1.092185000000000047e-04
1.092185000000000047e-04
1.092185000000000047e-04
1.092185000000000047e-04
1.092185000000000047e-04
1.092185000000000047e-04
1.092185000000000047e-04
1.092185000000000047e-04
1.092185000000000047e-04
1.092185000000000047e-04
1.092185000000000047e-04
1.092185000000000047e-04
1.092185000000000047e-04
1.092185000000000047e-04
1.092185000000000047e-04
1.092185000000000047e-04
1.092185000000000047e-04
1.092185000000000047e-04
1.092185000000000047e-04
1.092185000000000047e-04
1.092185000000000047e-04
1.092185000000000047e-04
1.092185000000000047e-04
1.092185000000000047e-04
1.092185000000000047e-04
1.092185000000000047e-04
1.092185000000000047e-04
1.092185000000000047e-04
1.092185000000000047e-04
1.092185000000000047e-04
1.092185000000000047e-04
1.092185000000000047e-04
1.092185000000000047e-04
1.092185000000000047e-04
1.092185000000000047e-04
1.092185000000000047e-04
1.092185000000000047e-04
1.092185000000000047e-04
1.092185000000000047e-04
1.092185000000000047e-04
1.092185000000000047e-04
1.092185000000000047e-04
1.092185000000000047e-04
1.092185000000000047e-04
1.092185000000000047e-04
1.092185000000000047e-04
1.092185000000000047e-04
1.092185000000000047e-04
1.092185000000000047e-04
1.092185000000000047e-04
1.092185000000000047e-04
1.092185000000000047e-04
1.092185000000000047e-04
1.092185000000000047e-04
1.092185000000000047e-04
1.092185000000000047e-04
1.092185000000000047e-04
1.092185000000000047e-04
1.092185000000000047e-04
1.092185000000000047e-04
1.092185000000000047e-04
1.092185000000000047e-04
1.092185000000000047e-04
1.092185000000000047e-04
1.092185000000000047e-04
1.092185000000000047e-04
1.092185000000000047e-04
1.092185000000000047e-04
1.092185000000000047e-04
1.092185000000000047e-04
1.092185000000000047e-04
1.092185000000000047e-04
1.092185000000000047e-04
1.092185000000000047e-04
1.092185000000000047e-04
1.092185000000000047e-04
1.092185000000000047e-04
1.092185000000000047e-04
1.092185000000000047e-04
1.092185000000000047e-04
1.092185000000000047e-04
1.092185000000000047e-04
1.092185000000000047e-04
1.092185000000000047e-04
1.092185000000000047e-04
1.092185000000000047e-04
1.092185000000000047e-04
1.092185000000000047e-04
1.092185000000000047e-04
1.092185000000000047e-04
1.092185000000000047e-04
1.092185000000000047e-04
1.092185000000000047e-04
1.092185000000000047e-04
1.092185000000000047e-04
1.092185000000000047e-04
1.092185000000000047e-04
1.092185000000000047e-04
1.092185000000000047e-04
1.092185000000000047e-04
1.092185000000000047e-04
1.092185000000000047e-04
1.092185000000000047e-04
1.092185000000000047e-04
1.092185000000000047e-04
1.092185000000000047e-04
1.092185000000000047e-04
1.092185000000000047e-04
1.092185000000000047e-04
1.092185000000000047e-04
1.092185000000000047e-04
1.092185000000000047e-04
1.092185000000000047e-04
1.092185000000000047e-04
1.092185000000000047e-04
1.092185000000000047e-04
1.092185000000000047e-04
1.092185000000000047e-04
1.092185000000000047e-04
1.092185000000000047e-04
1.092185000000000047e-04
1.092185000000000047e-04
1.092185000000000047e-04
1.092185000000000047e-04
1.092185000000000047e-04
1.092185000000000047e-04
1.092185000000000047e-04
1.092185000000000047e-04
1.092185000000000047e-04
1.092185000000000047e-04
1.092185000000000047e-04
1.092185000000000047e-04
1.092185000000000047e-04
1.092185000000000047e-04
1.092185000000000047e-04
1.092185000000000047e-04
1.092185000000000047e-04
1.092185000000000047e-04
1.092185000000000047e-04
1.092185000000000047e-04
1.092185000000000047e-04
1.092185000000000047e-04
1.092185000000000047e-04
1.092185000000000047e-04
1.092185000000000047e-04
1.092185000000000047e-04
1.092185000000000047e-04
1.092185000000000047e-04
1.092185000000000047e-04
1.092185000000000047e-04
1.092185000000000047e-04
1.092185000000000047e-04
1.092185000000000047e-04
1.092185000000000047e-04
1.092185000000000047e-04
1.092185000000000047e-04
1.092185000000000047e-04
1.092185000000000047e-04
1.092185000000000047e-04
1.092185000000000047e-04
1.092185000000000047e-04
1.092185000000000047e-04
1.092185000000000047e-04
1.092185000000000047e-04
1.092185000000000047e-04
1.092185000000000047e-04
1.092185000000000047e-04
1.092185000000000047e-04
1.092185000000000047e-04
1.092185000000000047e-04
1.092185000000000047e-04
1.092185000000000047e-04
1.092185000000000047e-04
1.092185000000000047e-04
1.092185000000000047e-04
1.092185000000000047e-04
1.092185000000000047e-04
1.092185000000000047e-04
1.092185000000000047e-04
1.092185000000000047e-04
1.092185000000000047e-04
1.092185000000000047e-04
1.092185000000000047e-04
1.092185000000000047e-04
1.092185000000000047e-04
1.092185000000000047e-04
1.092185000000000047e-04
1.092185000000000047e-04
1.092185000000000047e-04
1.092185000000000047e-04
1.092185000000000047e-04
1.092185000000000047e-04
1.092185000000000047e-04
1.092185000000000047e-04
1.092185000000000047e-04
1.092185000000000047e-04
1.092185000000000047e-04
1.092185000000000047e-04
1.092185000000000047e-04
1.092185000000000047e-04
1.092185000000000047e-04
1.092185000000000047e-04
1.092185000000000047e-04
1.092185000000000047e-04
1.092185000000000047e-04
1.092185000000000047e-04
1.092185000000000047e-04
1.092185000000000047e-04
1.092185000000000047e-04
1.092185000000000047e-04
1.092185000000000047e-04
1.092185000000000047e-04
1.092185000000000047e-04
1.092185000000000047e-04
1.092185000000000047e-04
1.092185000000000047e-04
1.092185000000000047e-04
1.092185000000000047e-04
1.092185000000000047e-04
1.092185000000000047e-04
1.092185000000000047e-04
1.092185000000000047e-04
1.092185000000000047e-04
1.092185000000000047e-04
1.092185000000000047e-04
1.092185000000000047e-04
1.092185000000000047e-04
1.092185000000000047e-04
1.092185000000000047e-04
1.092185000000000047e-04
1.092185000000000047e-04
1.092185000000000047e-04
1.092185000000000047e-04
1.092185000000000047e-04
1.092185000000000047e-04
1.092185000000000047e-04
1.092185000000000047e-04
1.092185000000000047e-04
1.092185000000000047e-04
1.092185000000000047e-04
1.092185000000000047e-04
1.092185000000000047e-04
1.092185000000000047e-04
1.092185000000000047e-04
1.092185000000000047e-04
1.092185000000000047e-04
1.092185000000000047e-04
1.092185000000000047e-04
1.092185000000000047e-04
1.092185000000000047e-04
1.092185000000000047e-04
1.092185000000000047e-04
1.092185000000000047e-04
1.092185000000000047e-04
1.092185000000000047e-04
1.092185000000000047e-04
1.092185000000000047e-04
1.092185000000000047e-04
1.092185000000000047e-04
1.092185000000000047e-04
1.092185000000000047e-04
1.092185000000000047e-04
1.092185000000000047e-04
1.092185000000000047e-04
1.092185000000000047e-04
1.092185000000000047e-04
1.092185000000000047e-04
1.092185000000000047e-04
1.092185000000000047e-04
1.092185000000000047e-04
1.092185000000000047e-04
1.092185000000000047e-04
1.092185000000000047e-04
1.092185000000000047e-04
1.092185000000000047e-04
1.092185000000000047e-04
1.092185000000000047e-04
1.092185000000000047e-04
1.092185000000000047e-04
1.092185000000000047e-04
1.092185000000000047e-04
1.092185000000000047e-04
1.092185000000000047e-04
1.092185000000000047e-04
1.092185000000000047e-04
1.092185000000000047e-04
1.092185000000000047e-04
1.092185000000000047e-04
1.092185000000000047e-04
1.092185000000000047e-04
1.092185000000000047e-04
1.092185000000000047e-04
1.092185000000000047e-04
1.092185000000000047e-04
1.092185000000000047e-04
1.092185000000000047e-04
1.092185000000000047e-04
1.092185000000000047e-04
1.092185000000000047e-04
1.092185000000000047e-04
1.092185000000000047e-04
1.092185000000000047e-04
1.092185000000000047e-04
1.092185000000000047e-04
1.092185000000000047e-04
1.092185000000000047e-04
1.092185000000000047e-04
1.092185000000000047e-04
1.092185000000000047e-04
1.092185000000000047e-04
1.092185000000000047e-04
1.092185000000000047e-04
1.092185000000000047e-04
1.092185000000000047e-04
1.092185000000000047e-04
1.092185000000000047e-04
1.092185000000000047e-04
1.092185000000000047e-04
1.092185000000000047e-04
1.092185000000000047e-04
1.092185000000000047e-04
1.092185000000000047e-04
1.092185000000000047e-04
1.092185000000000047e-04
1.092185000000000047e-04
1.092185000000000047e-04
1.092185000000000047e-04
1.092185000000000047e-04
1.092185000000000047e-04
1.092185000000000047e-04
1.092185000000000047e-04
1.092185000000000047e-04
1.092185000000000047e-04
1.092185000000000047e-04
1.092185000000000047e-04
1.092185000000000047e-04
1.092185000000000047e-04
1.092185000000000047e-04
1.092185000000000047e-04
1.092185000000000047e-04
1.092185000000000047e-04
1.092185000000000047e-04
1.092185000000000047e-04
1.092185000000000047e-04
1.092185000000000047e-04
1.092185000000000047e-04
1.092185000000000047e-04
1.092185000000000047e-04
1.092185000000000047e-04
1.092185000000000047e-04
1.092185000000000047e-04
1.092185000000000047e-04
1.092185000000000047e-04
1.092185000000000047e-04
1.092185000000000047e-04
1.092185000000000047e-04
1.092185000000000047e-04
1.092185000000000047e-04
1.092185000000000047e-04
1.092185000000000047e-04
1.092185000000000047e-04
1.092185000000000047e-04
1.092185000000000047e-04
1.092185000000000047e-04
1.092185000000000047e-04
1.092185000000000047e-04
1.092185000000000047e-04
1.092185000000000047e-04
1.092185000000000047e-04
1.092185000000000047e-04
1.092185000000000047e-04
1.092185000000000047e-04
1.092185000000000047e-04
1.092185000000000047e-04
1.092185000000000047e-04
1.092185000000000047e-04
1.092185000000000047e-04
1.092185000000000047e-04
1.092185000000000047e-04
1.092185000000000047e-04
1.092185000000000047e-04
1.092185000000000047e-04
1.092185000000000047e-04
1.092185000000000047e-04
1.092185000000000047e-04
1.092185000000000047e-04
1.092185000000000047e-04
1.092185000000000047e-04
1.092185000000000047e-04
1.092185000000000047e-04
1.092185000000000047e-04
1.092185000000000047e-04
1.092185000000000047e-04
1.092185000000000047e-04
1.092185000000000047e-04
1.092185000000000047e-04
1.092185000000000047e-04
1.092185000000000047e-04
1.092185000000000047e-04
1.092185000000000047e-04
1.092185000000000047e-04
1.092185000000000047e-04
1.092185000000000047e-04
1.092185000000000047e-04
1.092185000000000047e-04
1.092185000000000047e-04
1.092185000000000047e-04
1.092185000000000047e-04
1.092185000000000047e-04
1.092185000000000047e-04
1.092185000000000047e-04
1.092185000000000047e-04
1.092185000000000047e-04
1.092185000000000047e-04
1.092185000000000047e-04
1.092185000000000047e-04
1.092185000000000047e-04
1.092185000000000047e-04
1.092185000000000047e-04
1.092185000000000047e-04
1.092185000000000047e-04
1.092185000000000047e-04
1.092185000000000047e-04
1.092185000000000047e-04
1.092185000000000047e-04
1.092185000000000047e-04
1.092185000000000047e-04
1.092185000000000047e-04
1.092185000000000047e-04
1.092185000000000047e-04
1.092185000000000047e-04
1.092185000000000047e-04
1.092185000000000047e-04
1.092185000000000047e-04
1.092185000000000047e-04
1.092185000000000047e-04
1.092185000000000047e-04
1.092185000000000047e-04
1.092185000000000047e-04
1.092185000000000047e-04
1.092185000000000047e-04
1.092185000000000047e-04
1.092185000000000047e-04
1.092185000000000047e-04
1.092185000000000047e-04
1.092185000000000047e-04
1.092185000000000047e-04
1.092185000000000047e-04
1.092185000000000047e-04
1.092185000000000047e-04
1.092185000000000047e-04
1.092185000000000047e-04
1.092185000000000047e-04
1.092185000000000047e-04
1.092185000000000047e-04
1.092185000000000047e-04
1.092185000000000047e-04
1.092185000000000047e-04
1.092185000000000047e-04
1.092185000000000047e-04
1.092185000000000047e-04
1.092185000000000047e-04
1.092185000000000047e-04
1.092185000000000047e-04
1.092185000000000047e-04
1.092185000000000047e-04
1.092185000000000047e-04
1.092185000000000047e-04
1.092185000000000047e-04
1.092185000000000047e-04
1.092185000000000047e-04
1.092185000000000047e-04
1.092185000000000047e-04
1.092185000000000047e-04
1.092185000000000047e-04
1.092185000000000047e-04
1.092185000000000047e-04
1.092185000000000047e-04
1.092185000000000047e-04
1.092185000000000047e-04
1.092185000000000047e-04
1.092185000000000047e-04
1.092185000000000047e-04
1.092185000000000047e-04
1.092185000000000047e-04
1.092185000000000047e-04
1.092185000000000047e-04
1.092185000000000047e-04
1.092185000000000047e-04
1.092185000000000047e-04
1.092185000000000047e-04
1.092185000000000047e-04
1.092185000000000047e-04
1.092185000000000047e-04
1.092185000000000047e-04
1.092185000000000047e-04
1.092185000000000047e-04
1.092185000000000047e-04
1.092185000000000047e-04
1.092185000000000047e-04
1.092185000000000047e-04
1.092185000000000047e-04
1.092185000000000047e-04
1.092185000000000047e-04
1.092185000000000047e-04
1.092185000000000047e-04
1.092185000000000047e-04
1.092185000000000047e-04
1.092185000000000047e-04
1.092185000000000047e-04
1.092185000000000047e-04
1.092185000000000047e-04
1.092185000000000047e-04
1.092185000000000047e-04
1.092185000000000047e-04
1.092185000000000047e-04
1.092185000000000047e-04
1.092185000000000047e-04
1.092185000000000047e-04
1.092185000000000047e-04
1.092185000000000047e-04
1.092185000000000047e-04
1.092185000000000047e-04
1.092185000000000047e-04
1.092185000000000047e-04
1.092185000000000047e-04
1.092185000000000047e-04
1.092185000000000047e-04
1.092185000000000047e-04
1.092185000000000047e-04
1.092185000000000047e-04
1.092185000000000047e-04
1.092185000000000047e-04
1.092185000000000047e-04
1.092185000000000047e-04
1.092185000000000047e-04
1.092185000000000047e-04
1.092185000000000047e-04
1.092185000000000047e-04
1.092185000000000047e-04
1.092185000000000047e-04
1.092185000000000047e-04
1.092185000000000047e-04
1.092185000000000047e-04
1.092185000000000047e-04
1.092185000000000047e-04
1.092185000000000047e-04
1.092185000000000047e-04
1.092185000000000047e-04
1.092185000000000047e-04
1.092185000000000047e-04
1.092185000000000047e-04
1.092185000000000047e-04
1.092185000000000047e-04
1.092185000000000047e-04
1.092185000000000047e-04
1.092185000000000047e-04
1.092185000000000047e-04
1.092185000000000047e-04
1.092185000000000047e-04
1.092185000000000047e-04
1.092185000000000047e-04
1.092185000000000047e-04
1.092185000000000047e-04
1.092185000000000047e-04
1.092185000000000047e-04
1.092185000000000047e-04
1.092185000000000047e-04
1.092185000000000047e-04
1.092185000000000047e-04
1.092185000000000047e-04
1.092185000000000047e-04
1.092185000000000047e-04
1.092185000000000047e-04
1.092185000000000047e-04
1.092185000000000047e-04
1.092185000000000047e-04
1.092185000000000047e-04
1.092185000000000047e-04
1.092185000000000047e-04
1.092185000000000047e-04
1.092185000000000047e-04
1.092185000000000047e-04
1.092185000000000047e-04
1.092185000000000047e-04
1.092185000000000047e-04
1.092185000000000047e-04
1.092185000000000047e-04
1.092185000000000047e-04
1.092185000000000047e-04
1.092185000000000047e-04
1.092185000000000047e-04
1.092185000000000047e-04
1.092185000000000047e-04
1.092185000000000047e-04
1.092185000000000047e-04
1.092185000000000047e-04
1.092185000000000047e-04
1.092185000000000047e-04
1.092185000000000047e-04
1.092185000000000047e-04
1.092185000000000047e-04
1.092185000000000047e-04
1.092185000000000047e-04
1.092185000000000047e-04
1.092185000000000047e-04
1.092185000000000047e-04
1.092185000000000047e-04
1.092185000000000047e-04
1.092185000000000047e-04
1.092185000000000047e-04
1.092185000000000047e-04
1.092185000000000047e-04
1.092185000000000047e-04
1.092185000000000047e-04
1.092185000000000047e-04
1.092185000000000047e-04
1.092185000000000047e-04
1.092185000000000047e-04
1.092185000000000047e-04
1.092185000000000047e-04
1.092185000000000047e-04
1.092185000000000047e-04
1.092185000000000047e-04
1.092185000000000047e-04
1.092185000000000047e-04
1.092185000000000047e-04
1.092185000000000047e-04
1.092185000000000047e-04
1.092185000000000047e-04
1.092185000000000047e-04
1.092185000000000047e-04
1.092185000000000047e-04
1.092185000000000047e-04
1.092185000000000047e-04
1.092185000000000047e-04
1.092185000000000047e-04
1.092185000000000047e-04
1.092185000000000047e-04
1.092185000000000047e-04
1.092185000000000047e-04
1.092185000000000047e-04
1.092185000000000047e-04
1.092185000000000047e-04
1.092185000000000047e-04
1.092185000000000047e-04
1.092185000000000047e-04
1.092185000000000047e-04
1.092185000000000047e-04
1.092185000000000047e-04
1.092185000000000047e-04
1.092185000000000047e-04
1.092185000000000047e-04
1.092185000000000047e-04
1.092185000000000047e-04
1.092185000000000047e-04
1.092185000000000047e-04
1.092185000000000047e-04
1.092185000000000047e-04
1.092185000000000047e-04
1.092185000000000047e-04
1.092185000000000047e-04
1.092185000000000047e-04
1.092185000000000047e-04
1.092185000000000047e-04
1.092185000000000047e-04
1.092185000000000047e-04
1.092185000000000047e-04
1.092185000000000047e-04
1.092185000000000047e-04
1.092185000000000047e-04
1.092185000000000047e-04
1.092185000000000047e-04
1.092185000000000047e-04
1.092185000000000047e-04
1.092185000000000047e-04
1.092185000000000047e-04
1.092185000000000047e-04
1.092185000000000047e-04
1.092185000000000047e-04
1.092185000000000047e-04
1.092185000000000047e-04
1.092185000000000047e-04
1.092185000000000047e-04
1.092185000000000047e-04
1.092185000000000047e-04
1.092185000000000047e-04
1.092185000000000047e-04
1.092185000000000047e-04
1.092185000000000047e-04
1.092185000000000047e-04
1.092185000000000047e-04
1.092185000000000047e-04
1.092185000000000047e-04
1.092185000000000047e-04
1.092185000000000047e-04
1.092185000000000047e-04
1.092185000000000047e-04
1.092185000000000047e-04
1.092185000000000047e-04
1.092185000000000047e-04
1.092185000000000047e-04
1.092185000000000047e-04
1.092185000000000047e-04
1.092185000000000047e-04
1.092185000000000047e-04
1.092185000000000047e-04
1.092185000000000047e-04
1.092185000000000047e-04
1.092185000000000047e-04
1.092185000000000047e-04
1.092185000000000047e-04
1.092185000000000047e-04
1.092185000000000047e-04
1.092185000000000047e-04
1.092185000000000047e-04
1.092185000000000047e-04
1.092185000000000047e-04
1.092185000000000047e-04
1.092185000000000047e-04
1.092185000000000047e-04
1.092185000000000047e-04
1.092185000000000047e-04
1.092185000000000047e-04
1.092185000000000047e-04
1.092185000000000047e-04
1.092185000000000047e-04
1.092185000000000047e-04
1.092185000000000047e-04
1.092185000000000047e-04
1.092185000000000047e-04
1.092185000000000047e-04
1.092185000000000047e-04
1.092185000000000047e-04
1.092185000000000047e-04
1.092185000000000047e-04
1.092185000000000047e-04
1.092185000000000047e-04
1.092185000000000047e-04
1.092185000000000047e-04
1.092185000000000047e-04
1.092185000000000047e-04
1.092185000000000047e-04
1.092185000000000047e-04
1.092185000000000047e-04
1.092185000000000047e-04
1.092185000000000047e-04
1.092185000000000047e-04
1.092185000000000047e-04
1.092185000000000047e-04
1.092185000000000047e-04
1.092185000000000047e-04
1.092185000000000047e-04
1.092185000000000047e-04
1.092185000000000047e-04
1.092185000000000047e-04
1.092185000000000047e-04
1.092185000000000047e-04
1.092185000000000047e-04
1.092185000000000047e-04
1.092185000000000047e-04
1.092185000000000047e-04
1.092185000000000047e-04
1.092185000000000047e-04
1.092185000000000047e-04
1.092185000000000047e-04
1.092185000000000047e-04
1.092185000000000047e-04
1.092185000000000047e-04
1.092185000000000047e-04
1.092185000000000047e-04
1.092185000000000047e-04
1.092185000000000047e-04
1.092185000000000047e-04
1.092185000000000047e-04
1.092185000000000047e-04
1.092185000000000047e-04
1.092185000000000047e-04
1.092185000000000047e-04
1.092185000000000047e-04
1.092185000000000047e-04
1.092185000000000047e-04
1.092185000000000047e-04
1.092185000000000047e-04
1.092185000000000047e-04
1.092185000000000047e-04
1.092185000000000047e-04
1.092185000000000047e-04
1.092185000000000047e-04
1.092185000000000047e-04
1.092185000000000047e-04
1.092185000000000047e-04
1.092185000000000047e-04
1.092185000000000047e-04
1.092185000000000047e-04
1.092185000000000047e-04
1.092185000000000047e-04
1.092185000000000047e-04
1.092185000000000047e-04
1.092185000000000047e-04
1.092185000000000047e-04
1.092185000000000047e-04
1.092185000000000047e-04
1.092185000000000047e-04
1.092185000000000047e-04
1.092185000000000047e-04
1.092185000000000047e-04
1.092185000000000047e-04
1.092185000000000047e-04
1.092185000000000047e-04
1.092185000000000047e-04
1.092185000000000047e-04
1.092185000000000047e-04
1.092185000000000047e-04
1.092185000000000047e-04
1.092185000000000047e-04
1.092185000000000047e-04
1.092185000000000047e-04
1.092185000000000047e-04
1.092185000000000047e-04
1.092185000000000047e-04
1.092185000000000047e-04
1.092185000000000047e-04
1.092185000000000047e-04
1.092185000000000047e-04
1.092185000000000047e-04
1.092185000000000047e-04
1.092185000000000047e-04
1.092185000000000047e-04
1.092185000000000047e-04
1.092185000000000047e-04
1.092185000000000047e-04
1.092185000000000047e-04
1.092185000000000047e-04
1.092185000000000047e-04
1.092185000000000047e-04
1.092185000000000047e-04
1.092185000000000047e-04
1.092185000000000047e-04
1.092185000000000047e-04
1.092185000000000047e-04
1.092185000000000047e-04
1.092185000000000047e-04
1.092185000000000047e-04
1.092185000000000047e-04
1.092185000000000047e-04
1.092185000000000047e-04
1.092185000000000047e-04
1.092185000000000047e-04
1.092185000000000047e-04
1.092185000000000047e-04
1.092185000000000047e-04
1.092185000000000047e-04
1.092185000000000047e-04
1.092185000000000047e-04
1.092185000000000047e-04
1.092185000000000047e-04
1.092185000000000047e-04
1.092185000000000047e-04
1.092185000000000047e-04
1.092185000000000047e-04
1.092185000000000047e-04
1.092185000000000047e-04
1.092185000000000047e-04
1.092185000000000047e-04
1.092185000000000047e-04
1.092185000000000047e-04
1.092185000000000047e-04
1.092185000000000047e-04
1.092185000000000047e-04
1.092185000000000047e-04
1.092185000000000047e-04
1.092185000000000047e-04
1.092185000000000047e-04
1.092185000000000047e-04
1.092185000000000047e-04
1.092185000000000047e-04
1.092185000000000047e-04
1.092185000000000047e-04
1.092185000000000047e-04
1.092185000000000047e-04
1.092185000000000047e-04
1.092185000000000047e-04
1.092185000000000047e-04
1.092185000000000047e-04
1.092185000000000047e-04
1.092185000000000047e-04
1.092185000000000047e-04
1.092185000000000047e-04
1.092185000000000047e-04
1.092185000000000047e-04
1.092185000000000047e-04
1.092185000000000047e-04
1.092185000000000047e-04
1.092185000000000047e-04
1.092185000000000047e-04
1.092185000000000047e-04
1.092185000000000047e-04
1.092185000000000047e-04
1.092185000000000047e-04
1.092185000000000047e-04
1.092185000000000047e-04
1.092185000000000047e-04
1.092185000000000047e-04
1.092185000000000047e-04
1.092185000000000047e-04
1.092185000000000047e-04
1.092185000000000047e-04
1.092185000000000047e-04
1.092185000000000047e-04
1.092185000000000047e-04
1.092185000000000047e-04
1.092185000000000047e-04
1.092185000000000047e-04
1.092185000000000047e-04
1.092185000000000047e-04
1.092185000000000047e-04
1.092185000000000047e-04
1.092185000000000047e-04
1.092185000000000047e-04
1.092185000000000047e-04
1.092185000000000047e-04
1.092185000000000047e-04
1.092185000000000047e-04
1.092185000000000047e-04
1.092185000000000047e-04
1.092185000000000047e-04
1.092185000000000047e-04
1.092185000000000047e-04
1.092185000000000047e-04
1.092185000000000047e-04
1.092185000000000047e-04
1.092185000000000047e-04
1.092185000000000047e-04
1.092185000000000047e-04
1.092185000000000047e-04
1.092185000000000047e-04
1.092185000000000047e-04
1.092185000000000047e-04
1.092185000000000047e-04
1.092185000000000047e-04
1.092185000000000047e-04
1.092185000000000047e-04
1.092185000000000047e-04
1.092185000000000047e-04
1.092185000000000047e-04
1.092185000000000047e-04
1.092185000000000047e-04
1.092185000000000047e-04
1.092185000000000047e-04
1.092185000000000047e-04
1.092185000000000047e-04
1.092185000000000047e-04
1.092185000000000047e-04
1.092185000000000047e-04
1.092185000000000047e-04
1.092185000000000047e-04
1.092185000000000047e-04
1.092185000000000047e-04
1.092185000000000047e-04
1.092185000000000047e-04
1.092185000000000047e-04
1.092185000000000047e-04
1.092185000000000047e-04
1.092185000000000047e-04
1.092185000000000047e-04
1.092185000000000047e-04
1.092185000000000047e-04
1.092185000000000047e-04
1.092185000000000047e-04
1.092185000000000047e-04
1.092185000000000047e-04
1.092185000000000047e-04
1.092185000000000047e-04
1.092185000000000047e-04
1.092185000000000047e-04
1.092185000000000047e-04
1.092185000000000047e-04
1.092185000000000047e-04
1.092185000000000047e-04
1.092185000000000047e-04
1.092185000000000047e-04
1.092185000000000047e-04
1.092185000000000047e-04
1.092185000000000047e-04
1.092185000000000047e-04
1.092185000000000047e-04
1.092185000000000047e-04
1.092185000000000047e-04
1.092185000000000047e-04
1.092185000000000047e-04
1.092185000000000047e-04
1.092185000000000047e-04
1.092185000000000047e-04
1.092185000000000047e-04
1.092185000000000047e-04
1.092185000000000047e-04
1.092185000000000047e-04
1.092185000000000047e-04
1.092185000000000047e-04
1.092185000000000047e-04
1.092185000000000047e-04
1.092185000000000047e-04
1.092185000000000047e-04
1.092185000000000047e-04
1.092185000000000047e-04
1.092185000000000047e-04
1.092185000000000047e-04
1.092185000000000047e-04
1.092185000000000047e-04
1.092185000000000047e-04
1.092185000000000047e-04
1.092185000000000047e-04
1.092185000000000047e-04
1.092185000000000047e-04
1.092185000000000047e-04
1.092185000000000047e-04
1.092185000000000047e-04
1.092185000000000047e-04
1.092185000000000047e-04
1.092185000000000047e-04
1.092185000000000047e-04
1.092185000000000047e-04
1.092185000000000047e-04
1.092185000000000047e-04
1.092185000000000047e-04
1.092185000000000047e-04
1.092185000000000047e-04
1.092185000000000047e-04
1.092185000000000047e-04
1.092185000000000047e-04
1.092185000000000047e-04
1.092185000000000047e-04
1.092185000000000047e-04
1.092185000000000047e-04
1.092185000000000047e-04
1.092185000000000047e-04
1.092185000000000047e-04
1.092185000000000047e-04
1.092185000000000047e-04
1.092185000000000047e-04
1.092185000000000047e-04
1.092185000000000047e-04
1.092185000000000047e-04
1.092185000000000047e-04
1.092185000000000047e-04
1.092185000000000047e-04
1.092185000000000047e-04
1.092185000000000047e-04
1.092185000000000047e-04
1.092185000000000047e-04
1.092185000000000047e-04
1.092185000000000047e-04
1.092185000000000047e-04
1.092185000000000047e-04
1.092185000000000047e-04
1.092185000000000047e-04
1.092185000000000047e-04
1.092185000000000047e-04
1.092185000000000047e-04
1.092185000000000047e-04
1.092185000000000047e-04
1.092185000000000047e-04
1.092185000000000047e-04
1.092185000000000047e-04
1.092185000000000047e-04
1.092185000000000047e-04
1.092185000000000047e-04
1.092185000000000047e-04
1.092185000000000047e-04
1.092185000000000047e-04
1.092185000000000047e-04
1.092185000000000047e-04
1.092185000000000047e-04
1.092185000000000047e-04
1.092185000000000047e-04
1.092185000000000047e-04
1.092185000000000047e-04
1.092185000000000047e-04
1.092185000000000047e-04
1.092185000000000047e-04
1.092185000000000047e-04
1.092185000000000047e-04
1.092185000000000047e-04
1.092185000000000047e-04
1.092185000000000047e-04
1.092185000000000047e-04
1.092185000000000047e-04
1.092185000000000047e-04
1.092185000000000047e-04
1.092185000000000047e-04
1.092185000000000047e-04
1.092185000000000047e-04
1.092185000000000047e-04
1.092185000000000047e-04
1.092185000000000047e-04
1.092185000000000047e-04
1.092185000000000047e-04
1.092185000000000047e-04
1.092185000000000047e-04
1.092185000000000047e-04
1.092185000000000047e-04
1.092185000000000047e-04
1.092185000000000047e-04
1.092185000000000047e-04
1.092185000000000047e-04
1.092185000000000047e-04
1.092185000000000047e-04
1.092185000000000047e-04
1.092185000000000047e-04
1.092185000000000047e-04
1.092185000000000047e-04
1.092185000000000047e-04
1.092185000000000047e-04
1.092185000000000047e-04
1.092185000000000047e-04
1.092185000000000047e-04
1.092185000000000047e-04
1.092185000000000047e-04
1.092185000000000047e-04
1.092185000000000047e-04
1.092185000000000047e-04
1.092185000000000047e-04
1.092185000000000047e-04
1.092185000000000047e-04
1.092185000000000047e-04
1.092185000000000047e-04
1.092185000000000047e-04
1.092185000000000047e-04
1.092185000000000047e-04
1.092185000000000047e-04
1.092185000000000047e-04
1.092185000000000047e-04
1.092185000000000047e-04
1.092185000000000047e-04
1.092185000000000047e-04
1.092185000000000047e-04
1.092185000000000047e-04
1.092185000000000047e-04
1.092185000000000047e-04
1.092185000000000047e-04
1.092185000000000047e-04
1.092185000000000047e-04
1.092185000000000047e-04
1.092185000000000047e-04
1.092185000000000047e-04
1.092185000000000047e-04
1.092185000000000047e-04
1.092185000000000047e-04
1.092185000000000047e-04
1.092185000000000047e-04
1.092185000000000047e-04
1.092185000000000047e-04
1.092185000000000047e-04
1.092185000000000047e-04
1.092185000000000047e-04
1.092185000000000047e-04
1.092185000000000047e-04
1.092185000000000047e-04
1.092185000000000047e-04
1.092185000000000047e-04
1.092185000000000047e-04
1.092185000000000047e-04
1.092185000000000047e-04
1.092185000000000047e-04
1.092185000000000047e-04
1.092185000000000047e-04
1.092185000000000047e-04
1.092185000000000047e-04
1.092185000000000047e-04
1.092185000000000047e-04
1.092185000000000047e-04
1.092185000000000047e-04
1.092185000000000047e-04
1.092185000000000047e-04
1.092185000000000047e-04
1.092185000000000047e-04
1.092185000000000047e-04
1.092185000000000047e-04
1.092185000000000047e-04
1.092185000000000047e-04
1.092185000000000047e-04
1.092185000000000047e-04
1.092185000000000047e-04
1.092185000000000047e-04
1.092185000000000047e-04
1.092185000000000047e-04
1.092185000000000047e-04
1.092185000000000047e-04
1.092185000000000047e-04
1.092185000000000047e-04
1.092185000000000047e-04
1.092185000000000047e-04
1.092185000000000047e-04
1.092185000000000047e-04
1.092185000000000047e-04
1.092185000000000047e-04
1.092185000000000047e-04
1.092185000000000047e-04
1.092185000000000047e-04
1.092185000000000047e-04
1.092185000000000047e-04
1.092185000000000047e-04
1.092185000000000047e-04
1.092185000000000047e-04
1.092185000000000047e-04
1.092185000000000047e-04
1.092185000000000047e-04
1.092185000000000047e-04
1.092185000000000047e-04
1.092185000000000047e-04
1.092185000000000047e-04
1.092185000000000047e-04
1.092185000000000047e-04
1.092185000000000047e-04
1.092185000000000047e-04
1.092185000000000047e-04
1.092185000000000047e-04
1.092185000000000047e-04
1.092185000000000047e-04
1.092185000000000047e-04
1.092185000000000047e-04
1.092185000000000047e-04
1.092185000000000047e-04
1.092185000000000047e-04
1.092185000000000047e-04
1.092185000000000047e-04
1.092185000000000047e-04
1.092185000000000047e-04
1.092185000000000047e-04
1.092185000000000047e-04
1.092185000000000047e-04
1.092185000000000047e-04
1.092185000000000047e-04
1.092185000000000047e-04
1.092185000000000047e-04
1.092185000000000047e-04
1.092185000000000047e-04
1.092185000000000047e-04
1.092185000000000047e-04
1.092185000000000047e-04
1.092185000000000047e-04
1.092185000000000047e-04
1.092185000000000047e-04
1.092185000000000047e-04
1.092185000000000047e-04
1.092185000000000047e-04
1.092185000000000047e-04
1.092185000000000047e-04
