-3.699999999999999947e-04
-3.699999999999999947e-04
3.540000000000000178e-03
5.610000000000000403e-03
8.630000000000000518e-03
1.081000000000000016e-02
1.379999999999999977e-02
1.587999999999999828e-02
1.881000000000000033e-02
2.083000000000000129e-02
2.389000000000000151e-02
2.594000000000000125e-02
2.897999999999999882e-02
3.105000000000000121e-02
3.409999999999999837e-02
3.615000000000000158e-02
3.937999999999999834e-02
4.146999999999999992e-02
4.451000000000000095e-02
4.657000000000000028e-02
4.959999999999999826e-02
5.131999999999999756e-02
5.475000000000000006e-02
5.782000000000000334e-02
5.988000000000000267e-02
6.290999999999999370e-02
6.500000000000000222e-02
6.808999999999999775e-02
7.012999999999999790e-02
7.319000000000000505e-02
7.519000000000000683e-02
7.824000000000000399e-02
8.031000000000000638e-02
8.337999999999999579e-02
8.540999999999999981e-02
8.848999999999999921e-02
9.052999999999999936e-02
9.356000000000000427e-02
9.564000000000000279e-02
9.865999999999999770e-02
1.007200000000000040e-01
1.038199999999999956e-01
1.058599999999999958e-01
1.089399999999999952e-01
1.109699999999999992e-01
1.140899999999999970e-01
1.161399999999999932e-01
1.192099999999999965e-01
1.212400000000000005e-01
1.242599999999999955e-01
1.263100000000000056e-01
1.293700000000000128e-01
1.314500000000000113e-01
1.345000000000000084e-01
1.365500000000000047e-01
1.394600000000000006e-01
1.414700000000000124e-01
1.445500000000000118e-01
1.465899999999999981e-01
1.496599999999999875e-01
1.517300000000000038e-01
1.547999999999999932e-01
1.568400000000000072e-01
1.598600000000000021e-01
1.619700000000000029e-01
1.650600000000000123e-01
1.670999999999999985e-01
1.701499999999999957e-01
1.721199999999999952e-01
1.751900000000000124e-01
1.772600000000000009e-01
1.803400000000000003e-01
1.823700000000000043e-01
1.854399999999999937e-01
1.874699999999999978e-01
1.905000000000000027e-01
1.925699999999999912e-01
1.955999999999999961e-01
1.976400000000000101e-01
2.007500000000000118e-01
2.027799999999999880e-01
2.058800000000000074e-01
2.078899999999999915e-01
2.110100000000000031e-01
2.130599999999999994e-01
2.161399999999999988e-01
2.181800000000000128e-01
2.211799999999999877e-01
2.232200000000000017e-01
2.263000000000000012e-01
2.283799999999999997e-01
2.314299999999999968e-01
2.334900000000000031e-01
2.365700000000000025e-01
2.385700000000000043e-01
2.416500000000000037e-01
2.436800000000000077e-01
2.467699999999999894e-01
2.488400000000000056e-01
2.519100000000000228e-01
2.539399999999999991e-01
2.569799999999999862e-01
2.589299999999999935e-01
2.619900000000000007e-01
2.640399999999999969e-01
2.670899999999999941e-01
2.690699999999999759e-01
2.721500000000000030e-01
2.742100000000000093e-01
2.772899999999999809e-01
2.793100000000000027e-01
2.823899999999999744e-01
2.844400000000000261e-01
2.874700000000000033e-01
2.895300000000000096e-01
2.925499999999999767e-01
2.946199999999999930e-01
2.977000000000000202e-01
2.997600000000000264e-01
3.028500000000000081e-01
3.048699999999999743e-01
3.079700000000000215e-01
3.100299999999999723e-01
3.131099999999999994e-01
3.151300000000000212e-01
3.181399999999999784e-01
3.201700000000000101e-01
3.232599999999999918e-01
3.253400000000000181e-01
3.283800000000000052e-01
3.304300000000000015e-01
3.335099999999999731e-01
3.355199999999999849e-01
3.386000000000000121e-01
3.406299999999999883e-01
3.437100000000000155e-01
3.457700000000000218e-01
3.488499999999999934e-01
3.508800000000000252e-01
3.539399999999999769e-01
3.560200000000000031e-01
3.590900000000000203e-01
3.611300000000000066e-01
3.641699999999999937e-01
3.661699999999999955e-01
3.692500000000000226e-01
3.713000000000000189e-01
3.743699999999999806e-01
3.764000000000000123e-01
3.793000000000000260e-01
3.813599999999999768e-01
3.844000000000000195e-01
3.864400000000000057e-01
3.894500000000000184e-01
3.915500000000000091e-01
3.946299999999999808e-01
3.966799999999999771e-01
3.997899999999999787e-01
4.017800000000000260e-01
4.049099999999999921e-01
4.069599999999999884e-01
4.100400000000000156e-01
4.120699999999999918e-01
4.150800000000000045e-01
4.171300000000000008e-01
4.202099999999999724e-01
4.222899999999999987e-01
4.253299999999999859e-01
4.273799999999999821e-01
4.304700000000000193e-01
4.324899999999999856e-01
4.355600000000000027e-01
4.375800000000000245e-01
4.406800000000000161e-01
4.427200000000000024e-01
4.458199999999999941e-01
4.478599999999999803e-01
4.509199999999999875e-01
4.529900000000000038e-01
4.560500000000000109e-01
4.581100000000000172e-01
4.611500000000000044e-01
4.631600000000000161e-01
4.662399999999999878e-01
4.682600000000000096e-01
4.713499999999999912e-01
4.733800000000000230e-01
4.764599999999999946e-01
4.785200000000000009e-01
4.815800000000000081e-01
4.835999999999999743e-01
4.865999999999999770e-01
4.887099999999999778e-01
4.917900000000000049e-01
4.938500000000000112e-01
4.969399999999999928e-01
4.989500000000000046e-01
5.018700000000000383e-01
5.039400000000000546e-01
5.070299999999999807e-01
5.090400000000000480e-01
5.120599999999999596e-01
5.141099999999999559e-01
5.171799999999999731e-01
5.192499999999999893e-01
5.222700000000000120e-01
5.243499999999999828e-01
5.274299999999999544e-01
5.294600000000000417e-01
5.325299999999999478e-01
5.345299999999999496e-01
5.376300000000000523e-01
5.396900000000000031e-01
5.427699999999999747e-01
5.448199999999999710e-01
5.478699999999999681e-01
5.499399999999999844e-01
5.529800000000000271e-01
5.550399999999999778e-01
5.581000000000000405e-01
5.601099999999999968e-01
5.631899999999999684e-01
5.652099999999999902e-01
5.682800000000000074e-01
5.703099999999999836e-01
5.734000000000000208e-01
5.754500000000000171e-01
5.785099999999999687e-01
5.805200000000000360e-01
5.835299999999999931e-01
5.856099999999999639e-01
5.887099999999999556e-01
5.907799999999999718e-01
5.938499999999999890e-01
5.958799999999999653e-01
5.989700000000000024e-01
6.010100000000000442e-01
6.040900000000000158e-01
6.061299999999999466e-01
6.091499999999999693e-01
6.112100000000000311e-01
6.142999999999999572e-01
6.161799999999999500e-01
6.191999999999999726e-01
6.212900000000000089e-01
6.243499999999999606e-01
6.263900000000000023e-01
6.296199999999999575e-01
6.316000000000000503e-01
6.347300000000000164e-01
6.367800000000000127e-01
6.398800000000000043e-01
6.419300000000000006e-01
6.449899999999999523e-01
6.470399999999999485e-01
6.500700000000000367e-01
6.521500000000000075e-01
6.552000000000000046e-01
6.572099999999999609e-01
6.602799999999999780e-01
6.622999999999999998e-01
6.653900000000000370e-01
6.674299999999999677e-01
6.705200000000000049e-01
6.725600000000000467e-01
6.756100000000000438e-01
6.776400000000000201e-01
6.806600000000000428e-01
6.827400000000000135e-01
6.858300000000000507e-01
6.878999999999999559e-01
6.909600000000000186e-01
6.929999999999999494e-01
6.961100000000000065e-01
6.981300000000000283e-01
7.012000000000000455e-01
7.032399999999999762e-01
7.062699999999999534e-01
7.083199999999999497e-01
7.113899999999999668e-01
7.134200000000000541e-01
7.164800000000000058e-01
7.185599999999999765e-01
7.216399999999999482e-01
7.236599999999999699e-01
7.267099999999999671e-01
7.287099999999999689e-01
7.318200000000000260e-01
7.338799999999999768e-01
7.369599999999999485e-01
7.389999999999999902e-01
7.420799999999999619e-01
7.441200000000000037e-01
7.471999999999999753e-01
7.490799999999999681e-01
7.521099999999999453e-01
7.541200000000000125e-01
7.571900000000000297e-01
7.592200000000000060e-01
7.623199999999999976e-01
7.644900000000000029e-01
7.675899999999999945e-01
7.696199999999999708e-01
7.726899999999999880e-01
7.747199999999999642e-01
7.777699999999999614e-01
7.798199999999999577e-01
7.828899999999999748e-01
7.849899999999999656e-01
7.880200000000000538e-01
7.900899999999999590e-01
7.931899999999999507e-01
7.952099999999999724e-01
7.982900000000000551e-01
8.003299999999999859e-01
8.033700000000000285e-01
8.054299999999999793e-01
8.084900000000000420e-01
8.105400000000000382e-01
8.135999999999999899e-01
8.156799999999999606e-01
8.187100000000000488e-01
8.207699999999999996e-01
8.238299999999999512e-01
8.258600000000000385e-01
8.287799999999999612e-01
8.308400000000000230e-01
8.339199999999999946e-01
8.359600000000000364e-01
8.390300000000000535e-01
8.410999999999999588e-01
8.441600000000000215e-01
8.461999999999999522e-01
8.492300000000000404e-01
8.512600000000000167e-01
8.543399999999999883e-01
8.564000000000000501e-01
8.594600000000000017e-01
8.614600000000000035e-01
8.645699999999999497e-01
8.666199999999999459e-01
8.696800000000000086e-01
8.717000000000000304e-01
8.747599999999999820e-01
8.768200000000000438e-01
8.798899999999999499e-01
8.819900000000000517e-01
8.850099999999999634e-01
8.870900000000000452e-01
8.901799999999999713e-01
8.921999999999999931e-01
8.952700000000000102e-01
8.972900000000000320e-01
9.003400000000000292e-01
9.023999999999999799e-01
9.054799999999999516e-01
9.075199999999999934e-01
9.105699999999999905e-01
9.126499999999999613e-01
9.156800000000000495e-01
9.177300000000000457e-01
9.207899999999999974e-01
9.228300000000000392e-01
9.259300000000000308e-01
9.279399999999999871e-01
9.310399999999999787e-01
9.330899999999999750e-01
9.361699999999999466e-01
9.382399999999999629e-01
9.413000000000000256e-01
9.433200000000000474e-01
9.463300000000000045e-01
9.483800000000000008e-01
9.514700000000000379e-01
9.535200000000000342e-01
9.565799999999999859e-01
9.585799999999999876e-01
9.616900000000000448e-01
9.647099999999999564e-01
9.667900000000000382e-01
9.698200000000000154e-01
9.718700000000000117e-01
9.749600000000000488e-01
9.769799999999999596e-01
9.800799999999999512e-01
9.821100000000000385e-01
9.852100000000000302e-01
9.872699999999999809e-01
9.903399999999999981e-01
9.923800000000000399e-01
9.953899999999999970e-01
9.974300000000000388e-01
1.000499999999999945e+00
1.002590000000000092e+00
1.005630000000000024e+00
1.007509999999999906e+00
1.010580000000000034e+00
1.012610000000000010e+00
1.015689999999999982e+00
1.017719999999999958e+00
1.020799999999999930e+00
1.022860000000000102e+00
1.025949999999999918e+00
1.027970000000000050e+00
1.031020000000000048e+00
1.033120000000000038e+00
1.036180000000000101e+00
1.038240000000000052e+00
1.041279999999999983e+00
1.043269999999999920e+00
1.046349999999999891e+00
1.048410000000000064e+00
1.051490000000000036e+00
1.053520000000000012e+00
1.056580000000000075e+00
1.058640000000000025e+00
1.061679999999999957e+00
1.063739999999999908e+00
1.066750000000000087e+00
1.068829999999999947e+00
1.071900000000000075e+00
1.073949999999999960e+00
1.077050000000000063e+00
1.079069999999999974e+00
1.082170000000000076e+00
1.084219999999999962e+00
1.087290000000000090e+00
1.089329999999999909e+00
1.092340000000000089e+00
1.094389999999999974e+00
1.097450000000000037e+00
1.099529999999999896e+00
1.102579999999999893e+00
1.104630000000000001e+00
1.107709999999999972e+00
1.109730000000000105e+00
1.112800000000000011e+00
1.114829999999999988e+00
1.117909999999999959e+00
1.119960000000000067e+00
1.123050000000000104e+00
1.125080000000000080e+00
1.127960000000000074e+00
1.130049999999999999e+00
1.133119999999999905e+00
1.135170000000000012e+00
1.138200000000000101e+00
1.140209999999999946e+00
1.143280000000000074e+00
1.145329999999999959e+00
1.148390000000000022e+00
1.150430000000000064e+00
1.153510000000000035e+00
1.155559999999999921e+00
1.158609999999999918e+00
1.160649999999999959e+00
1.163669999999999982e+00
1.165759999999999907e+00
1.168830000000000036e+00
1.170900000000000052e+00
1.173990000000000089e+00
1.175999999999999934e+00
1.179089999999999971e+00
1.181159999999999988e+00
1.184239999999999959e+00
1.186280000000000001e+00
1.189289999999999958e+00
1.191330000000000000e+00
1.194390000000000063e+00
1.196479999999999988e+00
1.199510000000000076e+00
1.201580000000000092e+00
1.204660000000000064e+00
1.206690000000000040e+00
1.209759999999999946e+00
1.211789999999999923e+00
1.214869999999999894e+00
1.216930000000000067e+00
1.219999999999999973e+00
1.222040000000000015e+00
1.225109999999999921e+00
1.227179999999999938e+00
1.230220000000000091e+00
1.232290000000000108e+00
1.235349999999999948e+00
1.237360000000000015e+00
1.240450000000000053e+00
1.242459999999999898e+00
1.245530000000000026e+00
1.247579999999999911e+00
1.250499999999999945e+00
1.252539999999999987e+00
1.255600000000000049e+00
1.257630000000000026e+00
1.260659999999999892e+00
1.262729999999999908e+00
1.265819999999999945e+00
1.267879999999999896e+00
1.270950000000000024e+00
1.272969999999999935e+00
1.276059999999999972e+00
1.278110000000000079e+00
1.281209999999999960e+00
1.283250000000000002e+00
1.286249999999999893e+00
1.288300000000000001e+00
1.291360000000000063e+00
1.293439999999999923e+00
1.296470000000000011e+00
1.298540000000000028e+00
1.301630000000000065e+00
1.303649999999999975e+00
1.306699999999999973e+00
1.308720000000000105e+00
1.311830000000000052e+00
1.313879999999999937e+00
1.316959999999999908e+00
1.319010000000000016e+00
1.322070000000000078e+00
1.324130000000000029e+00
1.327159999999999895e+00
1.329229999999999912e+00
1.332289999999999974e+00
1.334300000000000042e+00
1.337380000000000013e+00
1.339380000000000015e+00
1.342470000000000052e+00
1.344519999999999937e+00
1.347609999999999975e+00
1.349650000000000016e+00
1.352700000000000014e+00
1.354719999999999924e+00
1.357750000000000012e+00
1.359820000000000029e+00
1.362910000000000066e+00
1.364970000000000017e+00
1.368030000000000079e+00
1.371110000000000051e+00
1.373159999999999936e+00
1.376239999999999908e+00
1.378279999999999950e+00
1.381340000000000012e+00
1.383350000000000080e+00
1.386430000000000051e+00
1.388470000000000093e+00
1.391550000000000065e+00
1.393559999999999910e+00
1.396670000000000078e+00
1.398719999999999963e+00
1.400770000000000071e+00
1.403799999999999937e+00
1.405799999999999939e+00
1.408919999999999950e+00
1.410989999999999966e+00
1.414060000000000095e+00
1.416109999999999980e+00
1.419189999999999952e+00
1.421210000000000084e+00
1.424269999999999925e+00
1.426360000000000072e+00
1.429400000000000004e+00
1.431400000000000006e+00
1.434469999999999912e+00
1.436490000000000045e+00
1.439580000000000082e+00
1.441619999999999902e+00
1.444720000000000004e+00
1.446749999999999980e+00
1.449820000000000109e+00
1.451840000000000019e+00
1.454879999999999951e+00
1.456949999999999967e+00
1.460029999999999939e+00
1.461929999999999952e+00
1.465160000000000018e+00
1.467009999999999925e+00
1.470129999999999937e+00
1.472159999999999913e+00
1.475230000000000041e+00
1.477270000000000083e+00
1.480290000000000106e+00
1.482339999999999991e+00
1.485409999999999897e+00
1.487460000000000004e+00
1.490499999999999936e+00
1.492590000000000083e+00
1.495649999999999924e+00
1.497689999999999966e+00
1.500750000000000028e+00
1.502750000000000030e+00
1.505849999999999911e+00
1.507919999999999927e+00
1.510990000000000055e+00
1.513030000000000097e+00
1.516110000000000069e+00
1.518170000000000019e+00
1.521209999999999951e+00
1.523279999999999967e+00
1.526310000000000056e+00
1.528329999999999966e+00
1.531390000000000029e+00
1.533430000000000071e+00
1.536520000000000108e+00
1.538529999999999953e+00
1.541630000000000056e+00
1.543660000000000032e+00
1.546740000000000004e+00
1.548759999999999915e+00
1.551770000000000094e+00
1.553819999999999979e+00
1.556890000000000107e+00
1.558969999999999967e+00
1.562009999999999899e+00
1.564079999999999915e+00
1.567190000000000083e+00
1.569209999999999994e+00
1.572300000000000031e+00
1.574330000000000007e+00
1.577350000000000030e+00
1.579409999999999981e+00
1.582489999999999952e+00
1.584529999999999994e+00
1.587569999999999926e+00
1.589660000000000073e+00
1.592710000000000070e+00
1.594759999999999955e+00
1.597820000000000018e+00
1.599849999999999994e+00
1.602770000000000028e+00
1.604829999999999979e+00
1.608070000000000110e+00
1.610109999999999930e+00
1.613199999999999967e+00
1.615259999999999918e+00
1.618319999999999981e+00
1.620370000000000088e+00
1.623240000000000016e+00
1.625250000000000083e+00
1.628330000000000055e+00
1.630379999999999940e+00
1.633459999999999912e+00
1.635459999999999914e+00
1.638549999999999951e+00
1.640589999999999993e+00
1.643680000000000030e+00
1.645710000000000006e+00
1.648760000000000003e+00
1.650819999999999954e+00
1.653880000000000017e+00
1.655960000000000099e+00
1.659010000000000096e+00
1.661089999999999955e+00
1.664169999999999927e+00
1.666190000000000060e+00
1.669249999999999901e+00
1.671289999999999942e+00
1.674350000000000005e+00
1.676399999999999890e+00
1.679470000000000018e+00
1.681510000000000060e+00
1.684560000000000057e+00
1.686639999999999917e+00
1.689680000000000071e+00
1.691740000000000022e+00
1.694800000000000084e+00
1.696819999999999995e+00
1.699920000000000098e+00
1.701950000000000074e+00
1.705039999999999889e+00
1.707100000000000062e+00
1.710180000000000033e+00
1.712229999999999919e+00
1.715289999999999981e+00
1.717309999999999892e+00
1.720339999999999980e+00
1.722380000000000022e+00
1.725470000000000059e+00
1.727510000000000101e+00
1.730590000000000073e+00
1.732580000000000009e+00
1.735670000000000046e+00
1.737719999999999931e+00
1.740790000000000060e+00
1.742830000000000101e+00
1.745859999999999967e+00
1.747910000000000075e+00
1.750979999999999981e+00
1.753069999999999906e+00
1.756119999999999903e+00
1.758189999999999920e+00
1.761279999999999957e+00
1.763300000000000090e+00
1.766369999999999996e+00
1.768389999999999906e+00
1.771449999999999969e+00
1.773500000000000076e+00
1.776569999999999983e+00
1.778610000000000024e+00
1.781689999999999996e+00
1.783730000000000038e+00
1.786790000000000100e+00
1.788869999999999960e+00
1.791900000000000048e+00
1.793949999999999934e+00
1.797020000000000062e+00
1.799039999999999973e+00
1.802140000000000075e+00
1.804200000000000026e+00
1.807299999999999907e+00
1.809339999999999948e+00
1.812240000000000073e+00
1.814259999999999984e+00
1.817280000000000006e+00
1.819339999999999957e+00
1.822400000000000020e+00
1.824459999999999971e+00
1.827509999999999968e+00
1.829509999999999970e+00
1.832629999999999981e+00
1.834680000000000089e+00
1.837749999999999995e+00
1.839779999999999971e+00
1.842829999999999968e+00
1.844889999999999919e+00
1.847960000000000047e+00
1.850030000000000063e+00
1.853069999999999995e+00
1.855150000000000077e+00
1.858219999999999983e+00
1.860270000000000090e+00
1.863339999999999996e+00
1.865350000000000064e+00
1.868389999999999995e+00
1.870460000000000012e+00
1.873529999999999918e+00
1.875569999999999959e+00
1.878640000000000088e+00
1.880679999999999907e+00
1.883739999999999970e+00
1.885799999999999921e+00
1.888849999999999918e+00
1.890889999999999960e+00
1.893979999999999997e+00
1.895999999999999908e+00
1.899089999999999945e+00
1.901140000000000052e+00
1.904230000000000089e+00
1.906269999999999909e+00
1.909340000000000037e+00
1.911380000000000079e+00
1.914409999999999945e+00
1.916439999999999921e+00
1.919510000000000050e+00
1.921559999999999935e+00
1.924600000000000088e+00
1.926649999999999974e+00
1.929750000000000076e+00
1.931780000000000053e+00
1.934830000000000050e+00
1.936860000000000026e+00
1.939950000000000063e+00
1.942020000000000080e+00
1.944909999999999917e+00
1.946970000000000089e+00
1.950020000000000087e+00
1.952110000000000012e+00
1.955149999999999944e+00
1.957209999999999894e+00
1.960290000000000088e+00
1.962299999999999933e+00
1.965349999999999930e+00
1.967410000000000103e+00
1.970490000000000075e+00
1.972529999999999895e+00
1.975610000000000088e+00
1.977649999999999908e+00
1.980699999999999905e+00
1.982750000000000012e+00
1.985800000000000010e+00
1.987840000000000051e+00
1.990949999999999998e+00
1.992979999999999974e+00
1.996070000000000011e+00
1.998110000000000053e+00
2.001189999999999802e+00
2.003229999999999844e+00
2.006320000000000103e+00
2.008360000000000145e+00
2.011369999999999880e+00
2.013409999999999922e+00
2.016480000000000050e+00
2.018539999999999779e+00
2.021599999999999842e+00
2.023649999999999949e+00
2.026740000000000208e+00
2.028750000000000053e+00
2.031820000000000181e+00
2.033840000000000092e+00
2.036929999999999907e+00
2.039000000000000146e+00
2.042069999999999830e+00
2.044109999999999872e+00
2.047149999999999803e+00
2.049259999999999859e+00
2.052309999999999857e+00
2.054359999999999964e+00
2.057430000000000092e+00
2.059439999999999937e+00
2.062489999999999934e+00
2.064529999999999976e+00
2.067629999999999857e+00
2.069669999999999899e+00
2.072740000000000027e+00
2.074790000000000134e+00
2.077850000000000197e+00
2.079889999999999795e+00
2.082910000000000039e+00
2.084989999999999899e+00
2.088080000000000158e+00
2.089609999999999967e+00
2.089649999999999785e+00
2.089640000000000164e+00
2.090240000000000098e+00
2.092249999999999943e+00
2.095279999999999809e+00
2.097360000000000113e+00
2.100429999999999797e+00
2.102489999999999970e+00
2.105550000000000033e+00
2.107549999999999812e+00
2.110609999999999875e+00
2.112649999999999917e+00
2.115730000000000111e+00
2.117780000000000218e+00
2.120839999999999836e+00
2.122879999999999878e+00
2.125929999999999875e+00
2.127990000000000048e+00
2.131029999999999980e+00
2.133049999999999891e+00
2.136150000000000215e+00
2.138199999999999878e+00
2.141280000000000072e+00
2.143320000000000114e+00
2.146409999999999929e+00
2.148449999999999971e+00
2.151549999999999851e+00
2.153570000000000206e+00
2.156590000000000007e+00
2.158619999999999983e+00
2.161690000000000111e+00
2.163780000000000037e+00
2.166830000000000034e+00
2.168880000000000141e+00
2.171969999999999956e+00
2.173979999999999801e+00
2.177039999999999864e+00
2.179079999999999906e+00
2.182170000000000165e+00
2.184229999999999894e+00
2.187310000000000088e+00
2.189329999999999998e+00
2.192379999999999995e+00
2.194479999999999986e+00
2.197540000000000049e+00
2.199600000000000222e+00
2.202659999999999840e+00
2.204649999999999999e+00
2.207699999999999996e+00
2.209750000000000103e+00
2.212839999999999918e+00
2.214879999999999960e+00
2.217960000000000154e+00
2.220009999999999817e+00
2.222869999999999902e+00
2.224930000000000074e+00
2.227970000000000006e+00
2.230030000000000179e+00
2.233119999999999994e+00
2.235149999999999970e+00
2.238239999999999785e+00
2.240250000000000075e+00
2.243370000000000086e+00
2.245410000000000128e+00
2.248499999999999943e+00
2.250529999999999919e+00
2.253550000000000164e+00
2.255560000000000009e+00
2.258649999999999824e+00
2.260720000000000063e+00
2.263770000000000060e+00
2.265820000000000167e+00
2.268920000000000048e+00
2.270910000000000206e+00
2.273989999999999956e+00
2.277039999999999953e+00
2.279119999999999813e+00
2.282189999999999941e+00
2.284240000000000048e+00
2.287300000000000111e+00
2.289340000000000153e+00
2.292429999999999968e+00
2.294480000000000075e+00
2.297550000000000203e+00
2.299580000000000179e+00
2.302589999999999915e+00
2.304640000000000022e+00
2.307720000000000216e+00
2.309769999999999879e+00
2.312819999999999876e+00
2.314890000000000114e+00
2.317940000000000111e+00
2.319990000000000219e+00
2.323049999999999837e+00
2.325050000000000061e+00
2.328149999999999942e+00
2.330210000000000115e+00
2.333299999999999930e+00
2.335339999999999971e+00
2.338429999999999787e+00
2.340469999999999828e+00
2.343529999999999891e+00
2.345600000000000129e+00
2.348650000000000126e+00
2.350649999999999906e+00
2.353730000000000100e+00
2.355770000000000142e+00
2.358839999999999826e+00
2.360879999999999868e+00
2.363989999999999814e+00
2.366019999999999790e+00
2.369089999999999918e+00
2.371140000000000025e+00
2.374179999999999957e+00
2.376250000000000195e+00
2.379140000000000033e+00
2.381200000000000205e+00
2.384269999999999889e+00
2.386309999999999931e+00
2.389409999999999812e+00
2.391439999999999788e+00
2.394519999999999982e+00
2.396549999999999958e+00
2.399570000000000203e+00
2.401629999999999932e+00
2.404700000000000060e+00
2.406740000000000101e+00
2.409780000000000033e+00
2.411849999999999827e+00
2.414930000000000021e+00
2.416980000000000128e+00
2.420040000000000191e+00
2.422050000000000036e+00
2.425129999999999786e+00
2.427189999999999959e+00
2.430270000000000152e+00
2.432310000000000194e+00
2.435400000000000009e+00
2.437450000000000117e+00
2.440510000000000179e+00
2.442569999999999908e+00
2.445619999999999905e+00
2.447639999999999816e+00
2.450699999999999878e+00
2.452739999999999920e+00
2.455820000000000114e+00
2.457850000000000090e+00
2.460929999999999840e+00
2.462979999999999947e+00
2.466050000000000075e+00
2.468090000000000117e+00
2.471159999999999801e+00
2.473209999999999908e+00
2.476259999999999906e+00
2.478330000000000144e+00
2.481390000000000207e+00
2.483460000000000001e+00
2.486530000000000129e+00
2.488550000000000040e+00
2.491620000000000168e+00
2.493660000000000210e+00
2.496700000000000141e+00
2.498759999999999870e+00
2.501829999999999998e+00
2.503859999999999975e+00
2.506889999999999841e+00
2.508980000000000210e+00
2.511880000000000113e+00
2.513920000000000154e+00
2.516989999999999839e+00
2.518979999999999997e+00
2.522069999999999812e+00
2.524129999999999985e+00
2.527200000000000113e+00
2.529250000000000220e+00
2.532340000000000035e+00
2.534390000000000143e+00
2.537420000000000009e+00
2.539489999999999803e+00
2.542549999999999866e+00
2.544570000000000221e+00
2.547639999999999905e+00
2.549690000000000012e+00
2.552760000000000140e+00
2.554769999999999985e+00
2.557859999999999800e+00
2.559919999999999973e+00
2.562990000000000101e+00
2.565040000000000209e+00
2.568080000000000140e+00
2.570120000000000182e+00
2.573189999999999866e+00
2.575279999999999792e+00
2.578329999999999789e+00
2.580410000000000093e+00
2.583470000000000155e+00
2.585480000000000000e+00
2.588550000000000129e+00
2.590599999999999792e+00
2.593640000000000168e+00
2.595689999999999831e+00
2.598770000000000024e+00
2.600800000000000001e+00
2.603839999999999932e+00
2.605929999999999858e+00
2.608989999999999920e+00
2.611040000000000028e+00
2.614090000000000025e+00
2.616099999999999870e+00
2.619200000000000195e+00
2.621239999999999792e+00
2.624340000000000117e+00
2.626370000000000093e+00
2.629469999999999974e+00
2.631530000000000147e+00
2.634580000000000144e+00
2.636610000000000120e+00
2.639650000000000052e+00
2.641690000000000094e+00
2.644750000000000156e+00
2.646630000000000038e+00
2.649700000000000166e+00
2.651730000000000143e+00
2.654830000000000023e+00
2.656880000000000130e+00
2.659940000000000193e+00
2.661979999999999791e+00
2.665039999999999853e+00
2.667069999999999830e+00
2.670150000000000023e+00
2.672219999999999818e+00
2.675269999999999815e+00
2.677340000000000053e+00
2.680419999999999803e+00
2.682440000000000158e+00
2.685500000000000220e+00
2.687559999999999949e+00
2.690580000000000194e+00
2.692629999999999857e+00
2.695679999999999854e+00
2.697719999999999896e+00
2.700800000000000090e+00
2.702859999999999818e+00
2.705929999999999946e+00
2.707980000000000054e+00
2.711009999999999920e+00
2.713070000000000093e+00
2.716159999999999908e+00
2.718189999999999884e+00
2.721270000000000078e+00
2.723320000000000185e+00
2.726410000000000000e+00
2.728460000000000107e+00
2.731539999999999857e+00
2.733569999999999833e+00
2.736610000000000209e+00
2.738649999999999807e+00
2.741709999999999869e+00
2.743759999999999977e+00
2.746840000000000170e+00
2.748860000000000081e+00
2.751949999999999896e+00
2.754000000000000004e+00
2.757070000000000132e+00
2.759100000000000108e+00
2.762169999999999792e+00
2.764219999999999899e+00
2.767290000000000028e+00
2.769190000000000040e+00
2.772240000000000038e+00
2.774300000000000210e+00
2.777390000000000025e+00
2.779420000000000002e+00
2.782480000000000064e+00
2.784520000000000106e+00
2.787560000000000038e+00
2.789600000000000080e+00
2.792660000000000142e+00
2.794709999999999805e+00
2.797789999999999999e+00
2.799840000000000106e+00
2.802890000000000104e+00
2.804940000000000211e+00
2.807999999999999829e+00
2.810049999999999937e+00
2.813130000000000130e+00
2.815160000000000107e+00
2.818239999999999856e+00
2.820289999999999964e+00
2.823370000000000157e+00
2.825419999999999821e+00
2.828510000000000080e+00
2.830529999999999990e+00
2.833569999999999922e+00
2.835599999999999898e+00
2.838670000000000027e+00
2.840730000000000199e+00
2.843799999999999883e+00
2.845819999999999794e+00
2.848910000000000053e+00
2.850950000000000095e+00
2.854019999999999779e+00
2.856050000000000200e+00
2.859129999999999949e+00
2.861180000000000057e+00
2.864259999999999806e+00
2.866309999999999913e+00
2.869339999999999780e+00
2.871430000000000149e+00
2.874490000000000212e+00
2.876549999999999940e+00
2.879610000000000003e+00
2.881619999999999848e+00
2.884669999999999845e+00
2.886719999999999953e+00
2.889780000000000015e+00
2.891840000000000188e+00
2.894919999999999938e+00
2.896949999999999914e+00
2.899989999999999846e+00
2.902050000000000018e+00
2.905110000000000081e+00
2.907160000000000188e+00
2.910229999999999873e+00
2.912269999999999914e+00
2.915340000000000042e+00
2.917390000000000150e+00
2.920469999999999899e+00
2.922520000000000007e+00
2.925609999999999822e+00
2.927639999999999798e+00
2.930670000000000108e+00
2.932529999999999859e+00
2.935599999999999987e+00
2.937669999999999781e+00
2.940729999999999844e+00
2.942759999999999820e+00
2.945840000000000014e+00
2.947880000000000056e+00
2.950950000000000184e+00
2.952980000000000160e+00
2.956069999999999975e+00
2.958120000000000083e+00
2.961209999999999898e+00
2.963239999999999874e+00
2.966279999999999806e+00
2.968360000000000110e+00
2.971439999999999859e+00
2.973489999999999966e+00
2.976539999999999964e+00
2.978549999999999809e+00
2.981590000000000185e+00
2.983659999999999979e+00
2.986740000000000173e+00
2.988780000000000214e+00
2.991839999999999833e+00
2.993900000000000006e+00
2.996929999999999872e+00
2.999000000000000110e+00
3.002050000000000107e+00
3.004109999999999836e+00
3.007179999999999964e+00
3.009209999999999940e+00
3.012300000000000200e+00
3.014339999999999797e+00
3.017440000000000122e+00
3.019489999999999785e+00
3.022559999999999913e+00
3.024599999999999955e+00
3.027600000000000069e+00
3.029650000000000176e+00
3.032719999999999860e+00
3.034780000000000033e+00
3.037850000000000161e+00
3.039890000000000203e+00
3.042980000000000018e+00
3.044989999999999863e+00
3.048059999999999992e+00
3.050110000000000099e+00
3.053199999999999914e+00
3.055250000000000021e+00
3.058300000000000018e+00
3.060329999999999995e+00
3.063410000000000188e+00
3.065500000000000114e+00
3.068560000000000176e+00
3.070600000000000218e+00
3.073650000000000215e+00
3.075670000000000126e+00
3.078720000000000123e+00
3.080760000000000165e+00
3.083829999999999849e+00
3.085879999999999956e+00
3.088950000000000085e+00
3.091000000000000192e+00
3.094079999999999941e+00
3.096119999999999983e+00
3.099159999999999915e+00
3.101170000000000204e+00
3.104239999999999888e+00
3.106289999999999996e+00
3.109360000000000124e+00
3.111400000000000166e+00
3.114500000000000046e+00
3.116560000000000219e+00
3.119629999999999903e+00
3.121669999999999945e+00
3.124690000000000190e+00
3.126549999999999940e+00
3.129630000000000134e+00
3.131699999999999928e+00
3.134739999999999860e+00
3.136800000000000033e+00
3.139889999999999848e+00
3.141900000000000137e+00
3.144979999999999887e+00
3.147019999999999929e+00
3.150119999999999809e+00
3.152149999999999785e+00
3.155229999999999979e+00
3.157259999999999955e+00
3.160340000000000149e+00
3.162399999999999878e+00
3.165459999999999940e+00
3.167510000000000048e+00
3.170580000000000176e+00
3.172600000000000087e+00
3.175640000000000018e+00
3.177690000000000126e+00
3.180759999999999810e+00
3.182799999999999851e+00
3.185880000000000045e+00
3.187930000000000152e+00
3.190999999999999837e+00
3.193020000000000191e+00
3.196079999999999810e+00
3.198139999999999983e+00
3.201210000000000111e+00
3.203279999999999905e+00
3.206339999999999968e+00
3.208369999999999944e+00
3.211479999999999890e+00
3.213509999999999867e+00
3.216579999999999995e+00
3.218630000000000102e+00
3.221670000000000034e+00
3.223689999999999944e+00
3.226770000000000138e+00
3.228839999999999932e+00
3.231879999999999864e+00
3.233940000000000037e+00
3.237010000000000165e+00
3.239059999999999828e+00
3.242109999999999825e+00
3.244139999999999802e+00
3.247230000000000061e+00
3.249289999999999790e+00
3.252359999999999918e+00
3.254410000000000025e+00
3.257480000000000153e+00
3.259529999999999816e+00
3.262579999999999814e+00
3.264639999999999986e+00
3.267700000000000049e+00
3.269730000000000025e+00
3.272780000000000022e+00
3.274799999999999933e+00
3.277880000000000127e+00
3.279929999999999790e+00
3.283009999999999984e+00
3.285060000000000091e+00
3.287959999999999994e+00
3.290000000000000036e+00
3.293010000000000215e+00
3.295059999999999878e+00
3.298160000000000203e+00
3.300209999999999866e+00
3.303300000000000125e+00
3.305309999999999970e+00
3.308390000000000164e+00
3.310449999999999893e+00
3.313520000000000021e+00
3.315560000000000063e+00
3.318599999999999994e+00
3.320629999999999971e+00
3.323690000000000033e+00
3.325750000000000206e+00
3.328809999999999825e+00
3.330890000000000128e+00
3.333950000000000191e+00
3.335989999999999789e+00
3.339059999999999917e+00
3.341070000000000206e+00
3.344149999999999956e+00
3.346210000000000129e+00
3.349289999999999878e+00
3.351339999999999986e+00
3.354429999999999801e+00
3.356450000000000156e+00
3.359510000000000218e+00
3.361580000000000013e+00
3.364650000000000141e+00
3.366659999999999986e+00
3.369720000000000049e+00
3.371739999999999959e+00
3.374820000000000153e+00
3.376860000000000195e+00
3.379960000000000075e+00
3.381990000000000052e+00
3.385079999999999867e+00
3.387109999999999843e+00
3.390130000000000088e+00
3.392220000000000013e+00
3.395290000000000141e+00
3.397359999999999935e+00
3.400419999999999998e+00
3.402439999999999909e+00
3.405530000000000168e+00
3.407570000000000210e+00
3.410639999999999894e+00
3.412690000000000001e+00
3.415709999999999802e+00
3.417780000000000040e+00
3.420830000000000037e+00
3.422870000000000079e+00
3.425930000000000142e+00
3.428010000000000002e+00
3.431070000000000064e+00
3.433110000000000106e+00
3.436179999999999790e+00
3.438200000000000145e+00
3.441279999999999895e+00
3.443350000000000133e+00
3.446419999999999817e+00
3.448459999999999859e+00
3.451540000000000052e+00
3.453559999999999963e+00
3.456640000000000157e+00
3.458709999999999951e+00
3.461749999999999883e+00
3.463769999999999794e+00
3.466829999999999856e+00
3.468859999999999832e+00
3.471940000000000026e+00
3.475010000000000154e+00
3.477069999999999883e+00
3.480129999999999946e+00
3.482190000000000119e+00
3.485230000000000050e+00
3.487280000000000157e+00
3.490190000000000126e+00
3.492230000000000167e+00
3.495309999999999917e+00
3.497349999999999959e+00
3.500430000000000152e+00
3.502499999999999947e+00
3.505570000000000075e+00
3.507600000000000051e+00
3.510660000000000114e+00
3.512669999999999959e+00
3.515730000000000022e+00
3.517790000000000195e+00
3.520859999999999879e+00
3.522889999999999855e+00
3.525980000000000114e+00
3.528020000000000156e+00
3.531109999999999971e+00
3.533150000000000013e+00
3.536210000000000075e+00
3.538250000000000117e+00
3.541310000000000180e+00
3.543379999999999974e+00
3.546419999999999906e+00
3.548490000000000144e+00
3.551569999999999894e+00
3.553620000000000001e+00
3.556700000000000195e+00
3.558730000000000171e+00
3.561739999999999906e+00
3.563800000000000079e+00
3.566870000000000207e+00
3.568909999999999805e+00
3.571979999999999933e+00
3.574040000000000106e+00
3.577069999999999972e+00
3.579130000000000145e+00
3.582209999999999894e+00
3.584260000000000002e+00
3.587330000000000130e+00
3.589370000000000172e+00
3.592439999999999856e+00
3.594479999999999897e+00
3.597579999999999778e+00
3.599629999999999885e+00
3.602710000000000079e+00
3.604719999999999924e+00
3.607769999999999921e+00
3.609799999999999898e+00
3.612870000000000026e+00
3.614939999999999820e+00
3.617989999999999817e+00
3.620029999999999859e+00
3.623099999999999987e+00
3.625140000000000029e+00
3.628070000000000128e+00
3.630090000000000039e+00
3.633169999999999789e+00
3.635209999999999830e+00
3.638290000000000024e+00
3.640350000000000197e+00
3.643359999999999932e+00
3.645449999999999857e+00
3.648530000000000051e+00
3.650580000000000158e+00
3.653630000000000155e+00
3.655650000000000066e+00
3.658700000000000063e+00
3.660750000000000171e+00
3.663819999999999855e+00
3.665880000000000027e+00
3.668950000000000156e+00
3.670980000000000132e+00
3.674030000000000129e+00
3.676089999999999858e+00
3.679159999999999986e+00
3.681189999999999962e+00
3.684260000000000090e+00
3.686290000000000067e+00
3.689369999999999816e+00
3.691429999999999989e+00
3.694510000000000183e+00
3.696549999999999780e+00
3.699629999999999974e+00
3.701659999999999950e+00
3.704689999999999817e+00
3.706729999999999858e+00
3.709799999999999986e+00
3.711860000000000159e+00
3.714920000000000222e+00
3.716969999999999885e+00
3.720040000000000013e+00
3.722080000000000055e+00
3.725159999999999805e+00
3.727209999999999912e+00
3.730259999999999909e+00
3.732320000000000082e+00
3.735390000000000210e+00
3.737410000000000121e+00
3.740489999999999871e+00
3.742570000000000174e+00
3.745639999999999858e+00
3.747689999999999966e+00
3.750750000000000028e+00
3.752759999999999874e+00
3.755809999999999871e+00
3.757849999999999913e+00
3.760759999999999881e+00
3.762799999999999923e+00
3.765890000000000182e+00
3.767910000000000093e+00
3.770970000000000155e+00
3.773039999999999949e+00
3.776100000000000012e+00
3.778150000000000119e+00
3.781219999999999803e+00
3.783240000000000158e+00
3.786329999999999973e+00
3.788380000000000081e+00
3.791469999999999896e+00
3.793509999999999938e+00
3.796580000000000066e+00
3.798620000000000108e+00
3.801649999999999974e+00
3.803679999999999950e+00
3.806750000000000078e+00
3.808819999999999872e+00
3.811850000000000183e+00
3.813919999999999977e+00
3.817000000000000171e+00
3.819040000000000212e+00
3.822099999999999831e+00
3.824149999999999938e+00
3.827230000000000132e+00
3.829270000000000174e+00
3.832339999999999858e+00
3.834379999999999900e+00
3.837439999999999962e+00
3.839519999999999822e+00
3.842579999999999885e+00
3.844629999999999992e+00
3.847700000000000120e+00
3.849709999999999965e+00
3.852749999999999897e+00
3.854800000000000004e+00
3.857870000000000132e+00
3.859910000000000174e+00
3.862989999999999924e+00
3.865019999999999900e+00
3.868110000000000159e+00
3.870140000000000136e+00
3.873209999999999820e+00
3.875259999999999927e+00
3.878319999999999990e+00
3.880370000000000097e+00
3.883459999999999912e+00
3.885489999999999888e+00
3.888419999999999987e+00
3.890620000000000189e+00
3.893689999999999873e+00
3.895579999999999821e+00
3.898620000000000196e+00
3.900640000000000107e+00
3.903700000000000170e+00
3.905759999999999899e+00
3.908809999999999896e+00
3.910870000000000068e+00
3.913969999999999949e+00
3.915989999999999860e+00
3.919049999999999923e+00
3.921089999999999964e+00
3.924179999999999779e+00
3.926219999999999821e+00
3.929289999999999949e+00
3.931340000000000057e+00
3.934390000000000054e+00
3.936469999999999914e+00
3.939529999999999976e+00
3.941580000000000084e+00
3.944659999999999833e+00
3.946670000000000122e+00
3.949710000000000054e+00
3.951769999999999783e+00
3.954829999999999846e+00
3.956869999999999887e+00
3.959950000000000081e+00
3.962000000000000188e+00
3.965069999999999872e+00
3.967109999999999914e+00
3.970180000000000042e+00
3.972230000000000150e+00
3.975299999999999834e+00
3.977349999999999941e+00
3.980420000000000069e+00
3.982439999999999980e+00
3.985529999999999795e+00
3.987579999999999902e+00
3.990670000000000162e+00
3.992710000000000203e+00
3.995740000000000069e+00
3.997759999999999980e+00
4.000820000000000043e+00
4.002889999999999837e+00
4.005939999999999834e+00
4.008009999999999629e+00
4.010909999999999975e+00
4.012940000000000396e+00
4.016009999999999636e+00
4.018040000000000056e+00
4.021139999999999937e+00
4.023189999999999600e+00
4.026259999999999728e+00
4.028299999999999770e+00
4.031369999999999898e+00
4.033430000000000071e+00
4.036469999999999558e+00
4.038529999999999731e+00
4.041610000000000369e+00
4.043630000000000280e+00
4.046680000000000277e+00
4.048700000000000188e+00
4.051789999999999559e+00
4.053829999999999600e+00
4.056910000000000238e+00
4.058970000000000411e+00
4.062020000000000408e+00
4.064049999999999940e+00
4.067090000000000316e+00
4.069160000000000110e+00
4.072230000000000238e+00
4.074290000000000411e+00
4.077359999999999651e+00
4.079390000000000072e+00
4.082460000000000200e+00
4.084529999999999994e+00
4.087589999999999613e+00
4.089640000000000164e+00
4.092670000000000030e+00
4.094689999999999941e+00
4.097749999999999559e+00
4.099809999999999732e+00
4.102890000000000370e+00
4.104949999999999655e+00
4.108010000000000161e+00
4.110059999999999825e+00
4.113109999999999822e+00
4.115149999999999864e+00
4.118229999999999613e+00
4.120289999999999786e+00
4.123359999999999914e+00
4.125399999999999956e+00
4.128309999999999924e+00
4.130370000000000097e+00
4.133409999999999584e+00
4.135480000000000267e+00
4.138530000000000264e+00
4.140559999999999796e+00
4.143600000000000172e+00
4.145629999999999704e+00
4.148719999999999963e+00
4.150769999999999627e+00
4.153850000000000264e+00
4.155899999999999928e+00
4.158970000000000056e+00
4.160999999999999588e+00
4.164030000000000342e+00
4.166109999999999758e+00
4.169190000000000396e+00
4.171249999999999680e+00
4.174310000000000187e+00
4.176319999999999588e+00
4.179420000000000357e+00
4.181479999999999642e+00
4.184549999999999770e+00
4.186589999999999812e+00
4.189619999999999678e+00
4.191639999999999588e+00
4.194709999999999717e+00
4.196760000000000268e+00
4.199819999999999887e+00
4.201900000000000190e+00
4.204979999999999940e+00
4.207010000000000360e+00
4.210079999999999600e+00
4.212110000000000021e+00
4.215189999999999770e+00
4.217249999999999943e+00
4.220299999999999940e+00
4.222349999999999604e+00
4.225430000000000241e+00
4.227470000000000283e+00
4.230540000000000411e+00
4.232599999999999696e+00
4.235660000000000203e+00
4.237689999999999735e+00
4.240719999999999601e+00
4.242759999999999643e+00
4.245829999999999771e+00
4.247889999999999944e+00
4.250969999999999693e+00
4.252849999999999575e+00
4.255910000000000082e+00
4.257950000000000124e+00
4.261009999999999742e+00
4.263080000000000425e+00
4.266149999999999665e+00
4.268209999999999837e+00
4.271259999999999835e+00
4.273299999999999876e+00
4.276390000000000136e+00
4.278430000000000177e+00
4.281520000000000437e+00
4.283549999999999969e+00
4.286579999999999835e+00
4.288619999999999877e+00
4.291690000000000005e+00
4.293739999999999668e+00
4.296800000000000175e+00
4.298869999999999969e+00
4.301910000000000345e+00
4.303960000000000008e+00
4.307050000000000267e+00
4.309079999999999799e+00
4.312149999999999928e+00
4.314210000000000100e+00
4.317269999999999719e+00
4.319320000000000270e+00
4.322409999999999641e+00
4.324440000000000062e+00
4.327490000000000059e+00
4.329570000000000363e+00
4.332620000000000360e+00
4.334620000000000140e+00
4.337690000000000268e+00
4.339739999999999931e+00
4.342810000000000059e+00
4.344859999999999722e+00
4.347940000000000360e+00
4.349980000000000402e+00
4.353040000000000020e+00
4.355089999999999684e+00
4.358159999999999812e+00
4.360199999999999854e+00
4.363279999999999603e+00
4.365330000000000155e+00
4.368369999999999642e+00
4.370449999999999946e+00
4.373350000000000293e+00
4.375399999999999956e+00
4.378459999999999575e+00
4.380499999999999616e+00
4.383530000000000371e+00
4.385580000000000034e+00
4.388639999999999652e+00
4.390690000000000204e+00
4.393740000000000201e+00
4.395809999999999995e+00
4.398869999999999614e+00
4.400949999999999918e+00
4.404010000000000424e+00
4.406030000000000335e+00
4.409099999999999575e+00
4.411139999999999617e+00
4.414229999999999876e+00
4.416280000000000427e+00
4.419349999999999667e+00
4.421389999999999709e+00
4.424459999999999837e+00
4.426510000000000389e+00
4.429570000000000007e+00
4.431580000000000297e+00
4.434660000000000046e+00
4.436679999999999957e+00
4.439759999999999707e+00
4.441799999999999748e+00
4.444880000000000386e+00
4.446920000000000428e+00
4.449989999999999668e+00
4.452049999999999841e+00
4.455110000000000348e+00
4.457130000000000258e+00
4.460200000000000387e+00
4.462259999999999671e+00
4.465329999999999799e+00
4.467399999999999594e+00
4.470469999999999722e+00
4.472500000000000142e+00
4.475550000000000139e+00
4.477599999999999802e+00
4.480640000000000178e+00
4.482689999999999841e+00
4.485769999999999591e+00
4.487790000000000390e+00
4.490850000000000009e+00
4.492930000000000312e+00
4.495989999999999931e+00
4.498039999999999594e+00
4.501109999999999722e+00
4.503149999999999764e+00
4.506199999999999761e+00
4.508250000000000313e+00
4.511169999999999902e+00
4.513219999999999565e+00
4.516289999999999694e+00
4.518320000000000114e+00
4.521390000000000242e+00
4.523439999999999905e+00
4.526489999999999903e+00
4.528520000000000323e+00
4.531579999999999941e+00
4.533629999999999605e+00
4.536699999999999733e+00
4.538730000000000153e+00
4.541820000000000412e+00
4.543870000000000076e+00
4.546949999999999825e+00
4.549000000000000377e+00
4.552059999999999995e+00
4.554090000000000416e+00
4.557140000000000413e+00
4.559210000000000207e+00
4.562280000000000335e+00
4.564350000000000129e+00
4.567420000000000258e+00
4.569449999999999790e+00
4.572510000000000296e+00
4.574569999999999581e+00
4.577589999999999826e+00
4.579640000000000377e+00
4.582709999999999617e+00
4.584730000000000416e+00
4.587810000000000166e+00
4.589889999999999581e+00
4.592950000000000088e+00
4.594999999999999751e+00
4.598060000000000258e+00
4.600109999999999921e+00
4.603159999999999918e+00
4.605209999999999582e+00
4.608290000000000219e+00
4.610339999999999883e+00
4.613419999999999632e+00
4.615459999999999674e+00
4.618540000000000312e+00
4.620560000000000223e+00
4.623619999999999841e+00
4.625659999999999883e+00
4.628720000000000390e+00
4.630770000000000053e+00
4.633829999999999671e+00
4.635849999999999582e+00
4.638959999999999972e+00
4.641000000000000014e+00
4.644079999999999764e+00
4.646119999999999806e+00
4.649020000000000152e+00
4.651030000000000442e+00
4.654099999999999682e+00
4.656179999999999986e+00
4.659229999999999983e+00
4.661469999999999558e+00
4.664520000000000444e+00
4.666559999999999597e+00
4.669660000000000366e+00
4.672699999999999854e+00
4.674719999999999764e+00
4.677780000000000271e+00
4.679829999999999934e+00
4.682890000000000441e+00
4.684940000000000104e+00
4.688030000000000364e+00
4.690059999999999896e+00
4.693130000000000024e+00
4.695170000000000066e+00
4.698070000000000412e+00
4.700129999999999697e+00
4.703219999999999956e+00
4.705250000000000377e+00
4.708289999999999864e+00
4.710370000000000168e+00
4.713409999999999656e+00
4.715499999999999581e+00
4.718560000000000088e+00
4.720579999999999998e+00
4.723620000000000374e+00
4.725670000000000037e+00
4.728729999999999656e+00
4.730769999999999698e+00
4.733859999999999957e+00
4.735899999999999999e+00
4.738959999999999617e+00
4.741010000000000169e+00
4.744080000000000297e+00
4.746150000000000091e+00
4.749189999999999579e+00
4.751240000000000130e+00
4.754319999999999879e+00
4.756359999999999921e+00
4.759430000000000049e+00
4.761490000000000222e+00
4.764569999999999972e+00
4.766610000000000014e+00
4.769660000000000011e+00
4.771659999999999791e+00
4.774720000000000297e+00
4.776779999999999582e+00
4.779840000000000089e+00
4.781920000000000393e+00
4.784989999999999633e+00
4.787010000000000431e+00
4.790070000000000050e+00
4.792110000000000092e+00
4.795219999999999594e+00
4.797259999999999636e+00
4.800329999999999764e+00
4.802360000000000184e+00
4.805410000000000181e+00
4.807500000000000107e+00
4.810559999999999725e+00
4.812610000000000277e+00
4.815500000000000114e+00
4.817529999999999646e+00
4.820560000000000400e+00
4.822600000000000442e+00
4.825689999999999813e+00
4.827729999999999855e+00
4.830820000000000114e+00
4.832860000000000156e+00
4.835910000000000153e+00
4.838129999999999598e+00
4.841029999999999944e+00
4.843239999999999768e+00
4.846300000000000274e+00
4.848349999999999937e+00
4.851429999999999687e+00
4.853439999999999976e+00
4.856519999999999726e+00
4.858590000000000408e+00
4.861670000000000158e+00
4.863710000000000200e+00
4.866740000000000066e+00
4.868750000000000355e+00
4.871830000000000105e+00
4.873890000000000278e+00
4.876960000000000406e+00
4.879019999999999690e+00
4.882080000000000197e+00
4.884120000000000239e+00
4.887179999999999858e+00
4.889230000000000409e+00
4.892330000000000290e+00
4.894359999999999822e+00
4.897420000000000329e+00
4.899449999999999861e+00
4.902549999999999741e+00
4.904600000000000293e+00
4.907659999999999911e+00
4.909720000000000084e+00
4.912779999999999703e+00
4.914810000000000123e+00
4.917839999999999989e+00
4.919870000000000410e+00
4.922959999999999781e+00
4.925010000000000332e+00
4.928090000000000082e+00
4.930130000000000123e+00
4.933209999999999873e+00
4.935229999999999784e+00
4.938290000000000290e+00
4.940360000000000085e+00
4.943419999999999703e+00
4.945490000000000386e+00
4.948540000000000383e+00
4.950569999999999915e+00
4.953660000000000174e+00
4.955720000000000347e+00
4.958789999999999587e+00
4.960829999999999629e+00
4.963860000000000383e+00
4.965880000000000294e+00
4.968960000000000043e+00
4.971009999999999707e+00
4.974079999999999835e+00
4.976140000000000008e+00
4.979190000000000005e+00
4.981259999999999799e+00
4.984320000000000306e+00
4.986360000000000348e+00
4.989429999999999588e+00
4.991480000000000139e+00
4.994539999999999758e+00
4.996579999999999799e+00
4.999640000000000306e+00
4.999990000000000379e+00
5.000000000000000000e+00
4.999990000000000379e+00
5.000000000000000000e+00
5.000000000000000000e+00
4.999970000000000248e+00
4.999990000000000379e+00
4.999990000000000379e+00
4.999990000000000379e+00
5.000000000000000000e+00
5.000000000000000000e+00
5.000000000000000000e+00
5.000000000000000000e+00
5.000000000000000000e+00
5.000000000000000000e+00
5.000000000000000000e+00
5.000000000000000000e+00
5.000000000000000000e+00
5.000000000000000000e+00
5.000000000000000000e+00
5.000000000000000000e+00
5.000000000000000000e+00
5.000000000000000000e+00
5.000000000000000000e+00
5.000000000000000000e+00
5.000000000000000000e+00
5.000000000000000000e+00
5.000000000000000000e+00
5.000000000000000000e+00
5.000000000000000000e+00
5.000000000000000000e+00
5.000000000000000000e+00
5.000000000000000000e+00
5.000000000000000000e+00
5.000000000000000000e+00
5.000000000000000000e+00
5.000000000000000000e+00
5.000000000000000000e+00
