-5.052261999999999774e-05
-5.052261999999999774e-05
-5.052261999999999774e-05
-5.052635000000000118e-05
-5.053006999999999714e-05
-5.053380000000000057e-05
-5.054124999999999997e-05
-5.054497000000000270e-05
-5.054497000000000270e-05
-5.054497000000000270e-05
-5.054124999999999997e-05
-5.053380000000000057e-05
-5.052635000000000118e-05
-5.051516999999999835e-05
-5.050771999999999895e-05
-5.048908999999999673e-05
-5.047418999999999794e-05
-5.044811000000000309e-05
-5.042575999999999813e-05
-5.039596000000000055e-05
-5.036616000000000297e-05
-5.032889999999999852e-05
-5.029165000000000154e-05
-5.024694999999999840e-05
-5.019851999999999859e-05
-5.014637000000000283e-05
-5.009048999999999685e-05
-5.003088000000000099e-05
-4.996755000000000239e-05
-4.990050000000000106e-05
-4.982598999999999964e-05
-4.975147999999999821e-05
-4.967325000000000082e-05
-4.959501999999999666e-05
-4.950933999999999988e-05
-4.942737999999999906e-05
-4.934170000000000228e-05
-4.925601999999999872e-05
-4.916660999999999850e-05
-4.908093000000000172e-05
-4.899153000000000221e-05
-4.890212000000000199e-05
-4.881643999999999843e-05
-4.873076000000000165e-05
-4.864506999999999740e-05
-4.855566999999999788e-05
-4.847744000000000049e-05
-4.839547999999999967e-05
-4.832096999999999825e-05
-4.824274000000000086e-05
-4.816824000000000013e-05
-4.809746000000000214e-05
-4.802667999999999738e-05
-4.795588999999999869e-05
-4.788883999999999735e-05
-4.782178000000000210e-05
-4.775844999999999673e-05
-4.769885000000000157e-05
-4.763924999999999963e-05
-4.757963999999999699e-05
-4.752375999999999779e-05
-4.746787999999999859e-05
-4.741199999999999939e-05
-4.735984999999999685e-05
-4.731141999999999704e-05
-4.725927000000000128e-05
-4.721455999999999743e-05
-4.716986000000000106e-05
-4.712888000000000065e-05
-4.708790000000000024e-05
-4.704691999999999983e-05
-4.700967000000000286e-05
-4.697241999999999910e-05
-4.693888999999999809e-05
-4.690535999999999707e-05
-4.687183999999999676e-05
-4.683831000000000252e-05
-4.680850999999999816e-05
-4.677497999999999715e-05
-4.674517999999999957e-05
-4.671537000000000129e-05
-4.668556999999999693e-05
-4.665576999999999935e-05
-4.662597000000000177e-05
-4.659615999999999671e-05
-4.656264000000000317e-05
-4.653282999999999812e-05
-4.650303000000000054e-05
-4.646949999999999952e-05
-4.643597999999999921e-05
-4.640244999999999819e-05
-4.636891999999999717e-05
-4.633539000000000294e-05
-4.630187000000000262e-05
-4.626834000000000160e-05
-4.623481000000000059e-05
-4.620127999999999957e-05
-4.616775999999999926e-05
-4.613050000000000158e-05
-4.608952000000000117e-05
-4.604855000000000146e-05
-4.600757000000000105e-05
-4.596285999999999720e-05
-4.591816000000000083e-05
-4.587345999999999769e-05
-4.582875000000000062e-05
-4.578404999999999747e-05
-4.573935000000000110e-05
-4.569463999999999725e-05
-4.564620999999999745e-05
-4.560151000000000108e-05
-4.555308000000000127e-05
-4.550837999999999813e-05
-4.545994999999999832e-05
-4.541525000000000195e-05
-4.536682000000000214e-05
-4.531839000000000234e-05
-4.527368999999999919e-05
-4.522525999999999939e-05
-4.518055000000000232e-05
-4.513212000000000251e-05
-4.508369999999999663e-05
-4.503526999999999682e-05
-4.498311000000000036e-05
-4.493468000000000055e-05
-4.488252999999999801e-05
-4.483409999999999821e-05
-4.478195000000000244e-05
-4.473723999999999859e-05
-4.468509000000000283e-05
-4.464038999999999968e-05
-4.459195999999999988e-05
-4.454353000000000007e-05
-4.449510000000000027e-05
-4.444294999999999772e-05
-4.439079000000000126e-05
-4.433863999999999872e-05
-4.427157999999999669e-05
-4.410767000000000252e-05
-4.374631999999999962e-05
-4.309067000000000192e-05
-4.208855999999999942e-05
-4.073256000000000088e-05
-3.904500000000000310e-05
-3.706687000000000041e-05
-3.486522000000000091e-05
-3.249593999999999774e-05
-3.003341000000000016e-05
-2.754118999999999914e-05
-2.506014000000000025e-05
-2.264616000000000071e-05
-2.032903000000000008e-05
-1.813109999999999993e-05
-1.607473999999999985e-05
-1.417105999999999947e-05
-1.242389999999999975e-05
-1.083692999999999994e-05
-9.402690999999999317e-06
-8.110014999999999634e-06
-6.966321999999999876e-06
-5.945592000000000079e-06
-5.047797000000000317e-06
-4.261761000000000412e-06
-3.572567999999999860e-06
-2.976521999999999977e-06
-2.454980999999999899e-06
-2.004221000000000169e-06
-1.616783000000000085e-06
-1.277782000000000000e-06
-9.909344999999999058e-07
-7.487869999999999935e-07
-5.364454000000000054e-07
-3.539043999999999857e-07
-2.048918999999999873e-07
-7.078097000000000068e-08
3.725312999999999789e-08
1.341113999999999974e-07
2.160676999999999966e-07
2.831239000000000223e-07
3.464538000000000023e-07
3.948826000000000078e-07
4.433114000000000133e-07
4.805660999999999558e-07
5.140936999999999946e-07
5.476213000000000334e-07
5.736982999999999829e-07
6.035007000000000222e-07
6.295776999999999717e-07
6.519293999999999826e-07
6.705558999999999939e-07
6.966329000000000493e-07
7.152593999999999547e-07
7.376110999999999656e-07
7.599629000000000215e-07
7.785892999999999877e-07
8.009411000000000436e-07
8.195675000000000098e-07
8.381940000000000211e-07
8.568203999999999873e-07
8.791720999999999981e-07
8.940732999999999648e-07
9.164251000000000208e-07
9.313262000000000482e-07
9.499526999999999537e-07
9.685828000000000008e-07
9.834839000000000283e-07
1.002109999999999965e-06
1.017012000000000081e-06
1.035638000000000078e-06
1.050538999999999955e-06
1.065440000000000043e-06
1.080340999999999920e-06
1.095243000000000035e-06
1.106417999999999975e-06
1.117593999999999942e-06
1.132496000000000058e-06
1.143670999999999998e-06
1.154846999999999965e-06
1.169748000000000053e-06
1.177198999999999899e-06
1.188375000000000078e-06
1.199551000000000045e-06
1.207001000000000076e-06
1.218177000000000043e-06
1.229353000000000010e-06
1.236804000000000068e-06
1.247980000000000035e-06
1.259154999999999975e-06
1.266606000000000033e-06
1.277782000000000000e-06
1.292683000000000088e-06
1.300133999999999934e-06
1.315035000000000023e-06
1.326210999999999990e-06
1.333661000000000020e-06
1.348561999999999897e-06
1.359738000000000075e-06
1.367188999999999922e-06
1.382090000000000010e-06
1.393265999999999977e-06
1.408167000000000065e-06
1.419343000000000032e-06
1.426793000000000063e-06
1.437969000000000030e-06
1.449144999999999997e-06
1.456596000000000055e-06
1.464046000000000085e-06
1.471496999999999932e-06
1.482672999999999899e-06
1.486398000000000020e-06
1.490122999999999929e-06
1.497573999999999987e-06
1.501298999999999896e-06
1.508749999999999954e-06
1.512475000000000075e-06
1.519925999999999921e-06
1.519925999999999921e-06
1.527375999999999952e-06
1.534827000000000010e-06
1.538551999999999919e-06
1.546002999999999977e-06
1.553453000000000007e-06
1.560904000000000065e-06
1.568354000000000095e-06
1.575804999999999942e-06
1.583255999999999999e-06
1.586980999999999909e-06
1.598157000000000088e-06
1.605606999999999906e-06
1.613057999999999964e-06
1.624233999999999931e-06
1.635409999999999899e-06
1.646586000000000078e-06
1.654035999999999896e-06
1.661486999999999954e-06
1.668936999999999984e-06
1.676388000000000042e-06
1.683838000000000073e-06
1.691288999999999919e-06
1.695014000000000040e-06
1.706190000000000007e-06
1.709915999999999944e-06
1.713641000000000065e-06
1.721091000000000095e-06
1.728541999999999941e-06
1.732267000000000062e-06
1.739717999999999909e-06
1.739717999999999909e-06
1.743443000000000030e-06
1.747167999999999939e-06
1.750894000000000088e-06
1.758343999999999906e-06
1.762070000000000055e-06
1.769520000000000085e-06
1.773244999999999994e-06
1.776970999999999931e-06
1.780696000000000052e-06
1.788146999999999898e-06
1.795596999999999929e-06
1.799322000000000050e-06
1.803047999999999987e-06
1.806772999999999896e-06
1.810498000000000017e-06
1.814223999999999954e-06
1.814223999999999954e-06
1.817949000000000075e-06
1.817949000000000075e-06
1.817949000000000075e-06
1.821673999999999984e-06
1.821673999999999984e-06
1.825399999999999921e-06
1.829125000000000042e-06
1.832849999999999951e-06
1.836575000000000072e-06
1.840301000000000009e-06
1.847751000000000040e-06
1.855202000000000097e-06
1.866378000000000065e-06
1.870102999999999974e-06
1.881278999999999941e-06
1.892454999999999908e-06
1.907363000000000190e-06
1.929715000000000124e-06
1.952067000000000059e-06
1.978144000000000114e-06
2.011670999999999988e-06
2.045199000000000101e-06
2.082451999999999912e-06
2.119705000000000147e-06
2.153232000000000021e-06
2.190484999999999831e-06
2.224012999999999945e-06
2.257539999999999819e-06
2.287342999999999811e-06
2.317144999999999988e-06
2.343222000000000043e-06
2.369299000000000098e-06
2.391651000000000033e-06
2.406551999999999909e-06
2.428903999999999844e-06
2.443805000000000144e-06
2.458706000000000020e-06
2.469882000000000199e-06
2.484783000000000076e-06
2.495958999999999831e-06
2.503409999999999889e-06
2.510860000000000131e-06
2.518311000000000189e-06
2.525761000000000007e-06
2.529486999999999944e-06
2.533212000000000065e-06
2.540663000000000123e-06
2.544387999999999821e-06
2.551838000000000063e-06
2.559289000000000121e-06
2.563013999999999818e-06
2.570464999999999876e-06
2.577915000000000118e-06
2.581641000000000055e-06
2.589090999999999874e-06
2.596541999999999932e-06
2.596541999999999932e-06
2.600267000000000053e-06
2.603992000000000174e-06
2.607718000000000111e-06
2.607718000000000111e-06
2.611442999999999808e-06
2.615167999999999929e-06
2.618893999999999866e-06
2.622618999999999987e-06
2.626344000000000108e-06
2.630070000000000045e-06
2.637519999999999864e-06
2.644970999999999922e-06
2.652421000000000164e-06
2.659871999999999798e-06
2.663596999999999919e-06
2.674773000000000098e-06
2.685948999999999853e-06
2.697125000000000032e-06
2.708301000000000211e-06
2.723202000000000088e-06
2.730651999999999906e-06
2.745554000000000022e-06
2.753003999999999841e-06
2.767905000000000141e-06
2.782806000000000017e-06
2.793982000000000196e-06
2.805157999999999952e-06
2.816334000000000131e-06
2.827509999999999886e-06
2.842411000000000186e-06
2.849861999999999820e-06
2.861037999999999999e-06
2.872212999999999939e-06
2.879663999999999997e-06
2.890840000000000176e-06
2.902015999999999931e-06
2.913192000000000110e-06
2.924367000000000050e-06
2.935542999999999805e-06
2.946718999999999984e-06
2.957895000000000163e-06
2.969070999999999919e-06
2.976521999999999977e-06
2.987696999999999916e-06
2.998873000000000095e-06
3.006324000000000153e-06
3.013773999999999972e-06
3.024950000000000151e-06
3.032401000000000208e-06
3.039851000000000027e-06
3.051027000000000206e-06
3.062202999999999961e-06
3.073379000000000140e-06
3.084554999999999896e-06
3.099456000000000196e-06
3.110631999999999951e-06
3.121808000000000130e-06
3.132983999999999886e-06
3.147885000000000186e-06
3.162786000000000062e-06
3.170237000000000120e-06
3.181412000000000060e-06
3.196314000000000175e-06
3.207489000000000115e-06
3.218664999999999870e-06
3.229841000000000049e-06
3.244741999999999926e-06
3.255918000000000105e-06
3.267093999999999860e-06
3.278270000000000039e-06
3.293170999999999916e-06
3.300621999999999974e-06
3.315522999999999850e-06
3.326699000000000029e-06
3.337875000000000208e-06
3.352776000000000084e-06
3.363951999999999840e-06
3.375128000000000019e-06
3.386302999999999958e-06
3.401205000000000074e-06
3.412380000000000014e-06
3.419831000000000072e-06
3.431006999999999827e-06
3.442183000000000006e-06
3.453359000000000185e-06
3.468260000000000062e-06
3.479435999999999817e-06
3.490611999999999996e-06
3.505512999999999873e-06
3.512963000000000115e-06
3.524138999999999870e-06
3.539040000000000170e-06
3.546490999999999804e-06
3.561392000000000104e-06
3.572567999999999860e-06
3.583744000000000039e-06
3.598644999999999915e-06
3.609821000000000094e-06
3.620996999999999850e-06
3.632173000000000029e-06
3.643347999999999968e-06
3.654524000000000147e-06
3.665699999999999903e-06
3.673150999999999961e-06
3.684327000000000139e-06
3.695502999999999895e-06
3.706677999999999835e-06
3.717854000000000013e-06
3.729030000000000192e-06
3.736480999999999827e-06
3.751382000000000127e-06
3.766283000000000003e-06
3.773734000000000061e-06
3.792360000000000059e-06
3.803535999999999814e-06
3.818452000000000316e-06
3.829627999999999648e-06
3.848254000000000069e-06
3.863154999999999946e-06
3.878055999999999822e-06
3.892956999999999699e-06
3.907858999999999815e-06
3.922759999999999691e-06
3.933935999999999870e-06
3.945112000000000049e-06
3.952562000000000291e-06
3.960012999999999926e-06
3.971189000000000104e-06
3.978639000000000347e-06
3.986089999999999981e-06
3.993540000000000223e-06
4.004716000000000402e-06
4.012167000000000036e-06
4.019617000000000278e-06
4.030792999999999610e-06
4.041968999999999789e-06
4.053144999999999968e-06
4.060595999999999603e-06
4.075497000000000326e-06
4.082946999999999721e-06
4.097847999999999598e-06
4.112749999999999714e-06
4.120199999999999956e-06
4.138826999999999769e-06
4.150001999999999709e-06
4.164903999999999824e-06
4.179804999999999701e-06
4.190980999999999880e-06
4.202157000000000059e-06
4.213331999999999998e-06
4.224508000000000177e-06
4.235684000000000356e-06
4.246859999999999688e-06
4.258035999999999867e-06
4.265486000000000109e-06
4.272936999999999744e-06
4.276662000000000288e-06
4.284112999999999923e-06
4.291564000000000404e-06
4.299013999999999799e-06
4.302739000000000344e-06
4.306465000000000281e-06
4.313914999999999676e-06
4.321366000000000157e-06
4.328816000000000399e-06
4.336267000000000033e-06
4.339991999999999731e-06
4.351167999999999910e-06
4.362344000000000089e-06
4.369794999999999723e-06
4.380969999999999663e-06
4.395871999999999779e-06
4.407047999999999958e-06
4.418222999999999897e-06
4.433125000000000013e-06
4.440575000000000255e-06
4.451750999999999587e-06
4.462926999999999766e-06
4.470377000000000008e-06
4.481553000000000187e-06
4.496454000000000064e-06
4.503904999999999698e-06
4.522532000000000358e-06
4.533707000000000298e-06
4.548609000000000414e-06
4.559784000000000353e-06
4.574685999999999622e-06
4.589587000000000346e-06
4.593312000000000043e-06
4.604488000000000222e-06
4.611937999999999617e-06
4.619389000000000099e-06
4.623113999999999796e-06
4.626839999999999733e-06
4.634289999999999975e-06
4.638015999999999912e-06
4.641740999999999610e-06
4.652916999999999789e-06
4.656642000000000333e-06
4.660367000000000031e-06
4.667817999999999665e-06
4.675267999999999907e-06
4.678993999999999844e-06
4.682719000000000388e-06
4.686444000000000086e-06
4.690170000000000023e-06
4.697620000000000265e-06
4.705070999999999899e-06
4.712521000000000141e-06
4.716247000000000078e-06
4.723697000000000320e-06
4.727422000000000018e-06
4.734872999999999652e-06
4.746048999999999831e-06
4.749774000000000376e-06
4.753500000000000313e-06
4.764675000000000252e-06
4.772125999999999887e-06
4.779577000000000368e-06
4.783302000000000066e-06
4.790752000000000308e-06
4.801927999999999640e-06
4.809379000000000121e-06
4.813103999999999819e-06
4.816829000000000363e-06
4.824279999999999998e-06
4.828004999999999695e-06
4.835456000000000177e-06
4.842906000000000419e-06
4.842906000000000419e-06
4.846632000000000355e-06
4.854081999999999751e-06
4.861533000000000232e-06
4.868983999999999866e-06
4.876434000000000108e-06
4.883884999999999743e-06
4.895060999999999922e-06
4.906235999999999861e-06
4.913687000000000343e-06
4.924862999999999675e-06
4.936038999999999854e-06
4.943489000000000096e-06
4.950939999999999730e-06
4.950939999999999730e-06
4.954665000000000275e-06
4.954665000000000275e-06
4.950939999999999730e-06
4.947215000000000033e-06
4.943489000000000096e-06
4.939764000000000398e-06
4.939764000000000398e-06
4.936038999999999854e-06
4.939764000000000398e-06
4.939764000000000398e-06
4.939764000000000398e-06
4.943489000000000096e-06
4.950939999999999730e-06
4.954665000000000275e-06
4.962115999999999909e-06
4.969566000000000151e-06
4.977016999999999786e-06
4.988192999999999965e-06
4.999369000000000143e-06
5.010545000000000322e-06
5.025446000000000199e-06
5.036622000000000378e-06
5.055247999999999952e-06
5.066424000000000131e-06
5.073874000000000373e-06
5.085049999999999705e-06
5.092501000000000186e-06
5.096225999999999884e-06
5.096225999999999884e-06
5.096225999999999884e-06
5.099951999999999821e-06
5.099951999999999821e-06
5.099951999999999821e-06
5.099951999999999821e-06
5.099951999999999821e-06
5.099951999999999821e-06
5.107402000000000063e-06
5.111126999999999760e-06
5.118578000000000242e-06
5.129754000000000421e-06
5.137203999999999816e-06
5.148379999999999995e-06
5.159556000000000174e-06
5.167006999999999808e-06
5.178182999999999987e-06
5.185633000000000229e-06
5.193083999999999863e-06
5.193083999999999863e-06
5.193083999999999863e-06
5.196809000000000408e-06
5.196809000000000408e-06
5.200534000000000106e-06
5.211710000000000284e-06
5.219160999999999919e-06
5.230337000000000098e-06
5.241513000000000277e-06
5.256414000000000153e-06
5.263864000000000395e-06
5.275039999999999727e-06
5.286215999999999906e-06
5.289940999999999604e-06
5.297392000000000085e-06
5.301116999999999783e-06
5.304842000000000327e-06
5.316017999999999659e-06
5.319743999999999596e-06
5.323469000000000141e-06
5.330919999999999775e-06
5.334645000000000320e-06
5.342094999999999715e-06
5.349546000000000196e-06
5.356996999999999830e-06
5.364447000000000072e-06
5.371897999999999707e-06
5.383073999999999886e-06
5.390524000000000128e-06
5.397974999999999762e-06
5.405425000000000004e-06
5.412875999999999639e-06
5.412875999999999639e-06
5.416601000000000183e-06
5.420325999999999881e-06
5.424051999999999818e-06
5.424051999999999818e-06
5.427777000000000362e-06
5.435227999999999997e-06
5.438952999999999694e-06
5.442678000000000239e-06
5.446404000000000176e-06
5.450128999999999873e-06
5.453854000000000418e-06
5.465029999999999750e-06
5.476205999999999929e-06
5.487382000000000108e-06
5.506007999999999682e-06
5.517183999999999861e-06
5.535810000000000282e-06
5.546985999999999613e-06
5.561887999999999729e-06
5.573062999999999669e-06
5.591690000000000329e-06
5.606591000000000206e-06
5.625216999999999780e-06
5.636392999999999959e-06
5.651293999999999835e-06
5.666195999999999951e-06
5.677372000000000130e-06
5.692273000000000006e-06
5.703449000000000185e-06
5.718350000000000062e-06
5.729526000000000241e-06
5.748151999999999815e-06
5.763052999999999691e-06
5.785405000000000049e-06
5.804030999999999623e-06
5.826382999999999981e-06
5.856184999999999734e-06
5.882261999999999790e-06
5.908340000000000084e-06
5.930691000000000203e-06
5.953042999999999714e-06
5.979119999999999769e-06
6.005196999999999825e-06
6.031273999999999880e-06
6.049900999999999693e-06
6.075977999999999749e-06
6.098328999999999867e-06
6.116955999999999681e-06
6.135582000000000102e-06
6.150482999999999978e-06
6.172835000000000336e-06
6.202637000000000089e-06
6.232440000000000081e-06
6.262241999999999834e-06
6.284594000000000192e-06
6.303219999999999766e-06
6.321846999999999580e-06
6.336748000000000303e-06
6.355373999999999877e-06
6.370275999999999993e-06
6.385176999999999869e-06
6.400077999999999746e-06
6.426154999999999801e-06
6.459682000000000099e-06
6.504385999999999968e-06
6.556540000000000078e-06
6.616144999999999824e-06
6.668298999999999935e-06
6.713002000000000411e-06
6.742805000000000403e-06
6.761430999999999977e-06
6.761430999999999977e-06
6.742805000000000403e-06
6.713002000000000411e-06
6.668298999999999935e-06
6.616144999999999824e-06
6.563990999999999713e-06
6.523012000000000389e-06
6.485760000000000394e-06
6.463408000000000036e-06
6.459682000000000099e-06
6.470858000000000278e-06
6.508110999999999665e-06
6.556540000000000078e-06
6.627321000000000003e-06
6.716728000000000348e-06
6.817309999999999786e-06
6.921618000000000007e-06
7.022200999999999685e-06
7.104157999999999788e-06
7.174938000000000320e-06
7.234543000000000065e-06
7.282971999999999631e-06
7.320224999999999866e-06
7.346301999999999921e-06
7.353752000000000163e-06
7.357476999999999861e-06
7.357476999999999861e-06
7.357476999999999861e-06
7.353752000000000163e-06
7.350026999999999619e-06
7.346301999999999921e-06
7.346301999999999921e-06
7.346301999999999921e-06
7.346301999999999921e-06
7.350026999999999619e-06
7.353752000000000163e-06
7.357476999999999861e-06
7.357476999999999861e-06
7.361202999999999798e-06
7.361202999999999798e-06
7.364928000000000342e-06
7.364928000000000342e-06
7.372378999999999977e-06
7.376103999999999674e-06
7.387279999999999853e-06
7.405906000000000274e-06
7.417081999999999606e-06
7.431983000000000329e-06
7.446884000000000206e-06
7.465511000000000019e-06
7.476687000000000198e-06
7.495312999999999772e-06
7.510213999999999649e-06
7.528841000000000309e-06
7.543742000000000186e-06
7.566093999999999696e-06
7.580995000000000420e-06
7.599620999999999994e-06
7.618247999999999807e-06
7.636902999999999547e-06
7.655530000000000207e-06
7.674155999999999781e-06
7.692783000000000441e-06
7.707684000000000318e-06
7.722585000000000194e-06
7.733761000000000373e-06
7.748662000000000250e-06
7.756113000000000731e-06
7.771014000000000608e-06
7.782190000000000787e-06
7.793365999999999271e-06
7.804541000000000058e-06
7.815717000000000237e-06
7.823168000000000718e-06
7.838069000000000595e-06
7.849245000000000774e-06
7.856695000000000169e-06
7.867871000000000348e-06
7.871596999999999438e-06
7.879047000000000527e-06
7.882772000000000224e-06
7.882772000000000224e-06
7.882772000000000224e-06
7.879047000000000527e-06
7.879047000000000527e-06
7.875322000000000829e-06
7.871596999999999438e-06
7.867871000000000348e-06
7.867871000000000348e-06
7.871596999999999438e-06
7.875322000000000829e-06
7.882772000000000224e-06
7.886497999999999314e-06
7.901398999999999191e-06
7.912574999999999370e-06
7.920025000000000459e-06
7.934926999999999728e-06
7.946102000000000514e-06
7.964728999999999481e-06
7.983355000000000749e-06
8.001981999999999715e-06
8.020607999999999289e-06
8.039234999999999949e-06
8.057860999999999523e-06
8.072761999999999400e-06
8.083937999999999579e-06
8.095113999999999758e-06
8.106289999999999937e-06
8.113739999999999332e-06
8.124915999999999511e-06
8.136091999999999690e-06
8.147267999999999869e-06
8.162168999999999745e-06
8.173344999999999924e-06
8.184521000000000103e-06
8.195697000000000282e-06
8.199421999999999979e-06
8.206873000000000461e-06
8.210598000000000158e-06
8.214322999999999856e-06
8.214322999999999856e-06
8.225499000000000035e-06
8.232950000000000516e-06
8.244126000000000695e-06
8.262752000000000269e-06
8.281378999999999236e-06
8.300005000000000504e-06
8.326082000000000559e-06
8.348433999999999223e-06
8.374510999999999278e-06
8.400587999999999334e-06
8.426664999999999389e-06
8.456467000000000836e-06
8.486269999999999981e-06
8.516071999999999734e-06
8.545873999999999487e-06
8.571950999999999543e-06
8.601754000000000382e-06
8.624104999999999654e-06
8.650181999999999709e-06
8.676258999999999764e-06
8.698611000000000122e-06
8.717238000000000783e-06
8.739589000000000054e-06
8.761941000000000412e-06
8.784293000000000770e-06
8.802919000000000344e-06
8.832721999999999489e-06
8.855073000000000455e-06
8.877425000000000813e-06
8.903501999999999174e-06
8.925853999999999532e-06
8.948205999999999890e-06
8.970556999999999162e-06
8.992908999999999520e-06
9.018985999999999575e-06
9.045062999999999630e-06
9.063690000000000291e-06
9.086040999999999562e-06
9.112117999999999618e-06
9.134469999999999976e-06
9.160547000000000031e-06
9.182899000000000389e-06
9.212701000000000142e-06
9.231328000000000802e-06
9.253679000000000074e-06
9.276031000000000432e-06
9.294657999999999398e-06
9.309558999999999275e-06
9.328185000000000543e-06
9.343086000000000419e-06
9.357987000000000296e-06
9.372888999999999564e-06
9.380339000000000653e-06
9.391515000000000832e-06
9.398965999999999620e-06
9.410141999999999799e-06
9.421317000000000585e-06
9.436218999999999854e-06
9.451119999999999731e-06
9.466020999999999607e-06
9.480921999999999484e-06
9.495822999999999360e-06
9.510723999999999237e-06
9.521899999999999415e-06
9.529350999999999897e-06
9.540527000000000076e-06
9.551703000000000255e-06
9.562877999999999347e-06
9.577780000000000310e-06
9.588954999999999403e-06
9.600130999999999582e-06
9.615031999999999458e-06
9.626207999999999637e-06
9.637383999999999816e-06
9.648559999999999995e-06
9.656011000000000477e-06
9.659736000000000174e-06
9.670912000000000353e-06
9.678361999999999748e-06
9.685813000000000230e-06
9.693264000000000711e-06
9.704438999999999803e-06
9.719341000000000766e-06
9.734242000000000643e-06
9.749143000000000519e-06
9.764044000000000396e-06
9.782670999999999362e-06
9.793846000000000149e-06
9.808747999999999418e-06
9.816198000000000507e-06
9.827374000000000686e-06
9.838549999999999170e-06
9.846000000000000260e-06
9.849725999999999349e-06
9.860901999999999528e-06
9.868352000000000618e-06
9.875802999999999405e-06
9.883253000000000494e-06
9.886978999999999584e-06
9.894429000000000673e-06
9.901879999999999460e-06
9.909330000000000549e-06
9.913055999999999639e-06
9.920506000000000728e-06
9.931681999999999213e-06
9.942857999999999392e-06
9.950308999999999874e-06
9.965209999999999750e-06
9.976385999999999929e-06
9.991286999999999806e-06
1.000619000000000016e-05
1.003225999999999939e-05
1.005461999999999997e-05
1.008068999999999919e-05
1.010677000000000081e-05
1.014401999999999948e-05
1.018128000000000055e-05
1.021852999999999922e-05
1.025206000000000023e-05
1.028931000000000059e-05
1.032283999999999992e-05
1.035263999999999919e-05
1.037872000000000081e-05
1.040479000000000004e-05
1.042715000000000062e-05
1.044950000000000050e-05
1.046439999999999929e-05
1.048302999999999982e-05
1.050164999999999965e-05
1.051655000000000013e-05
1.053145000000000062e-05
1.054636000000000011e-05
1.056126000000000059e-05
1.057615999999999938e-05
1.059477999999999921e-05
1.061713999999999979e-05
1.063948999999999967e-05
1.066556000000000059e-05
1.069164000000000052e-05
1.072143999999999979e-05
1.075124999999999977e-05
1.078105000000000073e-05
1.081085000000000001e-05
1.083692999999999994e-05
1.086672999999999921e-05
1.089653000000000018e-05
1.092261000000000010e-05
1.094495999999999998e-05
1.096359000000000051e-05
1.098221000000000035e-05
1.098965999999999974e-05
1.100083999999999918e-05
1.100456999999999923e-05
1.101202000000000032e-05
1.101946999999999972e-05
1.102319000000000076e-05
1.103064000000000015e-05
1.104181999999999959e-05
1.104554000000000064e-05
1.104927000000000068e-05
1.104927000000000068e-05
1.105299000000000003e-05
1.106045000000000013e-05
1.106416999999999947e-05
1.107535000000000061e-05
1.108280000000000001e-05
1.109770000000000049e-05
1.111259999999999928e-05
1.112378000000000042e-05
1.113867999999999921e-05
1.114984999999999964e-05
1.116475000000000013e-05
1.117592999999999957e-05
1.119083000000000005e-05
1.120573000000000054e-05
1.122062999999999933e-05
1.123925999999999986e-05
1.126160999999999974e-05
1.128024000000000027e-05
1.130259000000000015e-05
1.132122000000000068e-05
1.133984000000000051e-05
1.135846999999999935e-05
1.136963999999999979e-05
1.138454999999999928e-05
1.139571999999999971e-05
1.139944999999999976e-05
1.140317000000000080e-05
1.141062000000000020e-05
1.141435000000000024e-05
1.142179999999999964e-05
1.142925000000000073e-05
1.143670000000000012e-05
1.145160000000000061e-05
1.146278000000000005e-05
1.147768000000000053e-05
1.149257999999999932e-05
1.150374999999999976e-05
1.152238000000000029e-05
1.153355999999999974e-05
1.155590999999999961e-05
1.157081000000000010e-05
1.158944000000000063e-05
1.161179000000000051e-05
1.163787000000000044e-05
1.166022000000000031e-05
1.169001999999999959e-05
1.171982000000000056e-05
1.174961999999999983e-05
1.177942999999999981e-05
1.180923000000000077e-05
1.184276000000000010e-05
1.186882999999999932e-05
1.189490999999999925e-05
1.192098999999999917e-05
1.194334000000000075e-05
1.196569000000000063e-05
1.198431999999999946e-05
1.199548999999999990e-05
1.200666999999999934e-05
1.201783999999999978e-05
1.202156999999999983e-05
1.202901999999999922e-05
1.203274999999999927e-05
1.203274999999999927e-05
1.203274999999999927e-05
1.203274999999999927e-05
1.203274999999999927e-05
1.203274999999999927e-05
1.203274999999999927e-05
1.203274999999999927e-05
1.203647000000000031e-05
1.205137000000000080e-05
1.206626999999999959e-05
1.208490000000000012e-05
1.211098000000000004e-05
1.213704999999999927e-05
1.216312999999999920e-05
1.218921000000000082e-05
1.221901000000000009e-05
1.224509000000000002e-05
1.226743999999999990e-05
1.228607000000000043e-05
1.230842000000000031e-05
1.231959000000000075e-05
1.233448999999999954e-05
1.234940000000000072e-05
1.235685000000000011e-05
1.236802000000000055e-05
1.237546999999999995e-05
1.238291999999999934e-05
1.239781999999999983e-05
1.241645000000000036e-05
1.243880000000000024e-05
1.246488000000000016e-05
1.249467999999999944e-05
1.252448000000000041e-05
1.255800999999999973e-05
1.258781000000000070e-05
1.262134000000000002e-05
1.264741999999999994e-05
1.267349999999999987e-05
1.269584999999999975e-05
1.271446999999999958e-05
1.272938000000000076e-05
1.274427999999999955e-05
1.275918000000000004e-05
1.277408000000000052e-05
1.279270999999999936e-05
1.280760999999999984e-05
1.282622999999999968e-05
1.284857999999999956e-05
1.286721000000000009e-05
1.288584000000000062e-05
1.290819000000000050e-05
1.292308999999999929e-05
1.293798999999999977e-05
1.294916999999999921e-05
1.296033999999999965e-05
1.297152000000000079e-05
1.298268999999999953e-05
1.300132000000000006e-05
1.301622000000000055e-05
1.303484999999999938e-05
1.304974999999999987e-05
1.306838000000000040e-05
1.308327999999999919e-05
1.310190000000000071e-05
1.311308000000000016e-05
1.312798000000000064e-05
1.313916000000000008e-05
1.314660999999999948e-05
1.316522999999999931e-05
1.317641000000000045e-05
1.319503999999999928e-05
1.320993999999999977e-05
1.322855999999999960e-05
1.323601000000000069e-05
1.324719000000000013e-05
1.325836999999999957e-05
1.326582000000000066e-05
1.326582000000000066e-05
1.326209000000000062e-05
1.325463999999999953e-05
1.325836999999999957e-05
1.326209000000000062e-05
1.325836999999999957e-05
1.324719000000000013e-05
1.323601000000000069e-05
1.322484000000000025e-05
1.320620999999999972e-05
1.319130999999999924e-05
1.317268000000000040e-05
1.316150999999999996e-05
1.315777999999999992e-05
1.315777999999999992e-05
1.315777999999999992e-05
1.314287999999999943e-05
1.312052999999999955e-05
1.309444999999999963e-05
1.306838000000000040e-05
1.305347999999999991e-05
1.305719999999999926e-05
1.308327999999999919e-05
1.311308000000000016e-05
1.314660999999999948e-05
1.317268000000000040e-05
1.318014000000000049e-05
1.318758999999999989e-05
1.319503999999999928e-05
1.321366000000000081e-05
1.325092000000000018e-05
1.329561999999999994e-05
1.333287000000000030e-05
1.336639999999999962e-05
1.339247999999999955e-05
1.341855000000000047e-05
1.344090999999999935e-05
1.345580999999999984e-05
1.346698000000000028e-05
1.347442999999999967e-05
1.348188000000000076e-05
1.348933000000000015e-05
1.349306000000000020e-05
1.350050999999999960e-05
1.351169000000000073e-05
1.351914000000000013e-05
1.353031000000000057e-05
1.354520999999999936e-05
1.355639000000000049e-05
1.357501999999999933e-05
1.358247000000000042e-05
1.359736999999999921e-05
1.360482000000000030e-05
1.361226999999999969e-05
1.361226999999999969e-05
1.361599000000000073e-05
1.361599000000000073e-05
1.361226999999999969e-05
1.361226999999999969e-05
1.360853999999999965e-05
1.360853999999999965e-05
1.361599000000000073e-05
1.362344000000000013e-05
1.363834999999999962e-05
1.365696999999999945e-05
1.368304999999999938e-05
1.370912999999999930e-05
1.373893000000000027e-05
1.376501000000000020e-05
1.378736000000000008e-05
1.380970999999999996e-05
1.383205999999999984e-05
1.384696000000000032e-05
1.386931000000000020e-05
1.389167000000000078e-05
1.391402000000000066e-05
1.393264000000000049e-05
1.395499999999999937e-05
1.396989999999999986e-05
1.398107000000000029e-05
1.398851999999999969e-05
1.399224999999999974e-05
1.398851999999999969e-05
1.398107000000000029e-05
1.396616999999999981e-05
1.395872000000000042e-05
1.394754999999999998e-05
1.393637000000000054e-05
1.393264000000000049e-05
1.392891999999999945e-05
1.392891999999999945e-05
1.393264000000000049e-05
1.393264000000000049e-05
1.393264000000000049e-05
1.393264000000000049e-05
1.393264000000000049e-05
1.393264000000000049e-05
1.393637000000000054e-05
1.394381999999999993e-05
1.395499999999999937e-05
1.396245000000000046e-05
1.396989999999999986e-05
1.397734999999999925e-05
1.398107000000000029e-05
1.397734999999999925e-05
1.396989999999999986e-05
1.396245000000000046e-05
1.394754999999999998e-05
1.393264000000000049e-05
1.391402000000000066e-05
1.389912000000000017e-05
1.388794000000000073e-05
1.387304000000000025e-05
1.385069000000000037e-05
1.382834000000000049e-05
1.380970999999999996e-05
1.380970999999999996e-05
1.382461000000000044e-05
1.383950999999999923e-05
1.385440999999999972e-05
1.386558999999999916e-05
1.386931000000000020e-05
1.388421999999999969e-05
1.391402000000000066e-05
1.395126999999999933e-05
1.399597000000000078e-05
1.402578000000000075e-05
1.404440000000000058e-05
1.404440000000000058e-05
1.403323000000000015e-05
1.402578000000000075e-05
1.402578000000000075e-05
1.404067999999999954e-05
1.407048000000000051e-05
1.410772999999999918e-05
1.413753000000000015e-05
1.415243999999999964e-05
1.414870999999999959e-05
1.412262999999999966e-05
1.408910999999999935e-05
1.406302999999999942e-05
1.405184999999999998e-05
1.405929999999999937e-05
1.408165999999999995e-05
1.411145999999999923e-05
1.413753000000000015e-05
1.415616000000000068e-05
1.416361000000000008e-05
1.417105999999999947e-05
1.418224000000000061e-05
1.419713999999999940e-05
1.420832000000000053e-05
1.420459000000000049e-05
1.418969000000000000e-05
1.416734000000000012e-05
1.415243999999999964e-05
1.415243999999999964e-05
1.416361000000000008e-05
1.418224000000000061e-05
1.418595999999999995e-05
1.417851000000000056e-05
1.415243999999999964e-05
1.412262999999999966e-05
1.408910999999999935e-05
1.407792999999999991e-05
1.408910999999999935e-05
1.411891000000000032e-05
1.416734000000000012e-05
1.422321999999999932e-05
1.427537000000000017e-05
1.430516999999999944e-05
1.431262000000000053e-05
1.429400000000000070e-05
1.427165000000000082e-05
1.424929000000000024e-05
1.423811999999999981e-05
1.424929000000000024e-05
1.427910000000000022e-05
1.432006999999999993e-05
1.435732999999999930e-05
1.437595000000000082e-05
1.437222999999999978e-05
1.434987999999999990e-05
1.431635000000000058e-05
1.428654999999999961e-05
1.427165000000000082e-05
1.427537000000000017e-05
1.430145000000000010e-05
1.433870000000000046e-05
1.437595000000000082e-05
1.439457999999999966e-05
1.439830999999999971e-05
1.439084999999999961e-05
1.438340000000000022e-05
1.438713000000000027e-05
1.440576000000000080e-05
1.444300999999999947e-05
1.449143999999999927e-05
1.454359000000000012e-05
1.458084000000000048e-05
1.459946999999999932e-05
1.459574999999999997e-05
1.457338999999999939e-05
1.454732000000000017e-05
1.452868999999999964e-05
1.450260999999999971e-05
1.448025999999999983e-05
1.444300999999999947e-05
1.440203000000000075e-05
1.436105000000000034e-05
1.433497999999999942e-05
1.432379999999999998e-05
1.432006999999999993e-05
1.431262000000000053e-05
1.430516999999999944e-05
1.429400000000000070e-05
1.429027000000000065e-05
1.429400000000000070e-05
1.429772000000000005e-05
1.429027000000000065e-05
1.427910000000000022e-05
1.425302000000000029e-05
1.424183999999999916e-05
1.423811999999999981e-05
1.425302000000000029e-05
1.427910000000000022e-05
1.429400000000000070e-05
1.430516999999999944e-05
1.429772000000000005e-05
1.429400000000000070e-05
1.429400000000000070e-05
1.430889999999999949e-05
1.432006999999999993e-05
1.432751999999999932e-05
1.432751999999999932e-05
1.433497999999999942e-05
1.433870000000000046e-05
1.433497999999999942e-05
1.432006999999999993e-05
1.429400000000000070e-05
1.426419000000000073e-05
1.423811999999999981e-05
1.421948999999999928e-05
1.421203999999999988e-05
1.419340999999999935e-05
1.417478999999999952e-05
1.415243999999999964e-05
1.413753000000000015e-05
1.411891000000000032e-05
1.409656000000000044e-05
1.407048000000000051e-05
1.404813000000000063e-05
1.402950000000000010e-05
1.402205000000000071e-05
1.401088000000000027e-05
1.399597000000000078e-05
1.399224999999999974e-05
1.398480000000000034e-05
1.397361999999999921e-05
1.396245000000000046e-05
1.394754999999999998e-05
1.393637000000000054e-05
1.392147000000000005e-05
1.389912000000000017e-05
1.388048999999999964e-05
1.385813999999999976e-05
1.383578999999999988e-05
1.380970999999999996e-05
1.378363000000000003e-05
1.375383000000000076e-05
1.372402999999999979e-05
1.369794999999999986e-05
1.367186999999999993e-05
1.364580000000000071e-05
1.363090000000000022e-05
1.361599000000000073e-05
1.361599000000000073e-05
1.361599000000000073e-05
1.361599000000000073e-05
1.362344000000000013e-05
1.363461999999999957e-05
1.364580000000000071e-05
1.364952000000000006e-05
1.366442000000000054e-05
1.367186999999999993e-05
1.367931999999999933e-05
1.368304999999999938e-05
1.368677000000000042e-05
1.369050000000000047e-05
1.369050000000000047e-05
1.369423000000000051e-05
1.369794999999999986e-05
1.370167999999999991e-05
1.370167999999999991e-05
1.370167999999999991e-05
1.370167999999999991e-05
1.369794999999999986e-05
1.369423000000000051e-05
1.369050000000000047e-05
1.368304999999999938e-05
1.368304999999999938e-05
1.367931999999999933e-05
1.367559999999999998e-05
1.367186999999999993e-05
1.365696999999999945e-05
1.364207000000000066e-05
1.362344000000000013e-05
1.360482000000000030e-05
1.358618999999999977e-05
1.357128999999999928e-05
1.355266000000000044e-05
1.354149000000000001e-05
1.353404000000000061e-05
1.353031000000000057e-05
1.352285999999999948e-05
1.351914000000000013e-05
1.352285999999999948e-05
1.351914000000000013e-05
1.351914000000000013e-05
1.351914000000000013e-05
1.351914000000000013e-05
1.351169000000000073e-05
1.350050999999999960e-05
1.348561000000000081e-05
1.346698000000000028e-05
1.345580999999999984e-05
1.344090999999999935e-05
1.342599999999999986e-05
1.341109999999999938e-05
1.339247999999999955e-05
1.337385000000000071e-05
1.336266999999999957e-05
1.334404999999999974e-05
1.332541999999999921e-05
1.329933999999999929e-05
1.328444000000000049e-05
1.327327000000000006e-05
1.326582000000000066e-05
1.325463999999999953e-05
1.322855999999999960e-05
1.319130999999999924e-05
1.315033000000000052e-05
1.311681000000000020e-05
1.310190000000000071e-05
1.310190000000000071e-05
1.312052999999999955e-05
1.314660999999999948e-05
1.317268000000000040e-05
1.318385999999999984e-05
1.317268000000000040e-05
1.313543000000000004e-05
1.306465000000000035e-05
1.296779000000000074e-05
1.284486000000000021e-05
1.270702000000000019e-05
1.256918999999999917e-05
1.244253000000000028e-05
1.233448999999999954e-05
1.225253999999999941e-05
1.221156000000000070e-05
1.220783000000000065e-05
1.223764000000000062e-05
1.230842000000000031e-05
1.241272999999999932e-05
1.253938999999999989e-05
1.269584999999999975e-05
1.286721000000000009e-05
1.305347999999999991e-05
1.323974000000000074e-05
1.342599999999999986e-05
1.360482000000000030e-05
1.377245999999999959e-05
1.392147000000000005e-05
1.405184999999999998e-05
1.415616000000000068e-05
1.424929000000000024e-05
1.432006999999999993e-05
1.437967999999999918e-05
1.443183000000000002e-05
1.446908999999999939e-05
1.450260999999999971e-05
1.453241999999999968e-05
1.455849000000000060e-05
1.458830000000000058e-05
1.461436999999999980e-05
1.463300000000000034e-05
1.464417000000000077e-05
1.463300000000000034e-05
1.459201999999999993e-05
1.450633999999999976e-05
1.437967999999999918e-05
1.421576999999999993e-05
1.402205000000000071e-05
1.380597999999999991e-05
1.358618999999999977e-05
1.337758000000000076e-05
1.318014000000000049e-05
1.301249999999999950e-05
1.288211000000000057e-05
1.278897999999999931e-05
1.273310000000000011e-05
1.272192000000000067e-05
1.274427999999999955e-05
1.279643000000000040e-05
1.287838999999999953e-05
1.297524000000000013e-05
1.308700000000000023e-05
1.320620999999999972e-05
1.332914999999999926e-05
1.345580999999999984e-05
1.357501999999999933e-05
1.368677000000000042e-05
1.378736000000000008e-05
1.387304000000000025e-05
1.393264000000000049e-05
1.395872000000000042e-05
1.393264000000000049e-05
1.385813999999999976e-05
1.373520000000000022e-05
1.356756999999999993e-05
1.338130000000000011e-05
1.319130999999999924e-05
1.301622000000000055e-05
1.287094000000000013e-05
1.275918000000000004e-05
1.267349999999999987e-05
1.260272000000000018e-05
1.253938999999999989e-05
1.247605999999999961e-05
1.243880000000000024e-05
1.240899999999999927e-05
1.238291999999999934e-05
1.235685000000000011e-05
1.231586999999999970e-05
1.227861999999999934e-05
1.223764000000000062e-05
1.219666000000000021e-05
1.214823000000000041e-05
1.209234999999999951e-05
1.203647000000000031e-05
1.199921999999999995e-05
1.196942000000000067e-05
1.194706000000000010e-05
1.191726000000000082e-05
1.187255999999999937e-05
1.182412999999999956e-05
1.177942999999999981e-05
1.175706999999999923e-05
1.175706999999999923e-05
1.177942999999999981e-05
1.181295000000000012e-05
1.184276000000000010e-05
1.186137999999999993e-05
1.187255999999999937e-05
1.188745999999999985e-05
1.190236000000000034e-05
1.190609000000000038e-05
1.189863999999999930e-05
1.188001000000000046e-05
1.186137999999999993e-05
1.185020999999999949e-05
1.183531000000000070e-05
1.181295000000000012e-05
1.178687999999999920e-05
1.177569999999999976e-05
1.177198000000000041e-05
1.178314999999999915e-05
1.179804999999999964e-05
1.180550000000000073e-05
1.179060000000000024e-05
1.175706999999999923e-05
1.171609999999999952e-05
1.168257000000000019e-05
1.166022000000000031e-05
1.165276999999999923e-05
1.164903999999999918e-05
1.163414000000000039e-05
1.160060999999999937e-05
1.155217999999999957e-05
1.149630000000000037e-05
1.145905000000000000e-05
1.144041999999999947e-05
1.145160000000000061e-05
1.149630000000000037e-05
1.157081000000000010e-05
1.165649000000000027e-05
1.174217000000000044e-05
1.180177999999999968e-05
1.182412999999999956e-05
1.181295000000000012e-05
1.177569999999999976e-05
1.171236999999999947e-05
1.164903999999999918e-05
1.157825999999999949e-05
1.151492999999999920e-05
1.144414999999999952e-05
1.136592000000000044e-05
1.128395999999999962e-05
1.119083000000000005e-05
1.109770000000000049e-05
1.101946999999999972e-05
1.095986000000000047e-05
1.093751000000000059e-05
1.095613999999999943e-05
1.100456999999999923e-05
1.108651999999999935e-05
1.117592999999999957e-05
1.126160999999999974e-05
1.132494000000000003e-05
1.136592000000000044e-05
1.138454999999999928e-05
1.139944999999999976e-05
1.141435000000000024e-05
1.143297000000000008e-05
1.145160000000000061e-05
1.146278000000000005e-05
1.147022999999999945e-05
1.148139999999999988e-05
1.149630000000000037e-05
1.151120999999999986e-05
1.151120999999999986e-05
1.149630000000000037e-05
1.147768000000000053e-05
1.146278000000000005e-05
1.144041999999999947e-05
1.141062000000000020e-05
1.137708999999999918e-05
1.134357000000000056e-05
1.131376000000000059e-05
1.128395999999999962e-05
1.125416000000000034e-05
1.122808000000000042e-05
1.120200999999999950e-05
1.117219999999999952e-05
1.114613000000000030e-05
1.112378000000000042e-05
1.109770000000000049e-05
1.106789999999999952e-05
1.104181999999999959e-05
1.101573999999999967e-05
1.098594000000000039e-05
1.095613999999999943e-05
1.092261000000000010e-05
1.089281000000000083e-05
1.086299999999999916e-05
1.082948000000000054e-05
1.079967000000000057e-05
1.076986999999999960e-05
1.074380000000000037e-05
1.072143999999999979e-05
1.070281999999999996e-05
1.069164000000000052e-05
1.068791999999999948e-05
1.068047000000000008e-05
1.067674000000000003e-05
1.067300999999999999e-05
1.066929000000000064e-05
1.066929000000000064e-05
1.065810999999999950e-05
1.064694000000000076e-05
1.063948999999999967e-05
1.062831000000000023e-05
1.061340999999999974e-05
1.060967999999999970e-05
1.062831000000000023e-05
1.069164000000000052e-05
1.082948000000000054e-05
1.104554000000000064e-05
1.135101999999999995e-05
1.174217000000000044e-05
1.220037999999999956e-05
1.271819999999999963e-05
1.326954000000000001e-05
1.384696000000000032e-05
1.443183000000000002e-05
1.501298000000000038e-05
1.557928000000000036e-05
1.612316999999999966e-05
1.663726000000000137e-05
1.711036999999999929e-05
1.754251000000000088e-05
1.793366000000000136e-05
1.828383999999999874e-05
1.859303999999999910e-05
1.886498999999999910e-05
1.909595000000000137e-05
1.930085000000000004e-05
1.947221000000000038e-05
1.962494999999999919e-05
1.975160999999999977e-05
1.985218999999999873e-05
1.994159999999999894e-05
2.001238000000000032e-05
2.007197999999999887e-05
2.011667999999999863e-05
2.015765999999999904e-05
2.019119000000000005e-05
2.021727000000000168e-05
2.023588999999999981e-05
2.025451999999999865e-05
2.026570000000000148e-05
2.027315000000000088e-05
2.027315000000000088e-05
2.026942000000000083e-05
2.026570000000000148e-05
2.026570000000000148e-05
2.025824999999999870e-05
2.025451999999999865e-05
2.025451999999999865e-05
2.025451999999999865e-05
2.025824999999999870e-05
2.026570000000000148e-05
2.026942000000000083e-05
2.028060000000000027e-05
2.029176999999999901e-05
2.029921999999999841e-05
2.031785000000000063e-05
2.034019999999999882e-05
2.036255000000000039e-05
2.038862999999999862e-05
2.041842999999999959e-05
2.044823000000000056e-05
2.047803999999999884e-05
2.050410999999999976e-05
2.052273999999999860e-05
2.053764000000000078e-05
2.054882000000000022e-05
2.054509000000000017e-05
2.053764000000000078e-05
2.052646999999999865e-05
2.051528999999999920e-05
2.049666000000000037e-05
2.047803999999999884e-05
2.045196000000000061e-05
2.042215999999999964e-05
2.038862999999999862e-05
2.035138000000000165e-05
2.031040000000000124e-05
2.026570000000000148e-05
2.021727000000000168e-05
2.016510999999999843e-05
2.010922999999999923e-05
2.006079999999999943e-05
2.001238000000000032e-05
1.994904999999999834e-05
1.988571999999999974e-05
1.982239000000000115e-05
1.977768000000000069e-05
1.974787999999999972e-05
1.972925000000000088e-05
1.971807999999999875e-05
1.969573000000000057e-05
1.966219999999999955e-05
1.961003999999999970e-05
1.955789000000000054e-05
1.950574000000000139e-05
1.947592999999999972e-05
1.947221000000000038e-05
1.949083999999999921e-05
1.953180999999999892e-05
1.958396999999999878e-05
1.963239999999999858e-05
1.966219999999999955e-05
1.966591999999999890e-05
1.964357000000000071e-05
1.959142000000000156e-05
1.950574000000000139e-05
1.939769999999999895e-05
1.927103999999999837e-05
1.912947999999999900e-05
1.898420000000000028e-05
1.883518000000000082e-05
1.868616999999999867e-05
1.855578999999999874e-05
1.844403000000000034e-05
1.835462000000000012e-05
1.829502000000000157e-05
1.825404000000000116e-05
1.823913999999999898e-05
1.823168999999999959e-05
1.823913999999999898e-05
1.825404000000000116e-05
1.827267000000000000e-05
1.830247000000000097e-05
1.833972000000000133e-05
1.839560000000000053e-05
1.846637999999999852e-05
1.855578999999999874e-05
1.866010000000000113e-05
1.876812999999999949e-05
1.886498999999999910e-05
1.893577000000000048e-05
1.897675000000000089e-05
1.899909999999999907e-05
1.900654999999999847e-05
1.900654999999999847e-05
1.899909999999999907e-05
1.896929000000000079e-05
1.894321999999999987e-05
1.892087000000000169e-05
1.889850999999999941e-05
1.887243999999999849e-05
1.884636000000000026e-05
1.882027999999999864e-05
1.880166000000000050e-05
1.878303000000000166e-05
1.876439999999999944e-05
1.874205000000000125e-05
1.871596999999999963e-05
1.869735000000000150e-05
1.867871999999999927e-05
1.865637000000000109e-05
1.864519000000000164e-05
1.863773999999999886e-05
1.863028999999999946e-05
1.862284000000000007e-05
1.861912000000000072e-05
1.860794000000000128e-05
1.860048999999999850e-05
1.858931999999999975e-05
1.858185999999999966e-05
1.857814000000000031e-05
1.857441000000000026e-05
1.857441000000000026e-05
1.857441000000000026e-05
1.857069000000000092e-05
1.857441000000000026e-05
1.857441000000000026e-05
1.857814000000000031e-05
1.857814000000000031e-05
1.857814000000000031e-05
1.857441000000000026e-05
1.857069000000000092e-05
1.856696000000000087e-05
1.855951000000000147e-05
1.855578999999999874e-05
1.854460999999999930e-05
1.853715999999999990e-05
1.852971000000000051e-05
1.852226000000000111e-05
1.851480999999999833e-05
1.851108000000000167e-05
1.850735999999999893e-05
1.849990999999999954e-05
1.849617999999999949e-05
1.849246000000000014e-05
1.848128000000000070e-05
1.846637999999999852e-05
1.845519999999999908e-05
1.843658000000000094e-05
1.842167999999999876e-05
1.840304999999999993e-05
1.838442000000000109e-05
1.836579999999999956e-05
1.834345000000000138e-05
1.832853999999999850e-05
1.830619000000000031e-05
1.829502000000000157e-05
1.827638999999999935e-05
1.826893999999999995e-05
1.826149000000000056e-05
1.825031000000000111e-05
1.824285999999999833e-05
1.823913999999999898e-05
1.823168999999999959e-05
1.822051000000000015e-05
1.821306000000000075e-05
1.820934000000000140e-05
1.820561000000000136e-05
1.819442999999999853e-05
1.818325999999999978e-05
1.817581000000000039e-05
1.816463000000000094e-05
1.815718000000000155e-05
1.815718000000000155e-05
1.816463000000000094e-05
1.817581000000000039e-05
1.818697999999999913e-05
1.821306000000000075e-05
1.823913999999999898e-05
1.827267000000000000e-05
1.831363999999999971e-05
1.835462000000000012e-05
1.839560000000000053e-05
1.843658000000000094e-05
1.848501000000000075e-05
1.852226000000000111e-05
1.856324000000000152e-05
1.859676999999999915e-05
1.862657000000000012e-05
1.864519000000000164e-05
1.865264000000000104e-05
1.865637000000000109e-05
1.864892000000000169e-05
1.863401999999999951e-05
1.861539000000000067e-05
1.858558999999999971e-05
1.855578999999999874e-05
1.851853000000000106e-05
1.848128000000000070e-05
1.844774999999999968e-05
1.841794999999999872e-05
1.838815000000000114e-05
1.836206999999999952e-05
1.833226999999999855e-05
1.830992000000000036e-05
1.828756999999999879e-05
1.826893999999999995e-05
1.825776000000000051e-05
1.824658999999999838e-05
1.824285999999999833e-05
1.825031000000000111e-05
1.826520999999999990e-05
1.828756999999999879e-05
1.832108999999999910e-05
1.835835000000000017e-05
1.839933000000000058e-05
1.844774999999999968e-05
1.849246000000000014e-05
1.854460999999999930e-05
1.858558999999999971e-05
1.863401999999999951e-05
1.868244999999999932e-05
1.872342999999999973e-05
