4.696869000000000245e-05
4.696124000000000305e-05
4.695752000000000031e-05
4.695007000000000092e-05
4.695007000000000092e-05
4.694633999999999748e-05
4.694633999999999748e-05
4.694633999999999748e-05
4.694633999999999748e-05
4.694633999999999748e-05
4.694633999999999748e-05
4.693888999999999809e-05
4.693143999999999869e-05
4.692771000000000203e-05
4.691281000000000324e-05
4.689790999999999768e-05
4.688300999999999889e-05
4.686811000000000010e-05
4.684947999999999787e-05
4.682712999999999969e-05
4.680478000000000150e-05
4.677497999999999715e-05
4.674890000000000230e-05
4.671537000000000129e-05
4.668185000000000097e-05
4.664459000000000330e-05
4.660733999999999954e-05
4.656635999999999913e-05
4.652166000000000276e-05
4.647694999999999892e-05
4.642480000000000315e-05
4.637637000000000335e-05
4.632422000000000080e-05
4.626460999999999817e-05
4.620872999999999897e-05
4.614540000000000037e-05
4.608579999999999844e-05
4.602246999999999984e-05
4.595914000000000124e-05
4.589581000000000265e-05
4.583247999999999728e-05
4.577287000000000142e-05
4.570954000000000282e-05
4.564994000000000088e-05
4.559033999999999895e-05
4.553073000000000309e-05
4.547484999999999711e-05
4.541525000000000195e-05
4.535937000000000275e-05
4.530348999999999677e-05
4.525133000000000031e-05
4.519545000000000111e-05
4.513958000000000261e-05
4.509115000000000280e-05
4.503526999999999682e-05
4.499055999999999975e-05
4.494212999999999995e-05
4.489742999999999680e-05
4.485273000000000043e-05
4.481175000000000002e-05
4.477450000000000304e-05
4.473352000000000263e-05
4.469254000000000222e-05
4.465528999999999847e-05
4.461803000000000080e-05
4.458451000000000048e-05
4.454353000000000007e-05
4.449882999999999692e-05
4.445785000000000329e-05
4.441687000000000288e-05
4.437589000000000247e-05
4.434236000000000145e-05
4.430884000000000114e-05
4.427903000000000286e-05
4.424922999999999850e-05
4.422688000000000032e-05
4.420079999999999870e-05
4.417472999999999777e-05
4.415236999999999889e-05
4.413374999999999736e-05
4.411139999999999918e-05
4.409276999999999695e-05
4.407786999999999816e-05
4.405551999999999998e-05
4.404061000000000049e-05
4.401826000000000230e-05
4.400335999999999674e-05
4.398474000000000199e-05
4.396983000000000250e-05
4.395121000000000097e-05
4.393257999999999875e-05
4.391395000000000330e-05
4.389159999999999834e-05
4.387297999999999681e-05
4.385435000000000136e-05
4.383200000000000317e-05
4.381337000000000095e-05
4.379474999999999942e-05
4.376866999999999780e-05
4.374631999999999962e-05
4.372397000000000143e-05
4.370161000000000255e-05
4.367180999999999819e-05
4.364946000000000001e-05
4.362337999999999839e-05
4.360103000000000020e-05
4.357123000000000262e-05
4.354887999999999766e-05
4.352280000000000281e-05
4.349672000000000119e-05
4.347437000000000301e-05
4.344829000000000139e-05
4.342222000000000047e-05
4.339613999999999885e-05
4.337005999999999723e-05
4.334025999999999965e-05
4.331417999999999803e-05
4.328438000000000045e-05
4.325458000000000287e-05
4.322105000000000185e-05
4.318752000000000083e-05
4.315400000000000052e-05
4.311674000000000284e-05
4.308322000000000253e-05
4.304595999999999808e-05
4.300871000000000110e-05
4.297518000000000009e-05
4.293793000000000311e-05
4.290440000000000210e-05
4.286714999999999834e-05
4.283361999999999733e-05
4.279637000000000035e-05
4.275911000000000268e-05
4.272559000000000236e-05
4.268832999999999791e-05
4.265108000000000094e-05
4.261382999999999718e-05
4.258030000000000294e-05
4.258402999999999960e-05
4.267342999999999912e-05
4.288204999999999713e-05
4.323595000000000064e-05
4.373887000000000022e-05
4.438334000000000186e-05
4.514329999999999857e-05
4.600012000000000165e-05
4.692026000000000264e-05
4.788138999999999796e-05
4.885741999999999884e-05
4.981854000000000024e-05
5.075730999999999668e-05
5.164766000000000078e-05
5.248956999999999760e-05
5.326442999999999987e-05
5.397595999999999677e-05
5.462416000000000184e-05
5.519413000000000276e-05
5.570821999999999769e-05
5.615525999999999808e-05
5.654269000000000260e-05
5.687424000000000114e-05
5.715735999999999988e-05
5.739205999999999952e-05
5.758576999999999804e-05
5.773850999999999685e-05
5.785772000000000142e-05
5.795084999999999760e-05
5.801418000000000297e-05
5.805516000000000338e-05
5.807751000000000157e-05
5.808122999999999753e-05
5.807377999999999813e-05
5.804770999999999721e-05
5.801418000000000297e-05
5.796575000000000317e-05
5.790986999999999719e-05
5.784282000000000263e-05
5.777202999999999717e-05
5.769379999999999978e-05
5.760812000000000300e-05
5.752617000000000288e-05
5.743302999999999923e-05
5.733990000000000305e-05
5.724677000000000010e-05
5.715363999999999715e-05
5.705305000000000088e-05
5.695620000000000197e-05
5.685560999999999892e-05
5.675503000000000335e-05
5.665445000000000100e-05
5.655759000000000139e-05
5.645328000000000238e-05
5.634897000000000338e-05
5.624094000000000163e-05
5.614035999999999929e-05
5.603231999999999684e-05
5.592801999999999854e-05
5.582370999999999953e-05
5.571940000000000053e-05
5.561509000000000152e-05
5.551450999999999917e-05
5.541764999999999956e-05
5.531706999999999721e-05
5.521649000000000164e-05
5.511963000000000203e-05
5.502277000000000242e-05
5.492963999999999947e-05
5.483651000000000329e-05
5.474710000000000307e-05
5.465769000000000286e-05
5.457200999999999930e-05
5.448633000000000252e-05
5.440437000000000170e-05
5.432242000000000158e-05
5.424417999999999672e-05
5.416223000000000337e-05
5.408772000000000194e-05
5.400948999999999778e-05
5.393498999999999706e-05
5.386420999999999906e-05
5.378969999999999764e-05
5.371891999999999965e-05
5.364814000000000166e-05
5.358107999999999963e-05
5.351402999999999829e-05
5.345069999999999970e-05
5.338363999999999767e-05
5.331659000000000311e-05
5.324580999999999834e-05
5.317875000000000309e-05
5.311170000000000176e-05
5.304091999999999699e-05
5.297386000000000174e-05
5.290681000000000040e-05
5.283603000000000241e-05
5.276897000000000038e-05
5.269819000000000239e-05
5.263113000000000036e-05
5.256407999999999903e-05
5.249701999999999700e-05
5.242997000000000244e-05
5.235918999999999768e-05
5.229585999999999908e-05
5.222879999999999705e-05
5.216175000000000249e-05
5.209841999999999712e-05
5.203508999999999853e-05
5.197175999999999993e-05
5.191214999999999729e-05
5.185255000000000213e-05
5.179667000000000293e-05
5.174078999999999696e-05
5.168490999999999775e-05
5.163276000000000199e-05
5.158433000000000218e-05
5.153961999999999834e-05
5.149119999999999923e-05
5.145021999999999882e-05
5.140551000000000175e-05
5.136454000000000204e-05
5.132727999999999759e-05
5.128629999999999718e-05
5.124532999999999747e-05
5.120434999999999706e-05
5.117082000000000282e-05
5.113729000000000180e-05
5.110377000000000149e-05
5.107396000000000321e-05
5.104415999999999885e-05
5.101436000000000127e-05
5.098827999999999965e-05
5.095848000000000207e-05
5.093240000000000045e-05
5.090260000000000287e-05
5.087652000000000125e-05
5.084671999999999689e-05
5.082436999999999871e-05
5.079457000000000113e-05
5.077221000000000224e-05
5.074985999999999728e-05
5.073124000000000253e-05
5.070887999999999687e-05
5.069026000000000212e-05
5.067162999999999989e-05
5.066045999999999776e-05
5.064554999999999827e-05
5.063438000000000292e-05
5.062692999999999675e-05
5.061947999999999735e-05
5.061202999999999796e-05
5.060830000000000130e-05
5.060457999999999856e-05
5.060457999999999856e-05
5.060830000000000130e-05
5.061202999999999796e-05
5.062320000000000009e-05
5.063438000000000292e-05
5.064183000000000231e-05
5.065300999999999837e-05
5.066790999999999716e-05
5.067536000000000333e-05
5.069026000000000212e-05
5.069771000000000151e-05
5.070887999999999687e-05
5.072379000000000314e-05
5.073495999999999849e-05
5.074985999999999728e-05
5.076104000000000011e-05
5.078338999999999830e-05
5.079828999999999709e-05
5.082436999999999871e-05
5.084671999999999689e-05
5.086907000000000185e-05
5.089142000000000004e-05
5.091750000000000166e-05
5.093984999999999984e-05
5.096593000000000146e-05
5.098455999999999691e-05
5.100691000000000187e-05
5.102552999999999662e-05
5.104415999999999885e-05
5.106279000000000108e-05
5.107768999999999987e-05
5.108886000000000200e-05
5.110377000000000149e-05
5.111493999999999684e-05
5.112984000000000241e-05
5.114101999999999846e-05
5.115591999999999725e-05
5.117454999999999948e-05
5.118944999999999827e-05
5.120434999999999706e-05
5.121925000000000262e-05
5.123787999999999807e-05
5.125649999999999960e-05
5.127139999999999839e-05
5.129003000000000061e-05
5.130866000000000284e-05
5.133101000000000102e-05
5.134963000000000255e-05
5.137199000000000144e-05
5.139433999999999962e-05
5.142787000000000064e-05
5.145394000000000156e-05
5.148747000000000257e-05
5.152099999999999681e-05
5.155452999999999783e-05
5.158804999999999814e-05
5.162157999999999916e-05
5.165883000000000291e-05
5.169609000000000059e-05
5.172588999999999817e-05
5.175941999999999918e-05
5.179293999999999950e-05
5.182274999999999778e-05
5.185255000000000213e-05
5.187862999999999698e-05
5.190098000000000194e-05
5.192705000000000286e-05
5.194567999999999831e-05
5.196431000000000053e-05
5.198293000000000206e-05
5.200155999999999751e-05
5.202018999999999974e-05
5.203508999999999853e-05
5.204998999999999732e-05
5.206115999999999945e-05
5.207606999999999894e-05
5.208724000000000107e-05
5.209469000000000046e-05
5.210213999999999986e-05
5.210587000000000329e-05
5.210958999999999925e-05
5.210958999999999925e-05
5.210587000000000329e-05
5.209469000000000046e-05
5.208351999999999833e-05
5.206115999999999945e-05
5.203881000000000126e-05
5.201274000000000034e-05
5.198293000000000206e-05
5.194941000000000174e-05
5.191214999999999729e-05
5.187116999999999688e-05
5.183391999999999991e-05
5.178549000000000010e-05
5.174078999999999696e-05
5.169235999999999715e-05
5.164766000000000078e-05
5.160294999999999693e-05
5.155825000000000056e-05
5.152099999999999681e-05
5.148373999999999914e-05
5.145394000000000156e-05
5.142413999999999720e-05
5.139433999999999962e-05
5.137570999999999740e-05
5.135708000000000195e-05
5.133101000000000102e-05
5.131237999999999880e-05
5.129748000000000001e-05
5.127139999999999839e-05
5.125277999999999686e-05
5.123042999999999868e-05
5.120806999999999979e-05
5.118572000000000161e-05
5.116336999999999665e-05
5.113729000000000180e-05
5.110748999999999745e-05
5.107396000000000321e-05
5.104415999999999885e-05
5.100691000000000187e-05
5.096964999999999742e-05
5.093240000000000045e-05
5.089514999999999670e-05
5.085789999999999972e-05
5.082064000000000205e-05
5.078338999999999830e-05
5.074985999999999728e-05
5.071633000000000304e-05
5.068652999999999868e-05
5.066045999999999776e-05
5.063438000000000292e-05
5.061202999999999796e-05
5.059340000000000251e-05
5.057477000000000028e-05
5.055614999999999876e-05
5.053752000000000331e-05
5.051516999999999835e-05
5.049654000000000290e-05
5.047418999999999794e-05
5.045183999999999975e-05
5.042949000000000157e-05
5.040714000000000338e-05
5.037732999999999832e-05
5.034753000000000074e-05
5.031773000000000316e-05
5.028420000000000215e-05
5.025067000000000113e-05
5.022086999999999678e-05
5.019106999999999920e-05
5.016127000000000162e-05
5.013146000000000334e-05
5.009794000000000302e-05
5.006441000000000200e-05
5.002715999999999825e-05
4.998617999999999784e-05
4.994147000000000077e-05
4.989676999999999763e-05
4.985207000000000126e-05
4.981109000000000085e-05
4.976266000000000104e-05
4.971795999999999789e-05
4.967325000000000082e-05
4.962482000000000102e-05
4.958385000000000131e-05
4.953913999999999746e-05
4.949444000000000109e-05
4.944973999999999794e-05
4.940503000000000087e-05
4.936405000000000046e-05
4.932308000000000075e-05
4.927836999999999691e-05
4.923367000000000054e-05
4.918896999999999739e-05
4.914053999999999758e-05
4.909210999999999778e-05
4.904367999999999797e-05
4.899153000000000221e-05
4.894681999999999836e-05
4.889467000000000260e-05
4.885369000000000219e-05
4.880898999999999904e-05
4.876800999999999863e-05
4.873076000000000165e-05
4.869349999999999720e-05
4.865997000000000296e-05
4.862645000000000265e-05
4.860037000000000103e-05
4.857056999999999667e-05
4.854449000000000183e-05
4.852213999999999686e-05
4.850351000000000141e-05
4.848488999999999989e-05
4.846998000000000040e-05
4.845508000000000161e-05
4.844390999999999948e-05
4.842901000000000069e-05
4.841782999999999786e-05
4.840292999999999907e-05
4.838803000000000028e-05
4.836939999999999805e-05
4.835449999999999926e-05
4.833215000000000108e-05
4.831351999999999885e-05
4.829117000000000067e-05
4.826882000000000248e-05
4.824646999999999752e-05
4.821666999999999994e-05
4.818686000000000166e-05
4.815334000000000134e-05
4.811607999999999689e-05
4.807882999999999992e-05
4.804158000000000294e-05
4.800805000000000193e-05
4.797452000000000091e-05
4.794098999999999990e-05
4.791119000000000232e-05
4.788138999999999796e-05
4.785531000000000311e-05
4.783669000000000159e-05
4.781805999999999936e-05
4.780316000000000057e-05
4.778826000000000178e-05
4.778081000000000239e-05
4.776962999999999956e-05
4.775844999999999673e-05
4.774728000000000137e-05
4.773238000000000258e-05
4.772119999999999975e-05
4.770257999999999823e-05
4.769140000000000217e-05
4.767276999999999995e-05
4.765787000000000116e-05
4.763924999999999963e-05
4.762061999999999740e-05
4.759454000000000256e-05
4.757218999999999760e-05
4.754983999999999941e-05
4.752375999999999779e-05
4.749396000000000021e-05
4.746787999999999859e-05
4.743808000000000101e-05
4.740455000000000000e-05
4.737475000000000242e-05
4.734494999999999806e-05
4.731887000000000322e-05
4.728906999999999886e-05
4.726672000000000067e-05
4.724063999999999905e-05
4.721455999999999743e-05
4.719594000000000268e-05
4.717357999999999702e-05
4.715122999999999884e-05
4.713260999999999731e-05
4.711398000000000186e-05
4.709162999999999690e-05
4.707672999999999811e-05
4.706182999999999932e-05
4.705436999999999923e-05
4.705065000000000327e-05
4.705065000000000327e-05
4.705810000000000266e-05
4.707300000000000145e-05
4.709162999999999690e-05
4.711398000000000186e-05
4.713633000000000005e-05
4.715867999999999823e-05
4.718475999999999985e-05
4.720710999999999804e-05
4.722946000000000300e-05
4.725181000000000118e-05
4.727789000000000281e-05
4.730769000000000039e-05
4.733377000000000201e-05
4.736356999999999959e-05
4.738965000000000121e-05
4.741573000000000283e-05
4.744179999999999697e-05
4.746787999999999859e-05
4.749768000000000295e-05
4.752004000000000183e-05
4.754239000000000002e-05
4.756846000000000094e-05
4.759454000000000256e-05
4.762434000000000014e-05
4.765042000000000176e-05
4.768021999999999934e-05
4.770257999999999823e-05
4.772864999999999915e-05
4.775099999999999733e-05
4.776590999999999682e-05
4.778452999999999835e-05
4.779571000000000118e-05
4.781433000000000270e-05
4.782550999999999876e-05
4.784414000000000098e-05
4.785903999999999977e-05
4.788138999999999796e-05
4.790374000000000292e-05
4.792981999999999776e-05
4.795962000000000212e-05
4.798941999999999970e-05
4.802295000000000072e-05
4.806019999999999769e-05
4.809746000000000214e-05
4.813470999999999912e-05
4.817196000000000287e-05
4.821294000000000328e-05
4.825391999999999691e-05
4.829117000000000067e-05
4.833215000000000108e-05
4.837684999999999745e-05
4.841782999999999786e-05
4.846625999999999766e-05
4.851468999999999747e-05
4.856684000000000001e-05
4.861526999999999982e-05
4.867114999999999902e-05
4.873076000000000165e-05
4.878663000000000015e-05
4.884624000000000279e-05
4.890583999999999795e-05
4.896171999999999715e-05
4.902132999999999979e-05
4.906975999999999959e-05
4.911818999999999940e-05
4.916660999999999850e-05
4.921132000000000235e-05
4.925601999999999872e-05
4.930444999999999853e-05
4.934542999999999894e-05
4.938268000000000269e-05
4.942366000000000310e-05
4.945718999999999734e-05
4.948699000000000170e-05
4.951678999999999928e-05
4.953913999999999746e-05
4.955776999999999969e-05
4.957640000000000191e-05
4.959130000000000070e-05
4.960247000000000283e-05
4.961364999999999889e-05
4.962109999999999828e-05
4.962854999999999768e-05
4.963973000000000051e-05
4.965090000000000264e-05
4.966580000000000143e-05
4.968442999999999688e-05
4.971050999999999850e-05
4.973657999999999942e-05
4.976638999999999770e-05
4.979245999999999862e-05
4.981109000000000085e-05
4.983343999999999903e-05
4.984833999999999782e-05
4.985952000000000065e-05
4.986697000000000005e-05
4.987441999999999944e-05
4.987814000000000218e-05
4.988186999999999884e-05
4.988931999999999823e-05
4.989305000000000167e-05
4.989676999999999763e-05
4.990421999999999702e-05
4.990795000000000046e-05
4.991167000000000319e-05
4.991912000000000259e-05
4.992657000000000198e-05
4.993402000000000138e-05
4.994147000000000077e-05
4.994893000000000087e-05
4.995638000000000026e-05
4.996010000000000300e-05
4.996382999999999966e-05
4.996010000000000300e-05
4.996010000000000300e-05
4.995264999999999683e-05
4.994893000000000087e-05
4.994147000000000077e-05
4.993774999999999804e-05
4.993029999999999864e-05
4.992284999999999925e-05
4.991167000000000319e-05
4.990795000000000046e-05
4.990421999999999702e-05
4.989676999999999763e-05
4.989305000000000167e-05
4.988931999999999823e-05
4.988560000000000227e-05
4.987814000000000218e-05
4.987441999999999944e-05
4.986324000000000339e-05
4.985578999999999722e-05
4.984833999999999782e-05
4.984462000000000186e-05
4.984462000000000186e-05
4.984462000000000186e-05
4.984462000000000186e-05
4.984462000000000186e-05
4.984833999999999782e-05
4.985207000000000126e-05
4.985952000000000065e-05
4.987069000000000278e-05
4.987441999999999944e-05
4.988560000000000227e-05
4.989305000000000167e-05
4.989676999999999763e-05
4.989676999999999763e-05
4.988931999999999823e-05
4.987814000000000218e-05
4.986697000000000005e-05
4.984833999999999782e-05
4.982972000000000307e-05
4.981109000000000085e-05
4.978500999999999922e-05
4.975893999999999830e-05
4.973285999999999668e-05
4.970305999999999910e-05
4.966952999999999809e-05
4.963599999999999707e-05
4.960247000000000283e-05
4.956521999999999908e-05
4.953168999999999807e-05
4.949444000000000109e-05
4.946463999999999673e-05
4.943111000000000249e-05
4.940130999999999814e-05
4.937151000000000056e-05
4.933797999999999954e-05
4.930444999999999853e-05
4.927465000000000095e-05
4.924111999999999993e-05
4.921132000000000235e-05
4.917779000000000134e-05
4.914053999999999758e-05
4.911446000000000274e-05
4.908465999999999838e-05
4.905112999999999737e-05
4.901760000000000313e-05
4.898407000000000211e-05
4.895426999999999776e-05
4.892074999999999744e-05
4.888722000000000320e-05
4.885741999999999884e-05
4.883133999999999722e-05
4.880526000000000238e-05
4.878290999999999742e-05
4.875683000000000257e-05
4.873076000000000165e-05
4.870095000000000337e-05
4.867114999999999902e-05
4.865251999999999679e-05
4.863016999999999861e-05
4.860782000000000042e-05
4.857802000000000284e-05
4.855566999999999788e-05
4.853330999999999899e-05
4.851096000000000081e-05
4.848488999999999989e-05
4.845880999999999827e-05
4.842156000000000129e-05
4.837313000000000149e-05
4.830980000000000289e-05
4.823156999999999873e-05
4.814588000000000125e-05
4.806019999999999769e-05
4.797452000000000091e-05
4.789256000000000009e-05
4.782923000000000149e-05
4.778452999999999835e-05
4.776962999999999956e-05
4.776962999999999956e-05
4.779571000000000118e-05
4.784414000000000098e-05
4.790746999999999958e-05
4.797824999999999757e-05
4.806019999999999769e-05
4.814215999999999851e-05
4.822039000000000268e-05
4.828744999999999793e-05
4.833960000000000047e-05
4.836568000000000209e-05
4.836568000000000209e-05
4.833960000000000047e-05
4.829862000000000006e-05
4.825391999999999691e-05
4.819803999999999771e-05
4.814960999999999791e-05
4.809001000000000275e-05
4.802667999999999738e-05
4.796707000000000152e-05
4.790374000000000292e-05
4.784414000000000098e-05
4.778081000000000239e-05
4.771747999999999702e-05
4.765042000000000176e-05
4.758337000000000043e-05
4.751259000000000244e-05
4.743808000000000101e-05
4.737101999999999898e-05
4.729279000000000160e-05
4.722200999999999683e-05
4.715122999999999884e-05
4.708417999999999751e-05
4.701712000000000225e-05
4.695752000000000031e-05
4.689790999999999768e-05
4.684576000000000191e-05
4.680104999999999807e-05
4.675635000000000170e-05
4.671537000000000129e-05
4.667439000000000088e-05
4.662968999999999773e-05
4.658870999999999732e-05
4.655146000000000034e-05
4.651421000000000337e-05
4.648068000000000235e-05
4.644715000000000134e-05
4.641734999999999698e-05
4.638754999999999940e-05
4.635029000000000173e-05
4.631303999999999797e-05
4.627579000000000100e-05
4.623481000000000059e-05
4.619383000000000018e-05
4.615284999999999977e-05
4.610814999999999662e-05
4.606717000000000299e-05
4.602246999999999984e-05
4.598148999999999943e-05
4.593305999999999962e-05
4.588836000000000325e-05
4.584738000000000284e-05
4.581012999999999909e-05
4.577287000000000142e-05
4.574306999999999706e-05
4.571700000000000291e-05
4.569092000000000129e-05
4.566857000000000311e-05
4.565366999999999754e-05
4.563875999999999805e-05
4.562759000000000270e-05
4.561640999999999987e-05
4.560896000000000047e-05
4.560151000000000108e-05
4.560151000000000108e-05
4.560151000000000108e-05
4.560523999999999774e-05
4.561640999999999987e-05
4.563130999999999866e-05
4.564994000000000088e-05
4.567228999999999907e-05
4.569463999999999725e-05
4.572071999999999887e-05
4.574306999999999706e-05
4.575797000000000263e-05
4.576914999999999868e-05
4.577659999999999808e-05
4.577659999999999808e-05
4.577287000000000142e-05
4.576914999999999868e-05
4.576169999999999929e-05
4.575424999999999989e-05
4.574306999999999706e-05
4.572816999999999827e-05
4.571326999999999948e-05
4.569463999999999725e-05
4.566857000000000311e-05
4.563875999999999805e-05
4.560523999999999774e-05
4.556798000000000006e-05
4.552701000000000035e-05
4.548230000000000328e-05
4.544504999999999953e-05
4.541151999999999851e-05
4.537427000000000154e-05
4.533329000000000113e-05
4.529603999999999738e-05
4.525505999999999697e-05
4.521780999999999999e-05
4.517310000000000292e-05
4.512839999999999978e-05
4.507996999999999997e-05
4.503154000000000016e-05
4.498683999999999702e-05
4.493840999999999721e-05
4.489742999999999680e-05
4.484899999999999700e-05
4.480802000000000336e-05
4.475959999999999748e-05
4.471116999999999767e-05
4.466273999999999787e-05
4.461058000000000140e-05
4.455842999999999886e-05
4.450999999999999906e-05
4.446156999999999925e-05
4.441313999999999944e-05
4.436470999999999964e-05
4.431629000000000053e-05
4.427157999999999669e-05
4.423060000000000305e-05
4.418589999999999991e-05
4.414491999999999949e-05
4.411139999999999918e-05
4.407414000000000150e-05
4.404061000000000049e-05
4.400709000000000017e-05
4.397355999999999916e-05
4.393631000000000218e-05
4.390278000000000117e-05
4.386925000000000015e-05
4.383571999999999913e-05
4.380219999999999882e-05
4.376494000000000114e-05
4.372768999999999739e-05
4.368299000000000102e-05
4.363827999999999718e-05
4.359358000000000081e-05
4.354515000000000100e-05
4.350044999999999785e-05
4.344829000000000139e-05
4.339613999999999885e-05
4.334770999999999904e-05
4.329182999999999984e-05
4.324340000000000004e-05
4.319124999999999749e-05
4.314281999999999769e-05
4.309438999999999788e-05
4.304224000000000212e-05
4.299007999999999888e-05
4.293793000000000311e-05
4.288204999999999713e-05
4.282616999999999793e-05
4.277402000000000217e-05
4.271814000000000297e-05
4.266971000000000316e-05
4.262128000000000336e-05
4.257284999999999677e-05
4.252815000000000040e-05
4.248344000000000333e-05
4.244618999999999958e-05
4.241265999999999857e-05
4.238286000000000099e-05
4.235305999999999663e-05
4.232325999999999905e-05
4.228600000000000138e-05
4.224874999999999762e-05
4.220776999999999721e-05
4.215562000000000145e-05
4.210719000000000164e-05
4.205131000000000244e-05
4.199915999999999990e-05
4.195445000000000283e-05
4.190974999999999968e-05
4.186505000000000331e-05
4.182407000000000290e-05
4.178309000000000249e-05
4.174211000000000208e-05
4.170485999999999833e-05
4.167132999999999731e-05
4.164152999999999973e-05
4.162289999999999751e-05
4.161173000000000215e-05
4.160799999999999872e-05
4.161173000000000215e-05
4.162289999999999751e-05
4.163408000000000034e-05
4.164525000000000247e-05
4.166387999999999792e-05
4.167132999999999731e-05
4.168251000000000014e-05
4.168995999999999954e-05
4.168995999999999954e-05
4.168995999999999954e-05
4.168251000000000014e-05
4.167506000000000075e-05
4.167132999999999731e-05
4.165642999999999852e-05
4.164152999999999973e-05
4.163034999999999690e-05
4.161173000000000215e-05
4.158937000000000327e-05
4.156701999999999831e-05
4.153722000000000073e-05
4.150742000000000315e-05
4.147389000000000213e-05
4.144036000000000112e-05
4.140683000000000010e-05
4.136586000000000039e-05
4.132487999999999998e-05
4.128763000000000300e-05
4.124665000000000259e-05
4.120193999999999875e-05
4.116469000000000177e-05
4.113116000000000076e-05
4.109018000000000035e-05
4.105293000000000337e-05
4.101567999999999962e-05
4.098214999999999860e-05
4.094490000000000163e-05
4.091137000000000061e-05
4.087783999999999960e-05
4.084059000000000262e-05
4.079588999999999948e-05
4.075490999999999906e-05
4.071392999999999865e-05
4.067294999999999824e-05
4.062825000000000187e-05
4.058727000000000146e-05
4.055001999999999771e-05
4.051648999999999670e-05
4.048296000000000246e-05
4.044943000000000144e-05
4.042336000000000052e-05
4.039727999999999890e-05
4.036748000000000132e-05
4.033767999999999696e-05
4.030786999999999868e-05
4.027807000000000110e-05
4.024826999999999675e-05
4.021474000000000251e-05
4.018493999999999815e-05
4.014769000000000118e-05
4.010297999999999733e-05
4.005828000000000096e-05
4.000985000000000115e-05
3.995397000000000195e-05
3.989809000000000275e-05
3.983475999999999738e-05
3.977516000000000222e-05
3.971182999999999685e-05
3.964849999999999825e-05
3.958144000000000300e-05
3.951810999999999762e-05
3.945106000000000307e-05
3.938400000000000104e-05
3.932067000000000244e-05
3.926107000000000051e-05
3.920519000000000131e-05
3.916047999999999746e-05
3.912323000000000048e-05
3.909714999999999886e-05
3.907480000000000068e-05
3.905617999999999915e-05
3.904500000000000310e-05
3.904128000000000036e-05
3.904128000000000036e-05
3.904128000000000036e-05
3.904500000000000310e-05
3.905617999999999915e-05
3.907107999999999794e-05
3.908969999999999947e-05
3.910833000000000169e-05
3.912323000000000048e-05
3.913812999999999927e-05
3.914931000000000210e-05
3.914931000000000210e-05
3.914931000000000210e-05
3.913812999999999927e-05
3.913067999999999988e-05
3.911205999999999835e-05
3.910088000000000230e-05
3.908225000000000007e-05
3.905990000000000189e-05
3.904128000000000036e-05
3.901147000000000208e-05
3.898540000000000116e-05
3.895559000000000288e-05
3.891833999999999913e-05
3.888480999999999811e-05
3.884382999999999770e-05
3.881030999999999739e-05
3.877678000000000315e-05
3.874325000000000213e-05
3.871717000000000051e-05
3.868737000000000293e-05
3.866130000000000201e-05
3.863148999999999696e-05
3.859796999999999664e-05
3.856070999999999896e-05
3.851601000000000259e-05
3.846758000000000279e-05
3.841543000000000025e-05
3.836326999999999701e-05
3.831112000000000124e-05
3.825524000000000204e-05
3.821053999999999889e-05
3.815838000000000243e-05
3.811367999999999928e-05
3.806897000000000221e-05
3.803171999999999846e-05
3.799447000000000149e-05
3.796094000000000047e-05
3.793114000000000289e-05
3.790506000000000127e-05
3.787525999999999691e-05
3.785290999999999873e-05
3.783056000000000054e-05
3.780820000000000166e-05
3.779330000000000287e-05
3.777839999999999730e-05
3.777094999999999791e-05
3.776349999999999851e-05
3.775604999999999912e-05
3.775604999999999912e-05
3.775604999999999912e-05
3.775978000000000255e-05
3.775978000000000255e-05
3.776349999999999851e-05
3.776349999999999851e-05
3.776349999999999851e-05
3.776349999999999851e-05
3.776723000000000195e-05
3.777094999999999791e-05
3.777468000000000134e-05
3.777839999999999730e-05
3.777839999999999730e-05
3.778584999999999670e-05
3.779330000000000287e-05
3.780447999999999892e-05
3.781192999999999832e-05
3.782682999999999711e-05
3.783800999999999994e-05
3.784545999999999933e-05
3.785663000000000146e-05
3.786780999999999752e-05
3.787153000000000025e-05
3.787153000000000025e-05
3.786408000000000086e-05
3.784545999999999933e-05
3.782311000000000115e-05
3.779702999999999953e-05
3.776349999999999851e-05
3.772251999999999810e-05
3.768153999999999769e-05
3.763684000000000132e-05
3.758841000000000151e-05
3.754370999999999837e-05
3.749900000000000130e-05
3.745803000000000159e-05
3.742076999999999714e-05
3.738352000000000016e-05
3.735372000000000258e-05
3.732764000000000096e-05
3.730901999999999943e-05
3.730155999999999934e-05
3.730155999999999934e-05
3.730155999999999934e-05
3.731274000000000217e-05
3.732391999999999822e-05
3.733509000000000036e-05
3.734253999999999975e-05
3.734998999999999915e-05
3.736117000000000198e-05
3.736488999999999794e-05
3.737234999999999803e-05
3.737607000000000077e-05
3.738352000000000016e-05
3.738724999999999682e-05
3.739470000000000299e-05
3.739841999999999895e-05
3.740586999999999835e-05
3.742076999999999714e-05
3.743567999999999663e-05
3.745803000000000159e-05
3.748037999999999977e-05
3.751017999999999735e-05
3.753625999999999897e-05
3.756606000000000333e-05
3.759213999999999817e-05
3.761820999999999909e-05
3.764056999999999798e-05
3.765546999999999677e-05
3.766663999999999890e-05
3.767408999999999830e-05
3.767782000000000173e-05
3.767782000000000173e-05
3.767782000000000173e-05
3.767782000000000173e-05
3.767782000000000173e-05
3.767782000000000173e-05
3.768527000000000113e-05
3.769644999999999718e-05
3.770016999999999992e-05
3.770761999999999931e-05
3.771506999999999871e-05
3.771135000000000275e-05
3.769644999999999718e-05
3.768153999999999769e-05
3.766663999999999890e-05
3.765918999999999951e-05
3.765546999999999677e-05
3.764801999999999737e-05
3.764056999999999798e-05
3.763684000000000132e-05
3.764429000000000072e-05
3.765174000000000011e-05
3.765918999999999951e-05
3.766663999999999890e-05
3.767782000000000173e-05
3.768153999999999769e-05
3.768527000000000113e-05
3.767408999999999830e-05
3.765174000000000011e-05
3.761820999999999909e-05
3.758841000000000151e-05
3.757723999999999938e-05
3.758096000000000212e-05
3.759586000000000091e-05
3.762194000000000253e-05
3.764056999999999798e-05
3.765174000000000011e-05
3.764801999999999737e-05
3.764056999999999798e-05
3.764429000000000072e-05
3.765918999999999951e-05
3.769272000000000052e-05
3.773370000000000093e-05
3.776723000000000195e-05
3.779702999999999953e-05
3.781565000000000105e-05
3.783428000000000328e-05
3.786035999999999812e-05
3.789388999999999914e-05
3.793114000000000289e-05
3.796466999999999713e-05
3.799818999999999745e-05
3.803171999999999846e-05
3.807269999999999887e-05
3.810622999999999989e-05
3.813602999999999747e-05
3.816210999999999909e-05
3.818818000000000001e-05
3.820681000000000223e-05
3.821798999999999829e-05
3.822171000000000102e-05
3.822543999999999768e-05
3.822171000000000102e-05
3.822171000000000102e-05
3.822543999999999768e-05
3.822916000000000042e-05
3.823660999999999981e-05
3.825524000000000204e-05
3.828131999999999688e-05
3.830738999999999781e-05
3.834465000000000226e-05
3.838562000000000197e-05
3.843032999999999904e-05
3.847875999999999884e-05
3.852718999999999865e-05
3.857189000000000180e-05
3.861658999999999817e-05
3.866130000000000201e-05
3.869482000000000233e-05
3.873208000000000000e-05
3.875815000000000092e-05
3.878795999999999920e-05
3.881030999999999739e-05
3.883266000000000235e-05
3.885501000000000053e-05
3.888480999999999811e-05
3.891462000000000317e-05
3.894442000000000075e-05
3.898166999999999773e-05
3.901892000000000148e-05
3.905990000000000189e-05
3.910833000000000169e-05
3.916421000000000089e-05
3.922381000000000283e-05
3.929459000000000082e-05
3.937282999999999891e-05
3.945851000000000246e-05
3.955163999999999864e-05
3.965967000000000038e-05
3.976771000000000282e-05
3.987573999999999779e-05
3.998750000000000297e-05
4.009181000000000197e-05
4.019238999999999755e-05
4.028552000000000050e-05
4.037493000000000071e-05
4.044943000000000144e-05
4.051648999999999670e-05
4.057608999999999863e-05
4.062825000000000187e-05
4.066923000000000228e-05
4.070647999999999926e-05
4.073627999999999684e-05
4.076235999999999846e-05
4.079588999999999948e-05
4.083314000000000323e-05
4.087411999999999686e-05
4.091509999999999727e-05
4.097098000000000325e-05
4.102685000000000175e-05
4.109018000000000035e-05
4.115724000000000238e-05
4.122802000000000037e-05
4.129879999999999836e-05
4.136958000000000313e-05
4.143291000000000172e-05
4.149624000000000032e-05
4.156330000000000235e-05
4.163408000000000034e-05
4.169740999999999893e-05
4.175328999999999814e-05
4.179054000000000189e-05
4.182778999999999886e-05
4.186505000000000331e-05
4.191719999999999908e-05
4.198052999999999767e-05
4.204757999999999901e-05
4.211090999999999760e-05
4.216307000000000084e-05
4.221150000000000065e-05
4.225619999999999702e-05
4.231208000000000300e-05
4.238658999999999765e-05
4.247972000000000060e-05
4.258402999999999960e-05
4.268461000000000195e-05
4.277402000000000217e-05
4.284480000000000016e-05
4.288950000000000330e-05
4.292302999999999754e-05
4.294538000000000251e-05
4.297890999999999674e-05
4.303105999999999929e-05
4.309438999999999788e-05
4.317262000000000204e-05
4.325458000000000287e-05
4.332907999999999682e-05
4.338868999999999945e-05
4.343339000000000260e-05
4.347809999999999967e-05
4.352651999999999877e-05
4.358613000000000141e-05
4.365690999999999940e-05
4.372023999999999800e-05
4.378357000000000337e-05
4.384316999999999853e-05
4.390649999999999713e-05
4.398100999999999855e-05
4.405551999999999998e-05
4.414119999999999676e-05
4.421569999999999749e-05
4.427531000000000012e-05
4.433118999999999932e-05
4.437589000000000247e-05
4.443177000000000167e-05
4.450254999999999966e-05
4.458823000000000322e-05
4.469254000000000222e-05
4.480430000000000063e-05
4.490488000000000297e-05
4.498683999999999702e-05
4.504643999999999895e-05
4.509115000000000280e-05
4.512467000000000312e-05
4.516564999999999675e-05
4.522153000000000273e-05
4.530720999999999951e-05
4.541151999999999851e-05
4.553073000000000309e-05
4.564994000000000088e-05
4.576169999999999929e-05
4.585483000000000224e-05
4.592561000000000023e-05
4.598148999999999943e-05
4.602619000000000258e-05
4.608207000000000178e-05
4.616403000000000260e-05
4.626460999999999817e-05
4.638010000000000001e-05
4.649930999999999780e-05
4.661478999999999894e-05
4.670419999999999916e-05
4.677125000000000049e-05
4.682340999999999695e-05
4.687555999999999949e-05
4.693517000000000213e-05
4.700595000000000012e-05
4.708790000000000024e-05
4.716986000000000106e-05
4.724808999999999845e-05
4.731141999999999704e-05
4.735239999999999746e-05
4.737475000000000242e-05
4.738965000000000121e-05
4.740455000000000000e-05
4.743808000000000101e-05
4.749396000000000021e-05
4.756473999999999820e-05
4.763924999999999963e-05
4.772119999999999975e-05
4.781805999999999936e-05
4.793354000000000050e-05
4.806019999999999769e-05
4.819803999999999771e-05
4.832841999999999764e-05
4.844763000000000221e-05
4.855566999999999788e-05
4.867114999999999902e-05
4.879035999999999681e-05
4.891702000000000078e-05
4.904740000000000071e-05
4.916289000000000255e-05
4.927465000000000095e-05
4.938268000000000269e-05
4.949444000000000109e-05
4.961364999999999889e-05
4.973285999999999668e-05
4.984833999999999782e-05
4.995264999999999683e-05
5.003833000000000038e-05
5.012029000000000121e-05
5.020224000000000133e-05
5.028792999999999881e-05
5.038106000000000176e-05
5.046302000000000258e-05
5.054124999999999997e-05
5.062320000000000009e-05
5.070887999999999687e-05
5.079828999999999709e-05
5.089142000000000004e-05
5.097710999999999752e-05
5.105905999999999764e-05
5.114101999999999846e-05
5.123787999999999807e-05
5.133472999999999698e-05
5.143532000000000003e-05
5.152845000000000298e-05
5.161786000000000320e-05
5.171098999999999938e-05
5.180784999999999899e-05
5.190843000000000133e-05
5.200900999999999691e-05
5.210587000000000329e-05
5.221018000000000230e-05
5.231448000000000061e-05
5.241878999999999961e-05
5.250819999999999983e-05
5.259016000000000065e-05
5.266093999999999864e-05
5.272798999999999997e-05
5.279131999999999857e-05
5.284719999999999777e-05
5.290681000000000040e-05
5.296268999999999961e-05
5.301855999999999811e-05
5.307443999999999731e-05
5.313777000000000268e-05
5.320110000000000128e-05
5.326442999999999987e-05
5.333894000000000130e-05
5.342090000000000212e-05
5.351030000000000164e-05
5.360716000000000125e-05
5.371147000000000025e-05
5.382322999999999865e-05
5.393126000000000040e-05
5.404674000000000153e-05
5.415105000000000054e-05
5.425535999999999955e-05
5.435221999999999916e-05
5.443790000000000272e-05
5.450868000000000071e-05
5.457200999999999930e-05
5.462416000000000184e-05
5.467259000000000165e-05
5.472102000000000145e-05
5.476572999999999852e-05
5.481043000000000167e-05
5.486257999999999744e-05
5.492219000000000007e-05
5.498924000000000140e-05
5.506746999999999879e-05
5.515316000000000305e-05
5.525001000000000196e-05
5.535432000000000096e-05
5.546235000000000271e-05
5.557411000000000111e-05
5.567842000000000011e-05
5.578646000000000256e-05
5.589076000000000086e-05
5.598762000000000047e-05
5.608820000000000282e-05
5.618506000000000243e-05
5.628192000000000204e-05
5.637878000000000166e-05
5.647935999999999723e-05
5.658367000000000301e-05
5.668424999999999858e-05
5.679228000000000032e-05
5.690403999999999872e-05
5.701953000000000056e-05
5.713501000000000170e-05
5.725421999999999949e-05
5.738087999999999669e-05
5.750380999999999722e-05
5.762302000000000179e-05
5.773850999999999685e-05
5.784653999999999859e-05
5.794712000000000094e-05
5.804025999999999782e-05
5.811849000000000198e-05
5.819299000000000271e-05
5.825632000000000130e-05
5.831964999999999990e-05
5.837926000000000253e-05
5.843885999999999769e-05
5.850219000000000307e-05
5.858042000000000045e-05
5.866609999999999723e-05
5.875924000000000088e-05
5.885982000000000323e-05
5.896413000000000224e-05
5.908334000000000003e-05
5.920627000000000057e-05
5.933292999999999776e-05
5.945586999999999899e-05
5.958624999999999892e-05
5.972036000000000228e-05
5.985446999999999887e-05
5.998858000000000223e-05
6.010406999999999729e-05
6.021583000000000247e-05
6.032385999999999743e-05
6.043562000000000261e-05
6.056600000000000254e-05
6.071500999999999792e-05
6.086774999999999673e-05
6.102049000000000232e-05
6.115111000000000548e-05
6.125540999999999701e-05
6.133364999999999510e-05
6.137462000000000158e-05
6.140069999999999643e-05
6.141188000000000603e-05
6.142305000000000139e-05
6.144540000000000635e-05
6.148637999999999998e-05
6.155716000000000475e-05
6.165402000000000436e-05
6.178812999999999417e-05
6.195949000000000129e-05
6.215321000000000051e-05
6.237672999999999731e-05
6.261142000000000302e-05
6.285729000000000479e-05
6.311060999999999917e-05
6.335274999999999750e-05
6.358745000000000391e-05
6.380350999999999384e-05
6.399723000000000662e-05
6.417232000000000361e-05
6.431760000000000233e-05
6.444053999999999679e-05
6.453738999999999570e-05
6.459700000000000511e-05
6.462307999999999995e-05
6.461562999999999378e-05
6.457837000000000288e-05
6.452248999999999691e-05
6.445171000000000569e-05
6.437347999999999475e-05
6.428780000000000475e-05
6.420584000000000393e-05
6.412389000000000381e-05
6.404937999999999560e-05
6.398232999999999427e-05
6.393389999999999447e-05
6.391527000000000579e-05
6.393389999999999447e-05
6.399350000000000318e-05
6.409409000000000623e-05
6.422819999999999604e-05
6.438837999999999354e-05
6.455975000000000136e-05
6.472738000000000504e-05
6.487639999999999434e-05
6.500306000000000508e-05
6.509991000000000399e-05
6.516324000000000259e-05
6.520049999999999349e-05
6.521540000000000583e-05
6.520794999999999966e-05
6.520049999999999349e-05
6.518559999999999470e-05
6.518187000000000481e-05
6.518559999999999470e-05
6.520794999999999966e-05
6.525637999999999946e-05
6.533087999999999341e-05
6.542774000000000658e-05
6.555440000000000377e-05
6.570713999999999581e-05
6.588222000000000566e-05
6.607594000000000488e-05
6.628456000000000289e-05
6.651552000000000517e-05
6.676138999999999338e-05
6.702215999999999393e-05
6.729038000000000066e-05
6.755488000000000465e-05
6.780819999999999903e-05
6.803543999999999857e-05
6.822542999999999436e-05
6.836699000000000389e-05
6.845639999999999733e-05
6.849738000000000452e-05
6.851972999999999593e-05
6.852718000000000210e-05
6.854952999999999351e-05
6.858305999999999452e-05
6.862776000000000444e-05
6.867991999999999413e-05
6.872462000000000406e-05
6.878049999999999648e-05
6.884382999999999508e-05
6.890715999999999367e-05
6.897049000000000582e-05
6.902636999999999824e-05
6.907852000000000079e-05
6.913440000000000676e-05
6.919401000000000262e-05
6.925360999999999778e-05
6.930577000000000102e-05
6.936536999999999618e-05
6.944359999999999357e-05
6.953301000000000056e-05
6.963359000000000291e-05
6.973045000000000252e-05
6.981613000000000608e-05
6.987574000000000194e-05
6.992043999999999831e-05
6.996886999999999811e-05
7.002475000000000409e-05
7.009924999999999804e-05
7.018493000000000160e-05
7.027062000000000586e-05
7.034511999999999981e-05
7.041590000000000457e-05
7.049040999999999922e-05
7.057982000000000622e-05
7.067295000000000239e-05
7.076607999999999857e-05
7.086293999999999818e-05
7.097469999999999658e-05
7.110507999999999651e-05
7.124292000000000331e-05
7.137703000000000667e-05
7.149996000000000042e-05
7.161917000000000500e-05
7.174583000000000219e-05
7.188366999999999543e-05
7.203640000000000032e-05
7.219286999999999579e-05
7.234560000000000068e-05
7.248343999999999393e-05
7.260264999999999850e-05
7.271067999999999347e-05
7.282244000000000542e-05
7.294164999999999644e-05
7.307202999999999637e-05
7.319868999999999356e-05
7.331417999999999540e-05
7.340731000000000513e-05
7.348181999999999978e-05
7.353024999999999958e-05
7.356750000000000333e-05
7.360847999999999697e-05
7.366436000000000294e-05
7.374631000000000307e-05
7.385061999999999530e-05
7.397356000000000330e-05
7.410394000000000323e-05
7.422686999999999699e-05
7.432372999999999660e-05
7.439078999999999863e-05
7.442804000000000238e-05
7.443177000000000582e-05
7.440195999999999399e-05
7.434981000000000500e-05
7.429019999999999558e-05
7.424177999999999648e-05
7.421942000000000437e-05
7.423060000000000042e-05
7.428648000000000640e-05
7.438705999999999520e-05
7.452116999999999856e-05
7.468509000000000020e-05
7.486016999999999650e-05
7.502781000000000088e-05
7.517310000000000029e-05
7.529602999999999405e-05
7.540779000000000600e-05
7.552327999999999429e-05
7.564994000000000503e-05
7.579150000000000101e-05
7.594423000000000590e-05
7.609324999999999520e-05
7.622362999999999513e-05
7.634657000000000314e-05
7.645832000000000084e-05
7.657007999999999924e-05
7.667067000000000229e-05
7.676379999999999846e-05
7.685692999999999464e-05
7.696124000000000042e-05
7.707672000000000156e-05
7.720337999999999875e-05
7.731513999999999715e-05
7.742689999999999555e-05
7.752747999999999790e-05
7.762060999999999408e-05
7.769885000000000571e-05
7.776962999999999693e-05
7.783667999999999826e-05
7.789628999999999412e-05
7.794470999999999323e-05
7.799686999999999647e-05
7.804157000000000639e-05
7.809000000000000620e-05
7.813097999999999983e-05
7.817567999999999620e-05
7.822038999999999327e-05
7.827253999999999581e-05
7.832842000000000179e-05
7.839920000000000656e-05
7.846997999999999777e-05
7.855939000000000476e-05
7.865252000000000094e-05
7.874938000000000055e-05
7.884996000000000290e-05
7.895054000000000525e-05
7.905484999999999748e-05
7.915542999999999982e-05
7.925974000000000561e-05
7.935660000000000522e-05
7.945717999999999401e-05
7.955403999999999362e-05
7.965089999999999323e-05
7.975520999999999902e-05
7.985951000000000410e-05
7.996009999999999359e-05
8.006813000000000211e-05
8.017989000000000051e-05
8.029164999999999892e-05
8.040340999999999732e-05
8.050771000000000240e-05
8.061201999999999463e-05
8.070887999999999424e-05
8.078339000000000244e-05
8.084672000000000104e-05
8.089141999999999741e-05
8.092121999999999499e-05
8.093984999999999722e-05
8.094730000000000339e-05
8.095846999999999874e-05
8.097337999999999823e-05
8.099199999999999976e-05
8.102179999999999734e-05
8.106650999999999441e-05
8.112984000000000656e-05
8.120807000000000394e-05
8.130493000000000355e-05
8.141669000000000195e-05
8.154334999999999915e-05
8.169608000000000403e-05
8.185999000000000498e-05
8.204998000000000076e-05
8.224742000000000272e-05
8.246348999999999335e-05
8.269817999999999906e-05
8.293659999999999466e-05
8.317502000000000380e-05
8.341717000000000283e-05
8.366304000000000460e-05
8.390144999999999949e-05
8.413615000000000590e-05
8.435966000000000200e-05
8.457573000000000619e-05
8.478062000000000076e-05
8.497806000000000272e-05
8.516804999999999851e-05
8.534313999999999551e-05
8.551823000000000606e-05
8.568958999999999962e-05
8.584977999999999782e-05
8.600624000000000615e-05
8.615524999999999475e-05
8.629682000000000498e-05
8.643838000000000096e-05
8.657249000000000433e-05
8.669915000000000152e-05
8.682207999999999527e-05
8.694128999999999985e-05
8.705677000000000098e-05
8.717598000000000556e-05
8.729146999999999384e-05
8.741067999999999841e-05
8.753733999999999561e-05
8.766771999999999553e-05
8.780928000000000507e-05
8.794711999999999831e-05
8.809613000000000047e-05
8.824887000000000605e-05
8.840906000000000426e-05
8.856924000000000177e-05
8.873316000000000341e-05
8.889707000000000435e-05
8.905726000000000256e-05
8.921371999999999733e-05
8.936645000000000222e-05
8.950801999999999890e-05
8.965329999999999762e-05
8.979485999999999360e-05
8.994015000000000657e-05
9.008915999999999517e-05
9.023444999999999459e-05
9.039091000000000291e-05
9.055110000000000112e-05
9.070755999999999589e-05
9.087520000000000027e-05
9.104284000000000465e-05
9.120302000000000216e-05
9.136694000000000380e-05
9.152712000000000131e-05
9.169104000000000295e-05
9.184749999999999772e-05
9.199650999999999987e-05
9.214925000000000546e-05
9.230571000000000023e-05
9.246962000000000118e-05
9.264844000000000161e-05
9.281979999999999517e-05
9.298370999999999611e-05
9.313271999999999827e-05
9.326310999999999889e-05
9.338976999999999608e-05
9.352014999999999601e-05
9.366171000000000555e-05
9.381444999999999758e-05
9.398209000000000196e-05
9.415344999999999552e-05
9.431736999999999716e-05
9.446637999999999932e-05
9.458931000000000663e-05
9.468244000000000280e-05
9.474950000000000483e-05
9.480164999999999382e-05
9.484263000000000101e-05
9.488732999999999738e-05
9.493575999999999719e-05
9.499164000000000316e-05
9.506241999999999438e-05
9.514437999999999520e-05
9.524495999999999755e-05
9.535671999999999595e-05
9.548710999999999657e-05
9.563611999999999873e-05
9.580376000000000310e-05
9.598630000000000627e-05
9.619491000000000359e-05
9.641469999999999695e-05
9.664940000000000336e-05
9.690271999999999775e-05
9.715975999999999487e-05
9.742425999999999886e-05
9.769248000000000558e-05
9.796442000000000149e-05
9.822519000000000204e-05
9.847106000000000381e-05
9.869458000000000061e-05
9.889202000000000257e-05
9.905593000000000351e-05
9.917886999999999797e-05
9.926455000000000153e-05
9.932415999999999739e-05
9.936513000000000387e-05
9.939866000000000489e-05
9.942473999999999973e-05
9.945081999999999458e-05
9.947689000000000227e-05
9.950296999999999712e-05
9.952905000000000551e-05
9.956257000000000583e-05
9.958865000000000068e-05
9.960728000000000290e-05
9.962590000000000443e-05
9.964453000000000665e-05
9.966315999999999533e-05
9.968177999999999685e-05
9.969296000000000646e-05
9.970786000000000525e-05
9.972648999999999392e-05
9.974883999999999888e-05
9.977119000000000384e-05
9.980099000000000142e-05
9.983452000000000244e-05
9.987177000000000619e-05
9.990902999999999709e-05
9.995000000000000358e-05
1.000021999999999961e-04
1.000655000000000061e-04
1.001362999999999987e-04
1.002220000000000037e-04
1.003187999999999991e-04
1.004306000000000003e-04
1.005498000000000042e-04
1.006838999999999933e-04
1.008216999999999973e-04
1.009632999999999961e-04
1.011122999999999975e-04
1.012575999999999976e-04
1.013991000000000030e-04
1.015444000000000031e-04
1.016860000000000019e-04
1.018276000000000006e-04
1.019727999999999938e-04
1.021144000000000061e-04
1.022521999999999965e-04
1.023788999999999965e-04
1.024981000000000004e-04
1.026024000000000055e-04
1.026992999999999943e-04
1.027887000000000006e-04
1.028594999999999933e-04
1.029265000000000046e-04
1.029823999999999985e-04
1.030383000000000058e-04
1.030830000000000022e-04
1.031388999999999960e-04
1.031946999999999964e-04
1.032543000000000051e-04
1.033213999999999964e-04
1.033922000000000026e-04
1.034666999999999965e-04
1.035449000000000054e-04
1.036268999999999954e-04
1.037088000000000056e-04
1.037981999999999983e-04
1.038876000000000046e-04
1.039732999999999960e-04
1.040627000000000023e-04
1.041559000000000034e-04
1.042489999999999975e-04
1.043347000000000024e-04
1.044165999999999991e-04
1.044986000000000027e-04
1.045767999999999980e-04
1.046513000000000055e-04
1.047257999999999994e-04
1.048078000000000030e-04
1.048822999999999970e-04
1.049754000000000046e-04
1.050722999999999935e-04
1.051802999999999999e-04
1.052958000000000024e-04
1.054186999999999941e-04
1.055417000000000063e-04
1.056608999999999966e-04
1.057838000000000018e-04
1.059105000000000018e-04
1.060333999999999935e-04
1.061525999999999974e-04
1.062755000000000026e-04
1.063985000000000012e-04
1.065214000000000064e-04
1.066481000000000064e-04
1.067746999999999994e-04
1.068976999999999981e-04
1.070169000000000019e-04
1.071324000000000045e-04
1.072440999999999987e-04
1.073484000000000038e-04
1.074416000000000048e-04
1.075309999999999976e-04
1.076092000000000064e-04
1.076837000000000004e-04
1.077469999999999969e-04
1.078141000000000017e-04
1.078736999999999968e-04
1.079333000000000056e-04
1.079966000000000021e-04
1.080561999999999972e-04
1.081121000000000046e-04
1.081754000000000011e-04
1.082312999999999949e-04
1.082835000000000010e-04
1.083393999999999948e-04
1.083951999999999952e-04
1.084436999999999999e-04
1.084920999999999976e-04
1.085404999999999953e-04
1.085852000000000052e-04
1.086224999999999989e-04
1.086522999999999965e-04
1.086820999999999941e-04
1.086970000000000064e-04
1.087043999999999955e-04
1.087006999999999942e-04
1.086894999999999967e-04
1.086671999999999953e-04
1.086373999999999977e-04
1.085964000000000027e-04
1.085553999999999941e-04
1.085069999999999964e-04
1.084585999999999987e-04
1.084100999999999939e-04
1.083616999999999962e-04
