-2.421457000000000002e-07
-2.421457000000000002e-07
-2.421457000000000002e-07
-2.458709999999999919e-07
-2.458709999999999919e-07
-2.458709999999999919e-07
-2.458709999999999919e-07
-2.458709999999999919e-07
-2.495962999999999836e-07
-2.495962999999999836e-07
-2.533215999999999752e-07
-2.533215999999999752e-07
-2.533215999999999752e-07
-2.570467999999999747e-07
-2.570467999999999747e-07
-2.570467999999999747e-07
-2.570467999999999747e-07
-2.570467999999999747e-07
-2.570467999999999747e-07
-2.607721000000000193e-07
-2.607721000000000193e-07
-2.607721000000000193e-07
-2.607721000000000193e-07
-2.644974000000000110e-07
-2.644974000000000110e-07
-2.644974000000000110e-07
-2.682227000000000027e-07
-2.682227000000000027e-07
-2.682227000000000027e-07
-2.682227000000000027e-07
-2.682227000000000027e-07
-2.682227000000000027e-07
-2.682227000000000027e-07
-2.682227000000000027e-07
-2.682227000000000027e-07
-2.682227000000000027e-07
-2.682227000000000027e-07
-2.719479999999999944e-07
-2.719479999999999944e-07
-2.719479999999999944e-07
-2.719479999999999944e-07
-2.719479999999999944e-07
-2.719479999999999944e-07
-2.719479999999999944e-07
-2.719479999999999944e-07
-2.719479999999999944e-07
-2.756732999999999860e-07
-2.756732999999999860e-07
-2.793985999999999777e-07
-2.793985999999999777e-07
-2.831239000000000223e-07
-2.831239000000000223e-07
-2.831239000000000223e-07
-2.868492000000000140e-07
-2.868492000000000140e-07
-2.868492000000000140e-07
-2.905745000000000057e-07
-2.905745000000000057e-07
-2.942997999999999974e-07
-2.980249999999999969e-07
-3.017502999999999885e-07
-3.017502999999999885e-07
-3.054755999999999802e-07
-3.092009000000000248e-07
-3.129262000000000165e-07
-3.166515000000000082e-07
-3.203767999999999999e-07
-3.203767999999999999e-07
-3.203767999999999999e-07
-3.241020999999999915e-07
-3.278273999999999832e-07
-3.315526999999999749e-07
-3.352778999999999744e-07
-3.390032000000000190e-07
-3.390032000000000190e-07
-3.464538000000000023e-07
-3.501790999999999940e-07
-3.501790999999999940e-07
-3.501790999999999940e-07
-3.539043999999999857e-07
-3.576296999999999774e-07
-3.576296999999999774e-07
-3.613550000000000220e-07
-3.650803000000000137e-07
-3.688056000000000053e-07
-3.688056000000000053e-07
-3.725308000000000048e-07
-3.762560999999999965e-07
-3.762560999999999965e-07
-3.799813999999999882e-07
-3.799813999999999882e-07
-3.837066999999999799e-07
-3.837066999999999799e-07
-3.837066999999999799e-07
-3.837066999999999799e-07
-3.837066999999999799e-07
-3.837066999999999799e-07
-3.837066999999999799e-07
-3.837066999999999799e-07
-3.837066999999999799e-07
-3.874320000000000245e-07
-3.874320000000000245e-07
-3.874320000000000245e-07
-3.874320000000000245e-07
-3.837066999999999799e-07
-3.837066999999999799e-07
-3.837066999999999799e-07
-3.837066999999999799e-07
-3.837066999999999799e-07
-3.837066999999999799e-07
-3.837066999999999799e-07
-3.837066999999999799e-07
-3.837066999999999799e-07
-3.837066999999999799e-07
-3.837066999999999799e-07
-3.837066999999999799e-07
-3.837066999999999799e-07
-3.799813999999999882e-07
-3.799813999999999882e-07
-3.799813999999999882e-07
-3.799813999999999882e-07
-3.762560999999999965e-07
-3.762560999999999965e-07
-3.762560999999999965e-07
-3.762560999999999965e-07
-3.762560999999999965e-07
-3.725308000000000048e-07
-3.725308000000000048e-07
-3.725308000000000048e-07
-3.725308000000000048e-07
-3.688056000000000053e-07
-3.688056000000000053e-07
-3.688056000000000053e-07
-3.688056000000000053e-07
-3.650803000000000137e-07
-3.650803000000000137e-07
-3.650803000000000137e-07
-3.650803000000000137e-07
-3.613550000000000220e-07
-3.613550000000000220e-07
-3.576296999999999774e-07
-3.576296999999999774e-07
-3.539043999999999857e-07
-3.539043999999999857e-07
-3.539043999999999857e-07
-3.501790999999999940e-07
-3.501790999999999940e-07
-3.501790999999999940e-07
-3.464538000000000023e-07
-3.464538000000000023e-07
-3.427285000000000107e-07
-3.390032000000000190e-07
-3.390032000000000190e-07
-3.352778999999999744e-07
-3.315526999999999749e-07
-3.278273999999999832e-07
-3.278273999999999832e-07
-3.241020999999999915e-07
-3.203767999999999999e-07
-3.203767999999999999e-07
-3.203767999999999999e-07
-3.166515000000000082e-07
-3.129262000000000165e-07
-3.092009000000000248e-07
-3.092009000000000248e-07
-3.054755999999999802e-07
-3.017502999999999885e-07
-2.980249999999999969e-07
-2.942997999999999974e-07
-2.905745000000000057e-07
-2.905745000000000057e-07
-2.868492000000000140e-07
-2.868492000000000140e-07
-2.831239000000000223e-07
-2.793985999999999777e-07
-2.756732999999999860e-07
-2.719479999999999944e-07
-2.682227000000000027e-07
-2.644974000000000110e-07
-2.607721000000000193e-07
-2.607721000000000193e-07
-2.570467999999999747e-07
-2.570467999999999747e-07
-2.533215999999999752e-07
-2.458709999999999919e-07
-2.458709999999999919e-07
-2.421457000000000002e-07
-2.384204000000000085e-07
-2.346942000000000079e-07
-2.309688999999999898e-07
-2.235183000000000064e-07
-2.235183000000000064e-07
-2.235183000000000064e-07
-2.197929999999999883e-07
-2.160676999999999966e-07
-2.123424999999999971e-07
-2.086172000000000054e-07
-2.048918999999999873e-07
-2.011665999999999956e-07
-1.974413000000000039e-07
-1.937160000000000122e-07
-1.937160000000000122e-07
-1.899906999999999941e-07
-1.862654000000000024e-07
-1.825401000000000107e-07
-1.788147999999999926e-07
-1.750895999999999931e-07
-1.713643000000000014e-07
-1.676390000000000097e-07
-1.639136999999999916e-07
-1.601883999999999999e-07
-1.564631000000000083e-07
-1.527377999999999901e-07
-1.490124999999999984e-07
-1.415618999999999886e-07
-1.378366999999999891e-07
-1.341113999999999974e-07
-1.303861000000000058e-07
-1.266607999999999876e-07
-1.229354999999999959e-07
-1.154845000000000042e-07
-1.117591999999999993e-07
-1.043086000000000027e-07
-1.005832999999999978e-07
-9.685800000000000612e-08
-9.313270999999999778e-08
-8.568212999999999433e-08
-8.195683999999999923e-08
-7.450625999999999579e-08
-7.078097000000000068e-08
-6.705568000000000558e-08
-6.333038999999999724e-08
-5.960510000000000213e-08
-5.215428999999999816e-08
-4.842900000000000306e-08
-4.470371000000000134e-08
-3.725312999999999789e-08
-3.352784000000000279e-08
-2.980255000000000107e-08
-2.607715000000000068e-08
-2.235185999999999895e-08
-1.862657000000000054e-08
-1.117592999999999948e-08
-7.450637000000000107e-09
-3.725319000000000213e-09
0.000000000000000000e+00
3.725319000000000213e-09
7.450637000000000107e-09
1.490126999999999894e-08
1.862657000000000054e-08
2.607715000000000068e-08
2.980255000000000107e-08
3.352784000000000279e-08
3.725312999999999789e-08
4.470371000000000134e-08
5.215428999999999816e-08
5.587957999999999989e-08
6.333038999999999724e-08
6.705568000000000558e-08
7.078097000000000068e-08
7.823155000000000413e-08
8.568212999999999433e-08
9.313270999999999778e-08
9.685800000000000612e-08
1.043086000000000027e-07
1.117591999999999993e-07
1.192102000000000043e-07
1.266607999999999876e-07
1.303861000000000058e-07
1.378366999999999891e-07
1.452872000000000068e-07
1.527377999999999901e-07
1.564631000000000083e-07
1.639136999999999916e-07
1.750895999999999931e-07
1.825401000000000107e-07
1.899906999999999941e-07
1.974413000000000039e-07
2.048918999999999873e-07
2.123424999999999971e-07
2.197929999999999883e-07
2.309688999999999898e-07
2.384204000000000085e-07
2.458709999999999919e-07
2.533215999999999752e-07
2.607721000000000193e-07
2.719479999999999944e-07
2.831239000000000223e-07
2.868492000000000140e-07
2.980249999999999969e-07
3.054755999999999802e-07
3.166515000000000082e-07
3.241020999999999915e-07
3.352778999999999744e-07
3.427285000000000107e-07
3.501790999999999940e-07
3.576296999999999774e-07
3.688056000000000053e-07
3.762560999999999965e-07
3.837066999999999799e-07
3.911573000000000161e-07
3.986078999999999995e-07
4.097837999999999745e-07
4.135089999999999740e-07
4.209596000000000103e-07
4.284101999999999937e-07
4.358607999999999770e-07
4.433114000000000133e-07
4.470367000000000050e-07
4.544871999999999962e-07
4.619377999999999795e-07
4.656631000000000241e-07
4.731137000000000075e-07
4.768408000000000171e-07
4.842914000000000004e-07
4.917419999999999838e-07
4.954671999999999833e-07
5.029177999999999666e-07
5.066431000000000112e-07
5.140936999999999946e-07
5.215442999999999779e-07
5.252696000000000225e-07
5.327202000000000059e-07
5.364454000000000054e-07
5.401707000000000500e-07
5.476213000000000334e-07
5.550719000000000167e-07
5.587971999999999554e-07
5.662478000000000447e-07
5.699730999999999834e-07
5.736982999999999829e-07
5.811488999999999663e-07
5.885994999999999496e-07
5.960501000000000388e-07
5.997753999999999776e-07
6.035007000000000222e-07
6.109511999999999604e-07
6.184018000000000497e-07
6.258524000000000330e-07
6.333030000000000164e-07
6.370282999999999551e-07
6.444789000000000443e-07
6.519293999999999826e-07
6.593799999999999659e-07
6.631053000000000105e-07
6.705558999999999939e-07
6.780064999999999772e-07
6.854570999999999606e-07
6.929076000000000047e-07
6.966329000000000493e-07
7.078087999999999714e-07
7.152593999999999547e-07
7.227100000000000440e-07
7.264352000000000435e-07
7.338858000000000268e-07
7.450616999999999489e-07
7.525123000000000381e-07
7.599629000000000215e-07
7.636881000000000210e-07
7.711387000000000043e-07
7.785892999999999877e-07
7.860398999999999710e-07
7.897652000000000156e-07
8.009411000000000436e-07
8.083915999999999818e-07
8.158421999999999652e-07
8.232927999999999485e-07
8.270180999999999932e-07
8.344686999999999765e-07
8.419192000000000206e-07
8.493698000000000040e-07
8.530951000000000486e-07
8.605457000000000319e-07
8.679963000000000153e-07
8.754468999999999986e-07
8.866226999999999815e-07
8.866226999999999815e-07
8.940732999999999648e-07
9.015238999999999482e-07
9.126997999999999762e-07
9.164251000000000208e-07
9.201503000000000203e-07
9.313262000000000482e-07
9.387768000000000316e-07
9.462274000000000149e-07
9.499526999999999537e-07
9.574068999999999729e-07
9.648575000000000621e-07
9.723080000000000003e-07
9.797586000000000896e-07
9.872091999999999670e-07
9.946598000000000563e-07
1.002109999999999965e-06
1.009561000000000023e-06
1.013285999999999932e-06
1.024461999999999899e-06
1.031912999999999957e-06
1.039362999999999988e-06
1.043088999999999925e-06
1.050538999999999955e-06
1.061714999999999922e-06
1.069165999999999980e-06
1.076616000000000010e-06
1.080340999999999920e-06
1.087791999999999977e-06
1.098967999999999945e-06
1.106417999999999975e-06
1.110143999999999912e-06
1.117593999999999942e-06
1.125045000000000000e-06
1.132496000000000058e-06
1.139946000000000088e-06
1.143670999999999998e-06
1.151122000000000056e-06
1.158572999999999902e-06
1.166022999999999932e-06
1.169748000000000053e-06
1.177198999999999899e-06
1.180924000000000020e-06
1.188375000000000078e-06
1.195824999999999897e-06
1.203275999999999955e-06
1.207001000000000076e-06
1.210727000000000013e-06
1.218177000000000043e-06
1.225628000000000101e-06
1.229353000000000010e-06
1.233077999999999919e-06
1.240528999999999977e-06
1.244254000000000098e-06
1.251704999999999944e-06
1.259154999999999975e-06
1.262880999999999912e-06
1.266606000000000033e-06
1.270330999999999942e-06
1.274057000000000091e-06
1.281506999999999909e-06
1.285232000000000030e-06
1.292683000000000088e-06
1.296407999999999997e-06
1.300133999999999934e-06
1.303859000000000055e-06
1.311309000000000086e-06
1.315035000000000023e-06
1.322485000000000053e-06
1.326210999999999990e-06
1.329935999999999899e-06
1.329935999999999899e-06
1.337385999999999929e-06
1.341112000000000078e-06
1.344836999999999987e-06
1.352288000000000045e-06
1.356012999999999954e-06
1.359738000000000075e-06
1.359738000000000075e-06
1.363464000000000012e-06
1.367188999999999922e-06
1.374638999999999952e-06
1.378365000000000101e-06
1.382090000000000010e-06
1.385814999999999919e-06
1.389541000000000068e-06
1.393265999999999977e-06
1.393265999999999977e-06
1.396991000000000098e-06
1.400716000000000007e-06
1.404441999999999944e-06
1.408167000000000065e-06
1.411891999999999975e-06
1.415617999999999911e-06
1.419343000000000032e-06
1.423067999999999942e-06
1.426793000000000063e-06
1.430519000000000000e-06
1.434243999999999909e-06
1.437969000000000030e-06
1.441694999999999967e-06
1.445420000000000088e-06
1.452869999999999906e-06
1.456596000000000055e-06
1.456596000000000055e-06
1.460320999999999964e-06
1.464046000000000085e-06
1.471496999999999932e-06
1.471496999999999932e-06
1.478947999999999990e-06
1.482672999999999899e-06
1.486398000000000020e-06
1.490122999999999929e-06
1.493849000000000078e-06
1.497573999999999987e-06
1.505025000000000045e-06
1.508749999999999954e-06
1.516199999999999985e-06
1.519925999999999921e-06
1.523651000000000042e-06
1.527375999999999952e-06
1.534827000000000010e-06
1.538551999999999919e-06
1.546002999999999977e-06
1.549728000000000098e-06
1.553453000000000007e-06
1.560904000000000065e-06
1.564628999999999974e-06
1.572080000000000032e-06
1.579530000000000063e-06
1.583255999999999999e-06
1.586980999999999909e-06
1.590706000000000030e-06
1.598157000000000088e-06
1.605606999999999906e-06
1.613057999999999964e-06
1.613057999999999964e-06
1.620509000000000022e-06
1.624233999999999931e-06
1.631683999999999962e-06
1.635409999999999899e-06
1.642859999999999929e-06
1.646586000000000078e-06
1.650310999999999987e-06
1.654035999999999896e-06
1.657761000000000017e-06
1.665212000000000075e-06
1.668936999999999984e-06
1.676388000000000042e-06
1.676388000000000042e-06
1.683838000000000073e-06
1.687564000000000009e-06
1.695014000000000040e-06
1.698739999999999977e-06
1.702465000000000098e-06
1.706190000000000007e-06
1.709915999999999944e-06
1.713641000000000065e-06
1.717365999999999974e-06
1.724817000000000032e-06
1.728541999999999941e-06
1.732267000000000062e-06
1.735992999999999999e-06
1.739717999999999909e-06
1.739717999999999909e-06
1.743443000000000030e-06
1.750894000000000088e-06
1.750894000000000088e-06
1.758343999999999906e-06
1.762070000000000055e-06
1.765794999999999964e-06
1.769520000000000085e-06
1.773244999999999994e-06
1.773244999999999994e-06
1.776970999999999931e-06
1.780696000000000052e-06
1.784420999999999961e-06
1.788146999999999898e-06
1.791872000000000019e-06
1.795596999999999929e-06
1.799322000000000050e-06
1.803047999999999987e-06
1.803047999999999987e-06
1.806772999999999896e-06
1.810498000000000017e-06
1.814223999999999954e-06
1.817949000000000075e-06
1.821673999999999984e-06
1.825399999999999921e-06
1.825399999999999921e-06
1.829125000000000042e-06
1.832849999999999951e-06
1.836575000000000072e-06
1.836575000000000072e-06
1.840301000000000009e-06
1.844025999999999919e-06
1.844025999999999919e-06
1.847751000000000040e-06
1.851476999999999976e-06
1.855202000000000097e-06
1.858927000000000007e-06
1.862651999999999916e-06
1.862651999999999916e-06
1.866378000000000065e-06
1.866378000000000065e-06
1.870102999999999974e-06
1.870102999999999974e-06
1.873828000000000095e-06
1.873828000000000095e-06
1.877554000000000032e-06
1.881278999999999941e-06
1.881278999999999941e-06
1.885004000000000062e-06
1.888728999999999971e-06
1.892454999999999908e-06
1.892454999999999908e-06
1.896180000000000029e-06
1.899904999999999939e-06
1.899904999999999939e-06
1.899904999999999939e-06
1.903631000000000087e-06
1.907363000000000190e-06
1.911087999999999887e-06
1.911087999999999887e-06
1.914813999999999824e-06
1.918538999999999945e-06
1.922264000000000066e-06
1.925990000000000003e-06
1.929715000000000124e-06
1.929715000000000124e-06
1.933439999999999822e-06
1.937166000000000182e-06
1.940890999999999880e-06
1.944616000000000001e-06
1.948341000000000122e-06
1.952067000000000059e-06
1.955792000000000180e-06
1.959516999999999877e-06
1.963242999999999814e-06
1.963242999999999814e-06
1.966967999999999935e-06
1.970693000000000056e-06
1.974418000000000177e-06
1.981868999999999812e-06
1.985593999999999933e-06
1.989319999999999869e-06
1.993044999999999990e-06
1.993044999999999990e-06
1.996770000000000112e-06
2.000494999999999809e-06
2.004221000000000169e-06
2.007945999999999867e-06
2.011670999999999988e-06
2.015396999999999925e-06
2.022847000000000167e-06
2.022847000000000167e-06
2.026571999999999864e-06
2.026571999999999864e-06
2.030297999999999801e-06
2.034022999999999922e-06
2.037748000000000043e-06
2.041473999999999980e-06
2.045199000000000101e-06
2.048923999999999799e-06
2.052650000000000159e-06
2.052650000000000159e-06
2.056374999999999857e-06
2.056374999999999857e-06
2.056374999999999857e-06
2.060099999999999978e-06
2.063825000000000099e-06
2.067551000000000036e-06
2.067551000000000036e-06
2.071276000000000157e-06
2.071276000000000157e-06
2.075000999999999854e-06
2.078726999999999791e-06
2.078726999999999791e-06
2.082451999999999912e-06
2.086177000000000033e-06
2.086177000000000033e-06
2.089902000000000154e-06
2.089902000000000154e-06
2.089902000000000154e-06
2.093628000000000091e-06
2.097352999999999789e-06
2.097352999999999789e-06
2.101077999999999910e-06
2.104803999999999847e-06
2.104803999999999847e-06
2.108528999999999968e-06
2.112254000000000089e-06
2.115979000000000210e-06
2.115979000000000210e-06
2.119705000000000147e-06
2.119705000000000147e-06
2.123429999999999844e-06
2.123429999999999844e-06
2.127154999999999965e-06
2.130880999999999902e-06
2.134606000000000023e-06
2.138331000000000144e-06
2.142055999999999842e-06
2.145782000000000202e-06
2.145782000000000202e-06
2.149506999999999900e-06
2.153232000000000021e-06
2.153232000000000021e-06
2.156957999999999957e-06
2.160683000000000079e-06
2.160683000000000079e-06
2.164408000000000200e-06
2.168134000000000136e-06
2.171858999999999834e-06
2.175583999999999955e-06
2.175583999999999955e-06
2.179309000000000076e-06
2.183035000000000013e-06
2.183035000000000013e-06
2.186760000000000134e-06
2.190484999999999831e-06
2.190484999999999831e-06
2.194211000000000192e-06
2.197935999999999889e-06
2.197935999999999889e-06
2.201661000000000010e-06
2.205386000000000131e-06
2.209112000000000068e-06
2.212837000000000189e-06
2.216561999999999887e-06
2.216561999999999887e-06
2.216561999999999887e-06
2.220287999999999824e-06
2.224012999999999945e-06
2.227738000000000066e-06
2.227738000000000066e-06
2.231463000000000187e-06
2.235189000000000124e-06
2.238913999999999821e-06
2.242638999999999942e-06
2.242638999999999942e-06
2.246364999999999879e-06
2.246364999999999879e-06
2.246364999999999879e-06
2.250090000000000000e-06
2.253815000000000121e-06
2.253815000000000121e-06
2.257539999999999819e-06
2.257539999999999819e-06
2.261266000000000179e-06
2.264990999999999877e-06
2.264990999999999877e-06
2.264990999999999877e-06
2.268715999999999998e-06
2.272441999999999935e-06
2.272441999999999935e-06
2.276167000000000056e-06
2.276167000000000056e-06
2.279892000000000177e-06
2.279892000000000177e-06
2.279892000000000177e-06
2.283618000000000114e-06
2.283618000000000114e-06
2.287342999999999811e-06
2.291067999999999932e-06
2.291067999999999932e-06
2.294793000000000053e-06
2.298518999999999990e-06
2.302244000000000111e-06
2.302244000000000111e-06
2.305968999999999809e-06
2.309695000000000169e-06
2.309695000000000169e-06
2.313419999999999867e-06
2.317144999999999988e-06
2.320870000000000109e-06
2.324596000000000045e-06
2.328321000000000167e-06
2.332045999999999864e-06
2.335771999999999801e-06
2.339496999999999922e-06
2.343222000000000043e-06
2.346947000000000164e-06
2.350673000000000101e-06
2.354397999999999798e-06
2.358122999999999919e-06
2.365573999999999977e-06
2.369299000000000098e-06
2.373023999999999796e-06
2.376750000000000156e-06
2.380474999999999854e-06
2.384199999999999975e-06
2.391651000000000033e-06
2.395376000000000154e-06
2.402826999999999788e-06
2.406551999999999909e-06
2.406551999999999909e-06
2.414002999999999967e-06
2.417728000000000088e-06
2.425179000000000146e-06
2.428903999999999844e-06
2.432628999999999965e-06
2.436354000000000086e-06
2.440080000000000023e-06
2.443805000000000144e-06
2.451256000000000202e-06
2.454980999999999899e-06
2.458706000000000020e-06
2.462431000000000141e-06
2.469882000000000199e-06
2.469882000000000199e-06
2.473606999999999897e-06
2.477332999999999834e-06
2.484783000000000076e-06
2.488508000000000197e-06
2.492234000000000134e-06
2.499683999999999952e-06
2.499683999999999952e-06
2.503409999999999889e-06
2.507135000000000010e-06
2.510860000000000131e-06
2.514586000000000068e-06
2.522035999999999886e-06
2.525761000000000007e-06
2.529486999999999944e-06
2.533212000000000065e-06
2.533212000000000065e-06
2.536937000000000186e-06
2.544387999999999821e-06
2.544387999999999821e-06
2.551838000000000063e-06
2.555564000000000000e-06
2.559289000000000121e-06
2.563013999999999818e-06
2.563013999999999818e-06
2.566740000000000179e-06
2.570464999999999876e-06
2.577915000000000118e-06
2.581641000000000055e-06
2.585366000000000176e-06
2.589090999999999874e-06
2.592816999999999811e-06
2.596541999999999932e-06
2.600267000000000053e-06
2.603992000000000174e-06
2.607718000000000111e-06
2.611442999999999808e-06
2.618893999999999866e-06
2.622618999999999987e-06
2.626344000000000108e-06
2.626344000000000108e-06
2.633795000000000166e-06
2.637519999999999864e-06
2.641244999999999985e-06
2.648696000000000043e-06
2.652421000000000164e-06
2.656147000000000100e-06
2.659871999999999798e-06
2.663596999999999919e-06
2.671047999999999977e-06
2.674773000000000098e-06
2.678497999999999796e-06
2.685948999999999853e-06
2.689673999999999974e-06
2.693399000000000096e-06
2.697125000000000032e-06
2.700850000000000153e-06
2.708301000000000211e-06
2.712025999999999909e-06
2.719476000000000151e-06
2.723202000000000088e-06
2.726927000000000209e-06
2.730651999999999906e-06
2.738102999999999964e-06
2.741828000000000085e-06
2.749279000000000143e-06
2.753003999999999841e-06
2.756728999999999962e-06
2.764180000000000020e-06
2.767905000000000141e-06
2.775356000000000199e-06
2.779080999999999896e-06
2.786531999999999954e-06
2.786531999999999954e-06
2.793982000000000196e-06
2.797708000000000133e-06
2.805157999999999952e-06
2.808883000000000073e-06
2.816334000000000131e-06
2.820058999999999828e-06
2.823785000000000189e-06
2.831235000000000007e-06
2.834960000000000128e-06
2.842411000000000186e-06
2.846135999999999884e-06
2.849861999999999820e-06
2.853586999999999941e-06
2.861037999999999999e-06
2.864763000000000120e-06
2.872212999999999939e-06
2.875938999999999876e-06
2.879663999999999997e-06
2.883389000000000118e-06
2.887115000000000055e-06
2.894564999999999873e-06
2.898289999999999994e-06
2.905741000000000052e-06
2.909466000000000173e-06
2.913192000000000110e-06
2.916916999999999808e-06
2.920641999999999929e-06
2.928092999999999987e-06
2.931818000000000108e-06
2.935542999999999805e-06
2.942993999999999863e-06
2.942993999999999863e-06
2.946718999999999984e-06
2.954170000000000042e-06
2.957895000000000163e-06
2.965345999999999798e-06
2.969070999999999919e-06
2.972796000000000040e-06
2.976521999999999977e-06
2.980247000000000098e-06
2.983971999999999795e-06
2.991422999999999853e-06
2.995147999999999974e-06
2.998873000000000095e-06
3.006324000000000153e-06
3.006324000000000153e-06
3.010048999999999851e-06
3.017499999999999908e-06
3.021225000000000029e-06
3.028676000000000087e-06
3.032401000000000208e-06
3.039851000000000027e-06
3.039851000000000027e-06
3.047302000000000085e-06
3.051027000000000206e-06
3.058477999999999840e-06
3.062202999999999961e-06
3.065928000000000082e-06
3.069654000000000019e-06
3.073379000000000140e-06
3.077103999999999838e-06
3.084554999999999896e-06
3.088280000000000017e-06
3.095731000000000075e-06
3.099456000000000196e-06
3.103180999999999893e-06
3.103180999999999893e-06
3.110631999999999951e-06
3.114357000000000072e-06
3.121808000000000130e-06
3.125532999999999828e-06
3.129257999999999949e-06
3.132983999999999886e-06
3.136709000000000007e-06
3.140434000000000128e-06
3.144160000000000065e-06
3.151609999999999883e-06
3.155335000000000004e-06
3.162786000000000062e-06
3.166511000000000183e-06
3.166511000000000183e-06
3.170237000000000120e-06
3.177686999999999939e-06
3.181412000000000060e-06
3.188863000000000118e-06
3.192587999999999815e-06
3.196314000000000175e-06
3.200038999999999873e-06
3.207489000000000115e-06
3.211215000000000052e-06
3.218664999999999870e-06
3.222390999999999807e-06
3.229841000000000049e-06
3.233566999999999986e-06
3.237292000000000107e-06
3.244741999999999926e-06
3.248467999999999863e-06
3.255918000000000105e-06
3.259644000000000042e-06
3.263369000000000163e-06
3.270818999999999981e-06
3.274544999999999918e-06
3.281995000000000160e-06
3.285721000000000097e-06
3.293170999999999916e-06
3.293170999999999916e-06
3.300621999999999974e-06
3.304347000000000095e-06
3.308071999999999792e-06
3.315522999999999850e-06
3.319247999999999971e-06
3.322973000000000092e-06
3.326699000000000029e-06
3.334148999999999848e-06
3.337875000000000208e-06
3.341599999999999906e-06
3.349050999999999963e-06
3.352776000000000084e-06
3.356501000000000206e-06
3.356501000000000206e-06
3.363951999999999840e-06
3.367676999999999961e-06
3.371402000000000082e-06
3.375128000000000019e-06
3.382577999999999837e-06
3.386302999999999958e-06
3.390028999999999895e-06
3.393754000000000016e-06
3.397479000000000137e-06
3.401205000000000074e-06
3.408654999999999893e-06
3.412380000000000014e-06
3.419831000000000072e-06
3.419831000000000072e-06
3.423556000000000193e-06
3.431006999999999827e-06
3.434731999999999948e-06
3.438457000000000069e-06
3.445908000000000127e-06
3.449632999999999825e-06
3.453359000000000185e-06
3.457083999999999883e-06
3.460809000000000004e-06
3.468260000000000062e-06
3.471985000000000183e-06
3.479435999999999817e-06
3.483160999999999938e-06
3.483160999999999938e-06
3.486886000000000059e-06
3.494337000000000117e-06
3.498061999999999815e-06
3.505512999999999873e-06
3.509237999999999994e-06
3.512963000000000115e-06
3.516689000000000051e-06
3.520414000000000173e-06
3.524138999999999870e-06
3.531589999999999928e-06
3.535315000000000049e-06
3.542766000000000107e-06
3.546490999999999804e-06
3.546490999999999804e-06
3.550215999999999925e-06
3.557666999999999983e-06
3.561392000000000104e-06
3.568843000000000162e-06
3.572567999999999860e-06
3.576292999999999981e-06
3.576292999999999981e-06
3.583744000000000039e-06
3.587469000000000160e-06
3.594919999999999794e-06
3.598644999999999915e-06
3.602370000000000036e-06
3.609821000000000094e-06
3.609821000000000094e-06
3.617270999999999913e-06
3.620996999999999850e-06
3.624721999999999971e-06
3.628447000000000092e-06
3.635898000000000150e-06
3.639622999999999847e-06
3.639622999999999847e-06
3.643347999999999968e-06
3.650799000000000026e-06
3.654524000000000147e-06
3.658250000000000084e-06
3.665699999999999903e-06
3.669425000000000024e-06
3.673150999999999961e-06
3.676876000000000082e-06
3.680601000000000203e-06
3.684327000000000139e-06
3.691776999999999958e-06
3.695502999999999895e-06
3.702953000000000137e-06
3.702953000000000137e-06
3.706677999999999835e-06
3.710404000000000195e-06
3.714128999999999892e-06
3.717854000000000013e-06
3.725305000000000071e-06
3.729030000000000192e-06
3.732754999999999890e-06
3.736480999999999827e-06
3.736480999999999827e-06
3.740205999999999948e-06
3.743931000000000069e-06
3.747657000000000006e-06
3.751382000000000127e-06
3.755106999999999824e-06
3.758831999999999945e-06
3.758831999999999945e-06
3.762557999999999882e-06
3.766283000000000003e-06
3.766283000000000003e-06
3.766283000000000003e-06
3.770008000000000124e-06
3.773734000000000061e-06
3.777459000000000182e-06
3.781183999999999880e-06
3.781183999999999880e-06
3.784909000000000001e-06
3.788634999999999938e-06
3.788634999999999938e-06
3.792360000000000059e-06
3.796085000000000180e-06
3.799811000000000117e-06
3.799811000000000117e-06
3.799811000000000117e-06
3.803535999999999814e-06
3.803535999999999814e-06
3.807260999999999935e-06
3.810986999999999872e-06
3.810986999999999872e-06
3.814726000000000380e-06
3.818452000000000316e-06
3.822177000000000014e-06
3.822177000000000014e-06
3.825901999999999712e-06
3.829627999999999648e-06
3.829627999999999648e-06
3.833353000000000193e-06
3.837077999999999890e-06
3.840802999999999588e-06
3.840802999999999588e-06
3.844529000000000372e-06
3.848254000000000069e-06
3.851978999999999767e-06
3.855704999999999704e-06
3.859430000000000248e-06
3.863154999999999946e-06
3.863154999999999946e-06
3.866879999999999643e-06
3.870605999999999580e-06
3.874331000000000125e-06
3.878055999999999822e-06
3.881781999999999759e-06
3.885507000000000304e-06
3.889232000000000001e-06
3.892956999999999699e-06
3.892956999999999699e-06
3.896682999999999636e-06
3.900408000000000180e-06
3.904132999999999878e-06
3.907858999999999815e-06
3.911584000000000359e-06
3.915309000000000057e-06
3.922759999999999691e-06
3.926485000000000236e-06
3.926485000000000236e-06
3.930209999999999933e-06
3.933935999999999870e-06
3.941386000000000112e-06
3.945112000000000049e-06
3.948836999999999747e-06
3.952562000000000291e-06
3.956286999999999989e-06
3.960012999999999926e-06
3.963737999999999623e-06
3.971189000000000104e-06
3.974913999999999802e-06
3.978639000000000347e-06
3.982364000000000044e-06
3.989814999999999678e-06
3.989814999999999678e-06
3.993540000000000223e-06
3.997266000000000160e-06
4.004716000000000402e-06
4.008441000000000100e-06
4.012167000000000036e-06
4.019617000000000278e-06
4.019617000000000278e-06
4.023343000000000215e-06
4.027067999999999913e-06
4.030792999999999610e-06
4.038244000000000092e-06
4.041968999999999789e-06
4.045694000000000334e-06
4.049420000000000271e-06
4.053144999999999968e-06
4.053144999999999968e-06
4.060595999999999603e-06
4.064321000000000147e-06
4.068045999999999845e-06
4.071771000000000389e-06
4.075497000000000326e-06
4.082946999999999721e-06
4.082946999999999721e-06
4.086672999999999658e-06
4.090398000000000203e-06
4.094122999999999900e-06
4.097847999999999598e-06
4.101574000000000382e-06
4.105299000000000079e-06
4.109023999999999777e-06
4.112749999999999714e-06
4.116475000000000258e-06
4.120199999999999956e-06
4.120199999999999956e-06
4.127650999999999590e-06
4.131376000000000135e-06
4.135100999999999832e-06
4.138826999999999769e-06
4.142552000000000314e-06
4.146277000000000011e-06
4.146277000000000011e-06
4.150001999999999709e-06
4.153727999999999645e-06
4.157453000000000190e-06
4.161177999999999888e-06
4.164903999999999824e-06
4.168629000000000369e-06
4.172354000000000067e-06
4.179804999999999701e-06
4.179804999999999701e-06
4.183530000000000245e-06
4.183530000000000245e-06
4.187254999999999943e-06
4.194705999999999577e-06
4.194705999999999577e-06
4.202157000000000059e-06
4.205881999999999756e-06
4.209607000000000301e-06
4.209607000000000301e-06
4.213331999999999998e-06
4.217057999999999935e-06
4.220782999999999633e-06
4.224508000000000177e-06
4.231958999999999812e-06
4.231958999999999812e-06
4.239409000000000054e-06
4.243134999999999991e-06
4.243134999999999991e-06
4.250585000000000233e-06
4.254311000000000170e-06
4.258035999999999867e-06
4.261761000000000412e-06
4.269212000000000046e-06
4.272936999999999744e-06
4.272936999999999744e-06
4.276662000000000288e-06
4.284112999999999923e-06
4.287837999999999620e-06
4.291564000000000404e-06
4.299013999999999799e-06
4.302739000000000344e-06
4.306465000000000281e-06
4.306465000000000281e-06
4.313914999999999676e-06
4.317640999999999612e-06
4.321366000000000157e-06
4.325090999999999855e-06
4.328816000000000399e-06
4.336267000000000033e-06
4.336267000000000033e-06
4.339991999999999731e-06
4.343717999999999668e-06
4.347443000000000212e-06
4.351167999999999910e-06
4.354892999999999607e-06
4.358619000000000391e-06
4.366068999999999786e-06
4.366068999999999786e-06
4.369794999999999723e-06
4.369794999999999723e-06
4.377244999999999965e-06
4.380969999999999663e-06
4.384695999999999600e-06
4.388421000000000144e-06
4.392145999999999842e-06
4.395871999999999779e-06
4.399597000000000323e-06
4.399597000000000323e-06
4.403322000000000021e-06
4.410772999999999655e-06
4.414498000000000200e-06
4.418222999999999897e-06
4.421948999999999834e-06
4.425674000000000379e-06
4.429399000000000076e-06
4.433125000000000013e-06
4.436849999999999711e-06
4.436849999999999711e-06
4.444299999999999953e-06
4.448025999999999890e-06
4.451750999999999587e-06
4.455476000000000132e-06
4.462926999999999766e-06
4.462926999999999766e-06
4.466652000000000311e-06
4.470377000000000008e-06
4.474102999999999945e-06
4.481553000000000187e-06
4.485279000000000124e-06
4.489003999999999822e-06
4.492729000000000366e-06
4.496454000000000064e-06
4.496454000000000064e-06
4.500180000000000000e-06
4.503904999999999698e-06
4.507630000000000243e-06
4.511356000000000179e-06
4.515080999999999877e-06
4.518806000000000422e-06
4.522532000000000358e-06
4.526257000000000056e-06
4.526257000000000056e-06
4.529981999999999753e-06
4.533707000000000298e-06
4.537433000000000235e-06
4.541157999999999932e-06
4.544882999999999630e-06
4.548609000000000414e-06
4.552334000000000111e-06
4.556058999999999809e-06
4.559784000000000353e-06
4.559784000000000353e-06
4.563510000000000290e-06
4.567234999999999988e-06
4.570959999999999685e-06
4.574685999999999622e-06
4.578411000000000167e-06
4.582135999999999864e-06
4.585861000000000409e-06
4.589587000000000346e-06
4.589587000000000346e-06
4.593312000000000043e-06
4.593312000000000043e-06
4.600762999999999678e-06
4.604488000000000222e-06
4.604488000000000222e-06
4.611937999999999617e-06
4.615664000000000401e-06
4.615664000000000401e-06
4.623113999999999796e-06
4.623113999999999796e-06
4.623113999999999796e-06
4.630565000000000278e-06
4.634289999999999975e-06
4.638015999999999912e-06
4.641740999999999610e-06
4.641740999999999610e-06
4.649190999999999852e-06
4.652916999999999789e-06
4.652916999999999789e-06
4.656642000000000333e-06
4.660367000000000031e-06
4.664092999999999967e-06
4.667817999999999665e-06
4.671543000000000210e-06
4.675267999999999907e-06
4.678993999999999844e-06
4.682719000000000388e-06
4.686444000000000086e-06
4.686444000000000086e-06
4.693894999999999720e-06
4.697620000000000265e-06
4.701344999999999962e-06
4.708795999999999597e-06
4.708795999999999597e-06
4.716247000000000078e-06
4.716247000000000078e-06
4.719971999999999776e-06
4.727422000000000018e-06
4.731147999999999955e-06
4.734872999999999652e-06
4.738598000000000197e-06
4.742324000000000134e-06
4.746048999999999831e-06
4.749774000000000376e-06
4.753500000000000313e-06
4.753500000000000313e-06
4.760949999999999708e-06
4.764675000000000252e-06
4.764675000000000252e-06
4.772125999999999887e-06
4.775850999999999584e-06
4.775850999999999584e-06
4.779577000000000368e-06
4.779577000000000368e-06
4.783302000000000066e-06
4.787026999999999763e-06
4.790752000000000308e-06
4.794478000000000245e-06
4.798202999999999942e-06
4.801927999999999640e-06
4.805653999999999577e-06
4.809379000000000121e-06
4.813103999999999819e-06
4.813103999999999819e-06
4.816829000000000363e-06
4.820555000000000300e-06
4.820555000000000300e-06
4.828004999999999695e-06
4.828004999999999695e-06
4.831730999999999632e-06
4.839180999999999874e-06
4.839180999999999874e-06
4.842906000000000419e-06
4.846632000000000355e-06
4.850357000000000053e-06
4.854081999999999751e-06
4.857807999999999687e-06
4.865257999999999929e-06
4.868983999999999866e-06
4.872709000000000411e-06
4.876434000000000108e-06
4.876434000000000108e-06
4.883884999999999743e-06
4.887610000000000287e-06
4.891334999999999985e-06
4.895060999999999922e-06
4.902511000000000164e-06
4.906235999999999861e-06
4.906235999999999861e-06
4.913687000000000343e-06
4.913687000000000343e-06
4.921137999999999977e-06
4.924862999999999675e-06
4.928588000000000219e-06
4.932312999999999917e-06
4.939764000000000398e-06
4.939764000000000398e-06
4.943489000000000096e-06
4.947215000000000033e-06
4.950939999999999730e-06
4.958389999999999972e-06
4.962115999999999909e-06
4.965840999999999607e-06
4.969566000000000151e-06
4.969566000000000151e-06
4.977016999999999786e-06
4.980742000000000330e-06
4.984468000000000267e-06
4.988192999999999965e-06
4.991917999999999662e-06
4.995643000000000207e-06
4.999369000000000143e-06
5.003093999999999841e-06
5.006819000000000386e-06
5.010545000000000322e-06
5.014270000000000020e-06
5.017994999999999717e-06
5.021720000000000262e-06
5.025446000000000199e-06
5.029170999999999896e-06
5.032895999999999594e-06
5.032895999999999594e-06
5.040347000000000075e-06
5.044071999999999773e-06
5.047797000000000317e-06
5.051523000000000254e-06
5.055247999999999952e-06
5.058972999999999649e-06
5.062698999999999586e-06
5.066424000000000131e-06
5.070148999999999828e-06
5.073874000000000373e-06
5.077600000000000310e-06
5.081325000000000007e-06
5.088775999999999642e-06
5.092501000000000186e-06
5.096225999999999884e-06
5.099951999999999821e-06
5.099951999999999821e-06
5.107402000000000063e-06
5.111126999999999760e-06
5.114852999999999697e-06
5.118578000000000242e-06
5.126028999999999876e-06
5.129754000000000421e-06
5.129754000000000421e-06
5.137203999999999816e-06
5.140929999999999753e-06
5.148379999999999995e-06
5.152105999999999932e-06
5.155830999999999629e-06
5.159556000000000174e-06
5.163280999999999871e-06
5.167006999999999808e-06
5.170732000000000353e-06
5.174457000000000050e-06
5.181907999999999684e-06
5.185633000000000229e-06
5.189357999999999927e-06
5.193083999999999863e-06
5.196809000000000408e-06
5.200534000000000106e-06
5.204260000000000042e-06
5.211710000000000284e-06
5.215436000000000221e-06
5.219160999999999919e-06
5.222885999999999616e-06
5.226611000000000161e-06
5.230337000000000098e-06
5.234061999999999795e-06
5.241513000000000277e-06
5.245237999999999974e-06
5.248962999999999672e-06
5.252688000000000216e-06
5.256414000000000153e-06
5.260138999999999851e-06
5.263864000000000395e-06
5.267590000000000332e-06
5.271315000000000030e-06
5.278765000000000272e-06
5.282491000000000209e-06
5.286215999999999906e-06
5.286215999999999906e-06
5.289940999999999604e-06
5.293667000000000388e-06
5.297392000000000085e-06
5.304842000000000327e-06
5.308568000000000264e-06
5.312292999999999962e-06
5.316017999999999659e-06
5.319743999999999596e-06
5.323469000000000141e-06
5.323469000000000141e-06
5.330919999999999775e-06
5.334645000000000320e-06
5.338370000000000017e-06
5.342094999999999715e-06
5.345820999999999651e-06
5.349546000000000196e-06
5.349546000000000196e-06
5.356996999999999830e-06
5.360722000000000375e-06
5.364447000000000072e-06
5.368171999999999770e-06
5.371897999999999707e-06
5.379347999999999949e-06
5.383073999999999886e-06
5.383073999999999886e-06
5.386798999999999583e-06
5.390524000000000128e-06
5.397974999999999762e-06
5.397974999999999762e-06
5.405425000000000004e-06
5.409150999999999941e-06
5.412875999999999639e-06
5.416601000000000183e-06
5.420325999999999881e-06
5.424051999999999818e-06
5.427777000000000362e-06
5.431502000000000060e-06
5.435227999999999997e-06
5.442678000000000239e-06
5.446404000000000176e-06
5.446404000000000176e-06
5.453854000000000418e-06
5.457579000000000115e-06
5.461305000000000052e-06
5.465029999999999750e-06
5.472481000000000231e-06
5.476205999999999929e-06
5.479930999999999626e-06
5.483656000000000171e-06
5.487382000000000108e-06
5.491106999999999805e-06
5.498558000000000287e-06
5.502282999999999984e-06
5.509733000000000226e-06
5.509733000000000226e-06
5.513459000000000163e-06
5.517183999999999861e-06
5.524635000000000342e-06
5.528360000000000039e-06
5.535810000000000282e-06
5.539536000000000218e-06
5.543260999999999916e-06
5.546985999999999613e-06
5.550712000000000397e-06
5.558161999999999792e-06
5.561887999999999729e-06
5.565613000000000274e-06
5.573062999999999669e-06
5.573062999999999669e-06
5.576788999999999606e-06
5.584238999999999848e-06
5.587964999999999785e-06
5.595415000000000027e-06
5.599139999999999724e-06
5.602865999999999661e-06
5.602865999999999661e-06
5.610315999999999903e-06
5.614041999999999840e-06
5.617767000000000385e-06
5.621492000000000082e-06
5.628942999999999717e-06
5.632668000000000261e-06
5.636392999999999959e-06
5.640118999999999896e-06
5.643843999999999593e-06
5.647569000000000138e-06
5.651293999999999835e-06
5.658745000000000317e-06
5.662470000000000014e-06
5.666195999999999951e-06
5.666195999999999951e-06
5.673646000000000193e-06
5.677372000000000130e-06
5.681096999999999828e-06
5.688547000000000070e-06
5.692273000000000006e-06
5.695997999999999704e-06
5.699723000000000249e-06
5.703449000000000185e-06
5.707173999999999883e-06
5.714624000000000125e-06
5.718350000000000062e-06
5.722074999999999759e-06
5.725800000000000304e-06
5.729526000000000241e-06
5.733250999999999938e-06
5.740701000000000180e-06
5.744427000000000117e-06
5.748151999999999815e-06
5.751877000000000359e-06
5.759327999999999994e-06
5.763052999999999691e-06
5.766778000000000236e-06
5.770504000000000173e-06
5.777954000000000415e-06
5.781680000000000352e-06
5.785405000000000049e-06
5.792855999999999684e-06
5.792855999999999684e-06
5.796581000000000228e-06
5.804030999999999623e-06
5.807757000000000407e-06
5.815206999999999802e-06
5.818932999999999739e-06
5.826382999999999981e-06
5.826382999999999981e-06
5.833833999999999616e-06
5.837559000000000160e-06
5.845009999999999794e-06
5.848735000000000339e-06
5.856184999999999734e-06
5.856184999999999734e-06
5.863636000000000216e-06
5.867360999999999913e-06
5.874812000000000394e-06
5.878537000000000092e-06
5.885987999999999726e-06
5.889713000000000271e-06
5.893437999999999968e-06
5.897163999999999905e-06
5.904614000000000147e-06
5.912064999999999782e-06
5.915790000000000326e-06
5.919515000000000024e-06
5.923240999999999961e-06
5.930691000000000203e-06
5.938141999999999837e-06
5.941867000000000382e-06
5.949318000000000016e-06
5.953042999999999714e-06
5.956768000000000258e-06
5.964218999999999893e-06
5.967943999999999590e-06
5.975395000000000072e-06
5.979119999999999769e-06
5.982845000000000314e-06
5.990295999999999948e-06
5.994020999999999646e-06
6.001472000000000127e-06
6.008922000000000369e-06
6.016373000000000004e-06
6.016373000000000004e-06
6.023823999999999638e-06
6.027549000000000183e-06
6.034998999999999578e-06
6.042450000000000059e-06
6.046174999999999756e-06
6.049900999999999693e-06
6.057350999999999935e-06
6.061075999999999633e-06
6.068527000000000114e-06
6.075977999999999749e-06
6.079703000000000293e-06
6.083427999999999991e-06
6.087152999999999688e-06
6.094604000000000170e-06
6.102054999999999804e-06
6.109505000000000046e-06
6.109505000000000046e-06
6.116955999999999681e-06
6.124405999999999923e-06
6.128131999999999860e-06
6.135582000000000102e-06
6.139308000000000039e-06
6.143032999999999736e-06
6.150482999999999978e-06
6.154208999999999915e-06
6.161659000000000157e-06
6.165385000000000094e-06
6.172835000000000336e-06
6.176560000000000034e-06
6.180285999999999971e-06
6.187736000000000213e-06
6.191462000000000149e-06
6.198912000000000392e-06
6.206363000000000026e-06
6.210087999999999723e-06
6.213813000000000268e-06
6.217539000000000205e-06
6.224988999999999600e-06
6.232440000000000081e-06
6.236164999999999779e-06
6.239890000000000323e-06
6.247340999999999958e-06
6.251065999999999655e-06
6.258517000000000137e-06
6.265967000000000379e-06
6.269693000000000316e-06
6.273418000000000013e-06
6.277142999999999711e-06
6.284594000000000192e-06
6.288318999999999890e-06
6.295770000000000371e-06
6.299495000000000069e-06
6.303219999999999766e-06
6.310671000000000248e-06
6.314395999999999945e-06
6.321846999999999580e-06
6.329296999999999822e-06
6.333022999999999759e-06
6.336748000000000303e-06
6.340473000000000001e-06
6.347923999999999635e-06
6.351649000000000180e-06
6.359099999999999814e-06
6.362825000000000359e-06
6.366550000000000056e-06
6.374000999999999690e-06
6.377726000000000235e-06
6.385176999999999869e-06
6.388902000000000414e-06
6.396353000000000048e-06
6.396353000000000048e-06
6.403803000000000290e-06
6.407527999999999988e-06
6.414978999999999622e-06
6.422430000000000104e-06
6.426154999999999801e-06
6.429880000000000346e-06
6.433605000000000043e-06
6.441055999999999678e-06
6.444781000000000222e-06
6.452231999999999857e-06
6.459682000000000099e-06
6.459682000000000099e-06
6.467132999999999733e-06
6.470858000000000278e-06
6.478308999999999912e-06
6.485760000000000394e-06
6.489485000000000091e-06
6.493209999999999789e-06
6.500661000000000270e-06
6.508110999999999665e-06
6.511836999999999602e-06
6.519286999999999844e-06
6.523012000000000389e-06
6.526738000000000326e-06
6.534187999999999721e-06
6.541639000000000202e-06
6.549088999999999597e-06
6.552815000000000381e-06
6.556540000000000078e-06
6.563990999999999713e-06
6.571440999999999955e-06
6.575165999999999652e-06
6.582617000000000134e-06
6.586341999999999831e-06
6.590067999999999768e-06
6.597518000000000010e-06
6.604968999999999645e-06
6.612418999999999887e-06
6.616144999999999824e-06
6.619870000000000368e-06
6.627321000000000003e-06
6.631045999999999700e-06
6.638495999999999942e-06
6.645946999999999577e-06
6.649672000000000121e-06
6.653398000000000058e-06
6.660848000000000300e-06
6.668298999999999935e-06
6.672023999999999632e-06
6.675749000000000177e-06
6.679475000000000114e-06
6.686925000000000356e-06
6.694375999999999990e-06
6.698100999999999688e-06
6.705552000000000169e-06
6.709276999999999867e-06
6.713002000000000411e-06
6.720453000000000045e-06
6.724177999999999743e-06
6.731629000000000224e-06
6.735353999999999922e-06
6.742805000000000403e-06
6.746530000000000101e-06
6.750254999999999798e-06
6.757706000000000280e-06
6.761430999999999977e-06
6.768881999999999612e-06
6.772607000000000156e-06
6.776331999999999854e-06
6.783783000000000335e-06
6.787508000000000033e-06
6.794958999999999667e-06
6.798684000000000212e-06
6.806133999999999607e-06
6.809860000000000391e-06
6.813585000000000088e-06
6.821035999999999723e-06
6.824761000000000267e-06
6.832211999999999902e-06
6.835936999999999599e-06
6.839662000000000144e-06
6.847112999999999778e-06
6.850838000000000323e-06
6.858288999999999957e-06
6.862013999999999655e-06
6.869463999999999897e-06
6.869463999999999897e-06
6.876915000000000378e-06
6.884366000000000012e-06
6.888090999999999710e-06
6.895540999999999952e-06
6.902991999999999586e-06
6.902991999999999586e-06
6.906717000000000131e-06
6.914167999999999765e-06
6.921618000000000007e-06
6.925343999999999944e-06
6.932794000000000186e-06
6.936520000000000123e-06
6.940244999999999821e-06
6.947696000000000302e-06
6.951421000000000000e-06
6.958871000000000242e-06
6.966321999999999876e-06
6.966321999999999876e-06
6.973773000000000358e-06
6.981222999999999753e-06
6.984948000000000297e-06
6.992398999999999932e-06
6.996123999999999629e-06
6.999850000000000413e-06
7.007299999999999808e-06
7.011025000000000353e-06
7.018475999999999987e-06
7.025926999999999622e-06
7.029652000000000166e-06
7.033376999999999864e-06
7.040828000000000345e-06
7.048277999999999740e-06
7.055729000000000222e-06
7.059453999999999919e-06
7.063179999999999856e-06
7.070630000000000098e-06
7.078080999999999732e-06
7.081806000000000277e-06
7.089256999999999911e-06
7.092981999999999609e-06
7.096707000000000153e-06
7.104157999999999788e-06
7.111608000000000030e-06
7.115333999999999967e-06
7.122784000000000209e-06
7.126508999999999906e-06
7.133960000000000388e-06
7.141411000000000022e-06
7.145135999999999720e-06
7.152585999999999962e-06
7.156311999999999899e-06
7.160036999999999596e-06
7.167488000000000078e-06
7.171212999999999775e-06
7.178664000000000257e-06
7.186113999999999652e-06
7.186113999999999652e-06
7.193565000000000133e-06
7.201015000000000375e-06
7.208466000000000010e-06
7.212190999999999707e-06
7.219642000000000188e-06
7.219642000000000188e-06
7.227091999999999584e-06
7.234543000000000065e-06
7.238267999999999762e-06
7.245719000000000244e-06
7.249443999999999941e-06
7.253168999999999639e-06
7.260620000000000120e-06
7.268070000000000362e-06
7.275520999999999997e-06
7.282971999999999631e-06
7.282971999999999631e-06
7.290421999999999873e-06
7.297873000000000355e-06
7.301598000000000052e-06
7.309048999999999687e-06
7.312774000000000231e-06
7.320224999999999866e-06
7.323950000000000410e-06
7.331399999999999805e-06
7.338851000000000287e-06
7.346301999999999921e-06
7.346301999999999921e-06
7.353752000000000163e-06
7.361202999999999798e-06
7.364928000000000342e-06
7.372378999999999977e-06
7.376103999999999674e-06
7.383553999999999916e-06
7.387279999999999853e-06
7.394730000000000095e-06
7.402180999999999729e-06
7.405906000000000274e-06
7.409632000000000211e-06
7.417081999999999606e-06
7.420807000000000150e-06
7.428257999999999785e-06
7.435709000000000266e-06
7.439433999999999964e-06
7.443158999999999661e-06
7.450610000000000143e-06
7.454334999999999840e-06
7.458060000000000385e-06
7.465511000000000019e-06
7.472961000000000261e-06
7.476687000000000198e-06
7.480411999999999896e-06
7.487863000000000377e-06
7.491588000000000075e-06
7.499038000000000317e-06
7.502764000000000254e-06
7.506488999999999951e-06
7.510213999999999649e-06
7.517665000000000130e-06
7.521389999999999828e-06
7.528841000000000309e-06
7.536290999999999704e-06
7.536290999999999704e-06
7.543742000000000186e-06
7.547466999999999883e-06
7.551192999999999820e-06
7.558643000000000062e-06
7.562367999999999760e-06
7.566093999999999696e-06
7.569819000000000241e-06
7.577269999999999875e-06
7.580995000000000420e-06
7.588444999999999815e-06
7.592170999999999752e-06
7.599620999999999994e-06
7.599620999999999994e-06
7.607071999999999628e-06
7.610797000000000173e-06
7.618247999999999807e-06
7.621973000000000352e-06
7.629453000000000151e-06
7.629453000000000151e-06
7.636902999999999547e-06
7.640629000000000330e-06
7.648078999999999725e-06
7.655530000000000207e-06
7.659254999999999904e-06
7.662979999999999602e-06
7.666706000000000386e-06
7.674155999999999781e-06
7.681607000000000262e-06
7.685331999999999960e-06
7.692783000000000441e-06
7.692783000000000441e-06
7.700232999999999836e-06
7.707684000000000318e-06
7.711409000000000015e-06
7.718860000000000497e-06
7.726309999999999892e-06
7.730036000000000676e-06
7.733761000000000373e-06
7.741210999999999768e-06
7.748662000000000250e-06
7.752386999999999947e-06
7.756113000000000731e-06
7.763563000000000126e-06
7.767287999999999824e-06
7.774739000000000305e-06
7.782190000000000787e-06
7.785915000000000484e-06
7.789640000000000182e-06
7.793365999999999271e-06
7.800816000000000361e-06
7.808267000000000842e-06
7.815717000000000237e-06
7.819442999999999327e-06
7.823168000000000718e-06
7.826893000000000416e-06
7.834343999999999203e-06
7.838069000000000595e-06
7.845519999999999382e-06
7.849245000000000774e-06
7.852970000000000471e-06
7.860420999999999259e-06
7.864146000000000650e-06
7.871596999999999438e-06
7.875322000000000829e-06
7.879047000000000527e-06
7.882772000000000224e-06
7.886497999999999314e-06
7.893948000000000403e-06
7.897673999999999493e-06
7.905124000000000582e-06
7.908849999999999672e-06
7.916300000000000761e-06
7.916300000000000761e-06
7.923750999999999549e-06
7.927475999999999246e-06
7.934926999999999728e-06
7.938651999999999425e-06
7.946102000000000514e-06
7.946102000000000514e-06
7.949827999999999604e-06
7.957278000000000693e-06
7.961003999999999783e-06
7.964728999999999481e-06
7.972179000000000570e-06
7.975904999999999659e-06
7.979629999999999357e-06
7.983355000000000749e-06
7.990805999999999536e-06
7.994530999999999233e-06
7.998256000000000625e-06
8.005706999999999412e-06
8.009432000000000804e-06
8.009432000000000804e-06
8.016882999999999591e-06
8.020607999999999289e-06
8.028058999999999770e-06
8.031783999999999468e-06
8.039234999999999949e-06
8.042959999999999647e-06
8.042959999999999647e-06
8.046684999999999344e-06
8.054135999999999826e-06
8.057860999999999523e-06
8.065312000000000005e-06
8.069036999999999702e-06
8.072761999999999400e-06
8.076488000000000184e-06
8.080212999999999881e-06
8.087662999999999276e-06
8.091389000000000060e-06
8.095113999999999758e-06
8.102565000000000239e-06
8.106289999999999937e-06
8.110014999999999634e-06
8.113739999999999332e-06
8.121190999999999813e-06
8.124915999999999511e-06
8.128642000000000295e-06
8.132366999999999992e-06
8.136091999999999690e-06
8.139818000000000473e-06
8.143543000000000171e-06
8.150992999999999566e-06
8.150992999999999566e-06
8.158444000000000047e-06
8.158444000000000047e-06
8.162168999999999745e-06
8.165895000000000529e-06
8.169620000000000226e-06
8.169620000000000226e-06
8.169620000000000226e-06
8.173344999999999924e-06
8.173344999999999924e-06
8.177069999999999621e-06
8.177069999999999621e-06
8.177069999999999621e-06
8.180796000000000405e-06
8.180796000000000405e-06
8.184521000000000103e-06
8.188245999999999800e-06
8.188245999999999800e-06
8.191972000000000584e-06
8.191972000000000584e-06
8.195697000000000282e-06
8.199421999999999979e-06
8.199421999999999979e-06
8.203146999999999677e-06
8.206873000000000461e-06
8.214322999999999856e-06
8.218049000000000640e-06
8.221774000000000337e-06
8.229223999999999732e-06
8.232950000000000516e-06
8.236675000000000214e-06
8.240399999999999911e-06
8.247851000000000393e-06
8.251576000000000090e-06
8.259027000000000572e-06
8.262752000000000269e-06
8.266476999999999967e-06
8.270203000000000751e-06
8.277653000000000146e-06
8.285104000000000627e-06
8.292554000000000022e-06
8.296280000000000806e-06
8.303730000000000201e-06
8.311181000000000683e-06
8.318631000000000078e-06
8.326082000000000559e-06
8.333532999999999346e-06
8.344708000000000133e-06
8.352159000000000614e-06
8.359609999999999402e-06
8.370785999999999581e-06
8.381961000000000367e-06
8.389411999999999155e-06
8.400587999999999334e-06
8.411763999999999513e-06
8.422939999999999692e-06
8.426664999999999389e-06
8.437840999999999568e-06
8.449016999999999747e-06
8.456467000000000836e-06
8.463917999999999624e-06
8.475093999999999802e-06
8.482543999999999198e-06
8.486269999999999981e-06
8.493719999999999376e-06
8.497445000000000768e-06
8.504895999999999555e-06
8.508620999999999253e-06
8.512347000000000037e-06
8.516071999999999734e-06
8.516071999999999734e-06
8.519796999999999432e-06
8.519796999999999432e-06
8.519796999999999432e-06
8.523522000000000823e-06
8.523522000000000823e-06
8.523522000000000823e-06
8.523522000000000823e-06
8.519796999999999432e-06
8.519796999999999432e-06
8.519796999999999432e-06
8.519796999999999432e-06
8.516071999999999734e-06
8.516071999999999734e-06
8.516071999999999734e-06
8.516071999999999734e-06
8.516071999999999734e-06
8.516071999999999734e-06
8.516071999999999734e-06
8.516071999999999734e-06
8.516071999999999734e-06
8.519796999999999432e-06
8.519796999999999432e-06
8.523522000000000823e-06
8.523522000000000823e-06
8.527247999999999913e-06
8.530972999999999611e-06
8.534697999999999308e-06
8.542148999999999790e-06
8.545873999999999487e-06
8.549598999999999185e-06
8.553324999999999969e-06
8.560774999999999364e-06
8.564501000000000148e-06
8.571950999999999543e-06
8.579402000000000024e-06
8.579402000000000024e-06
8.586851999999999419e-06
8.598027999999999598e-06
8.605479000000000080e-06
8.612928999999999475e-06
8.616655000000000259e-06
8.624104999999999654e-06
8.631556000000000135e-06
8.639005999999999530e-06
8.642732000000000314e-06
8.653908000000000493e-06
8.661357999999999888e-06
8.668809000000000369e-06
