4.534446999999999718e-05
4.534446999999999718e-05
4.534446999999999718e-05
4.534446999999999718e-05
4.533701999999999779e-05
4.533701999999999779e-05
4.532956999999999839e-05
4.532210999999999830e-05
4.532210999999999830e-05
4.531465999999999890e-05
4.531465999999999890e-05
4.530720999999999951e-05
4.530720999999999951e-05
4.529976000000000011e-05
4.529231000000000072e-05
4.529231000000000072e-05
4.528486000000000132e-05
4.528486000000000132e-05
4.528486000000000132e-05
4.527741000000000193e-05
4.527741000000000193e-05
4.526996000000000253e-05
4.526996000000000253e-05
4.526251000000000314e-05
4.525505999999999697e-05
4.524760999999999757e-05
4.524015999999999818e-05
4.524015999999999818e-05
4.522525999999999939e-05
4.521780999999999999e-05
4.521780999999999999e-05
4.520291000000000120e-05
4.518800000000000171e-05
4.517310000000000292e-05
4.515819999999999736e-05
4.514329999999999857e-05
4.512095000000000038e-05
4.509115000000000280e-05
4.506878999999999714e-05
4.503898999999999956e-05
4.500919000000000198e-05
4.497193999999999823e-05
4.494212999999999995e-05
4.490488000000000297e-05
4.486017999999999983e-05
4.482293000000000285e-05
4.477821999999999900e-05
4.471861999999999707e-05
4.467391000000000000e-05
4.462175999999999746e-05
4.456961000000000169e-05
4.450999999999999906e-05
4.445039999999999712e-05
4.439079000000000126e-05
4.432373999999999993e-05
4.425667999999999790e-05
4.418963000000000334e-05
4.412257000000000131e-05
4.405551999999999998e-05
4.398100999999999855e-05
4.390649999999999713e-05
4.383200000000000317e-05
4.376494000000000114e-05
4.368299000000000102e-05
4.360847999999999960e-05
4.352651999999999877e-05
4.344456999999999865e-05
4.337005999999999723e-05
4.328810999999999710e-05
4.320615000000000306e-05
4.312419000000000224e-05
4.304969000000000151e-05
4.296028000000000130e-05
4.287832000000000047e-05
4.279637000000000035e-05
4.271440999999999953e-05
4.262499999999999932e-05
4.254304999999999919e-05
4.246108999999999837e-05
4.237167999999999816e-05
4.228972999999999803e-05
4.220776999999999721e-05
4.211835999999999700e-05
4.203640999999999687e-05
4.194699999999999666e-05
4.185759000000000322e-05
4.177564000000000310e-05
4.168623000000000288e-05
4.160427000000000206e-05
4.151487000000000254e-05
4.142546000000000233e-05
4.134350000000000151e-05
4.125410000000000199e-05
4.117214000000000117e-05
4.109018000000000035e-05
4.100078000000000083e-05
4.091137000000000061e-05
4.082940999999999979e-05
4.074745999999999967e-05
4.065804999999999945e-05
4.057608999999999863e-05
4.049413999999999851e-05
4.040472999999999829e-05
4.032277999999999817e-05
4.024081999999999735e-05
4.015886000000000331e-05
4.007691000000000318e-05
3.999495000000000236e-05
3.991299000000000154e-05
3.983104000000000142e-05
3.974908000000000060e-05
3.966711999999999978e-05
3.958516999999999966e-05
3.951065999999999823e-05
3.942870999999999811e-05
3.934674999999999729e-05
3.927224000000000264e-05
3.919774000000000191e-05
3.911578000000000109e-05
3.904128000000000036e-05
3.895931999999999954e-05
3.888480999999999811e-05
3.881775999999999678e-05
3.874325000000000213e-05
3.866130000000000201e-05
3.858679000000000059e-05
3.851227999999999916e-05
3.843777999999999843e-05
3.837817000000000257e-05
3.830367000000000185e-05
3.822916000000000042e-05
3.815465999999999969e-05
3.808759999999999766e-05
3.801309999999999694e-05
3.794604000000000168e-05
3.787897999999999965e-05
3.780447999999999892e-05
3.774487000000000306e-05
3.767782000000000173e-05
3.760331000000000030e-05
3.753625999999999897e-05
3.746919999999999694e-05
3.740215000000000239e-05
3.733509000000000036e-05
3.726803999999999902e-05
3.720097999999999699e-05
3.713393000000000244e-05
3.706687000000000041e-05
3.699981999999999907e-05
3.694021000000000321e-05
3.687316000000000188e-05
3.680609999999999985e-05
3.673904999999999852e-05
3.667944000000000266e-05
3.661239000000000133e-05
3.654532999999999930e-05
3.648572999999999736e-05
3.641867000000000211e-05
3.635907000000000017e-05
3.629945999999999753e-05
3.623241000000000298e-05
3.617280000000000034e-05
3.611319999999999841e-05
3.605359000000000255e-05
3.598654000000000121e-05
3.593437999999999797e-05
3.586732999999999664e-05
3.580772000000000078e-05
3.575556999999999824e-05
3.569596000000000238e-05
3.563636000000000044e-05
3.557675999999999851e-05
3.551715000000000265e-05
3.545755000000000071e-05
3.539793999999999807e-05
3.533834000000000291e-05
3.527873000000000028e-05
3.522657999999999774e-05
3.516697000000000188e-05
3.511481999999999933e-05
3.505520999999999670e-05
3.500306000000000093e-05
3.494345999999999900e-05
3.489130000000000253e-05
3.483170000000000060e-05
3.477208999999999796e-05
3.471994000000000219e-05
3.466032999999999956e-05
3.460817999999999702e-05
3.454858000000000186e-05
3.449641999999999861e-05
3.444427000000000285e-05
3.438466000000000021e-05
3.432505999999999828e-05
3.427290000000000181e-05
3.422074999999999927e-05
3.416859999999999673e-05
3.411644000000000026e-05
3.405683999999999833e-05
3.400468000000000186e-05
3.394507999999999993e-05
3.389291999999999668e-05
3.384077000000000092e-05
3.378861999999999838e-05
3.373646000000000191e-05
3.368430999999999937e-05
3.362469999999999674e-05
3.357255000000000097e-05
3.352038999999999773e-05
3.346824000000000196e-05
3.341608999999999942e-05
3.336393000000000296e-05
3.331178000000000042e-05
3.325216999999999778e-05
3.320747000000000141e-05
3.315531999999999887e-05
3.310316000000000240e-05
3.305100999999999986e-05
3.299139999999999723e-05
3.293925000000000146e-05
3.288709999999999892e-05
3.283494000000000245e-05
3.278278999999999991e-05
3.273808000000000284e-05
3.267848000000000091e-05
3.262632999999999836e-05
3.257417000000000190e-05
3.251456999999999996e-05
3.246986000000000289e-05
3.241771000000000035e-05
3.235809999999999772e-05
3.229850000000000255e-05
3.224635000000000001e-05
3.219418999999999677e-05
3.214204000000000101e-05
3.208987999999999777e-05
3.203773000000000200e-05
3.197811999999999936e-05
3.192596999999999682e-05
3.187382000000000106e-05
3.182165999999999782e-05
3.177696000000000145e-05
3.171734999999999881e-05
3.166520000000000304e-05
3.161305000000000050e-05
3.156088999999999726e-05
3.150874000000000150e-05
3.146402999999999765e-05
3.141188000000000189e-05
3.135972999999999934e-05
3.130757000000000288e-05
3.126286999999999973e-05
3.121071000000000327e-05
3.115856000000000073e-05
3.111385999999999758e-05
3.106170000000000112e-05
3.101699999999999797e-05
3.096485000000000220e-05
3.092013999999999836e-05
3.087544000000000199e-05
3.083073999999999884e-05
3.077858000000000238e-05
3.073387999999999923e-05
3.069662000000000155e-05
3.065191999999999841e-05
3.059977000000000264e-05
3.056250999999999819e-05
3.051781000000000182e-05
3.046554000000000105e-05
3.042829000000000069e-05
3.038358000000000023e-05
3.033143000000000107e-05
3.029418000000000071e-05
3.024947000000000025e-05
3.020477000000000050e-05
3.016007000000000074e-05
3.012280999999999967e-05
3.007810999999999992e-05
3.003341000000000016e-05
2.998869999999999970e-05
2.994399999999999994e-05
2.989930000000000018e-05
2.985458999999999972e-05
2.980988999999999997e-05
2.976519000000000021e-05
2.972047999999999975e-05
2.967577999999999999e-05
2.963108000000000023e-05
2.957892000000000038e-05
2.954167000000000002e-05
2.949695999999999956e-05
2.944481000000000041e-05
2.940011000000000065e-05
2.935540000000000019e-05
2.931070000000000043e-05
2.925855000000000128e-05
2.921384000000000082e-05
2.916914000000000106e-05
2.912444000000000130e-05
2.907228000000000145e-05
2.902012999999999891e-05
2.897541999999999845e-05
2.893071999999999869e-05
2.887856999999999954e-05
2.882640999999999969e-05
2.878170999999999993e-05
2.873701000000000017e-05
2.868485000000000032e-05
2.863270000000000116e-05
2.858054000000000131e-05
2.853584000000000155e-05
2.848368999999999901e-05
2.843152999999999916e-05
2.837193000000000061e-05
2.832722000000000015e-05
2.827507000000000100e-05
2.822291999999999846e-05
2.817075999999999860e-05
2.811860999999999945e-05
2.805900000000000020e-05
2.801430000000000044e-05
2.796215000000000129e-05
2.790999000000000144e-05
2.785783999999999889e-05
2.779822999999999965e-05
2.774608000000000049e-05
2.769392000000000064e-05
2.764177000000000149e-05
2.758961999999999895e-05
2.753745999999999909e-05
2.748530999999999994e-05
2.742570000000000069e-05
2.737355000000000154e-05
2.732139999999999900e-05
2.726923999999999914e-05
2.720964000000000059e-05
2.715748000000000074e-05
2.710533000000000159e-05
2.704571999999999895e-05
2.699356999999999980e-05
2.694142000000000065e-05
2.688926000000000079e-05
2.683711000000000164e-05
2.678494999999999840e-05
2.672534999999999985e-05
2.668065000000000009e-05
2.662849000000000024e-05
2.657634000000000108e-05
2.652418000000000123e-05
2.647202999999999869e-05
2.641241999999999944e-05
2.636027000000000029e-05
2.631557000000000053e-05
2.626341000000000068e-05
2.621126000000000152e-05
2.615164999999999889e-05
2.609949999999999973e-05
2.605479999999999998e-05
2.600264000000000012e-05
2.595049000000000097e-05
2.589833000000000112e-05
2.584617999999999858e-05
2.579402999999999942e-05
2.574186999999999957e-05
2.568972000000000042e-05
2.563756000000000056e-05
2.558541000000000141e-05
2.553325999999999887e-05
2.548854999999999841e-05
2.543639999999999926e-05
2.538423999999999940e-05
2.533209000000000025e-05
2.527994000000000110e-05
2.522778000000000124e-05
2.518308000000000148e-05
2.513092000000000163e-05
2.507876999999999909e-05
2.502661999999999994e-05
2.498190999999999948e-05
2.493720999999999972e-05
2.488506000000000057e-05
2.483290000000000071e-05
2.478820000000000096e-05
2.473604000000000110e-05
2.469134000000000134e-05
2.463173999999999941e-05
2.458702999999999895e-05
2.454232999999999919e-05
2.449762999999999943e-05
2.444546999999999958e-05
2.439332000000000043e-05
2.434860999999999997e-05
2.430391000000000021e-05
2.425176000000000106e-05
2.420705000000000060e-05
2.415490000000000145e-05
2.411020000000000169e-05
2.406549000000000123e-05
2.401333999999999869e-05
2.396863000000000162e-05
2.392392999999999847e-05
2.387177999999999932e-05
2.382706999999999886e-05
2.377491999999999971e-05
2.373021999999999995e-05
2.368550999999999949e-05
2.363336000000000034e-05
2.358864999999999988e-05
2.354395000000000012e-05
2.349180000000000097e-05
2.343964000000000111e-05
2.339494000000000136e-05
2.335024000000000160e-05
2.330553000000000114e-05
2.325337999999999860e-05
2.320867000000000153e-05
2.316396999999999838e-05
2.311181999999999923e-05
2.306710999999999877e-05
2.302240999999999901e-05
2.297025999999999986e-05
2.292554999999999940e-05
2.287340000000000025e-05
2.282870000000000049e-05
2.278399000000000003e-05
2.273184000000000088e-05
2.268713000000000042e-05
2.264243000000000066e-05
2.259773000000000090e-05
2.254557000000000105e-05
2.249341999999999851e-05
2.244871999999999875e-05
2.240401000000000168e-05
2.235185999999999914e-05
2.230714999999999868e-05
2.226244999999999892e-05
2.221774999999999916e-05
2.216558999999999931e-05
2.212088999999999955e-05
2.206874000000000040e-05
2.202402999999999994e-05
2.197188000000000079e-05
2.192718000000000103e-05
2.188247000000000057e-05
2.183777000000000081e-05
2.178561000000000096e-05
2.174091000000000120e-05
2.169621000000000144e-05
2.164405000000000159e-05
2.159189999999999905e-05
2.154719999999999929e-05
2.150248999999999883e-05
2.145778999999999907e-05
2.140562999999999922e-05
2.136092999999999946e-05
2.131622999999999970e-05
2.127151999999999925e-05
2.121937000000000009e-05
2.116722000000000094e-05
2.112251000000000048e-05
2.107781000000000072e-05
2.102565000000000087e-05
2.098095000000000111e-05
2.094370000000000075e-05
2.089899000000000029e-05
2.084684000000000114e-05
2.080214000000000138e-05
2.075743000000000092e-05
2.070527999999999838e-05
2.066057999999999862e-05
2.061587000000000155e-05
2.057116999999999841e-05
2.051901999999999925e-05
2.047430999999999879e-05
2.042960999999999904e-05
2.038489999999999858e-05
2.033274999999999942e-05
2.029549999999999906e-05
2.025078999999999860e-05
2.019863999999999945e-05
2.015393999999999969e-05
2.010922999999999923e-05
2.006452999999999947e-05
2.001238000000000032e-05
1.996766999999999986e-05
1.993041999999999950e-05
1.988571999999999974e-05
1.983355999999999989e-05
1.978886000000000013e-05
1.974414999999999967e-05
1.969200000000000052e-05
1.965475000000000016e-05
1.961003999999999970e-05
1.956533999999999994e-05
1.951319000000000079e-05
1.946848000000000033e-05
1.942378000000000057e-05
1.937908000000000081e-05
1.933437000000000035e-05
1.928967000000000060e-05
1.924497000000000084e-05
1.919281000000000098e-05
1.915556000000000062e-05
1.911086000000000086e-05
1.905870000000000101e-05
1.901400000000000125e-05
1.896929000000000079e-05
1.893204000000000043e-05
1.887989000000000128e-05
1.883518000000000082e-05
1.879048000000000106e-05
1.874578000000000130e-05
1.870107000000000084e-05
1.865637000000000109e-05
1.861912000000000072e-05
1.856696000000000087e-05
1.852226000000000111e-05
1.848501000000000075e-05
1.843285000000000089e-05
1.839560000000000053e-05
1.835090000000000077e-05
1.829874000000000092e-05
1.826149000000000056e-05
1.821679000000000080e-05
1.817208000000000034e-05
1.812738000000000058e-05
1.808268000000000082e-05
1.803797000000000037e-05
1.799327000000000061e-05
1.794857000000000085e-05
1.790386000000000039e-05
1.785916000000000063e-05
1.781445000000000017e-05
1.777719999999999981e-05
1.773250000000000005e-05
1.768034000000000020e-05
1.764308999999999984e-05
1.759839000000000008e-05
1.755367999999999962e-05
1.751642999999999926e-05
1.747172999999999950e-05
1.742701999999999904e-05
1.738976999999999868e-05
1.734506999999999892e-05
1.730035999999999846e-05
1.726311000000000149e-05
1.722586000000000112e-05
1.717370000000000127e-05
1.713645000000000091e-05
1.709920000000000054e-05
1.705450000000000078e-05
1.701723999999999972e-05
1.697253999999999996e-05
1.693528999999999960e-05
1.689802999999999854e-05
1.685332999999999878e-05
1.682353000000000120e-05
1.677882000000000074e-05
1.674157000000000038e-05
1.670432000000000001e-05
1.665960999999999956e-05
1.662980999999999859e-05
1.659256000000000161e-05
1.654785999999999847e-05
1.651060000000000079e-05
1.647335000000000043e-05
1.643610000000000006e-05
1.639883999999999900e-05
1.636158999999999864e-05
1.632434000000000166e-05
1.627963999999999852e-05
1.624983000000000024e-05
1.621257999999999987e-05
1.617532999999999951e-05
1.613806999999999845e-05
1.610082000000000147e-05
1.607102000000000050e-05
1.602632000000000075e-05
1.599650999999999908e-05
1.595925999999999871e-05
1.592200999999999835e-05
1.589220000000000007e-05
1.584750000000000031e-05
1.581769999999999934e-05
1.578044999999999898e-05
1.575064000000000070e-05
1.571339000000000034e-05
1.568358999999999937e-05
1.564633999999999901e-05
1.561653000000000073e-05
1.557928000000000036e-05
1.554947999999999939e-05
1.551222999999999903e-05
1.548987000000000015e-05
1.545261999999999978e-05
1.542281999999999882e-05
1.538556999999999845e-05
1.536320999999999957e-05
1.532595999999999920e-05
1.530361000000000102e-05
1.526636000000000066e-05
1.523650000000000057e-05
1.520669000000000060e-05
1.518434000000000072e-05
1.514709000000000036e-05
1.512474000000000048e-05
1.509493000000000050e-05
1.507258000000000062e-05
1.504277999999999966e-05
1.500552999999999929e-05
1.498317999999999941e-05
1.495336999999999944e-05
1.493101999999999956e-05
1.490122000000000029e-05
1.487887000000000041e-05
1.484906999999999944e-05
1.481925999999999946e-05
1.479690999999999959e-05
1.476711000000000031e-05
1.475220999999999983e-05
1.472241000000000055e-05
1.469260000000000058e-05
1.467025000000000070e-05
1.464044999999999973e-05
1.462554999999999925e-05
1.459574999999999997e-05
1.456594000000000000e-05
1.454359000000000012e-05
1.452124000000000024e-05
1.449889000000000036e-05
1.446908999999999939e-05
1.444673000000000051e-05
1.442438000000000063e-05
1.439457999999999966e-05
1.437222999999999978e-05
1.434987999999999990e-05
1.432751999999999932e-05
1.430516999999999944e-05
1.427537000000000017e-05
1.425302000000000029e-05
1.423067000000000041e-05
1.420832000000000053e-05
1.418595999999999995e-05
1.416361000000000008e-05
1.413381000000000080e-05
1.411891000000000032e-05
1.408910999999999935e-05
1.406675000000000046e-05
1.405184999999999998e-05
1.402205000000000071e-05
1.399970000000000083e-05
1.398480000000000034e-05
1.395499999999999937e-05
1.393264000000000049e-05
1.391774000000000000e-05
1.388794000000000073e-05
1.386558999999999916e-05
1.385069000000000037e-05
1.382834000000000049e-05
1.380597999999999991e-05
1.378363000000000003e-05
1.376128000000000015e-05
1.373893000000000027e-05
1.372402999999999979e-05
1.370167999999999991e-05
1.367931999999999933e-05
1.366442000000000054e-05
1.364207000000000066e-05
1.361972000000000078e-05
1.360482000000000030e-05
1.358247000000000042e-05
1.356010999999999984e-05
1.354520999999999936e-05
1.352285999999999948e-05
1.350050999999999960e-05
1.348561000000000081e-05
1.346325999999999923e-05
1.344836000000000044e-05
1.342599999999999986e-05
1.341109999999999938e-05
1.338874999999999950e-05
1.337385000000000071e-05
1.335895000000000023e-05
1.333660000000000035e-05
1.331425000000000047e-05
1.329933999999999929e-05
1.328444000000000049e-05
1.326954000000000001e-05
1.324719000000000013e-05
1.323228999999999965e-05
1.320993999999999977e-05
1.319503999999999928e-05
1.317268000000000040e-05
1.316522999999999931e-05
1.314287999999999943e-05
1.312798000000000064e-05
1.310563000000000076e-05
1.309073000000000028e-05
1.307582999999999979e-05
1.305347999999999991e-05
1.304601999999999982e-05
1.302366999999999994e-05
1.300876999999999946e-05
1.298641999999999958e-05
1.297897000000000018e-05
1.295662000000000030e-05
1.293427000000000042e-05
1.291935999999999924e-05
1.290446000000000045e-05
1.288211000000000057e-05
1.286721000000000009e-05
1.285230999999999960e-05
1.282995999999999972e-05
1.280760999999999984e-05
1.279270999999999936e-05
1.277779999999999987e-05
1.275544999999999999e-05
1.273310000000000011e-05
1.271819999999999963e-05
1.269584999999999975e-05
1.267349999999999987e-05
1.265859000000000038e-05
1.263624000000000050e-05
1.261389000000000062e-05
1.259154000000000074e-05
1.256918999999999917e-05
1.254683999999999929e-05
1.253192999999999980e-05
1.250213000000000053e-05
1.247978000000000065e-05
1.246488000000000016e-05
1.243507999999999919e-05
1.241272999999999932e-05
1.239781999999999983e-05
1.236802000000000055e-05
1.234567000000000067e-05
1.232332000000000079e-05
1.230096999999999922e-05
1.227861999999999934e-05
1.225626000000000046e-05
1.222645999999999949e-05
1.220410999999999961e-05
1.218175999999999973e-05
1.215940999999999985e-05
1.213704999999999927e-05
1.210725000000000000e-05
1.208490000000000012e-05
1.206255000000000024e-05
1.203274999999999927e-05
1.201039000000000039e-05
1.198058999999999942e-05
1.196569000000000063e-05
1.193588999999999966e-05
1.190609000000000038e-05
1.188372999999999981e-05
1.186137999999999993e-05
1.183158000000000065e-05
1.180923000000000077e-05
1.177942999999999981e-05
1.175706999999999923e-05
1.172726999999999995e-05
1.170492000000000007e-05
1.167512000000000080e-05
1.165276999999999923e-05
1.162295999999999925e-05
1.159315999999999998e-05
1.157081000000000010e-05
1.154101000000000082e-05
1.151865999999999925e-05
1.148884999999999928e-05
1.145905000000000000e-05
1.142925000000000073e-05
1.139944999999999976e-05
1.137708999999999918e-05
1.133984000000000051e-05
1.131749000000000063e-05
1.128768999999999966e-05
1.125789000000000039e-05
1.122808000000000042e-05
1.119827999999999945e-05
1.116848000000000017e-05
1.113867999999999921e-05
1.110886999999999923e-05
1.107906999999999996e-05
1.104927000000000068e-05
1.101946999999999972e-05
1.098965999999999974e-05
1.095240999999999938e-05
1.092261000000000010e-05
1.089281000000000083e-05
1.086299999999999916e-05
1.082575000000000049e-05
1.079594999999999952e-05
1.076615000000000025e-05
1.073634000000000028e-05
1.069908999999999991e-05
1.066929000000000064e-05
1.063948999999999967e-05
1.060967999999999970e-05
1.057242999999999933e-05
1.054263000000000006e-05
1.051283000000000079e-05
1.047556999999999972e-05
1.044577000000000045e-05
1.040852000000000008e-05
1.037872000000000081e-05
1.034891000000000084e-05
1.031166000000000047e-05
1.028185999999999951e-05
1.025206000000000023e-05
1.021479999999999917e-05
1.018499999999999989e-05
1.014774999999999953e-05
1.011795000000000026e-05
1.008068999999999919e-05
1.005088999999999992e-05
1.001363999999999956e-05
9.976385999999999929e-06
9.939132999999999695e-06
9.909330000000000549e-06
9.879528000000000796e-06
9.842275000000000562e-06
9.805022000000000328e-06
9.767769000000000093e-06
9.737967000000000340e-06
9.693264000000000711e-06
9.663460999999999872e-06
9.626207999999999637e-06
9.588954999999999403e-06
9.559152999999999650e-06
9.514450000000000020e-06
9.484646999999999181e-06
9.447394000000000641e-06
9.410141999999999799e-06
9.372888999999999564e-06
9.343086000000000419e-06
9.305833000000000185e-06
9.268579999999999950e-06
9.231328000000000802e-06
9.194075000000000568e-06
9.156822000000000334e-06
9.119569000000000099e-06
9.089767000000000346e-06
9.052514000000000112e-06
9.015260999999999877e-06
8.985458000000000732e-06
8.940754999999999409e-06
8.910952999999999656e-06
8.873699999999999421e-06
8.836446999999999187e-06
8.799194000000000647e-06
8.769391999999999200e-06
8.739589000000000054e-06
8.694886000000000425e-06
8.665082999999999586e-06
8.627831000000000438e-06
8.590578000000000203e-06
8.553324999999999969e-06
8.523522000000000823e-06
8.486269999999999981e-06
8.449016999999999747e-06
8.419214000000000602e-06
8.374510999999999278e-06
8.344708000000000133e-06
8.307455999999999291e-06
8.270203000000000751e-06
8.232950000000000516e-06
8.195697000000000282e-06
8.165895000000000529e-06
8.121190999999999813e-06
8.091389000000000060e-06
8.046684999999999344e-06
8.016882999999999591e-06
7.979629999999999357e-06
7.942377000000000817e-06
7.905124000000000582e-06
7.867871000000000348e-06
7.830618000000000114e-06
7.793365999999999271e-06
7.756113000000000731e-06
7.718860000000000497e-06
7.681607000000000262e-06
7.644354000000000028e-06
7.599620999999999994e-06
7.569819000000000241e-06
7.532566000000000007e-06
7.487863000000000377e-06
7.458060000000000385e-06
7.413356999999999908e-06
7.376103999999999674e-06
7.346301999999999921e-06
7.301598000000000052e-06
7.264344999999999818e-06
7.219642000000000188e-06
7.189839000000000196e-06
7.152585999999999962e-06
7.107883000000000332e-06
7.078080999999999732e-06
7.033376999999999864e-06
7.003575000000000111e-06
6.966321999999999876e-06
6.921618000000000007e-06
6.891816000000000255e-06
6.847112999999999778e-06
6.809860000000000391e-06
6.772607000000000156e-06
6.735353999999999922e-06
6.698100999999999688e-06
6.660848000000000300e-06
6.623595000000000066e-06
6.586341999999999831e-06
6.549088999999999597e-06
6.511836999999999602e-06
6.474584000000000215e-06
6.437330999999999980e-06
6.392627000000000111e-06
6.362825000000000359e-06
6.325572000000000124e-06
6.280868999999999648e-06
6.243616000000000260e-06
6.206363000000000026e-06
6.169109999999999792e-06
6.131857000000000404e-06
6.094604000000000170e-06
6.057350999999999935e-06
6.012648000000000306e-06
5.975395000000000072e-06
5.938141999999999837e-06
5.900888999999999603e-06
5.863636000000000216e-06
5.826382999999999981e-06
5.789129999999999747e-06
5.751877000000000359e-06
5.707173999999999883e-06
5.669920999999999649e-06
5.632668000000000261e-06
5.595415000000000027e-06
5.558161999999999792e-06
5.520909000000000405e-06
5.483656000000000171e-06
5.446404000000000176e-06
5.409150999999999941e-06
5.371897999999999707e-06
5.334645000000000320e-06
5.297392000000000085e-06
5.260138999999999851e-06
5.222885999999999616e-06
5.193083999999999863e-06
5.148379999999999995e-06
5.118578000000000242e-06
5.073874000000000373e-06
5.044071999999999773e-06
5.006819000000000386e-06
4.969566000000000151e-06
4.939764000000000398e-06
4.895060999999999922e-06
4.865257999999999929e-06
4.828004999999999695e-06
4.790752000000000308e-06
4.753500000000000313e-06
4.716247000000000078e-06
4.686444000000000086e-06
4.649190999999999852e-06
4.611937999999999617e-06
4.574685999999999622e-06
4.537433000000000235e-06
4.500180000000000000e-06
4.470377000000000008e-06
4.433125000000000013e-06
4.395871999999999779e-06
4.366068999999999786e-06
4.321366000000000157e-06
4.291564000000000404e-06
4.246859999999999688e-06
4.217057999999999935e-06
4.179804999999999701e-06
4.150001999999999709e-06
4.112749999999999714e-06
4.075497000000000326e-06
4.045694000000000334e-06
4.000990999999999857e-06
3.971189000000000104e-06
3.933935999999999870e-06
3.904132999999999878e-06
3.859430000000000248e-06
3.829627999999999648e-06
3.799811000000000117e-06
3.762557999999999882e-06
3.732754999999999890e-06
3.688051999999999837e-06
3.658250000000000084e-06
3.620996999999999850e-06
3.591193999999999857e-06
3.553941000000000047e-06
3.524138999999999870e-06
3.486886000000000059e-06
3.457083999999999883e-06
3.419831000000000072e-06
3.390028999999999895e-06
3.352776000000000084e-06
3.322973000000000092e-06
3.293170999999999916e-06
3.255918000000000105e-06
3.226115999999999928e-06
3.188863000000000118e-06
3.159060999999999941e-06
3.129257999999999949e-06
3.099456000000000196e-06
3.062202999999999961e-06
3.032401000000000208e-06
2.995147999999999974e-06
2.965345999999999798e-06
2.935542999999999805e-06
2.905741000000000052e-06
2.868487999999999818e-06
2.838686000000000065e-06
2.801432999999999831e-06
2.779080999999999896e-06
2.741828000000000085e-06
2.712025999999999909e-06
2.674773000000000098e-06
2.652421000000000164e-06
2.615167999999999929e-06
2.585366000000000176e-06
2.555564000000000000e-06
2.525761000000000007e-06
2.488508000000000197e-06
2.466157000000000078e-06
2.428903999999999844e-06
2.406551999999999909e-06
2.369299000000000098e-06
2.339496999999999922e-06
2.309695000000000169e-06
2.279892000000000177e-06
2.250090000000000000e-06
2.212837000000000189e-06
2.190484999999999831e-06
2.153232000000000021e-06
2.130880999999999902e-06
2.093628000000000091e-06
2.071276000000000157e-06
2.034022999999999922e-06
2.011670999999999988e-06
1.974418000000000177e-06
1.952067000000000059e-06
1.914813999999999824e-06
1.892454999999999908e-06
1.862651999999999916e-06
1.832849999999999951e-06
1.803047999999999987e-06
1.773244999999999994e-06
1.743443000000000030e-06
1.713641000000000065e-06
1.691288999999999919e-06
1.654035999999999896e-06
1.631683999999999962e-06
1.601881999999999997e-06
1.579530000000000063e-06
1.549728000000000098e-06
1.519925999999999921e-06
1.497573999999999987e-06
1.467772000000000022e-06
1.445420000000000088e-06
1.415617999999999911e-06
1.393265999999999977e-06
1.363464000000000012e-06
1.333661000000000020e-06
1.311309000000000086e-06
1.281506999999999909e-06
1.259154999999999975e-06
1.236804000000000068e-06
1.207001000000000076e-06
1.184649999999999957e-06
1.154846999999999965e-06
1.139946000000000088e-06
1.110143999999999912e-06
1.080340999999999920e-06
1.057990000000000013e-06
1.028187000000000020e-06
1.013285999999999932e-06
9.834839000000000283e-07
9.536816000000000341e-07
9.387768000000000316e-07
9.089745000000000374e-07
8.866226999999999815e-07
8.642709999999999707e-07
8.344686999999999765e-07
8.121169000000000265e-07
7.897652000000000156e-07
7.599629000000000215e-07
7.450616999999999489e-07
7.152593999999999547e-07
6.929076000000000047e-07
6.705558999999999939e-07
6.407535999999999997e-07
6.258524000000000330e-07
5.960501000000000388e-07
5.662478000000000447e-07
5.513465999999999721e-07
5.215442999999999779e-07
5.066431000000000112e-07
4.768408000000000171e-07
4.470367000000000050e-07
4.321354999999999853e-07
4.023331999999999912e-07
3.799813999999999882e-07
3.576296999999999774e-07
3.278273999999999832e-07
3.129262000000000165e-07
2.831239000000000223e-07
2.607721000000000193e-07
2.384204000000000085e-07
2.160676999999999966e-07
1.862654000000000024e-07
1.713643000000000014e-07
1.415618999999999886e-07
1.266607999999999876e-07
9.685800000000000612e-08
7.450625999999999579e-08
5.215428999999999816e-08
2.980255000000000107e-08
0.000000000000000000e+00
-1.490126999999999894e-08
-4.470371000000000134e-08
-6.705568000000000558e-08
-8.195683999999999923e-08
-1.117591999999999993e-07
-1.341113999999999974e-07
-1.490124999999999984e-07
-1.788147999999999926e-07
-1.937160000000000122e-07
-2.160676999999999966e-07
-2.384204000000000085e-07
-2.607721000000000193e-07
-2.831239000000000223e-07
-3.054755999999999802e-07
-3.278273999999999832e-07
-3.501790999999999940e-07
-3.725308000000000048e-07
-3.874320000000000245e-07
-4.097837999999999745e-07
-4.321354999999999853e-07
-4.470367000000000050e-07
-4.768408000000000171e-07
-4.991925000000000279e-07
-5.140936999999999946e-07
-5.364454000000000054e-07
-5.587971999999999554e-07
-5.736982999999999829e-07
-5.960501000000000388e-07
-6.184018000000000497e-07
-6.407535999999999997e-07
-6.631053000000000105e-07
-6.854570999999999606e-07
-7.003581999999999880e-07
-7.227100000000000440e-07
-7.450616999999999489e-07
-7.674133999999999597e-07
-7.823146000000000323e-07
-8.046663000000000431e-07
-8.270180999999999932e-07
-8.419192000000000206e-07
-8.642709999999999707e-07
-8.866226999999999815e-07
-9.015238999999999482e-07
-9.313262000000000482e-07
-9.462274000000000149e-07
-9.685828000000000008e-07
-9.909344999999999058e-07
-1.013285999999999932e-06
-1.028187000000000020e-06
-1.050538999999999955e-06
-1.072891000000000101e-06
-1.087791999999999977e-06
-1.110143999999999912e-06
-1.125045000000000000e-06
-1.147396999999999935e-06
-1.162298000000000023e-06
-1.184649999999999957e-06
-1.207001000000000076e-06
-1.221901999999999952e-06
-1.244254000000000098e-06
-1.259154999999999975e-06
-1.274057000000000091e-06
-1.296407999999999997e-06
-1.311309000000000086e-06
-1.333661000000000020e-06
-1.341112000000000078e-06
-1.363464000000000012e-06
-1.385814999999999919e-06
-1.400716000000000007e-06
-1.415617999999999911e-06
-1.430519000000000000e-06
-1.452869999999999906e-06
-1.460320999999999964e-06
-1.475222000000000053e-06
-1.497573999999999987e-06
-1.512475000000000075e-06
-1.527375999999999952e-06
-1.542277000000000040e-06
-1.557178999999999944e-06
-1.579530000000000063e-06
-1.586980999999999909e-06
-1.601881999999999997e-06
-1.616783000000000085e-06
-1.639135000000000020e-06
-1.654035999999999896e-06
-1.661486999999999954e-06
-1.683838000000000073e-06
-1.698739999999999977e-06
-1.713641000000000065e-06
-1.721091000000000095e-06
-1.735992999999999999e-06
-1.758343999999999906e-06
-1.773244999999999994e-06
-1.780696000000000052e-06
-1.795596999999999929e-06
-1.817949000000000075e-06
-1.832849999999999951e-06
-1.840301000000000009e-06
-1.855202000000000097e-06
-1.877554000000000032e-06
-1.892454999999999908e-06
-1.907363000000000190e-06
-1.914813999999999824e-06
-1.929715000000000124e-06
-1.952067000000000059e-06
-1.966967999999999935e-06
-1.974418000000000177e-06
-1.989319999999999869e-06
-2.004221000000000169e-06
-2.019122000000000046e-06
-2.034022999999999922e-06
-2.041473999999999980e-06
-2.056374999999999857e-06
-2.078726999999999791e-06
-2.093628000000000091e-06
-2.101077999999999910e-06
-2.108528999999999968e-06
-2.130880999999999902e-06
-2.138331000000000144e-06
-2.153232000000000021e-06
-2.160683000000000079e-06
-2.175583999999999955e-06
-2.190484999999999831e-06
-2.205386000000000131e-06
-2.220287999999999824e-06
-2.227738000000000066e-06
-2.242638999999999942e-06
-2.257539999999999819e-06
-2.272441999999999935e-06
-2.287342999999999811e-06
-2.294793000000000053e-06
-2.309695000000000169e-06
-2.324596000000000045e-06
-2.339496999999999922e-06
-2.346947000000000164e-06
-2.361848999999999856e-06
-2.376750000000000156e-06
-2.391651000000000033e-06
-2.406551999999999909e-06
-2.414002999999999967e-06
-2.428903999999999844e-06
-2.443805000000000144e-06
-2.458706000000000020e-06
-2.473606999999999897e-06
-2.481057999999999955e-06
-2.495958999999999831e-06
-2.510860000000000131e-06
-2.525761000000000007e-06
-2.540663000000000123e-06
-2.548112999999999942e-06
-2.563013999999999818e-06
-2.577915000000000118e-06
-2.592816999999999811e-06
-2.600267000000000053e-06
-2.615167999999999929e-06
-2.630070000000000045e-06
-2.644970999999999922e-06
-2.659871999999999798e-06
-2.667322000000000040e-06
-2.682224000000000156e-06
-2.689673999999999974e-06
-2.704574999999999851e-06
-2.719476000000000151e-06
-2.726927000000000209e-06
-2.741828000000000085e-06
-2.756728999999999962e-06
-2.764180000000000020e-06
-2.779080999999999896e-06
-2.793982000000000196e-06
-2.801432999999999831e-06
-2.808883000000000073e-06
-2.823785000000000189e-06
-2.838686000000000065e-06
-2.853586999999999941e-06
-2.853586999999999941e-06
-2.868487999999999818e-06
-2.883389000000000118e-06
-2.898289999999999994e-06
-2.913192000000000110e-06
-2.920641999999999929e-06
-2.928092999999999987e-06
-2.942993999999999863e-06
-2.957895000000000163e-06
-2.972796000000000040e-06
-2.980247000000000098e-06
-2.987696999999999916e-06
-3.002599000000000032e-06
-3.017499999999999908e-06
-3.032401000000000208e-06
-3.047302000000000085e-06
-3.054753000000000143e-06
-3.062202999999999961e-06
-3.077103999999999838e-06
-3.092005000000000138e-06
-3.106906999999999830e-06
-3.114357000000000072e-06
-3.129257999999999949e-06
-3.144160000000000065e-06
-3.151609999999999883e-06
-3.166511000000000183e-06
-3.173961999999999818e-06
-3.188863000000000118e-06
-3.203763999999999994e-06
-3.218664999999999870e-06
-3.226115999999999928e-06
-3.233566999999999986e-06
-3.248467999999999863e-06
-3.263369000000000163e-06
-3.278270000000000039e-06
-3.285721000000000097e-06
-3.300621999999999974e-06
-3.308071999999999792e-06
-3.322973000000000092e-06
-3.337875000000000208e-06
-3.352776000000000084e-06
-3.360225999999999903e-06
-3.375128000000000019e-06
-3.390028999999999895e-06
-3.397479000000000137e-06
-3.412380000000000014e-06
-3.427282000000000130e-06
-3.434731999999999948e-06
-3.449632999999999825e-06
-3.464534999999999941e-06
-3.479435999999999817e-06
-3.486886000000000059e-06
-3.501786999999999936e-06
-3.516689000000000051e-06
-3.531589999999999928e-06
-3.546490999999999804e-06
-3.553941000000000047e-06
-3.568843000000000162e-06
-3.583744000000000039e-06
-3.598644999999999915e-06
-3.613545999999999792e-06
-3.620996999999999850e-06
-3.643347999999999968e-06
-3.658250000000000084e-06
-3.673150999999999961e-06
-3.680601000000000203e-06
-3.695502999999999895e-06
-3.710404000000000195e-06
-3.725305000000000071e-06
-3.740205999999999948e-06
-3.755106999999999824e-06
-3.770008000000000124e-06
-3.784909000000000001e-06
-3.799811000000000117e-06
-3.814726000000000380e-06
-3.829627999999999648e-06
-3.844529000000000372e-06
-3.866879999999999643e-06
-3.874331000000000125e-06
-3.889232000000000001e-06
-3.911584000000000359e-06
-3.926485000000000236e-06
-3.933935999999999870e-06
-3.956286999999999989e-06
-3.971189000000000104e-06
-3.993540000000000223e-06
-4.000990999999999857e-06
-4.023343000000000215e-06
-4.038244000000000092e-06
-4.060595999999999603e-06
-4.068045999999999845e-06
-4.090398000000000203e-06
-4.105299000000000079e-06
-4.120199999999999956e-06
-4.135100999999999832e-06
-4.157453000000000190e-06
-4.172354000000000067e-06
-4.187254999999999943e-06
-4.202157000000000059e-06
-4.217057999999999935e-06
-4.239409000000000054e-06
-4.254311000000000170e-06
-4.269212000000000046e-06
-4.291564000000000404e-06
-4.306465000000000281e-06
-4.321366000000000157e-06
-4.343717999999999668e-06
-4.358619000000000391e-06
-4.373520000000000268e-06
-4.388421000000000144e-06
-4.410772999999999655e-06
-4.433125000000000013e-06
-4.440575000000000255e-06
-4.462926999999999766e-06
-4.485279000000000124e-06
-4.500180000000000000e-06
-4.515080999999999877e-06
-4.537433000000000235e-06
-4.559784000000000353e-06
-4.574685999999999622e-06
-4.589587000000000346e-06
-4.611937999999999617e-06
-4.626839999999999733e-06
-4.649190999999999852e-06
-4.671543000000000210e-06
-4.686444000000000086e-06
-4.701344999999999962e-06
-4.723697000000000320e-06
-4.746048999999999831e-06
-4.760949999999999708e-06
-4.783302000000000066e-06
-4.798202999999999942e-06
-4.820555000000000300e-06
-4.835456000000000177e-06
-4.857807999999999687e-06
-4.880158999999999806e-06
-4.895060999999999922e-06
-4.917412000000000040e-06
-4.939764000000000398e-06
-4.954665000000000275e-06
-4.977016999999999786e-06
-4.999369000000000143e-06
-5.014270000000000020e-06
-5.029170999999999896e-06
-5.051523000000000254e-06
-5.073874000000000373e-06
-5.088775999999999642e-06
-5.118578000000000242e-06
-5.133479000000000118e-06
-5.148379999999999995e-06
-5.170732000000000353e-06
-5.193083999999999863e-06
-5.207984999999999740e-06
-5.237787000000000340e-06
-5.260138999999999851e-06
-5.267590000000000332e-06
-5.297392000000000085e-06
-5.319743999999999596e-06
-5.334645000000000320e-06
-5.356996999999999830e-06
-5.379347999999999949e-06
-5.394248999999999825e-06
-5.416601000000000183e-06
-5.438952999999999694e-06
-5.453854000000000418e-06
-5.476205999999999929e-06
-5.498558000000000287e-06
-5.520909000000000405e-06
-5.543260999999999916e-06
-5.565613000000000274e-06
-5.580514000000000150e-06
-5.602865999999999661e-06
-5.625216999999999780e-06
-5.640118999999999896e-06
-5.669920999999999649e-06
-5.692273000000000006e-06
-5.707173999999999883e-06
-5.729526000000000241e-06
-5.759327999999999994e-06
-5.774228999999999870e-06
-5.796581000000000228e-06
-5.818932999999999739e-06
-5.833833999999999616e-06
-5.863636000000000216e-06
-5.885987999999999726e-06
-5.900888999999999603e-06
-5.923240999999999961e-06
-5.945592000000000079e-06
-5.967943999999999590e-06
-5.990295999999999948e-06
-6.012648000000000306e-06
-6.027549000000000183e-06
-6.057350999999999935e-06
-6.079703000000000293e-06
-6.094604000000000170e-06
-6.124405999999999923e-06
-6.146758000000000281e-06
-6.161659000000000157e-06
-6.191462000000000149e-06
-6.213813000000000268e-06
-6.236164999999999779e-06
-6.258517000000000137e-06
-6.273418000000000013e-06
-6.303219999999999766e-06
-6.325572000000000124e-06
-6.347923999999999635e-06
-6.370275999999999993e-06
-6.392627000000000111e-06
-6.414978999999999622e-06
-6.437330999999999980e-06
-6.467132999999999733e-06
-6.482033999999999610e-06
-6.511836999999999602e-06
-6.526738000000000326e-06
-6.556540000000000078e-06
-6.578891999999999589e-06
-6.601243999999999947e-06
-6.623595000000000066e-06
-6.645946999999999577e-06
-6.668298999999999935e-06
-6.690650000000000053e-06
-6.720453000000000045e-06
-6.735353999999999922e-06
-6.757706000000000280e-06
-6.780057000000000398e-06
-6.802408999999999909e-06
-6.824761000000000267e-06
-6.847112999999999778e-06
-6.869463999999999897e-06
-6.891816000000000255e-06
-6.914167999999999765e-06
-6.936520000000000123e-06
-6.958871000000000242e-06
-6.973773000000000358e-06
-7.003575000000000111e-06
-7.025926999999999622e-06
-7.040828000000000345e-06
-7.063179999999999856e-06
-7.092981999999999609e-06
-7.107883000000000332e-06
-7.130234999999999843e-06
-7.152585999999999962e-06
-7.167488000000000078e-06
-7.197289999999999831e-06
-7.219642000000000188e-06
-7.234543000000000065e-06
-7.256895000000000423e-06
-7.279245999999999694e-06
-7.294147999999999810e-06
-7.316498999999999929e-06
-7.338851000000000287e-06
-7.361202999999999798e-06
-7.383553999999999916e-06
-7.405906000000000274e-06
-7.420807000000000150e-06
-7.443158999999999661e-06
-7.465511000000000019e-06
-7.480411999999999896e-06
-7.502764000000000254e-06
-7.525115999999999765e-06
-7.540016999999999641e-06
-7.562367999999999760e-06
-7.584720000000000117e-06
-7.607071999999999628e-06
-7.621973000000000352e-06
-7.644354000000000028e-06
-7.666706000000000386e-06
-7.681607000000000262e-06
-7.703959000000000620e-06
-7.726309999999999892e-06
-7.741210999999999768e-06
-7.771014000000000608e-06
-7.793365999999999271e-06
-7.808267000000000842e-06
-7.830618000000000114e-06
-7.852970000000000471e-06
-7.867871000000000348e-06
-7.890223000000000706e-06
-7.912574999999999370e-06
-7.927475999999999246e-06
-7.949827999999999604e-06
-7.972179000000000570e-06
-7.994530999999999233e-06
-8.016882999999999591e-06
-8.039234999999999949e-06
-8.054135999999999826e-06
-8.076488000000000184e-06
-8.098838999999999455e-06
-8.113739999999999332e-06
-8.143543000000000171e-06
-8.165895000000000529e-06
-8.180796000000000405e-06
-8.203146999999999677e-06
-8.225499000000000035e-06
-8.240399999999999911e-06
-8.270203000000000751e-06
-8.292554000000000022e-06
-8.307455999999999291e-06
-8.329807000000000257e-06
-8.352159000000000614e-06
-8.367060000000000491e-06
-8.389411999999999155e-06
-8.419214000000000602e-06
-8.434115000000000478e-06
-8.456467000000000836e-06
-8.478818999999999500e-06
-8.493719999999999376e-06
-8.516071999999999734e-06
-8.538424000000000092e-06
-8.553324999999999969e-06
-8.575675999999999240e-06
-8.605479000000000080e-06
-8.620379999999999956e-06
-8.642732000000000314e-06
-8.665082999999999586e-06
-8.679985000000000548e-06
-8.702335999999999820e-06
-8.724688000000000178e-06
-8.747040000000000536e-06
-8.761941000000000412e-06
-8.784293000000000770e-06
-8.806644000000000042e-06
-8.821545999999999310e-06
-8.851348000000000757e-06
-8.873699999999999421e-06
-8.888600999999999298e-06
-8.910952999999999656e-06
-8.933304000000000621e-06
-8.948205999999999890e-06
-8.970556999999999162e-06
-9.000360000000000001e-06
-9.015260999999999877e-06
-9.037612000000000843e-06
-9.059963999999999507e-06
-9.074864999999999383e-06
-9.097216999999999741e-06
-9.119569000000000099e-06
-9.134469999999999976e-06
-9.164271999999999729e-06
-9.186624000000000086e-06
-9.201524999999999963e-06
-9.223877000000000321e-06
-9.246229000000000679e-06
-9.261130000000000555e-06
-9.283481999999999219e-06
-9.313284000000000666e-06
-9.328185000000000543e-06
-9.350536999999999206e-06
-9.372888999999999564e-06
-9.395240000000000530e-06
-9.417591999999999194e-06
-9.439943999999999552e-06
-9.454844999999999428e-06
-9.477196999999999786e-06
-9.506998999999999539e-06
-9.521899999999999415e-06
-9.544251999999999773e-06
-9.566604000000000131e-06
-9.588954999999999403e-06
-9.611306999999999761e-06
-9.633659000000000119e-06
-9.648559999999999995e-06
-9.678361999999999748e-06
-9.693264000000000711e-06
-9.715614999999999982e-06
-9.737967000000000340e-06
-9.760319000000000698e-06
-9.775220000000000575e-06
-9.805022000000000328e-06
-9.819923000000000204e-06
-9.842275000000000562e-06
-9.864626999999999226e-06
-9.886978999999999584e-06
-9.901879999999999460e-06
-9.931681999999999213e-06
-9.946583000000000784e-06
-9.968934999999999448e-06
-9.991286999999999806e-06
-1.001363999999999956e-05
-1.002854000000000004e-05
-1.005088999999999992e-05
-1.007323999999999980e-05
-1.009558999999999968e-05
-1.011795000000000026e-05
-1.014030000000000014e-05
-1.015520000000000062e-05
-1.017755000000000050e-05
-1.019990000000000038e-05
-1.021479999999999917e-05
-1.023715999999999975e-05
-1.026696000000000072e-05
-1.028185999999999951e-05
-1.030420999999999938e-05
-1.032655999999999926e-05
-1.034145999999999975e-05
-1.036382000000000033e-05
-1.039361999999999960e-05
-1.040852000000000008e-05
-1.043086999999999996e-05
-1.045321999999999984e-05
-1.047556999999999972e-05
-1.049793000000000030e-05
-1.052028000000000018e-05
-1.054263000000000006e-05
-1.056497999999999994e-05
-1.057988000000000042e-05
-1.060967999999999970e-05
-1.063204000000000028e-05
-1.064694000000000076e-05
-1.067674000000000003e-05
-1.069908999999999991e-05
-1.071399000000000040e-05
-1.074380000000000037e-05
-1.076615000000000025e-05
-1.078105000000000073e-05
-1.081085000000000001e-05
-1.083319999999999989e-05
-1.085554999999999977e-05
-1.087791000000000035e-05
-1.090026000000000023e-05
-1.092261000000000010e-05
-1.094495999999999998e-05
-1.096730999999999986e-05
-1.098965999999999974e-05
-1.101946999999999972e-05
-1.103437000000000020e-05
-1.106416999999999947e-05
-1.108651999999999935e-05
-1.110886999999999923e-05
-1.113867999999999921e-05
-1.115357999999999969e-05
-1.118338000000000066e-05
-1.120573000000000054e-05
-1.122808000000000042e-05
-1.125043000000000030e-05
-1.128024000000000027e-05
-1.129514000000000075e-05
-1.132494000000000003e-05
-1.133984000000000051e-05
-1.136963999999999979e-05
-1.139200000000000037e-05
-1.140689999999999916e-05
-1.143670000000000012e-05
-1.145905000000000000e-05
-1.148139999999999988e-05
-1.150374999999999976e-05
-1.153355999999999974e-05
-1.154846000000000022e-05
-1.157081000000000010e-05
-1.159315999999999998e-05
-1.161550999999999986e-05
-1.164531999999999983e-05
-1.166022000000000031e-05
-1.168257000000000019e-05
-1.171236999999999947e-05
-1.172726999999999995e-05
-1.175706999999999923e-05
-1.177942999999999981e-05
-1.179433000000000029e-05
-1.182412999999999956e-05
-1.184647999999999944e-05
-1.186137999999999993e-05
-1.189117999999999920e-05
-1.191353999999999978e-05
-1.192844000000000026e-05
-1.195823999999999954e-05
-1.197314000000000002e-05
-1.199548999999999990e-05
-1.202529999999999988e-05
-1.204020000000000036e-05
-1.206255000000000024e-05
-1.209234999999999951e-05
-1.210725000000000000e-05
-1.212959999999999988e-05
-1.215940999999999985e-05
-1.217431000000000033e-05
-1.220410999999999961e-05
-1.222645999999999949e-05
-1.224135999999999997e-05
-1.227115999999999925e-05
-1.229351999999999982e-05
-1.230842000000000031e-05
-1.233077000000000019e-05
-1.235312000000000007e-05
-1.237546999999999995e-05
-1.239781999999999983e-05
-1.242018000000000040e-05
-1.244253000000000028e-05
-1.246488000000000016e-05
-1.247978000000000065e-05
-1.250213000000000053e-05
-1.253192999999999980e-05
-1.254683999999999929e-05
-1.256918999999999917e-05
-1.259154000000000074e-05
-1.261389000000000062e-05
-1.263624000000000050e-05
-1.265859000000000038e-05
-1.267349999999999987e-05
-1.269584999999999975e-05
-1.272565000000000072e-05
-1.274054999999999951e-05
-1.276289999999999939e-05
-1.278524999999999927e-05
-1.280016000000000045e-05
-1.282995999999999972e-05
-1.285230999999999960e-05
-1.286721000000000009e-05
-1.288955999999999997e-05
-1.291190999999999985e-05
-1.292681999999999933e-05
-1.294916999999999921e-05
-1.297897000000000018e-05
-1.299387000000000067e-05
-1.301622000000000055e-05
-1.303857000000000042e-05
-1.305347999999999991e-05
-1.307582999999999979e-05
-1.309817999999999967e-05
-1.311308000000000016e-05
-1.313543000000000004e-05
-1.315777999999999992e-05
-1.318014000000000049e-05
-1.320249000000000037e-05
-1.322484000000000025e-05
-1.323974000000000074e-05
-1.326209000000000062e-05
-1.328444000000000049e-05
-1.330679999999999938e-05
-1.332169999999999986e-05
-1.334404999999999974e-05
-1.336639999999999962e-05
-1.338130000000000011e-05
-1.340364999999999999e-05
-1.342599999999999986e-05
-1.344090999999999935e-05
-1.346325999999999923e-05
-1.348561000000000081e-05
-1.350050999999999960e-05
-1.352285999999999948e-05
-1.354520999999999936e-05
-1.356010999999999984e-05
-1.358247000000000042e-05
-1.360482000000000030e-05
-1.361972000000000078e-05
-1.363461999999999957e-05
-1.365696999999999945e-05
-1.367931999999999933e-05
-1.369423000000000051e-05
-1.371658000000000039e-05
-1.373893000000000027e-05
-1.374637999999999967e-05
-1.376872999999999955e-05
-1.379107999999999943e-05
-1.381342999999999930e-05
-1.382834000000000049e-05
-1.384323999999999928e-05
-1.386558999999999916e-05
-1.388048999999999964e-05
-1.390283999999999952e-05
-1.392518999999999940e-05
-1.394008999999999988e-05
-1.395499999999999937e-05
-1.397734999999999925e-05
-1.399970000000000083e-05
-1.400715000000000022e-05
-1.402950000000000010e-05
-1.405184999999999998e-05
-1.406675000000000046e-05
-1.408165999999999995e-05
-1.410400999999999983e-05
-1.411891000000000032e-05
-1.413381000000000080e-05
-1.414870999999999959e-05
-1.417105999999999947e-05
-1.419340999999999935e-05
-1.420086000000000044e-05
-1.422321999999999932e-05
-1.423811999999999981e-05
-1.425302000000000029e-05
-1.427537000000000017e-05
-1.429027000000000065e-05
-1.431262000000000053e-05
-1.432006999999999993e-05
-1.433497999999999942e-05
-1.435732999999999930e-05
-1.437967999999999918e-05
-1.438713000000000027e-05
-1.440203000000000075e-05
-1.442438000000000063e-05
-1.443927999999999942e-05
-1.445417999999999990e-05
-1.446908999999999939e-05
-1.449143999999999927e-05
-1.450633999999999976e-05
-1.452124000000000024e-05
-1.453614000000000072e-05
-1.455849000000000060e-05
-1.457338999999999939e-05
-1.458830000000000058e-05
-1.460319999999999937e-05
-1.461809999999999985e-05
-1.463300000000000034e-05
-1.464790000000000082e-05
-1.467025000000000070e-05
-1.468514999999999949e-05
-1.470004999999999997e-05
-1.472241000000000055e-05
-1.473730999999999934e-05
-1.475965999999999922e-05
-1.476711000000000031e-05
-1.478946000000000019e-05
-1.480436000000000067e-05
-1.482671000000000055e-05
-1.484160999999999934e-05
-1.485652000000000053e-05
-1.487887000000000041e-05
-1.488631999999999980e-05
-1.490866999999999968e-05
-1.493101999999999956e-05
-1.494592000000000004e-05
-1.496082000000000053e-05
-1.498317999999999941e-05
-1.500552999999999929e-05
-1.501298000000000038e-05
-1.503533000000000026e-05
-1.505768000000000014e-05
-1.507258000000000062e-05
-1.508747999999999941e-05
-1.510983999999999999e-05
-1.512474000000000048e-05
-1.513963999999999927e-05
-1.516199000000000084e-05
-1.517688999999999963e-05
-1.519923999999999951e-05
-1.521413999999999999e-05
-1.523650000000000057e-05
-1.525139999999999936e-05
-1.526636000000000066e-05
-1.528125999999999945e-05
-1.530361000000000102e-05
-1.532595999999999920e-05
-1.533340999999999860e-05
-1.535576000000000017e-05
-1.537065999999999896e-05
-1.539302000000000124e-05
-1.540047000000000063e-05
-1.542281999999999882e-05
-1.543772000000000099e-05
-1.546006999999999918e-05
-1.546751999999999857e-05
-1.548987000000000015e-05
-1.550476999999999894e-05
-1.551967999999999843e-05
-1.553458000000000060e-05
-1.554947999999999939e-05
-1.557183000000000097e-05
-1.558672999999999976e-05
-1.560162999999999855e-05
-1.561653000000000073e-05
-1.563888999999999961e-05
-1.564633999999999901e-05
-1.566124000000000118e-05
-1.568358999999999937e-05
-1.569849000000000155e-05
-1.571339000000000034e-05
-1.572828999999999913e-05
-1.574319000000000131e-05
-1.576553999999999949e-05
-1.577299999999999959e-05
-1.579535000000000116e-05
-1.581024999999999995e-05
-1.582514999999999874e-05
-1.584005000000000092e-05
-1.585494999999999971e-05
-1.587730000000000128e-05
-1.589220000000000007e-05
-1.589966000000000017e-05
-1.592200999999999835e-05
-1.593691000000000053e-05
-1.595180999999999932e-05
-1.596671000000000150e-05
-1.598161000000000029e-05
-1.599650999999999908e-05
-1.601886000000000065e-05
-1.602632000000000075e-05
-1.604121999999999954e-05
-1.606357000000000111e-05
-1.607846999999999990e-05
-1.609336999999999869e-05
-1.610827000000000087e-05
-1.612316999999999966e-05
-1.614552000000000123e-05
-1.615298000000000132e-05
-1.617532999999999951e-05
-1.619023000000000169e-05
-1.620513000000000048e-05
-1.622002999999999927e-05
-1.623493000000000145e-05
-1.624983000000000024e-05
-1.627217999999999842e-05
-1.627963999999999852e-05
-1.629454000000000069e-05
-1.631688999999999888e-05
-1.633179000000000106e-05
-1.634668999999999985e-05
-1.636158999999999864e-05
-1.637649000000000082e-05
-1.639138999999999961e-05
-1.640628999999999840e-05
-1.642120000000000127e-05
-1.643610000000000006e-05
-1.645845000000000164e-05
-1.647335000000000043e-05
-1.648824999999999922e-05
-1.650315000000000140e-05
-1.652549999999999958e-05
-1.653294999999999898e-05
-1.654785999999999847e-05
-1.657021000000000004e-05
-1.658510999999999883e-05
-1.660001000000000101e-05
-1.661490999999999980e-05
-1.662980999999999859e-05
-1.665216000000000016e-05
-1.665960999999999956e-05
-1.667451999999999905e-05
-1.669687000000000062e-05
-1.671176999999999941e-05
-1.672667000000000159e-05
-1.673412000000000098e-05
-1.675646999999999917e-05
-1.677137000000000135e-05
-1.678627000000000014e-05
-1.680117999999999962e-05
-1.681607999999999841e-05
-1.683098000000000059e-05
-1.684587999999999938e-05
-1.686078000000000156e-05
-1.687568000000000035e-05
-1.689057999999999914e-05
-1.690548000000000132e-05
-1.692038000000000011e-05
-1.693528999999999960e-05
-1.695018999999999839e-05
-1.697253999999999996e-05
-1.697998999999999936e-05
-1.699489000000000154e-05
-1.700979000000000033e-05
-1.703213999999999851e-05
-1.703959000000000129e-05
-1.705450000000000078e-05
-1.707684999999999897e-05
-1.709175000000000115e-05
-1.710664999999999994e-05
-1.712154999999999873e-05
-1.713645000000000091e-05
-1.715879999999999909e-05
-1.716624999999999849e-05
-1.718861000000000076e-05
-1.720350999999999955e-05
-1.722586000000000112e-05
-1.723331000000000052e-05
-1.725565999999999870e-05
-1.727801000000000028e-05
-1.729290999999999907e-05
-1.731527000000000134e-05
-1.733761999999999952e-05
-1.735997000000000110e-05
-1.737486999999999989e-05
-1.739722000000000146e-05
-1.741956999999999965e-05
-1.743447999999999913e-05
-1.745683000000000071e-05
-1.747917999999999889e-05
-1.749408000000000107e-05
-1.750897999999999986e-05
-1.753133000000000143e-05
-1.754623000000000022e-05
-1.756112999999999901e-05
-1.758349000000000129e-05
-1.759839000000000008e-05
-1.761328999999999887e-05
-1.762074000000000165e-05
-1.762819000000000105e-05
-1.764308999999999984e-05
-1.765053999999999923e-05
-1.765798999999999863e-05
-1.766544000000000141e-05
-1.767289000000000080e-05
-1.767289000000000080e-05
-1.767289000000000080e-05
-1.768034000000000020e-05
-1.768034000000000020e-05
-1.768034000000000020e-05
-1.768034000000000020e-05
-1.768034000000000020e-05
-1.767289000000000080e-05
-1.767289000000000080e-05
-1.766544000000000141e-05
-1.765798999999999863e-05
-1.764308999999999984e-05
-1.763564000000000044e-05
-1.762074000000000165e-05
-1.761328999999999887e-05
-1.759839000000000008e-05
-1.757603999999999850e-05
-1.756112999999999901e-05
-1.754623000000000022e-05
-1.752387999999999865e-05
-1.750897999999999986e-05
-1.748663000000000168e-05
-1.747172999999999950e-05
-1.744938000000000131e-05
-1.743447999999999913e-05
-1.741956999999999965e-05
-1.740467000000000086e-05
-1.738976999999999868e-05
-1.737486999999999989e-05
-1.736742000000000049e-05
-1.735997000000000110e-05
-1.735997000000000110e-05
-1.735997000000000110e-05
-1.735997000000000110e-05
-1.736742000000000049e-05
-1.737486999999999989e-05
-1.738976999999999868e-05
-1.741212000000000025e-05
-1.742701999999999904e-05
-1.745683000000000071e-05
-1.748663000000000168e-05
-1.751642999999999926e-05
-1.754623000000000022e-05
-1.759094000000000068e-05
-1.762819000000000105e-05
-1.767289000000000080e-05
-1.771760000000000126e-05
-1.776230000000000102e-05
-1.780700000000000078e-05
-1.785171000000000124e-05
-1.789641000000000100e-05
-1.793366000000000136e-05
-1.798582000000000121e-05
-1.802307000000000158e-05
-1.805286999999999916e-05
-1.809013000000000022e-05
-1.811993000000000119e-05
-1.815718000000000155e-05
-1.817952999999999973e-05
-1.820188000000000131e-05
-1.823168999999999959e-05
-1.824658999999999838e-05
-1.826893999999999995e-05
-1.829129000000000152e-05
-1.830619000000000031e-05
-1.832108999999999910e-05
-1.833599999999999859e-05
-1.835090000000000077e-05
-1.836579999999999956e-05
-1.837324999999999896e-05
-1.838815000000000114e-05
-1.839560000000000053e-05
-1.841049999999999932e-05
-1.842540000000000150e-05
-1.843285000000000089e-05
-1.844030000000000029e-05
-1.845519999999999908e-05
-1.847010999999999857e-05
-1.848501000000000075e-05
-1.849246000000000014e-05
-1.849990999999999954e-05
-1.851480999999999833e-05
-1.852971000000000051e-05
-1.854460999999999930e-05
-1.855951000000000147e-05
