4.883829999999999671e+01
4.883570000000000277e+01
4.882050000000000267e+01
4.880570000000000164e+01
4.879549999999999699e+01
4.878090000000000259e+01
4.876559999999999917e+01
4.875079999999999814e+01
4.874060000000000059e+01
4.872560000000000002e+01
4.871059999999999945e+01
4.869570000000000221e+01
4.868569999999999709e+01
4.867079999999999984e+01
4.865579999999999927e+01
4.864070000000000249e+01
4.863080000000000069e+01
4.861580000000000013e+01
4.860090000000000288e+01
4.858559999999999945e+01
4.856989999999999696e+01
4.855980000000000274e+01
4.854500000000000171e+01
4.852960000000000207e+01
4.851489999999999725e+01
4.850469999999999970e+01
4.848980000000000246e+01
4.847509999999999764e+01
4.846020000000000039e+01
4.845049999999999812e+01
4.843529999999999802e+01
4.842029999999999745e+01
4.840550000000000352e+01
4.839549999999999841e+01
4.838040000000000163e+01
4.836569999999999681e+01
4.835020000000000095e+01
4.834009999999999962e+01
4.832520000000000238e+01
4.831029999999999802e+01
4.829520000000000124e+01
4.828520000000000323e+01
4.827020000000000266e+01
4.825540000000000163e+01
4.824020000000000152e+01
4.823029999999999973e+01
4.821549999999999869e+01
4.820040000000000191e+01
4.818560000000000088e+01
4.817029999999999745e+01
4.816049999999999898e+01
4.814540000000000219e+01
4.813069999999999737e+01
4.811430000000000007e+01
4.810430000000000206e+01
4.808930000000000149e+01
4.807450000000000045e+01
4.805919999999999703e+01
4.804939999999999856e+01
4.803540000000000276e+01
4.801950000000000074e+01
4.800489999999999924e+01
4.799499999999999744e+01
4.798020000000000351e+01
4.796509999999999962e+01
4.795020000000000238e+01
4.793990000000000151e+01
4.792510000000000048e+01
4.790999999999999659e+01
4.789529999999999887e+01
4.788490000000000180e+01
4.786990000000000123e+01
4.785479999999999734e+01
4.783990000000000009e+01
4.783010000000000161e+01
4.781510000000000105e+01
4.779999999999999716e+01
4.778509999999999991e+01
4.776919999999999789e+01
4.775919999999999987e+01
4.774519999999999698e+01
4.772930000000000206e+01
4.771450000000000102e+01
4.770409999999999684e+01
4.768919999999999959e+01
4.767419999999999902e+01
4.765930000000000177e+01
4.764909999999999712e+01
4.763400000000000034e+01
4.761899999999999977e+01
4.760419999999999874e+01
4.759429999999999694e+01
4.757909999999999684e+01
4.756419999999999959e+01
4.754930000000000234e+01
4.753929999999999723e+01
4.752459999999999951e+01
4.750979999999999848e+01
4.749470000000000169e+01
4.748469999999999658e+01
4.746949999999999648e+01
4.745470000000000255e+01
4.743959999999999866e+01
4.742980000000000018e+01
4.741470000000000340e+01
4.739970000000000283e+01
4.738459999999999894e+01
4.736959999999999837e+01
4.735979999999999990e+01
4.734459999999999980e+01
4.732990000000000208e+01
4.731380000000000052e+01
4.730389999999999873e+01
4.728900000000000148e+01
4.727409999999999712e+01
4.725919999999999987e+01
4.724900000000000233e+01
4.723389999999999844e+01
4.721900000000000119e+01
4.720380000000000109e+01
4.719420000000000215e+01
4.717900000000000205e+01
4.716409999999999769e+01
4.714909999999999712e+01
4.713909999999999911e+01
4.712420000000000186e+01
4.710900000000000176e+01
4.709420000000000073e+01
4.708389999999999986e+01
4.706909999999999883e+01
4.705429999999999779e+01
4.703949999999999676e+01
4.702949999999999875e+01
4.701460000000000150e+01
4.699940000000000140e+01
4.698440000000000083e+01
4.696860000000000213e+01
4.695870000000000033e+01
4.694380000000000308e+01
4.692869999999999919e+01
4.691380000000000194e+01
4.690370000000000061e+01
4.688880000000000337e+01
4.687369999999999948e+01
4.685869999999999891e+01
4.684850000000000136e+01
4.683359999999999701e+01
4.681850000000000023e+01
4.680369999999999919e+01
4.679359999999999786e+01
4.677890000000000015e+01
4.676370000000000005e+01
4.674880000000000280e+01
4.673890000000000100e+01
4.672370000000000090e+01
4.670889999999999986e+01
4.669369999999999976e+01
4.668370000000000175e+01
4.666870000000000118e+01
4.665390000000000015e+01
4.663870000000000005e+01
4.662859999999999872e+01
4.661359999999999815e+01
4.659850000000000136e+01
4.658400000000000318e+01
4.656909999999999883e+01
4.655930000000000035e+01
4.654419999999999646e+01
4.652920000000000300e+01
4.651420000000000243e+01
4.650419999999999732e+01
4.648930000000000007e+01
4.647449999999999903e+01
4.645819999999999794e+01
4.644830000000000325e+01
4.643330000000000268e+01
4.641850000000000165e+01
4.640319999999999823e+01
4.639330000000000354e+01
4.637800000000000011e+01
4.636330000000000240e+01
4.634810000000000230e+01
4.633829999999999671e+01
4.632350000000000279e+01
4.630850000000000222e+01
4.629350000000000165e+01
4.628340000000000032e+01
4.626859999999999928e+01
4.625350000000000250e+01
4.623859999999999815e+01
4.622800000000000153e+01
4.621320000000000050e+01
4.619819999999999993e+01
4.618339999999999890e+01
4.616819999999999879e+01
4.615840000000000032e+01
4.614330000000000354e+01
4.612839999999999918e+01
4.611359999999999815e+01
4.610379999999999967e+01
4.608899999999999864e+01
4.607399999999999807e+01
4.605899999999999750e+01
4.604879999999999995e+01
4.603410000000000224e+01
4.601809999999999690e+01
4.600339999999999918e+01
4.599260000000000304e+01
4.597800000000000153e+01
4.596280000000000143e+01
4.594800000000000040e+01
4.593800000000000239e+01
4.592289999999999850e+01
4.590809999999999746e+01
4.589309999999999690e+01
4.588329999999999842e+01
4.586809999999999832e+01
4.585309999999999775e+01
4.583809999999999718e+01
4.582800000000000296e+01
4.581289999999999907e+01
4.579809999999999803e+01
4.578309999999999746e+01
4.576830000000000354e+01
4.575789999999999935e+01
4.574300000000000210e+01
4.572789999999999822e+01
4.571309999999999718e+01
4.570320000000000249e+01
4.568800000000000239e+01
4.567309999999999803e+01
4.565820000000000078e+01
4.564829999999999899e+01
4.563340000000000174e+01
4.561869999999999692e+01
4.560370000000000346e+01
4.559360000000000213e+01
4.557840000000000202e+01
4.556349999999999767e+01
4.554849999999999710e+01
4.553860000000000241e+01
4.552340000000000231e+01
4.550860000000000127e+01
4.549249999999999972e+01
4.548259999999999792e+01
4.546779999999999688e+01
4.545259999999999678e+01
4.543769999999999953e+01
4.542770000000000152e+01
4.541279999999999717e+01
4.539779999999999660e+01
4.538289999999999935e+01
4.536789999999999878e+01
4.535779999999999745e+01
4.534259999999999735e+01
4.532789999999999964e+01
4.531269999999999953e+01
4.530279999999999774e+01
4.528779999999999717e+01
4.527270000000000039e+01
4.525769999999999982e+01
4.524779999999999802e+01
4.523299999999999699e+01
4.521770000000000067e+01
4.520289999999999964e+01
4.519279999999999831e+01
4.517790000000000106e+01
4.516320000000000334e+01
4.514750000000000085e+01
4.513730000000000331e+01
4.512319999999999709e+01
4.510719999999999885e+01
4.509230000000000160e+01
4.508259999999999934e+01
4.506750000000000256e+01
4.505250000000000199e+01
4.503739999999999810e+01
4.502750000000000341e+01
4.501239999999999952e+01
4.499759999999999849e+01
4.498230000000000217e+01
4.496750000000000114e+01
4.495729999999999649e+01
4.494239999999999924e+01
4.492730000000000246e+01
4.491250000000000142e+01
4.490240000000000009e+01
4.488750000000000284e+01
4.487230000000000274e+01
4.485730000000000217e+01
4.484759999999999991e+01
4.483250000000000313e+01
4.481759999999999877e+01
4.480239999999999867e+01
4.479249999999999687e+01
4.477750000000000341e+01
4.476259999999999906e+01
4.474739999999999895e+01
4.473729999999999762e+01
4.472220000000000084e+01
4.470739999999999981e+01
4.469259999999999877e+01
4.468289999999999651e+01
4.466790000000000305e+01
4.465299999999999869e+01
4.463719999999999999e+01
4.462700000000000244e+01
4.461229999999999762e+01
4.459709999999999752e+01
4.458229999999999649e+01
4.456700000000000017e+01
4.455709999999999837e+01
4.454200000000000159e+01
4.452709999999999724e+01
4.451189999999999714e+01
4.450189999999999912e+01
4.448689999999999856e+01
4.447200000000000131e+01
4.445689999999999742e+01
4.444709999999999894e+01
4.443209999999999837e+01
4.441709999999999781e+01
4.440209999999999724e+01
4.439209999999999923e+01
4.437720000000000198e+01
4.436209999999999809e+01
4.434729999999999706e+01
4.433670000000000044e+01
4.432189999999999941e+01
4.430700000000000216e+01
4.429200000000000159e+01
4.428199999999999648e+01
4.426700000000000301e+01
4.425180000000000291e+01
4.423709999999999809e+01
4.422729999999999961e+01
4.421240000000000236e+01
4.419769999999999754e+01
4.418180000000000263e+01
4.416689999999999827e+01
4.415670000000000073e+01
4.414180000000000348e+01
4.412689999999999912e+01
4.411189999999999856e+01
4.410139999999999816e+01
4.408650000000000091e+01
4.407139999999999702e+01
4.405669999999999931e+01
4.404659999999999798e+01
4.403170000000000073e+01
4.401659999999999684e+01
4.400169999999999959e+01
4.399190000000000111e+01
4.397670000000000101e+01
4.396179999999999666e+01
4.394680000000000319e+01
4.393679999999999808e+01
4.392159999999999798e+01
4.390679999999999694e+01
4.389170000000000016e+01
4.388179999999999836e+01
4.386650000000000205e+01
4.385159999999999769e+01
4.383659999999999712e+01
4.382659999999999911e+01
4.381179999999999808e+01
4.379679999999999751e+01
4.378179999999999694e+01
4.376590000000000202e+01
4.375600000000000023e+01
4.374130000000000251e+01
4.372650000000000148e+01
4.371139999999999759e+01
4.370150000000000290e+01
4.368630000000000280e+01
4.367150000000000176e+01
4.365650000000000119e+01
4.364650000000000318e+01
4.363110000000000355e+01
4.361619999999999919e+01
4.360119999999999862e+01
4.359140000000000015e+01
4.357650000000000290e+01
4.356130000000000280e+01
4.354650000000000176e+01
4.353640000000000043e+01
4.352150000000000318e+01
4.350650000000000261e+01
4.349159999999999826e+01
4.348140000000000072e+01
4.346659999999999968e+01
4.345139999999999958e+01
4.343650000000000233e+01
4.342660000000000053e+01
4.341159999999999997e+01
4.339560000000000173e+01
4.338060000000000116e+01
4.336549999999999727e+01
4.335569999999999879e+01
4.334080000000000155e+01
4.332560000000000144e+01
4.331069999999999709e+01
4.330069999999999908e+01
4.328580000000000183e+01
4.327100000000000080e+01
4.325639999999999930e+01
4.324589999999999890e+01
4.323109999999999786e+01
4.321589999999999776e+01
4.320120000000000005e+01
4.319129999999999825e+01
4.317629999999999768e+01
4.316120000000000090e+01
4.314609999999999701e+01
4.313629999999999853e+01
4.312109999999999843e+01
4.310640000000000072e+01
4.309029999999999916e+01
4.308109999999999928e+01
4.306609999999999872e+01
4.305049999999999955e+01
4.303520000000000323e+01
4.302519999999999811e+01
4.301019999999999754e+01
4.299530000000000030e+01
4.298020000000000351e+01
4.296529999999999916e+01
4.295530000000000115e+01
4.294039999999999679e+01
4.292549999999999955e+01
4.291029999999999944e+01
4.290050000000000097e+01
4.288550000000000040e+01
4.287060000000000315e+01
4.285529999999999973e+01
4.284530000000000172e+01
4.283019999999999783e+01
4.281539999999999679e+01
4.279990000000000094e+01
4.278990000000000293e+01
4.277499999999999858e+01
4.275999999999999801e+01
4.274490000000000123e+01
4.273579999999999757e+01
4.272099999999999653e+01
4.270589999999999975e+01
4.269100000000000250e+01
4.268070000000000164e+01
4.266590000000000060e+01
4.265010000000000190e+01
4.263519999999999754e+01
4.262469999999999715e+01
4.260990000000000322e+01
4.259490000000000265e+01
4.257999999999999829e+01
4.256470000000000198e+01
4.255490000000000350e+01
4.253990000000000293e+01
4.252510000000000190e+01
4.250990000000000180e+01
4.250000000000000000e+01
4.248519999999999897e+01
4.247010000000000218e+01
4.245519999999999783e+01
4.244480000000000075e+01
4.243010000000000304e+01
4.241519999999999868e+01
4.240019999999999811e+01
4.238980000000000103e+01
4.237480000000000047e+01
4.235990000000000322e+01
4.234490000000000265e+01
4.233520000000000039e+01
4.232039999999999935e+01
4.230559999999999832e+01
4.229050000000000153e+01
4.228070000000000306e+01
4.226559999999999917e+01
4.224989999999999668e+01
4.223460000000000036e+01
4.222480000000000189e+01
4.220940000000000225e+01
4.219460000000000122e+01
4.217949999999999733e+01
4.216470000000000340e+01
4.215440000000000254e+01
4.213960000000000150e+01
4.212460000000000093e+01
4.210949999999999704e+01
4.209969999999999857e+01
4.208460000000000178e+01
4.206980000000000075e+01
4.205469999999999686e+01
4.204500000000000171e+01
4.202969999999999828e+01
4.201480000000000103e+01
4.199969999999999715e+01
4.198969999999999914e+01
4.197440000000000282e+01
4.195949999999999847e+01
4.194460000000000122e+01
4.193460000000000321e+01
4.191960000000000264e+01
4.190460000000000207e+01
4.188960000000000150e+01
4.187980000000000302e+01
4.186480000000000246e+01
4.185009999999999764e+01
4.183539999999999992e+01
4.182509999999999906e+01
4.181029999999999802e+01
4.179509999999999792e+01
4.178029999999999688e+01
4.176440000000000197e+01
4.175439999999999685e+01
4.173890000000000100e+01
4.172409999999999997e+01
4.170900000000000318e+01
4.169930000000000092e+01
4.168439999999999657e+01
4.166910000000000025e+01
4.165429999999999922e+01
4.164439999999999742e+01
4.162950000000000017e+01
4.161410000000000053e+01
4.159920000000000329e+01
4.158910000000000196e+01
4.157430000000000092e+01
4.155910000000000082e+01
4.154440000000000310e+01
4.153399999999999892e+01
4.151930000000000121e+01
4.150399999999999778e+01
4.148910000000000053e+01
4.147930000000000206e+01
4.146419999999999817e+01
4.144930000000000092e+01
4.143399999999999750e+01
4.142430000000000234e+01
4.140919999999999845e+01
4.139430000000000121e+01
4.137960000000000349e+01
4.136480000000000246e+01
4.135459999999999781e+01
4.133899999999999864e+01
4.132370000000000232e+01
4.130879999999999797e+01
4.129879999999999995e+01
4.128390000000000271e+01
4.126870000000000260e+01
4.125370000000000203e+01
4.124389999999999645e+01
4.122899999999999920e+01
4.121399999999999864e+01
4.119879999999999853e+01
4.118889999999999674e+01
4.117379999999999995e+01
4.115890000000000271e+01
4.114379999999999882e+01
4.113369999999999749e+01
4.111869999999999692e+01
4.110379999999999967e+01
4.108859999999999957e+01
4.107880000000000109e+01
4.106400000000000006e+01
4.104890000000000327e+01
4.103390000000000271e+01
4.102380000000000138e+01
4.100900000000000034e+01
4.099380000000000024e+01
4.097890000000000299e+01
4.096379999999999910e+01
4.095369999999999777e+01
4.093880000000000052e+01
4.092320000000000135e+01
4.090829999999999700e+01
4.089829999999999899e+01
4.088340000000000174e+01
4.086849999999999739e+01
4.085329999999999728e+01
4.084360000000000213e+01
4.082849999999999824e+01
4.081360000000000099e+01
4.079860000000000042e+01
4.078829999999999956e+01
4.077369999999999806e+01
4.075849999999999795e+01
4.074360000000000070e+01
4.073329999999999984e+01
4.071840000000000259e+01
4.070329999999999870e+01
4.068849999999999767e+01
4.067830000000000013e+01
4.066329999999999956e+01
4.064849999999999852e+01
4.063349999999999795e+01
4.062360000000000326e+01
4.060860000000000269e+01
4.059369999999999834e+01
4.057860000000000156e+01
4.056269999999999953e+01
4.055259999999999820e+01
4.053779999999999717e+01
4.052270000000000039e+01
4.050789999999999935e+01
4.049739999999999895e+01
4.048259999999999792e+01
4.046750000000000114e+01
4.045270000000000010e+01
4.044299999999999784e+01
4.042810000000000059e+01
4.041329999999999956e+01
4.039829999999999899e+01
4.038830000000000098e+01
4.037330000000000041e+01
4.035840000000000316e+01
4.034329999999999927e+01
4.033330000000000126e+01
4.031799999999999784e+01
4.030319999999999681e+01
4.028820000000000334e+01
4.027819999999999823e+01
4.026299999999999812e+01
4.024810000000000088e+01
4.023290000000000077e+01
4.022319999999999851e+01
4.020819999999999794e+01
4.019319999999999737e+01
4.017739999999999867e+01
4.016239999999999810e+01
4.015259999999999962e+01
4.013730000000000331e+01
4.012259999999999849e+01
4.010739999999999839e+01
4.009759999999999991e+01
4.008209999999999695e+01
4.006730000000000302e+01
4.005219999999999914e+01
4.004240000000000066e+01
4.002700000000000102e+01
4.001230000000000331e+01
3.999730000000000274e+01
3.998740000000000094e+01
3.997249999999999659e+01
3.995790000000000219e+01
3.994290000000000163e+01
3.993289999999999651e+01
3.991799999999999926e+01
3.990290000000000248e+01
3.988799999999999812e+01
3.987769999999999726e+01
3.986280000000000001e+01
3.984669999999999845e+01
3.983200000000000074e+01
3.982180000000000319e+01
3.980709999999999837e+01
3.979189999999999827e+01
3.977689999999999770e+01
3.976180000000000092e+01
3.975189999999999912e+01
3.973700000000000188e+01
3.972200000000000131e+01
3.970729999999999649e+01
3.969720000000000226e+01
3.968240000000000123e+01
3.966709999999999781e+01
3.965229999999999677e+01
3.964200000000000301e+01
3.962720000000000198e+01
3.961200000000000188e+01
3.959700000000000131e+01
3.958709999999999951e+01
3.957220000000000226e+01
3.955720000000000169e+01
3.954209999999999781e+01
3.953229999999999933e+01
3.951720000000000255e+01
3.950240000000000151e+01
3.948760000000000048e+01
3.947749999999999915e+01
3.946260000000000190e+01
3.944780000000000086e+01
3.943249999999999744e+01
3.942260000000000275e+01
3.940760000000000218e+01
3.939269999999999783e+01
3.937749999999999773e+01
3.936169999999999902e+01
3.935190000000000055e+01
3.933689999999999998e+01
3.932180000000000319e+01
3.930660000000000309e+01
3.929699999999999704e+01
3.928179999999999694e+01
3.926680000000000348e+01
3.925180000000000291e+01
3.924159999999999826e+01
3.922670000000000101e+01
3.921189999999999998e+01
3.919599999999999795e+01
3.918690000000000140e+01
3.917179999999999751e+01
3.915610000000000213e+01
3.914070000000000249e+01
3.913089999999999691e+01
3.911610000000000298e+01
3.910099999999999909e+01
3.908610000000000184e+01
3.907600000000000051e+01
3.906110000000000326e+01
3.904599999999999937e+01
3.903119999999999834e+01
3.902120000000000033e+01
3.900639999999999930e+01
3.899119999999999919e+01
3.897650000000000148e+01
3.896130000000000138e+01
3.895150000000000290e+01
3.893659999999999854e+01
3.892159999999999798e+01
3.890550000000000352e+01
3.889560000000000173e+01
3.888069999999999737e+01
3.886560000000000059e+01
3.885070000000000334e+01
3.884049999999999869e+01
3.882569999999999766e+01
3.881069999999999709e+01
3.879569999999999652e+01
3.878529999999999944e+01
3.877049999999999841e+01
3.875540000000000163e+01
3.874060000000000059e+01
3.873069999999999879e+01
3.871560000000000201e+01
3.870080000000000098e+01
3.868569999999999709e+01
3.867600000000000193e+01
3.866049999999999898e+01
3.864589999999999748e+01
3.863060000000000116e+01
3.862069999999999936e+01
3.860540000000000305e+01
3.859060000000000201e+01
3.857569999999999766e+01
3.856080000000000041e+01
3.855100000000000193e+01
3.853589999999999804e+01
3.852100000000000080e+01
3.850529999999999831e+01
3.849549999999999983e+01
3.848040000000000305e+01
3.846540000000000248e+01
3.845040000000000191e+01
3.844060000000000343e+01
3.842510000000000048e+01
3.841049999999999898e+01
3.839540000000000219e+01
3.838530000000000086e+01
3.837010000000000076e+01
3.835529999999999973e+01
3.834020000000000294e+01
3.833019999999999783e+01
3.831519999999999726e+01
3.830019999999999669e+01
3.828520000000000323e+01
3.827530000000000143e+01
3.826050000000000040e+01
3.824530000000000030e+01
3.823040000000000305e+01
3.822030000000000172e+01
3.820559999999999690e+01
3.818990000000000151e+01
3.817530000000000001e+01
3.816040000000000276e+01
3.815019999999999811e+01
3.813499999999999801e+01
3.812019999999999698e+01
3.810499999999999687e+01
3.809530000000000172e+01
3.808050000000000068e+01
3.806569999999999965e+01
3.804990000000000094e+01
3.804079999999999728e+01
3.802590000000000003e+01
3.800990000000000180e+01
3.799499999999999744e+01
3.798490000000000322e+01
3.796999999999999886e+01
3.795470000000000255e+01
3.793990000000000151e+01
3.792960000000000065e+01
3.791479999999999961e+01
3.789959999999999951e+01
3.788470000000000226e+01
3.787489999999999668e+01
3.785990000000000322e+01
3.784479999999999933e+01
3.782970000000000255e+01
3.781989999999999696e+01
3.780499999999999972e+01
3.779010000000000247e+01
3.777490000000000236e+01
3.776010000000000133e+01
3.774980000000000047e+01
3.773409999999999798e+01
3.771880000000000166e+01
3.770409999999999684e+01
3.769380000000000308e+01
3.767900000000000205e+01
3.766389999999999816e+01
3.764900000000000091e+01
3.763920000000000243e+01
3.762409999999999854e+01
3.760920000000000130e+01
3.759440000000000026e+01
3.758460000000000178e+01
3.756960000000000122e+01
3.755490000000000350e+01
3.753949999999999676e+01
3.752949999999999875e+01
3.751449999999999818e+01
3.749960000000000093e+01
3.748420000000000130e+01
3.747440000000000282e+01
3.745960000000000178e+01
3.744460000000000122e+01
3.742860000000000298e+01
3.741949999999999932e+01
3.740469999999999828e+01
3.738870000000000005e+01
3.737380000000000280e+01
3.735860000000000269e+01
3.734879999999999711e+01
3.733370000000000033e+01
3.731889999999999930e+01
3.730380000000000251e+01
3.729370000000000118e+01
3.727859999999999729e+01
3.726380000000000337e+01
3.724849999999999994e+01
3.723879999999999768e+01
3.722379999999999711e+01
3.720870000000000033e+01
3.719380000000000308e+01
3.718370000000000175e+01
3.716910000000000025e+01
3.715400000000000347e+01
3.713900000000000290e+01
3.712899999999999778e+01
3.711410000000000053e+01
3.709920000000000329e+01
3.708449999999999847e+01
3.707419999999999760e+01
3.705919999999999703e+01
3.704419999999999646e+01
3.702940000000000254e+01
3.701950000000000074e+01
3.700430000000000064e+01
3.698839999999999861e+01
3.697350000000000136e+01
3.695839999999999748e+01
3.694830000000000325e+01
3.693359999999999843e+01
3.691850000000000165e+01
3.690359999999999729e+01
3.689300000000000068e+01
3.687819999999999965e+01
3.686330000000000240e+01
3.684779999999999944e+01
3.683840000000000003e+01
3.682339999999999947e+01
3.680749999999999744e+01
3.679260000000000019e+01
3.678269999999999840e+01
3.676749999999999829e+01
3.675260000000000105e+01
3.673769999999999669e+01
3.672769999999999868e+01
3.671260000000000190e+01
3.669769999999999754e+01
3.668269999999999698e+01
3.667260000000000275e+01
3.665780000000000172e+01
3.664300000000000068e+01
3.662780000000000058e+01
3.661820000000000164e+01
3.660309999999999775e+01
3.658820000000000050e+01
3.657309999999999661e+01
3.655819999999999936e+01
3.654829999999999757e+01
3.653289999999999793e+01
3.651820000000000022e+01
3.650220000000000198e+01
3.649249999999999972e+01
3.647800000000000153e+01
3.646229999999999905e+01
3.644709999999999894e+01
3.643710000000000093e+01
3.642179999999999751e+01
3.640709999999999980e+01
3.639220000000000255e+01
3.638230000000000075e+01
3.636730000000000018e+01
3.635229999999999961e+01
3.633729999999999905e+01
3.632739999999999725e+01
3.631250000000000000e+01
3.629719999999999658e+01
3.628240000000000265e+01
3.627210000000000178e+01
3.625730000000000075e+01
3.624210000000000065e+01
3.622729999999999961e+01
3.621719999999999828e+01
3.620230000000000103e+01
3.618739999999999668e+01
3.617260000000000275e+01
3.615760000000000218e+01
3.614789999999999992e+01
3.613289999999999935e+01
3.611780000000000257e+01
3.610199999999999676e+01
3.609199999999999875e+01
3.607800000000000296e+01
3.606250000000000000e+01
3.604699999999999704e+01
3.603659999999999997e+01
3.602179999999999893e+01
3.600650000000000261e+01
3.599179999999999779e+01
3.598169999999999646e+01
3.596679999999999922e+01
3.595179999999999865e+01
3.593690000000000140e+01
3.592699999999999960e+01
3.591199999999999903e+01
3.589710000000000178e+01
3.588199999999999790e+01
3.587210000000000321e+01
3.585699999999999932e+01
3.584230000000000160e+01
3.582690000000000197e+01
3.581689999999999685e+01
3.580190000000000339e+01
3.578710000000000235e+01
3.577179999999999893e+01
3.575699999999999790e+01
3.574710000000000321e+01
3.573199999999999932e+01
3.571739999999999782e+01
3.570159999999999911e+01
3.569180000000000064e+01
3.567680000000000007e+01
3.566199999999999903e+01
3.564679999999999893e+01
3.563689999999999714e+01
3.562169999999999703e+01
3.560699999999999932e+01
3.559150000000000347e+01
3.558169999999999789e+01
3.556660000000000110e+01
3.555180000000000007e+01
3.553640000000000043e+01
3.552669999999999817e+01
3.551180000000000092e+01
3.549680000000000035e+01
3.548179999999999978e+01
3.547160000000000224e+01
3.545689999999999742e+01
3.544189999999999685e+01
3.542699999999999960e+01
3.541660000000000252e+01
3.540169999999999817e+01
3.538669999999999760e+01
3.537100000000000222e+01
3.535569999999999879e+01
3.534669999999999845e+01
3.533089999999999975e+01
3.531600000000000250e+01
3.530080000000000240e+01
3.529099999999999682e+01
3.527609999999999957e+01
3.526100000000000279e+01
3.524609999999999843e+01
3.523619999999999663e+01
3.522149999999999892e+01
3.520649999999999835e+01
3.519169999999999732e+01
3.518119999999999692e+01
3.516640000000000299e+01
3.515129999999999910e+01
3.513660000000000139e+01
3.512639999999999674e+01
3.511119999999999663e+01
3.509539999999999793e+01
3.508059999999999690e+01
3.507070000000000221e+01
3.505550000000000210e+01
3.504059999999999775e+01
3.502559999999999718e+01
3.501550000000000296e+01
3.500030000000000285e+01
3.498550000000000182e+01
3.497059999999999746e+01
3.495580000000000354e+01
3.494539999999999935e+01
3.493039999999999878e+01
3.491539999999999822e+01
3.490059999999999718e+01
3.489050000000000296e+01
3.487570000000000192e+01
3.486050000000000182e+01
3.484479999999999933e+01
3.483489999999999753e+01
3.481969999999999743e+01
3.480490000000000350e+01
3.478970000000000340e+01
3.477969999999999828e+01
3.476500000000000057e+01
3.475010000000000332e+01
3.473519999999999897e+01
3.472529999999999717e+01
3.471009999999999707e+01
3.469519999999999982e+01
3.468019999999999925e+01
3.467049999999999699e+01
3.465529999999999688e+01
3.464009999999999678e+01
3.462519999999999953e+01
3.461520000000000152e+01
3.460040000000000049e+01
3.458529999999999660e+01
3.457030000000000314e+01
3.455530000000000257e+01
3.454520000000000124e+01
3.452980000000000160e+01
3.451509999999999678e+01
3.450000000000000000e+01
3.449029999999999774e+01
3.447509999999999764e+01
3.446029999999999660e+01
3.444519999999999982e+01
3.443529999999999802e+01
3.442040000000000077e+01
3.440420000000000300e+01
3.438940000000000197e+01
3.437950000000000017e+01
3.436460000000000292e+01
3.434929999999999950e+01
3.433460000000000178e+01
3.432410000000000139e+01
3.430930000000000035e+01
3.429440000000000310e+01
3.427969999999999828e+01
3.426989999999999981e+01
3.425500000000000256e+01
3.423980000000000246e+01
3.422480000000000189e+01
3.421509999999999962e+01
3.419980000000000331e+01
3.418500000000000227e+01
3.416969999999999885e+01
3.415480000000000160e+01
3.414459999999999695e+01
3.412980000000000302e+01
3.411379999999999768e+01
3.409890000000000043e+01
3.408859999999999957e+01
3.407370000000000232e+01
3.405839999999999890e+01
3.404359999999999786e+01
3.403370000000000317e+01
3.401890000000000214e+01
3.400390000000000157e+01
3.398890000000000100e+01
3.397919999999999874e+01
3.396390000000000242e+01
3.394919999999999760e+01
3.393390000000000128e+01
3.392379999999999995e+01
3.390879999999999939e+01
3.389390000000000214e+01
3.387870000000000203e+01
3.386889999999999645e+01
3.385390000000000299e+01
3.383890000000000242e+01
3.382399999999999807e+01
3.381419999999999959e+01
3.379950000000000188e+01
3.378370000000000317e+01
3.376859999999999928e+01
3.375359999999999872e+01
3.374380000000000024e+01
3.372879999999999967e+01
3.371390000000000242e+01
3.369850000000000279e+01
3.368849999999999767e+01
3.367349999999999710e+01
3.365849999999999653e+01
3.364330000000000354e+01
3.363349999999999795e+01
3.361849999999999739e+01
3.360349999999999682e+01
3.358829999999999671e+01
3.357849999999999824e+01
3.356380000000000052e+01
3.354869999999999663e+01
3.353370000000000317e+01
3.352349999999999852e+01
3.350869999999999749e+01
3.349289999999999878e+01
3.347809999999999775e+01
3.346750000000000114e+01
3.345259999999999678e+01
3.343760000000000332e+01
3.342280000000000229e+01
3.341279999999999717e+01
3.339779999999999660e+01
3.338269999999999982e+01
3.336780000000000257e+01
3.335300000000000153e+01
3.334309999999999974e+01
3.332840000000000202e+01
3.331340000000000146e+01
3.329849999999999710e+01
3.328820000000000334e+01
3.327340000000000231e+01
3.325840000000000174e+01
3.324340000000000117e+01
3.323299999999999699e+01
3.321800000000000352e+01
3.320309999999999917e+01
3.318829999999999814e+01
3.317840000000000344e+01
3.316320000000000334e+01
3.314820000000000277e+01
3.313309999999999889e+01
3.312330000000000041e+01
3.310810000000000031e+01
3.309320000000000306e+01
3.307820000000000249e+01
3.306819999999999737e+01
3.305299999999999727e+01
3.303750000000000142e+01
3.302239999999999753e+01
3.301250000000000284e+01
3.299819999999999709e+01
3.298230000000000217e+01
3.296719999999999828e+01
3.295239999999999725e+01
3.294259999999999877e+01
3.292730000000000246e+01
3.291259999999999764e+01
3.289750000000000085e+01
3.288759999999999906e+01
3.287279999999999802e+01
3.285810000000000031e+01
3.284300000000000352e+01
3.283299999999999841e+01
3.281770000000000209e+01
3.280299999999999727e+01
3.278699999999999903e+01
3.277729999999999677e+01
3.276200000000000045e+01
3.274699999999999989e+01
3.273199999999999932e+01
3.272220000000000084e+01
3.270729999999999649e+01
3.269210000000000349e+01
3.267719999999999914e+01
3.266700000000000159e+01
3.265200000000000102e+01
3.263680000000000092e+01
3.262199999999999989e+01
3.261189999999999856e+01
3.259720000000000084e+01
3.258180000000000121e+01
3.256710000000000349e+01
3.255199999999999960e+01
3.254229999999999734e+01
3.252709999999999724e+01
3.251189999999999714e+01
3.249710000000000321e+01
3.248720000000000141e+01
3.247229999999999706e+01
3.245709999999999695e+01
3.244219999999999970e+01
3.243200000000000216e+01
3.241700000000000159e+01
3.240229999999999677e+01
3.238759999999999906e+01
3.237749999999999773e+01
3.236260000000000048e+01
3.234740000000000038e+01
3.233259999999999934e+01
3.232280000000000086e+01
3.230769999999999698e+01
3.229260000000000019e+01
3.227740000000000009e+01
3.226760000000000161e+01
3.225249999999999773e+01
3.223769999999999669e+01
3.222149999999999892e+01
3.221229999999999905e+01
3.219729999999999848e+01
3.218149999999999977e+01
3.216649999999999920e+01
3.215169999999999817e+01
3.214170000000000016e+01
3.212689999999999912e+01
3.211169999999999902e+01
3.209689999999999799e+01
3.208700000000000330e+01
3.207209999999999894e+01
3.205619999999999692e+01
3.204099999999999682e+01
3.203110000000000213e+01
3.201689999999999969e+01
3.200119999999999720e+01
3.198600000000000065e+01
3.197609999999999886e+01
3.196089999999999876e+01
3.194600000000000151e+01
3.193120000000000047e+01
3.192150000000000176e+01
3.190650000000000119e+01
3.189160000000000039e+01
3.187650000000000006e+01
3.186670000000000158e+01
3.185190000000000055e+01
3.183670000000000044e+01
3.182179999999999964e+01
3.181119999999999948e+01
3.179660000000000153e+01
3.178160000000000096e+01
3.176660000000000039e+01
3.175140000000000029e+01
3.174149999999999849e+01
3.172640000000000171e+01
3.171140000000000114e+01
3.169529999999999959e+01
3.168560000000000088e+01
3.167070000000000007e+01
3.165579999999999927e+01
3.164069999999999894e+01
3.163080000000000069e+01
3.161589999999999989e+01
3.160089999999999932e+01
3.158589999999999876e+01
3.157529999999999859e+01
3.156070000000000064e+01
3.154560000000000031e+01
3.153089999999999904e+01
3.152049999999999841e+01
3.150560000000000116e+01
3.149070000000000036e+01
3.147569999999999979e+01
3.146580000000000155e+01
3.145110000000000028e+01
3.143629999999999924e+01
3.142129999999999868e+01
3.141140000000000043e+01
3.139620000000000033e+01
3.138139999999999930e+01
3.136560000000000059e+01
3.135069999999999979e+01
3.133999999999999986e+01
3.132529999999999859e+01
3.131019999999999825e+01
3.129530000000000101e+01
3.128519999999999968e+01
3.127019999999999911e+01
3.125509999999999877e+01
3.124020000000000152e+01
3.123029999999999973e+01
3.121519999999999939e+01
3.120039999999999836e+01
3.118530000000000157e+01
3.117539999999999978e+01
3.116019999999999968e+01
3.114539999999999864e+01
3.113029999999999831e+01
3.112040000000000006e+01
3.110490000000000066e+01
3.109009999999999962e+01
3.107430000000000092e+01
3.106449999999999889e+01
3.104949999999999832e+01
3.103450000000000131e+01
3.101950000000000074e+01
3.100949999999999918e+01
3.099459999999999837e+01
3.097980000000000089e+01
3.096499999999999986e+01
3.095009999999999906e+01
3.094000000000000128e+01
3.092490000000000094e+01
3.091009999999999991e+01
3.089499999999999957e+01
3.088510000000000133e+01
3.086959999999999837e+01
3.085480000000000089e+01
3.083889999999999887e+01
3.082999999999999829e+01
3.081490000000000151e+01
3.079899999999999949e+01
3.078409999999999869e+01
3.077410000000000068e+01
3.075919999999999987e+01
3.074390000000000001e+01
3.072919999999999874e+01
3.071890000000000143e+01
3.070420000000000016e+01
3.068880000000000052e+01
3.067409999999999926e+01
3.066420000000000101e+01
3.064920000000000044e+01
3.063380000000000081e+01
3.061899999999999977e+01
3.060920000000000130e+01
3.059420000000000073e+01
3.057920000000000016e+01
3.056400000000000006e+01
3.054909999999999926e+01
3.053910000000000124e+01
3.052410000000000068e+01
3.050860000000000127e+01
3.049390000000000001e+01
3.048359999999999914e+01
3.046869999999999834e+01
3.045339999999999847e+01
3.043860000000000099e+01
3.042869999999999919e+01
3.041379999999999839e+01
3.039839999999999876e+01
3.038360000000000127e+01
3.037369999999999948e+01
3.035869999999999891e+01
3.034369999999999834e+01
3.032849999999999824e+01
3.031850000000000023e+01
3.030339999999999989e+01
3.028849999999999909e+01
3.027370000000000161e+01
3.026379999999999981e+01
3.024879999999999924e+01
3.023400000000000176e+01
3.021790000000000020e+01
3.020820000000000149e+01
3.019330000000000069e+01
3.017830000000000013e+01
3.016310000000000002e+01
3.014819999999999922e+01
3.013820000000000121e+01
3.012330000000000041e+01
3.010849999999999937e+01
3.009309999999999974e+01
3.008330000000000126e+01
3.006820000000000093e+01
3.005330000000000013e+01
3.003760000000000119e+01
3.002779999999999916e+01
3.001360000000000028e+01
2.999790000000000134e+01
2.998270000000000124e+01
2.997289999999999921e+01
2.995810000000000173e+01
2.994310000000000116e+01
2.992780000000000129e+01
2.991779999999999973e+01
2.990299999999999869e+01
2.988789999999999836e+01
2.987310000000000088e+01
2.986270000000000024e+01
2.984789999999999921e+01
2.983269999999999911e+01
2.981779999999999831e+01
2.980770000000000053e+01
2.979289999999999949e+01
2.977789999999999893e+01
2.976300000000000168e+01
2.974780000000000157e+01
2.973799999999999955e+01
2.972319999999999851e+01
2.970810000000000173e+01
2.969310000000000116e+01
2.968270000000000053e+01
2.966799999999999926e+01
2.965299999999999869e+01
2.963739999999999952e+01
2.962689999999999912e+01
2.961210000000000164e+01
2.959690000000000154e+01
2.958200000000000074e+01
2.957219999999999871e+01
2.955750000000000099e+01
2.954260000000000019e+01
2.952769999999999939e+01
2.951790000000000092e+01
2.950270000000000081e+01
2.948780000000000001e+01
2.947279999999999944e+01
2.946280000000000143e+01
2.944739999999999824e+01
2.943260000000000076e+01
2.941760000000000019e+01
2.940749999999999886e+01
2.939229999999999876e+01
2.937740000000000151e+01
2.936240000000000094e+01
2.934740000000000038e+01
2.933749999999999858e+01
2.932239999999999824e+01
2.930760000000000076e+01
2.929169999999999874e+01
2.928200000000000003e+01
2.926670000000000016e+01
2.925209999999999866e+01
2.923699999999999832e+01
2.922680000000000078e+01
2.921160000000000068e+01
2.919679999999999964e+01
2.918179999999999907e+01
2.917180000000000106e+01
2.915660000000000096e+01
2.914179999999999993e+01
2.912659999999999982e+01
2.911680000000000135e+01
2.910190000000000055e+01
2.908729999999999905e+01
2.907219999999999871e+01
2.906230000000000047e+01
2.904759999999999920e+01
2.903239999999999910e+01
2.902230000000000132e+01
2.900720000000000098e+01
2.899239999999999995e+01
2.897619999999999862e+01
2.896719999999999828e+01
2.895220000000000127e+01
2.893649999999999878e+01
2.892129999999999868e+01
2.890640000000000143e+01
2.889659999999999940e+01
2.888139999999999930e+01
2.886649999999999849e+01
2.885129999999999839e+01
2.884149999999999991e+01
2.882649999999999935e+01
2.881169999999999831e+01
2.879650000000000176e+01
2.878640000000000043e+01
2.877139999999999986e+01
2.875649999999999906e+01
2.874119999999999919e+01
2.873140000000000072e+01
2.871649999999999991e+01
2.870159999999999911e+01
2.868649999999999878e+01
2.867650000000000077e+01
2.866159999999999997e+01
2.864649999999999963e+01
2.863159999999999883e+01
2.862160000000000082e+01
2.860689999999999955e+01
2.859189999999999898e+01
2.857710000000000150e+01
2.856680000000000064e+01
2.855199999999999960e+01
2.853699999999999903e+01
2.852199999999999847e+01
2.850659999999999883e+01
2.849690000000000012e+01
2.848199999999999932e+01
2.846610000000000085e+01
2.845100000000000051e+01
2.844089999999999918e+01
2.842620000000000147e+01
2.841110000000000113e+01
2.839600000000000080e+01
2.838569999999999993e+01
2.837099999999999866e+01
2.835589999999999833e+01
2.834110000000000085e+01
2.833109999999999928e+01
2.831619999999999848e+01
2.830120000000000147e+01
2.828630000000000067e+01
2.827639999999999887e+01
2.826109999999999900e+01
2.824630000000000152e+01
2.823130000000000095e+01
2.822129999999999939e+01
2.820619999999999905e+01
2.819150000000000134e+01
2.817620000000000147e+01
2.816619999999999990e+01
2.815129999999999910e+01
2.813660000000000139e+01
2.812160000000000082e+01
2.810600000000000165e+01
2.809590000000000032e+01
2.808099999999999952e+01
2.806599999999999895e+01
2.805110000000000170e+01
2.804119999999999990e+01
2.802590000000000003e+01
2.801109999999999900e+01
2.799599999999999866e+01
2.798590000000000089e+01
2.797060000000000102e+01
2.795589999999999975e+01
2.794079999999999941e+01
2.793090000000000117e+01
2.791550000000000153e+01
2.790080000000000027e+01
2.788569999999999993e+01
2.787600000000000122e+01
2.786100000000000065e+01
2.784600000000000009e+01
2.783109999999999928e+01
2.782100000000000151e+01
2.780630000000000024e+01
2.779090000000000060e+01
2.777609999999999957e+01
2.776579999999999870e+01
2.775100000000000122e+01
2.773570000000000135e+01
2.772019999999999840e+01
2.770489999999999853e+01
2.769510000000000005e+01
2.768019999999999925e+01
2.766550000000000153e+01
2.765050000000000097e+01
2.764079999999999870e+01
2.762580000000000169e+01
2.761060000000000159e+01
2.759580000000000055e+01
2.758569999999999922e+01
2.757079999999999842e+01
2.755539999999999878e+01
2.754080000000000084e+01
2.753030000000000044e+01
2.751559999999999917e+01
2.750019999999999953e+01
2.748539999999999850e+01
2.747550000000000026e+01
2.746049999999999969e+01
2.744519999999999982e+01
2.743029999999999902e+01
2.742070000000000007e+01
2.740559999999999974e+01
2.739079999999999870e+01
2.737559999999999860e+01
2.736560000000000059e+01
2.735060000000000002e+01
2.733569999999999922e+01
2.732039999999999935e+01
2.730570000000000164e+01
2.729550000000000054e+01
2.728049999999999997e+01
2.726539999999999964e+01
2.724980000000000047e+01
2.723979999999999890e+01
2.722479999999999833e+01
2.720990000000000109e+01
2.719510000000000005e+01
2.718540000000000134e+01
2.717040000000000077e+01
2.715549999999999997e+01
2.714029999999999987e+01
2.713029999999999831e+01
2.711530000000000129e+01
2.710050000000000026e+01
2.708500000000000085e+01
2.707519999999999882e+01
2.706019999999999825e+01
2.704530000000000101e+01
2.703000000000000114e+01
2.702019999999999911e+01
2.700529999999999831e+01
2.699020000000000152e+01
2.697520000000000095e+01
2.696499999999999986e+01
2.695039999999999836e+01
2.693530000000000157e+01
2.692030000000000101e+01
2.690520000000000067e+01
2.689519999999999911e+01
2.688019999999999854e+01
2.686449999999999960e+01
2.684900000000000020e+01
2.683930000000000149e+01
2.682440000000000069e+01
2.680949999999999989e+01
2.679420000000000002e+01
2.678440000000000154e+01
2.676960000000000051e+01
2.675440000000000040e+01
2.673939999999999984e+01
2.672960000000000136e+01
2.671490000000000009e+01
2.669989999999999952e+01
2.668499999999999872e+01
2.667460000000000164e+01
2.665990000000000038e+01
2.664460000000000051e+01
2.662989999999999924e+01
2.661980000000000146e+01
2.660470000000000113e+01
2.658970000000000056e+01
2.657479999999999976e+01
2.656490000000000151e+01
2.654970000000000141e+01
2.653490000000000038e+01
2.651970000000000027e+01
2.650469999999999970e+01
2.649409999999999954e+01
2.647950000000000159e+01
2.646440000000000126e+01
2.644969999999999999e+01
2.643939999999999912e+01
2.642470000000000141e+01
2.640960000000000107e+01
2.639460000000000051e+01
2.638479999999999848e+01
2.636959999999999837e+01
2.635399999999999920e+01
2.633899999999999864e+01
2.632920000000000016e+01
2.631390000000000029e+01
2.629909999999999926e+01
2.628399999999999892e+01
2.627380000000000138e+01
2.625890000000000057e+01
2.624429999999999907e+01
2.622929999999999851e+01
2.621950000000000003e+01
2.620439999999999969e+01
2.618949999999999889e+01
2.617449999999999832e+01
2.616460000000000008e+01
2.614959999999999951e+01
2.613439999999999941e+01
2.611949999999999861e+01
2.610450000000000159e+01
2.609459999999999980e+01
2.607929999999999993e+01
2.606370000000000076e+01
2.604850000000000065e+01
2.603839999999999932e+01
2.602299999999999969e+01
2.600840000000000174e+01
2.599350000000000094e+01
2.598369999999999891e+01
2.596869999999999834e+01
2.595370000000000132e+01
2.593870000000000076e+01
2.592879999999999896e+01
2.591390000000000171e+01
2.589849999999999852e+01
2.588380000000000081e+01
2.587349999999999994e+01
2.585879999999999868e+01
2.584349999999999881e+01
2.582870000000000132e+01
2.581850000000000023e+01
2.580369999999999919e+01
2.578869999999999862e+01
2.577400000000000091e+01
2.576419999999999888e+01
2.574919999999999831e+01
2.573420000000000130e+01
2.571910000000000096e+01
2.570339999999999847e+01
2.569340000000000046e+01
2.567849999999999966e+01
2.566319999999999979e+01
2.564829999999999899e+01
2.563810000000000144e+01
2.562320000000000064e+01
2.560800000000000054e+01
2.559319999999999951e+01
2.558310000000000173e+01
2.556820000000000093e+01
2.555290000000000106e+01
2.553800000000000026e+01
2.552830000000000155e+01
2.551340000000000074e+01
2.549830000000000041e+01
2.548329999999999984e+01
2.547340000000000160e+01
2.545830000000000126e+01
2.544359999999999999e+01
2.542820000000000036e+01
2.541809999999999903e+01
2.540309999999999846e+01
2.538830000000000098e+01
2.537290000000000134e+01
2.536339999999999861e+01
2.534840000000000160e+01
2.533340000000000103e+01
2.531840000000000046e+01
2.530280000000000129e+01
2.529319999999999879e+01
2.527809999999999846e+01
2.526320000000000121e+01
2.524810000000000088e+01
2.523809999999999931e+01
2.522309999999999874e+01
2.520820000000000149e+01
2.519290000000000163e+01
2.518280000000000030e+01
2.516779999999999973e+01
2.515299999999999869e+01
2.513759999999999906e+01
2.512790000000000035e+01
2.511289999999999978e+01
2.509789999999999921e+01
2.508269999999999911e+01
2.507270000000000110e+01
2.505809999999999960e+01
2.504289999999999949e+01
2.502819999999999823e+01
2.501780000000000115e+01
2.500300000000000011e+01
2.498799999999999955e+01
2.497309999999999874e+01
2.496270000000000167e+01
2.494780000000000086e+01
2.493280000000000030e+01
2.491799999999999926e+01
2.490190000000000126e+01
2.489209999999999923e+01
2.487709999999999866e+01
2.486220000000000141e+01
2.484710000000000107e+01
2.483739999999999881e+01
2.482260000000000133e+01
2.480770000000000053e+01
2.479289999999999949e+01
2.478239999999999910e+01
2.476760000000000161e+01
2.475240000000000151e+01
2.473760000000000048e+01
2.472729999999999961e+01
2.471249999999999858e+01
2.469739999999999824e+01
2.468250000000000099e+01
2.467259999999999920e+01
2.465739999999999910e+01
2.464249999999999829e+01
2.462740000000000151e+01
2.461730000000000018e+01
2.460219999999999985e+01
2.458759999999999835e+01
2.457260000000000133e+01
2.456250000000000000e+01
2.454739999999999966e+01
2.453269999999999840e+01
2.451670000000000016e+01
2.450179999999999936e+01
2.449180000000000135e+01
2.447680000000000078e+01
2.446180000000000021e+01
2.444689999999999941e+01
2.443700000000000117e+01
2.442180000000000106e+01
2.440709999999999980e+01
2.439199999999999946e+01
2.438190000000000168e+01
2.436700000000000088e+01
2.435229999999999961e+01
2.433660000000000068e+01
2.432750000000000057e+01
2.431220000000000070e+01
2.429739999999999966e+01
2.428150000000000119e+01
2.427169999999999916e+01
2.425760000000000005e+01
2.424149999999999849e+01
2.422670000000000101e+01
2.421659999999999968e+01
2.420179999999999865e+01
2.418659999999999854e+01
2.417170000000000130e+01
2.416140000000000043e+01
2.414639999999999986e+01
2.413109999999999999e+01
2.411649999999999849e+01
2.410150000000000148e+01
2.409179999999999922e+01
2.407639999999999958e+01
2.406169999999999831e+01
2.404570000000000007e+01
2.403590000000000160e+01
2.402080000000000126e+01
2.400570000000000093e+01
2.399089999999999989e+01
2.398079999999999856e+01
2.396600000000000108e+01
2.395080000000000098e+01
2.393599999999999994e+01
2.392569999999999908e+01
2.391059999999999874e+01
2.389580000000000126e+01
2.388109999999999999e+01
2.387130000000000152e+01
2.385640000000000072e+01
2.384120000000000061e+01
2.382629999999999981e+01
2.381660000000000110e+01
2.380140000000000100e+01
2.378650000000000020e+01
2.377120000000000033e+01
2.376109999999999900e+01
2.374609999999999843e+01
2.373130000000000095e+01
2.371610000000000085e+01
2.370120000000000005e+01
2.369089999999999918e+01
2.367599999999999838e+01
2.366059999999999874e+01
2.364590000000000103e+01
2.363599999999999923e+01
2.362109999999999843e+01
2.360610000000000142e+01
2.359039999999999893e+01
2.358060000000000045e+01
2.356640000000000157e+01
2.355069999999999908e+01
2.353529999999999944e+01
2.352530000000000143e+01
2.351030000000000086e+01
2.349549999999999983e+01
2.348019999999999996e+01
2.347030000000000172e+01
2.345520000000000138e+01
2.344040000000000035e+01
2.342539999999999978e+01
2.341580000000000084e+01
2.340099999999999980e+01
2.338599999999999923e+01
2.337099999999999866e+01
2.336090000000000089e+01
2.334619999999999962e+01
2.333099999999999952e+01
2.331619999999999848e+01
2.330069999999999908e+01
2.329080000000000084e+01
2.327570000000000050e+01
2.326079999999999970e+01
2.324549999999999983e+01
2.323570000000000135e+01
2.322060000000000102e+01
2.320560000000000045e+01
2.319040000000000035e+01
2.318059999999999832e+01
2.316590000000000060e+01
2.315090000000000003e+01
2.313599999999999923e+01
2.312569999999999837e+01
2.311100000000000065e+01
2.309590000000000032e+01
2.308089999999999975e+01
2.307039999999999935e+01
2.305570000000000164e+01
2.303969999999999985e+01
2.302499999999999858e+01
2.301490000000000080e+01
2.299990000000000023e+01
2.298489999999999966e+01
2.296989999999999910e+01
2.296000000000000085e+01
2.294519999999999982e+01
2.293049999999999855e+01
2.291540000000000177e+01
2.290050000000000097e+01
2.289010000000000034e+01
2.287539999999999907e+01
2.286039999999999850e+01
2.284459999999999980e+01
2.283409999999999940e+01
2.281919999999999860e+01
2.280420000000000158e+01
2.278940000000000055e+01
2.277929999999999922e+01
2.276419999999999888e+01
2.274909999999999854e+01
2.273420000000000130e+01
2.272429999999999950e+01
2.270909999999999940e+01
2.269429999999999836e+01
2.267940000000000111e+01
2.266939999999999955e+01
2.265409999999999968e+01
2.263950000000000173e+01
2.262430000000000163e+01
2.261449999999999960e+01
2.259909999999999997e+01
2.258429999999999893e+01
2.256940000000000168e+01
2.255959999999999965e+01
2.254459999999999908e+01
2.252949999999999875e+01
2.251460000000000150e+01
2.249859999999999971e+01
2.248880000000000123e+01
2.247390000000000043e+01
2.245919999999999916e+01
2.244429999999999836e+01
2.243420000000000059e+01
2.241900000000000048e+01
2.240419999999999945e+01
2.238909999999999911e+01
2.237940000000000040e+01
2.236400000000000077e+01
2.234909999999999997e+01
2.233419999999999916e+01
2.232420000000000115e+01
2.230940000000000012e+01
2.229420000000000002e+01
2.227929999999999922e+01
2.226899999999999835e+01
2.225420000000000087e+01
2.223890000000000100e+01
2.222429999999999950e+01
2.221399999999999864e+01
2.219920000000000115e+01
2.218410000000000082e+01
2.216920000000000002e+01
2.215950000000000131e+01
2.214450000000000074e+01
2.212839999999999918e+01
2.211339999999999861e+01
2.209840000000000160e+01
2.208869999999999933e+01
2.207369999999999877e+01
2.205849999999999866e+01
2.204360000000000142e+01
2.203340000000000032e+01
2.201849999999999952e+01
2.200359999999999872e+01
2.198900000000000077e+01
2.197889999999999944e+01
2.196409999999999840e+01
2.194869999999999877e+01
2.193400000000000105e+01
2.192419999999999902e+01
2.190909999999999869e+01
2.189399999999999835e+01
2.187890000000000157e+01
2.186899999999999977e+01
2.185399999999999920e+01
2.183909999999999840e+01
2.182369999999999877e+01
2.181380000000000052e+01
2.179860000000000042e+01
