1.588475000000000068e-05
1.588475000000000068e-05
1.588475000000000068e-05
1.588475000000000068e-05
1.588475000000000068e-05
1.588475000000000068e-05
1.588475000000000068e-05
1.588848000000000072e-05
1.588848000000000072e-05
1.588848000000000072e-05
1.588848000000000072e-05
1.588848000000000072e-05
1.588848000000000072e-05
1.588848000000000072e-05
1.588848000000000072e-05
1.588848000000000072e-05
1.588848000000000072e-05
1.588848000000000072e-05
1.588848000000000072e-05
1.588475000000000068e-05
1.588475000000000068e-05
1.588103000000000133e-05
1.588103000000000133e-05
1.587730000000000128e-05
1.587357999999999854e-05
1.586984999999999850e-05
1.586984999999999850e-05
1.586239999999999910e-05
1.586239999999999910e-05
1.585867999999999975e-05
1.585123000000000036e-05
1.584378000000000096e-05
1.583633000000000157e-05
1.583260000000000152e-05
1.582514999999999874e-05
1.581769999999999934e-05
1.580651999999999990e-05
1.579907000000000051e-05
1.579162000000000111e-05
1.578044999999999898e-05
1.576926999999999954e-05
1.576182000000000014e-05
1.574692000000000135e-05
1.573573999999999852e-05
1.572456999999999978e-05
1.570967000000000099e-05
1.569849000000000155e-05
1.568358999999999937e-05
1.567240999999999993e-05
1.565378999999999840e-05
1.564260999999999896e-05
1.562398000000000012e-05
1.560908000000000133e-05
1.559417999999999915e-05
1.557928000000000036e-05
1.556065000000000153e-05
1.554574999999999935e-05
1.552713000000000121e-05
1.550849999999999898e-05
1.548987000000000015e-05
1.547124999999999862e-05
1.545261999999999978e-05
1.543399000000000095e-05
1.541908999999999877e-05
1.539674000000000058e-05
1.537810999999999836e-05
1.535949000000000022e-05
1.534086000000000138e-05
1.532223999999999986e-05
1.529988000000000097e-05
1.528125999999999945e-05
1.526263000000000061e-05
1.524021999999999992e-05
1.522158999999999939e-05
1.519923999999999951e-05
1.518061999999999968e-05
1.516199000000000084e-05
1.513963999999999927e-05
1.512101000000000043e-05
1.510239000000000060e-05
1.508003000000000002e-05
1.505768000000000014e-05
1.503906000000000031e-05
1.501669999999999973e-05
1.499434999999999985e-05
1.497573000000000002e-05
1.495336999999999944e-05
1.493101999999999956e-05
1.491239999999999973e-05
1.488631999999999980e-05
1.486768999999999927e-05
1.484533999999999939e-05
1.482298999999999951e-05
1.480063999999999963e-05
1.478201000000000080e-05
1.475592999999999917e-05
1.473357999999999930e-05
1.471122999999999942e-05
1.468887999999999954e-05
1.466652999999999966e-05
1.464417000000000077e-05
1.462181999999999920e-05
1.459574999999999997e-05
1.457338999999999939e-05
1.455476999999999956e-05
1.453241999999999968e-05
1.450633999999999976e-05
1.448398999999999988e-05
1.446164000000000000e-05
1.443927999999999942e-05
1.441321000000000019e-05
1.439084999999999961e-05
1.437222999999999978e-05
1.434243000000000051e-05
1.432379999999999998e-05
1.429772000000000005e-05
1.427910000000000022e-05
1.425302000000000029e-05
1.423067000000000041e-05
1.420832000000000053e-05
1.418595999999999995e-05
1.415989000000000073e-05
1.413753000000000015e-05
1.411518000000000027e-05
1.408910999999999935e-05
1.406302999999999942e-05
1.404440000000000058e-05
1.401832999999999966e-05
1.399597000000000078e-05
1.396989999999999986e-05
1.395126999999999933e-05
1.392518999999999940e-05
1.389912000000000017e-05
1.387675999999999959e-05
1.385440999999999972e-05
1.383205999999999984e-05
1.380597999999999991e-05
1.378363000000000003e-05
1.376128000000000015e-05
1.373893000000000027e-05
1.371285000000000035e-05
1.369050000000000047e-05
1.366815000000000059e-05
1.364580000000000071e-05
1.361972000000000078e-05
1.359736999999999921e-05
1.357501999999999933e-05
1.355266000000000044e-05
1.352285999999999948e-05
1.350423999999999964e-05
1.347815999999999972e-05
1.345580999999999984e-05
1.342972999999999991e-05
1.340738000000000003e-05
1.338503000000000015e-05
1.336266999999999957e-05
1.333660000000000035e-05
1.331425000000000047e-05
1.329188999999999989e-05
1.326582000000000066e-05
1.324347000000000078e-05
1.322111000000000021e-05
1.319876000000000033e-05
1.317641000000000045e-05
1.315033000000000052e-05
1.313171000000000069e-05
1.310935000000000011e-05
1.308327999999999919e-05
1.306092999999999931e-05
1.303857000000000042e-05
1.301622000000000055e-05
1.299387000000000067e-05
1.297152000000000079e-05
1.294916999999999921e-05
1.292681999999999933e-05
1.290819000000000050e-05
1.288584000000000062e-05
1.285976000000000069e-05
1.284113000000000016e-05
1.281878000000000028e-05
1.279270999999999936e-05
1.277408000000000052e-05
1.275173000000000064e-05
1.272938000000000076e-05
1.270702000000000019e-05
1.268467000000000031e-05
1.266605000000000047e-05
1.263997000000000055e-05
1.262134000000000002e-05
1.259899000000000014e-05
1.257664000000000026e-05
1.255429000000000038e-05
1.253565999999999985e-05
1.250957999999999992e-05
1.248723000000000004e-05
1.246859999999999951e-05
1.244253000000000028e-05
1.242389999999999975e-05
1.240154999999999987e-05
1.237919999999999999e-05
1.235685000000000011e-05
1.233821999999999958e-05
1.231586999999999970e-05
1.229351999999999982e-05
1.227115999999999925e-05
1.225253999999999941e-05
1.223018999999999953e-05
1.220783000000000065e-05
1.218921000000000082e-05
1.216685999999999925e-05
1.214450000000000036e-05
1.212588000000000053e-05
1.210353000000000065e-05
1.208117000000000007e-05
1.206255000000000024e-05
1.204020000000000036e-05
1.202156999999999983e-05
1.199921999999999995e-05
1.197687000000000007e-05
1.195823999999999954e-05
1.193588999999999966e-05
1.191726000000000082e-05
1.189490999999999925e-05
1.187255999999999937e-05
1.185393000000000053e-05
1.183531000000000070e-05
1.181295000000000012e-05
1.179433000000000029e-05
1.177198000000000041e-05
1.174961999999999983e-05
1.173100000000000000e-05
1.171236999999999947e-05
1.169001999999999959e-05
1.167139000000000075e-05
1.165276999999999923e-05
1.162668999999999930e-05
1.161179000000000051e-05
1.158944000000000063e-05
1.156708000000000005e-05
1.154846000000000022e-05
1.152611000000000034e-05
1.150747999999999981e-05
1.148884999999999928e-05
1.146649999999999940e-05
1.144414999999999952e-05
1.142552000000000068e-05
1.140317000000000080e-05
1.138454999999999928e-05
1.136592000000000044e-05
1.133984000000000051e-05
1.132122000000000068e-05
1.130259000000000015e-05
1.128024000000000027e-05
1.126160999999999974e-05
1.123925999999999986e-05
1.121690999999999998e-05
1.119827999999999945e-05
1.117592999999999957e-05
1.115730000000000073e-05
1.113494999999999916e-05
1.111259999999999928e-05
1.109397000000000044e-05
1.107535000000000061e-05
1.104927000000000068e-05
1.103064000000000015e-05
1.101202000000000032e-05
1.098594000000000039e-05
1.096730999999999986e-05
1.094869000000000003e-05
1.092261000000000010e-05
1.090397999999999957e-05
1.088162999999999969e-05
1.085927999999999981e-05
1.084064999999999928e-05
1.081829999999999940e-05
1.079594999999999952e-05
1.077359999999999965e-05
1.075497000000000081e-05
1.073261999999999923e-05
1.071026999999999936e-05
1.068791999999999948e-05
1.066929000000000064e-05
1.064321000000000071e-05
1.062086000000000083e-05
1.060223000000000030e-05
1.057615999999999938e-05
1.055380999999999950e-05
1.053518000000000066e-05
1.051283000000000079e-05
1.049047999999999921e-05
1.046812000000000033e-05
1.044577000000000045e-05
1.041969999999999953e-05
1.039734000000000064e-05
1.037872000000000081e-05
1.035263999999999919e-05
1.033028999999999931e-05
1.030793999999999943e-05
1.028558000000000055e-05
1.026323000000000067e-05
1.024088000000000079e-05
1.021852999999999922e-05
1.019617999999999934e-05
1.017382999999999946e-05
1.014774999999999953e-05
1.012912000000000069e-05
1.010304999999999977e-05
1.008068999999999919e-05
1.005833999999999931e-05
1.003598999999999943e-05
1.001363999999999956e-05
9.991286999999999806e-06
9.968934999999999448e-06
9.942857999999999392e-06
9.920506000000000728e-06
9.901879999999999460e-06
9.879528000000000796e-06
9.857176000000000439e-06
9.834824999999999473e-06
9.812473000000000809e-06
9.790121000000000451e-06
9.767769000000000093e-06
9.745418000000000822e-06
9.723066000000000464e-06
9.700714000000000106e-06
9.682088000000000532e-06
9.659736000000000174e-06
9.637383999999999816e-06
9.618758000000000242e-06
9.596405999999999884e-06
9.577780000000000310e-06
9.555427999999999952e-06
9.533075999999999594e-06
9.514450000000000020e-06
9.492097999999999663e-06
9.473471000000000696e-06
9.451119999999999731e-06
9.432493000000000764e-06
9.410141999999999799e-06
9.391515000000000832e-06
9.372888999999999564e-06
9.350536999999999206e-06
9.331910000000000240e-06
9.309558999999999275e-06
9.290932000000000308e-06
9.272306000000000734e-06
9.249954000000000376e-06
9.231328000000000802e-06
9.212701000000000142e-06
9.194075000000000568e-06
9.175447999999999908e-06
9.153095999999999550e-06
9.134469999999999976e-06
9.115844000000000402e-06
9.093492000000000044e-06
9.074864999999999383e-06
9.056238999999999809e-06
9.033886999999999451e-06
9.018985999999999575e-06
8.996633999999999217e-06
8.978007999999999643e-06
8.959381000000000677e-06
8.937029999999999711e-06
8.918403000000000745e-06
8.896051000000000387e-06
8.877425000000000813e-06
8.858798999999999545e-06
8.836446999999999187e-06
8.817820000000000221e-06
8.795468999999999255e-06
8.773117000000000591e-06
8.754489999999999931e-06
8.735864000000000357e-06
8.713511999999999999e-06
8.694886000000000425e-06
8.672534000000000067e-06
8.653908000000000493e-06
8.631556000000000135e-06
8.612928999999999475e-06
8.586851999999999419e-06
8.568225999999999845e-06
8.549598999999999185e-06
8.527247999999999913e-06
8.504895999999999555e-06
8.486269999999999981e-06
8.463917999999999624e-06
8.445291000000000657e-06
8.422939999999999692e-06
8.400587999999999334e-06
8.381961000000000367e-06
8.359609999999999402e-06
8.337258000000000738e-06
8.318631000000000078e-06
8.296280000000000806e-06
8.277653000000000146e-06
8.255301999999999180e-06
8.232950000000000516e-06
8.214322999999999856e-06
8.195697000000000282e-06
8.173344999999999924e-06
8.154719000000000350e-06
8.136091999999999690e-06
8.110014999999999634e-06
8.095113999999999758e-06
8.072761999999999400e-06
8.050411000000000128e-06
8.031783999999999468e-06
8.009432000000000804e-06
7.990805999999999536e-06
7.972179000000000570e-06
7.953552999999999302e-06
7.931201000000000638e-06
7.912574999999999370e-06
7.890223000000000706e-06
7.871596999999999438e-06
7.852970000000000471e-06
7.830618000000000114e-06
7.815717000000000237e-06
7.793365999999999271e-06
7.774739000000000305e-06
7.756113000000000731e-06
7.737486000000000071e-06
7.718860000000000497e-06
7.696508000000000139e-06
7.677882000000000565e-06
7.659254999999999904e-06
7.640629000000000330e-06
7.621973000000000352e-06
7.599620999999999994e-06
7.584720000000000117e-06
7.566093999999999696e-06
7.543742000000000186e-06
7.528841000000000309e-06
7.506488999999999951e-06
7.491588000000000075e-06
7.472961000000000261e-06
7.454334999999999840e-06
7.435709000000000266e-06
7.413356999999999908e-06
7.398456000000000032e-06
7.376103999999999674e-06
7.361202999999999798e-06
7.342575999999999984e-06
7.320224999999999866e-06
7.305322999999999750e-06
7.282971999999999631e-06
7.268070000000000362e-06
7.249443999999999941e-06
7.227091999999999584e-06
7.212190999999999707e-06
7.189839000000000196e-06
7.174938000000000320e-06
7.156311999999999899e-06
7.137685000000000085e-06
7.119058999999999664e-06
7.100431999999999851e-06
7.085530999999999974e-06
7.063179999999999856e-06
7.048277999999999740e-06
7.029652000000000166e-06
7.011025000000000353e-06
6.996123999999999629e-06
6.977498000000000055e-06
6.958871000000000242e-06
6.940244999999999821e-06
6.925343999999999944e-06
6.906717000000000131e-06
6.891816000000000255e-06
6.873189999999999833e-06
6.862013999999999655e-06
6.843386999999999841e-06
6.828485999999999965e-06
6.809860000000000391e-06
6.794958999999999667e-06
6.776331999999999854e-06
6.765155999999999675e-06
6.746530000000000101e-06
6.731629000000000224e-06
6.716728000000000348e-06
6.705552000000000169e-06
6.686925000000000356e-06
6.672023999999999632e-06
6.657122999999999756e-06
6.642221999999999879e-06
6.627321000000000003e-06
6.612418999999999887e-06
6.597518000000000010e-06
6.582617000000000134e-06
6.567716000000000257e-06
6.552815000000000381e-06
6.537913999999999657e-06
6.523012000000000389e-06
6.508110999999999665e-06
6.489485000000000091e-06
6.478308999999999912e-06
6.459682000000000099e-06
6.444781000000000222e-06
6.429880000000000346e-06
6.414978999999999622e-06
6.396353000000000048e-06
6.385176999999999869e-06
6.366550000000000056e-06
6.351649000000000180e-06
6.336748000000000303e-06
6.321846999999999580e-06
6.303219999999999766e-06
6.292043999999999587e-06
6.273418000000000013e-06
6.258517000000000137e-06
6.243616000000000260e-06
6.228714000000000145e-06
6.210087999999999723e-06
6.195186999999999847e-06
6.180285999999999971e-06
6.165385000000000094e-06
6.146758000000000281e-06
6.135582000000000102e-06
6.116955999999999681e-06
6.102054999999999804e-06
6.087152999999999688e-06
6.072251999999999812e-06
6.053626000000000238e-06
6.038725000000000361e-06
6.023823999999999638e-06
6.008922000000000369e-06
5.990295999999999948e-06
5.979119999999999769e-06
5.960494000000000195e-06
5.945592000000000079e-06
5.930691000000000203e-06
5.915790000000000326e-06
5.897163999999999905e-06
5.885987999999999726e-06
5.867360999999999913e-06
5.852460000000000037e-06
5.837559000000000160e-06
5.822658000000000284e-06
5.804030999999999623e-06
5.792855999999999684e-06
5.774228999999999870e-06
5.763052999999999691e-06
5.744427000000000117e-06
5.729526000000000241e-06
5.714624000000000125e-06
5.699723000000000249e-06
5.684822000000000372e-06
5.666195999999999951e-06
5.651293999999999835e-06
5.636392999999999959e-06
5.621492000000000082e-06
5.606591000000000206e-06
5.591690000000000329e-06
5.576788999999999606e-06
5.561887999999999729e-06
5.546985999999999613e-06
5.532084999999999737e-06
5.517183999999999861e-06
5.506007999999999682e-06
5.491106999999999805e-06
5.476205999999999929e-06
5.461305000000000052e-06
5.446404000000000176e-06
5.431502000000000060e-06
5.416601000000000183e-06
5.405425000000000004e-06
5.390524000000000128e-06
5.379347999999999949e-06
5.360722000000000375e-06
5.349546000000000196e-06
5.334645000000000320e-06
5.323469000000000141e-06
5.312292999999999962e-06
5.293667000000000388e-06
5.286215999999999906e-06
5.271315000000000030e-06
5.256414000000000153e-06
5.245237999999999974e-06
5.230337000000000098e-06
5.219160999999999919e-06
5.204260000000000042e-06
5.193083999999999863e-06
5.181907999999999684e-06
5.167006999999999808e-06
5.155830999999999629e-06
5.140929999999999753e-06
5.129754000000000421e-06
5.118578000000000242e-06
5.099951999999999821e-06
5.092501000000000186e-06
5.077600000000000310e-06
5.066424000000000131e-06
5.051523000000000254e-06
5.036622000000000378e-06
5.025446000000000199e-06
5.010545000000000322e-06
4.999369000000000143e-06
4.984468000000000267e-06
4.969566000000000151e-06
4.962115999999999909e-06
4.943489000000000096e-06
4.932312999999999917e-06
4.921137999999999977e-06
4.906235999999999861e-06
4.895060999999999922e-06
4.880158999999999806e-06
4.868983999999999866e-06
4.854081999999999751e-06
4.842906000000000419e-06
4.828004999999999695e-06
4.813103999999999819e-06
4.801927999999999640e-06
4.787026999999999763e-06
4.775850999999999584e-06
4.760949999999999708e-06
4.749774000000000376e-06
4.734872999999999652e-06
4.719971999999999776e-06
4.708795999999999597e-06
4.690170000000000023e-06
4.678993999999999844e-06
4.664092999999999967e-06
4.652916999999999789e-06
4.634289999999999975e-06
4.623113999999999796e-06
4.608212999999999920e-06
4.593312000000000043e-06
4.578411000000000167e-06
4.563510000000000290e-06
4.552334000000000111e-06
4.537433000000000235e-06
4.522532000000000358e-06
4.507630000000000243e-06
4.496454000000000064e-06
4.477827999999999643e-06
4.462926999999999766e-06
4.451750999999999587e-06
4.436849999999999711e-06
4.421948999999999834e-06
4.407047999999999958e-06
4.395871999999999779e-06
4.380969999999999663e-06
4.369794999999999723e-06
4.354892999999999607e-06
4.339991999999999731e-06
4.328816000000000399e-06
4.313914999999999676e-06
4.302739000000000344e-06
4.287837999999999620e-06
4.272936999999999744e-06
4.261761000000000412e-06
4.250585000000000233e-06
4.239409000000000054e-06
4.224508000000000177e-06
4.213331999999999998e-06
4.202157000000000059e-06
4.187254999999999943e-06
4.179804999999999701e-06
4.164903999999999824e-06
4.150001999999999709e-06
4.142552000000000314e-06
4.131376000000000135e-06
4.116475000000000258e-06
4.105299000000000079e-06
4.094122999999999900e-06
4.082946999999999721e-06
4.071771000000000389e-06
4.056869999999999666e-06
4.049420000000000271e-06
4.038244000000000092e-06
4.023343000000000215e-06
4.015891999999999734e-06
4.000990999999999857e-06
3.989814999999999678e-06
3.982364000000000044e-06
3.967463000000000168e-06
3.956286999999999989e-06
3.945112000000000049e-06
3.933935999999999870e-06
3.926485000000000236e-06
3.911584000000000359e-06
3.900408000000000180e-06
3.889232000000000001e-06
3.878055999999999822e-06
3.866879999999999643e-06
3.859430000000000248e-06
3.844529000000000372e-06
3.833353000000000193e-06
3.822177000000000014e-06
3.810986999999999872e-06
3.799811000000000117e-06
3.788634999999999938e-06
3.777459000000000182e-06
3.766283000000000003e-06
3.758831999999999945e-06
3.743931000000000069e-06
3.736480999999999827e-06
3.725305000000000071e-06
3.714128999999999892e-06
3.702953000000000137e-06
3.691776999999999958e-06
3.680601000000000203e-06
3.673150999999999961e-06
3.661975000000000205e-06
3.650799000000000026e-06
3.639622999999999847e-06
3.632173000000000029e-06
3.620996999999999850e-06
3.609821000000000094e-06
3.606095999999999973e-06
3.594919999999999794e-06
3.583744000000000039e-06
3.576292999999999981e-06
3.565116999999999802e-06
3.553941000000000047e-06
3.546490999999999804e-06
3.539040000000000170e-06
3.527863999999999991e-06
3.520414000000000173e-06
3.512963000000000115e-06
3.501786999999999936e-06
3.494337000000000117e-06
3.483160999999999938e-06
3.475709999999999880e-06
3.468260000000000062e-06
3.457083999999999883e-06
3.449632999999999825e-06
3.442183000000000006e-06
3.431006999999999827e-06
3.419831000000000072e-06
3.416105999999999951e-06
3.404930000000000195e-06
3.393754000000000016e-06
3.386302999999999958e-06
3.378853000000000140e-06
3.367676999999999961e-06
3.360225999999999903e-06
3.352776000000000084e-06
3.341599999999999906e-06
3.330424000000000150e-06
3.322973000000000092e-06
3.311798000000000153e-06
3.300621999999999974e-06
3.293170999999999916e-06
3.281995000000000160e-06
3.270818999999999981e-06
3.259644000000000042e-06
3.252192999999999984e-06
3.237292000000000107e-06
3.229841000000000049e-06
3.218664999999999870e-06
3.207489000000000115e-06
3.196314000000000175e-06
3.185137999999999996e-06
3.173961999999999818e-06
3.162786000000000062e-06
3.151609999999999883e-06
3.140434000000000128e-06
3.132983999999999886e-06
3.118083000000000009e-06
3.106906999999999830e-06
3.095731000000000075e-06
3.084554999999999896e-06
3.073379000000000140e-06
3.065928000000000082e-06
3.051027000000000206e-06
3.039851000000000027e-06
3.032401000000000208e-06
3.021225000000000029e-06
3.010048999999999851e-06
3.002599000000000032e-06
2.987696999999999916e-06
2.976521999999999977e-06
2.969070999999999919e-06
2.957895000000000163e-06
2.946718999999999984e-06
2.939269000000000166e-06
2.928092999999999987e-06
2.916916999999999808e-06
2.909466000000000173e-06
2.902015999999999931e-06
2.890840000000000176e-06
2.879663999999999997e-06
2.872212999999999939e-06
2.864763000000000120e-06
2.853586999999999941e-06
2.846135999999999884e-06
2.838686000000000065e-06
2.827509999999999886e-06
2.820058999999999828e-06
2.812609000000000010e-06
2.805157999999999952e-06
2.793982000000000196e-06
2.786531999999999954e-06
2.779080999999999896e-06
2.771631000000000078e-06
2.764180000000000020e-06
2.756728999999999962e-06
2.749279000000000143e-06
2.741828000000000085e-06
2.734377999999999843e-06
2.723202000000000088e-06
2.719476000000000151e-06
2.712025999999999909e-06
2.704574999999999851e-06
2.693399000000000096e-06
2.689673999999999974e-06
2.682224000000000156e-06
2.674773000000000098e-06
2.663596999999999919e-06
2.659871999999999798e-06
2.652421000000000164e-06
2.644970999999999922e-06
2.637519999999999864e-06
2.626344000000000108e-06
2.622618999999999987e-06
2.611442999999999808e-06
2.603992000000000174e-06
2.596541999999999932e-06
2.592816999999999811e-06
2.581641000000000055e-06
2.574189999999999997e-06
2.563013999999999818e-06
2.559289000000000121e-06
2.551838000000000063e-06
2.540663000000000123e-06
2.533212000000000065e-06
2.525761000000000007e-06
2.514586000000000068e-06
2.507135000000000010e-06
2.499683999999999952e-06
2.492234000000000134e-06
2.484783000000000076e-06
2.473606999999999897e-06
2.469882000000000199e-06
2.462431000000000141e-06
2.451256000000000202e-06
2.440080000000000023e-06
2.436354000000000086e-06
2.425179000000000146e-06
2.417728000000000088e-06
2.410277000000000030e-06
2.406551999999999909e-06
2.395376000000000154e-06
2.387925999999999912e-06
2.376750000000000156e-06
2.373023999999999796e-06
2.365573999999999977e-06
2.358122999999999919e-06
2.350673000000000101e-06
2.343222000000000043e-06
2.339496999999999922e-06
2.332045999999999864e-06
2.324596000000000045e-06
2.317144999999999988e-06
2.309695000000000169e-06
2.305968999999999809e-06
2.302244000000000111e-06
2.294793000000000053e-06
2.287342999999999811e-06
2.283618000000000114e-06
2.279892000000000177e-06
2.276167000000000056e-06
2.268715999999999998e-06
2.264990999999999877e-06
2.257539999999999819e-06
2.253815000000000121e-06
2.246364999999999879e-06
2.246364999999999879e-06
2.238913999999999821e-06
2.235189000000000124e-06
2.227738000000000066e-06
2.224012999999999945e-06
2.216561999999999887e-06
2.216561999999999887e-06
2.209112000000000068e-06
2.205386000000000131e-06
2.197935999999999889e-06
2.194211000000000192e-06
2.190484999999999831e-06
2.183035000000000013e-06
2.183035000000000013e-06
2.175583999999999955e-06
2.171858999999999834e-06
2.164408000000000200e-06
2.160683000000000079e-06
2.156957999999999957e-06
2.153232000000000021e-06
2.149506999999999900e-06
2.145782000000000202e-06
2.138331000000000144e-06
2.134606000000000023e-06
2.127154999999999965e-06
2.123429999999999844e-06
2.119705000000000147e-06
2.115979000000000210e-06
2.112254000000000089e-06
2.108528999999999968e-06
2.104803999999999847e-06
2.101077999999999910e-06
2.097352999999999789e-06
2.089902000000000154e-06
2.089902000000000154e-06
2.086177000000000033e-06
2.082451999999999912e-06
2.078726999999999791e-06
2.075000999999999854e-06
2.071276000000000157e-06
2.067551000000000036e-06
2.067551000000000036e-06
2.063825000000000099e-06
2.060099999999999978e-06
2.056374999999999857e-06
2.056374999999999857e-06
2.052650000000000159e-06
2.052650000000000159e-06
2.048923999999999799e-06
2.045199000000000101e-06
2.045199000000000101e-06
2.041473999999999980e-06
2.037748000000000043e-06
2.037748000000000043e-06
2.034022999999999922e-06
2.030297999999999801e-06
2.030297999999999801e-06
2.026571999999999864e-06
2.026571999999999864e-06
2.026571999999999864e-06
2.022847000000000167e-06
2.022847000000000167e-06
2.019122000000000046e-06
2.015396999999999925e-06
2.011670999999999988e-06
2.011670999999999988e-06
2.007945999999999867e-06
2.007945999999999867e-06
2.004221000000000169e-06
2.004221000000000169e-06
2.000494999999999809e-06
1.996770000000000112e-06
1.996770000000000112e-06
1.993044999999999990e-06
1.993044999999999990e-06
1.993044999999999990e-06
1.989319999999999869e-06
1.989319999999999869e-06
1.985593999999999933e-06
1.985593999999999933e-06
1.981868999999999812e-06
1.978144000000000114e-06
1.978144000000000114e-06
1.974418000000000177e-06
1.974418000000000177e-06
1.970693000000000056e-06
1.970693000000000056e-06
1.966967999999999935e-06
1.966967999999999935e-06
1.963242999999999814e-06
1.963242999999999814e-06
1.963242999999999814e-06
1.963242999999999814e-06
1.959516999999999877e-06
1.959516999999999877e-06
1.959516999999999877e-06
1.955792000000000180e-06
1.955792000000000180e-06
1.952067000000000059e-06
1.952067000000000059e-06
1.952067000000000059e-06
1.948341000000000122e-06
1.948341000000000122e-06
1.948341000000000122e-06
1.948341000000000122e-06
1.944616000000000001e-06
1.944616000000000001e-06
1.944616000000000001e-06
1.940890999999999880e-06
1.940890999999999880e-06
1.940890999999999880e-06
1.937166000000000182e-06
1.937166000000000182e-06
1.937166000000000182e-06
1.937166000000000182e-06
1.937166000000000182e-06
1.933439999999999822e-06
1.933439999999999822e-06
1.933439999999999822e-06
1.929715000000000124e-06
1.929715000000000124e-06
1.929715000000000124e-06
1.929715000000000124e-06
1.929715000000000124e-06
1.925990000000000003e-06
1.925990000000000003e-06
1.922264000000000066e-06
1.922264000000000066e-06
1.918538999999999945e-06
1.918538999999999945e-06
1.914813999999999824e-06
1.911087999999999887e-06
1.911087999999999887e-06
1.907363000000000190e-06
1.907363000000000190e-06
1.903631000000000087e-06
1.899904999999999939e-06
1.899904999999999939e-06
1.899904999999999939e-06
1.896180000000000029e-06
1.892454999999999908e-06
1.888728999999999971e-06
1.885004000000000062e-06
1.881278999999999941e-06
1.881278999999999941e-06
1.877554000000000032e-06
1.873828000000000095e-06
1.870102999999999974e-06
1.866378000000000065e-06
1.866378000000000065e-06
1.866378000000000065e-06
1.862651999999999916e-06
1.858927000000000007e-06
1.855202000000000097e-06
1.851476999999999976e-06
1.847751000000000040e-06
1.844025999999999919e-06
1.844025999999999919e-06
1.840301000000000009e-06
1.836575000000000072e-06
1.836575000000000072e-06
1.832849999999999951e-06
1.829125000000000042e-06
1.825399999999999921e-06
1.825399999999999921e-06
1.821673999999999984e-06
1.817949000000000075e-06
1.814223999999999954e-06
1.810498000000000017e-06
1.806772999999999896e-06
1.806772999999999896e-06
1.803047999999999987e-06
1.799322000000000050e-06
1.799322000000000050e-06
1.795596999999999929e-06
1.791872000000000019e-06
1.788146999999999898e-06
1.784420999999999961e-06
1.780696000000000052e-06
1.776970999999999931e-06
1.773244999999999994e-06
1.773244999999999994e-06
1.769520000000000085e-06
1.762070000000000055e-06
1.762070000000000055e-06
1.754618999999999997e-06
1.750894000000000088e-06
1.747167999999999939e-06
1.743443000000000030e-06
1.739717999999999909e-06
1.735992999999999999e-06
1.732267000000000062e-06
1.728541999999999941e-06
1.724817000000000032e-06
1.717365999999999974e-06
1.713641000000000065e-06
1.709915999999999944e-06
1.706190000000000007e-06
1.702465000000000098e-06
1.698739999999999977e-06
1.695014000000000040e-06
1.687564000000000009e-06
1.683838000000000073e-06
1.680112999999999952e-06
1.676388000000000042e-06
1.672662999999999921e-06
1.668936999999999984e-06
1.661486999999999954e-06
1.657761000000000017e-06
1.650310999999999987e-06
1.646586000000000078e-06
1.646586000000000078e-06
1.639135000000000020e-06
1.635409999999999899e-06
1.631683999999999962e-06
1.624233999999999931e-06
1.620509000000000022e-06
1.613057999999999964e-06
1.613057999999999964e-06
1.605606999999999906e-06
1.601881999999999997e-06
1.598157000000000088e-06
1.590706000000000030e-06
1.586980999999999909e-06
1.583255999999999999e-06
1.579530000000000063e-06
1.575804999999999942e-06
1.568354000000000095e-06
1.564628999999999974e-06
1.557178999999999944e-06
1.553453000000000007e-06
1.549728000000000098e-06
1.546002999999999977e-06
1.542277000000000040e-06
1.538551999999999919e-06
1.534827000000000010e-06
1.527375999999999952e-06
1.523651000000000042e-06
1.519925999999999921e-06
1.519925999999999921e-06
1.512475000000000075e-06
1.508749999999999954e-06
1.505025000000000045e-06
1.497573999999999987e-06
1.493849000000000078e-06
1.490122999999999929e-06
1.486398000000000020e-06
1.486398000000000020e-06
1.482672999999999899e-06
1.478947999999999990e-06
1.471496999999999932e-06
1.467772000000000022e-06
1.464046000000000085e-06
1.460320999999999964e-06
1.456596000000000055e-06
1.456596000000000055e-06
1.452869999999999906e-06
1.449144999999999997e-06
1.445420000000000088e-06
1.441694999999999967e-06
1.434243999999999909e-06
1.434243999999999909e-06
1.426793000000000063e-06
1.423067999999999942e-06
1.423067999999999942e-06
1.419343000000000032e-06
1.415617999999999911e-06
1.411891999999999975e-06
1.408167000000000065e-06
1.404441999999999944e-06
1.400716000000000007e-06
1.396991000000000098e-06
1.393265999999999977e-06
1.393265999999999977e-06
1.389541000000000068e-06
1.382090000000000010e-06
1.378365000000000101e-06
1.374638999999999952e-06
1.370914000000000043e-06
1.367188999999999922e-06
1.359738000000000075e-06
1.359738000000000075e-06
1.356012999999999954e-06
1.352288000000000045e-06
1.344836999999999987e-06
1.341112000000000078e-06
1.337385999999999929e-06
1.329935999999999899e-06
1.329935999999999899e-06
1.322485000000000053e-06
1.318759999999999932e-06
1.315035000000000023e-06
1.307583999999999965e-06
1.303859000000000055e-06
1.296407999999999997e-06
1.296407999999999997e-06
1.288957999999999967e-06
1.285232000000000030e-06
1.277782000000000000e-06
1.274057000000000091e-06
1.266606000000000033e-06
1.266606000000000033e-06
1.259154999999999975e-06
1.251704999999999944e-06
1.247980000000000035e-06
1.240528999999999977e-06
1.236804000000000068e-06
1.233077999999999919e-06
1.229353000000000010e-06
1.221901999999999952e-06
1.218177000000000043e-06
1.210727000000000013e-06
1.207001000000000076e-06
1.203275999999999955e-06
1.199551000000000045e-06
1.192099999999999987e-06
1.188375000000000078e-06
1.180924000000000020e-06
1.177198999999999899e-06
1.169748000000000053e-06
1.169748000000000053e-06
1.166022999999999932e-06
1.158572999999999902e-06
1.154846999999999965e-06
1.147396999999999935e-06
1.143670999999999998e-06
1.139946000000000088e-06
1.136220999999999967e-06
1.132496000000000058e-06
1.128769999999999909e-06
1.121320000000000091e-06
1.117593999999999942e-06
1.113869000000000033e-06
1.106417999999999975e-06
1.106417999999999975e-06
1.102693000000000066e-06
1.098967999999999945e-06
1.091517000000000099e-06
1.087791999999999977e-06
1.084067000000000068e-06
1.080340999999999920e-06
1.076616000000000010e-06
1.072891000000000101e-06
1.069165999999999980e-06
1.065440000000000043e-06
1.061714999999999922e-06
1.054264000000000076e-06
1.050538999999999955e-06
1.046814000000000046e-06
1.043088999999999925e-06
1.039362999999999988e-06
1.035638000000000078e-06
1.028187000000000020e-06
1.024461999999999899e-06
1.020736999999999990e-06
1.013285999999999932e-06
1.013285999999999932e-06
1.009561000000000023e-06
1.005835999999999902e-06
9.983850999999999950e-07
9.946598000000000563e-07
9.872091999999999670e-07
9.834839000000000283e-07
9.797586000000000896e-07
9.760332999999999391e-07
9.723080000000000003e-07
9.648575000000000621e-07
9.611321999999999116e-07
9.574068999999999729e-07
9.499526999999999537e-07
9.499526999999999537e-07
9.425020999999999703e-07
9.387768000000000316e-07
9.313262000000000482e-07
9.276009000000000036e-07
9.201503000000000203e-07
9.164251000000000208e-07
9.164251000000000208e-07
9.089745000000000374e-07
9.052491999999999928e-07
9.015238999999999482e-07
8.940732999999999648e-07
8.903480000000000261e-07
8.866226999999999815e-07
8.866226999999999815e-07
8.791720999999999981e-07
8.754468999999999986e-07
8.717215999999999540e-07
8.642709999999999707e-07
8.605457000000000319e-07
8.568203999999999873e-07
8.530951000000000486e-07
8.530951000000000486e-07
8.493698000000000040e-07
8.419192000000000206e-07
8.381940000000000211e-07
8.344686999999999765e-07
8.307434000000000378e-07
8.270180999999999932e-07
8.232927999999999485e-07
8.195675000000000098e-07
8.195675000000000098e-07
8.121169000000000265e-07
8.083915999999999818e-07
8.046663000000000431e-07
8.009411000000000436e-07
7.972157999999999990e-07
7.934904999999999544e-07
7.897652000000000156e-07
7.897652000000000156e-07
7.823146000000000323e-07
7.823146000000000323e-07
7.748640000000000489e-07
7.711387000000000043e-07
7.674133999999999597e-07
7.599629000000000215e-07
7.599629000000000215e-07
7.562375999999999769e-07
7.525123000000000381e-07
7.450616999999999489e-07
7.413364000000000102e-07
7.338858000000000268e-07
7.301604999999999822e-07
7.264352000000000435e-07
7.227100000000000440e-07
7.189846999999999993e-07
7.152593999999999547e-07
7.078087999999999714e-07
7.040835000000000326e-07
6.966329000000000493e-07
6.966329000000000493e-07
6.891822999999999601e-07
6.854570999999999606e-07
6.780064999999999772e-07
6.742812000000000385e-07
6.668305999999999493e-07
6.631053000000000105e-07
6.593799999999999659e-07
6.556547000000000272e-07
6.482041000000000438e-07
6.444789000000000443e-07
6.407535999999999997e-07
6.333030000000000164e-07
6.333030000000000164e-07
6.258524000000000330e-07
6.221270999999999884e-07
6.184018000000000497e-07
6.109511999999999604e-07
6.072259999999999609e-07
6.035007000000000222e-07
5.997753999999999776e-07
5.960501000000000388e-07
5.923247999999999942e-07
5.885994999999999496e-07
5.848742000000000109e-07
5.811488999999999663e-07
5.736982999999999829e-07
5.736982999999999829e-07
5.699730999999999834e-07
5.662478000000000447e-07
5.625225000000000001e-07
5.587971999999999554e-07
5.550719000000000167e-07
5.513465999999999721e-07
5.476213000000000334e-07
5.438959999999999887e-07
5.401707000000000500e-07
5.364454000000000054e-07
5.364454000000000054e-07
5.327202000000000059e-07
5.289948999999999613e-07
5.252696000000000225e-07
5.215442999999999779e-07
5.140936999999999946e-07
5.103683999999999500e-07
5.066431000000000112e-07
5.066431000000000112e-07
5.029177999999999666e-07
4.991925000000000279e-07
4.917419999999999838e-07
4.880167000000000450e-07
4.842914000000000004e-07
4.805660999999999558e-07
4.731137000000000075e-07
4.731137000000000075e-07
4.693884000000000158e-07
4.619377999999999795e-07
4.582124999999999878e-07
4.544871999999999962e-07
4.470367000000000050e-07
4.433114000000000133e-07
4.395861000000000216e-07
4.358607999999999770e-07
4.284101999999999937e-07
4.246849000000000020e-07
4.172343000000000186e-07
4.135089999999999740e-07
4.097837999999999745e-07
4.060584999999999828e-07
3.986078999999999995e-07
3.948826000000000078e-07
3.911573000000000161e-07
3.837066999999999799e-07
3.799813999999999882e-07
3.762560999999999965e-07
3.688056000000000053e-07
3.650803000000000137e-07
3.576296999999999774e-07
3.501790999999999940e-07
3.464538000000000023e-07
3.464538000000000023e-07
3.390032000000000190e-07
3.352778999999999744e-07
3.278273999999999832e-07
3.203767999999999999e-07
3.166515000000000082e-07
3.129262000000000165e-07
3.054755999999999802e-07
3.017502999999999885e-07
2.980249999999999969e-07
2.905745000000000057e-07
2.868492000000000140e-07
2.831239000000000223e-07
2.793985999999999777e-07
2.719479999999999944e-07
2.682227000000000027e-07
2.607721000000000193e-07
2.570467999999999747e-07
2.533215999999999752e-07
2.495962999999999836e-07
2.421457000000000002e-07
2.384204000000000085e-07
2.309688999999999898e-07
2.272435999999999981e-07
2.197929999999999883e-07
2.197929999999999883e-07
2.123424999999999971e-07
2.086172000000000054e-07
2.048918999999999873e-07
1.974413000000000039e-07
1.937160000000000122e-07
1.899906999999999941e-07
1.862654000000000024e-07
1.825401000000000107e-07
1.750895999999999931e-07
1.713643000000000014e-07
1.639136999999999916e-07
1.601883999999999999e-07
1.564631000000000083e-07
1.564631000000000083e-07
1.490124999999999984e-07
1.490124999999999984e-07
1.415618999999999886e-07
1.378366999999999891e-07
1.341113999999999974e-07
1.303861000000000058e-07
1.266607999999999876e-07
1.266607999999999876e-07
1.229354999999999959e-07
1.192102000000000043e-07
1.192102000000000043e-07
1.154845000000000042e-07
1.117591999999999993e-07
1.117591999999999993e-07
1.080338999999999944e-07
1.080338999999999944e-07
1.043086000000000027e-07
1.043086000000000027e-07
1.005832999999999978e-07
1.005832999999999978e-07
1.005832999999999978e-07
1.005832999999999978e-07
1.005832999999999978e-07
9.685800000000000612e-08
9.685800000000000612e-08
9.685800000000000612e-08
9.685800000000000612e-08
9.685800000000000612e-08
9.685800000000000612e-08
9.313270999999999778e-08
9.313270999999999778e-08
9.313270999999999778e-08
9.313270999999999778e-08
9.313270999999999778e-08
9.313270999999999778e-08
9.313270999999999778e-08
9.313270999999999778e-08
9.313270999999999778e-08
9.313270999999999778e-08
9.313270999999999778e-08
9.313270999999999778e-08
9.313270999999999778e-08
8.940742000000000267e-08
8.940742000000000267e-08
8.940742000000000267e-08
8.940742000000000267e-08
8.940742000000000267e-08
8.940742000000000267e-08
8.940742000000000267e-08
8.940742000000000267e-08
8.940742000000000267e-08
8.940742000000000267e-08
9.313270999999999778e-08
9.313270999999999778e-08
9.313270999999999778e-08
9.313270999999999778e-08
9.313270999999999778e-08
9.313270999999999778e-08
9.685800000000000612e-08
9.685800000000000612e-08
1.005832999999999978e-07
1.005832999999999978e-07
1.043086000000000027e-07
1.080338999999999944e-07
1.117591999999999993e-07
1.154845000000000042e-07
1.192102000000000043e-07
1.229354999999999959e-07
1.266607999999999876e-07
1.266607999999999876e-07
1.303861000000000058e-07
1.378366999999999891e-07
1.415618999999999886e-07
1.490124999999999984e-07
1.527377999999999901e-07
1.564631000000000083e-07
1.601883999999999999e-07
1.639136999999999916e-07
1.713643000000000014e-07
1.750895999999999931e-07
1.825401000000000107e-07
1.862654000000000024e-07
1.899906999999999941e-07
1.937160000000000122e-07
2.011665999999999956e-07
2.048918999999999873e-07
2.123424999999999971e-07
2.160676999999999966e-07
2.197929999999999883e-07
2.235183000000000064e-07
2.309688999999999898e-07
2.384204000000000085e-07
2.421457000000000002e-07
2.495962999999999836e-07
2.533215999999999752e-07
2.570467999999999747e-07
2.607721000000000193e-07
2.682227000000000027e-07
2.719479999999999944e-07
2.793985999999999777e-07
2.831239000000000223e-07
2.868492000000000140e-07
2.905745000000000057e-07
2.980249999999999969e-07
3.054755999999999802e-07
3.092009000000000248e-07
3.166515000000000082e-07
3.166515000000000082e-07
3.241020999999999915e-07
3.278273999999999832e-07
3.352778999999999744e-07
3.427285000000000107e-07
3.464538000000000023e-07
3.501790999999999940e-07
3.576296999999999774e-07
3.613550000000000220e-07
3.688056000000000053e-07
3.762560999999999965e-07
3.799813999999999882e-07
3.874320000000000245e-07
3.911573000000000161e-07
3.986078999999999995e-07
4.060584999999999828e-07
4.097837999999999745e-07
4.172343000000000186e-07
4.246849000000000020e-07
4.321354999999999853e-07
4.395861000000000216e-07
4.433114000000000133e-07
4.507619000000000045e-07
4.582124999999999878e-07
4.656631000000000241e-07
4.731137000000000075e-07
4.805660999999999558e-07
4.880167000000000450e-07
4.954671999999999833e-07
5.066431000000000112e-07
5.103683999999999500e-07
5.215442999999999779e-07
5.289948999999999613e-07
5.364454000000000054e-07
5.438959999999999887e-07
5.513465999999999721e-07
5.625225000000000001e-07
5.699730999999999834e-07
5.736982999999999829e-07
5.848742000000000109e-07
5.960501000000000388e-07
6.035007000000000222e-07
6.109511999999999604e-07
6.221270999999999884e-07
6.333030000000000164e-07
6.370282999999999551e-07
6.482041000000000438e-07
6.593799999999999659e-07
6.668305999999999493e-07
6.780064999999999772e-07
6.891822999999999601e-07
6.966329000000000493e-07
7.040835000000000326e-07
7.152593999999999547e-07
7.264352000000000435e-07
7.338858000000000268e-07
7.450616999999999489e-07
7.562375999999999769e-07
7.636881000000000210e-07
7.748640000000000489e-07
7.860398999999999710e-07
7.934904999999999544e-07
8.046663000000000431e-07
8.158421999999999652e-07
8.232927999999999485e-07
8.344686999999999765e-07
8.456444999999999594e-07
8.530951000000000486e-07
8.642709999999999707e-07
8.754468999999999986e-07
8.828974000000000428e-07
8.903480000000000261e-07
9.015238999999999482e-07
9.126997999999999762e-07
9.201503000000000203e-07
9.313262000000000482e-07
9.425020999999999703e-07
9.499526999999999537e-07
9.611321999999999116e-07
9.723080000000000003e-07
9.797586000000000896e-07
9.909344999999999058e-07
1.002109999999999965e-06
1.013285999999999932e-06
1.024461999999999899e-06
1.035638000000000078e-06
1.043088999999999925e-06
1.054264000000000076e-06
1.065440000000000043e-06
1.076616000000000010e-06
1.087791999999999977e-06
1.098967999999999945e-06
1.106417999999999975e-06
1.121320000000000091e-06
1.132496000000000058e-06
1.143670999999999998e-06
1.154846999999999965e-06
1.166022999999999932e-06
1.173473999999999990e-06
1.188375000000000078e-06
1.199551000000000045e-06
1.210727000000000013e-06
1.221901999999999952e-06
1.233077999999999919e-06
1.240528999999999977e-06
1.255430000000000066e-06
1.266606000000000033e-06
1.274057000000000091e-06
1.285232000000000030e-06
1.296407999999999997e-06
1.307583999999999965e-06
1.318759999999999932e-06
1.329935999999999899e-06
1.341112000000000078e-06
1.352288000000000045e-06
1.359738000000000075e-06
1.370914000000000043e-06
1.382090000000000010e-06
1.393265999999999977e-06
1.404441999999999944e-06
1.415617999999999911e-06
1.423067999999999942e-06
1.434243999999999909e-06
1.445420000000000088e-06
1.456596000000000055e-06
1.467772000000000022e-06
1.478947999999999990e-06
1.486398000000000020e-06
1.497573999999999987e-06
1.512475000000000075e-06
1.519925999999999921e-06
1.531102000000000100e-06
1.546002999999999977e-06
1.553453000000000007e-06
1.564628999999999974e-06
1.575804999999999942e-06
1.586980999999999909e-06
1.598157000000000088e-06
1.613057999999999964e-06
1.620509000000000022e-06
1.631683999999999962e-06
1.646586000000000078e-06
1.657761000000000017e-06
1.668936999999999984e-06
1.676388000000000042e-06
1.691288999999999919e-06
1.702465000000000098e-06
1.713641000000000065e-06
1.724817000000000032e-06
1.739717999999999909e-06
1.747167999999999939e-06
1.762070000000000055e-06
1.773244999999999994e-06
1.780696000000000052e-06
1.795596999999999929e-06
1.803047999999999987e-06
1.817949000000000075e-06
1.829125000000000042e-06
1.836575000000000072e-06
1.847751000000000040e-06
1.862651999999999916e-06
1.870102999999999974e-06
1.881278999999999941e-06
1.892454999999999908e-06
1.899904999999999939e-06
1.911087999999999887e-06
1.922264000000000066e-06
1.929715000000000124e-06
1.940890999999999880e-06
1.952067000000000059e-06
1.963242999999999814e-06
1.970693000000000056e-06
1.981868999999999812e-06
1.993044999999999990e-06
2.000494999999999809e-06
2.011670999999999988e-06
2.022847000000000167e-06
2.026571999999999864e-06
2.037748000000000043e-06
2.048923999999999799e-06
2.056374999999999857e-06
2.063825000000000099e-06
2.075000999999999854e-06
2.086177000000000033e-06
2.089902000000000154e-06
2.101077999999999910e-06
2.112254000000000089e-06
2.119705000000000147e-06
2.127154999999999965e-06
2.138331000000000144e-06
2.149506999999999900e-06
2.153232000000000021e-06
2.164408000000000200e-06
2.175583999999999955e-06
2.183035000000000013e-06
2.190484999999999831e-06
2.201661000000000010e-06
2.209112000000000068e-06
2.216561999999999887e-06
2.227738000000000066e-06
2.238913999999999821e-06
2.246364999999999879e-06
2.253815000000000121e-06
2.264990999999999877e-06
2.272441999999999935e-06
2.279892000000000177e-06
2.291067999999999932e-06
2.298518999999999990e-06
2.309695000000000169e-06
2.317144999999999988e-06
2.324596000000000045e-06
2.335771999999999801e-06
2.343222000000000043e-06
2.350673000000000101e-06
2.361848999999999856e-06
2.369299000000000098e-06
2.376750000000000156e-06
2.384199999999999975e-06
2.395376000000000154e-06
2.406551999999999909e-06
2.414002999999999967e-06
2.421453000000000209e-06
2.432628999999999965e-06
2.436354000000000086e-06
2.447529999999999841e-06
2.454980999999999899e-06
2.466157000000000078e-06
2.469882000000000199e-06
2.477332999999999834e-06
2.488508000000000197e-06
2.499683999999999952e-06
2.503409999999999889e-06
2.510860000000000131e-06
2.522035999999999886e-06
2.529486999999999944e-06
2.533212000000000065e-06
2.544387999999999821e-06
2.555564000000000000e-06
2.563013999999999818e-06
2.566740000000000179e-06
2.574189999999999997e-06
2.585366000000000176e-06
2.592816999999999811e-06
2.600267000000000053e-06
2.607718000000000111e-06
2.615167999999999929e-06
2.622618999999999987e-06
2.626344000000000108e-06
2.637519999999999864e-06
2.644970999999999922e-06
2.652421000000000164e-06
2.659871999999999798e-06
2.667322000000000040e-06
2.674773000000000098e-06
2.685948999999999853e-06
2.689673999999999974e-06
2.697125000000000032e-06
2.704574999999999851e-06
2.712025999999999909e-06
2.723202000000000088e-06
2.726927000000000209e-06
2.734377999999999843e-06
2.741828000000000085e-06
2.749279000000000143e-06
2.756728999999999962e-06
2.764180000000000020e-06
2.771631000000000078e-06
2.779080999999999896e-06
2.786531999999999954e-06
2.793982000000000196e-06
2.801432999999999831e-06
2.812609000000000010e-06
2.816334000000000131e-06
2.823785000000000189e-06
2.834960000000000128e-06
2.842411000000000186e-06
2.849861999999999820e-06
2.857312000000000063e-06
2.864763000000000120e-06
2.875938999999999876e-06
2.879663999999999997e-06
2.890840000000000176e-06
2.898289999999999994e-06
2.909466000000000173e-06
2.916916999999999808e-06
2.924367000000000050e-06
2.935542999999999805e-06
2.942993999999999863e-06
2.950444000000000105e-06
2.961619999999999861e-06
2.969070999999999919e-06
2.976521999999999977e-06
2.987696999999999916e-06
2.995147999999999974e-06
3.006324000000000153e-06
3.013773999999999972e-06
3.021225000000000029e-06
3.032401000000000208e-06
3.039851000000000027e-06
3.047302000000000085e-06
3.058477999999999840e-06
3.069654000000000019e-06
3.073379000000000140e-06
3.084554999999999896e-06
3.095731000000000075e-06
3.103180999999999893e-06
3.114357000000000072e-06
3.121808000000000130e-06
3.132983999999999886e-06
3.136709000000000007e-06
3.147885000000000186e-06
3.159060999999999941e-06
3.166511000000000183e-06
3.173961999999999818e-06
3.185137999999999996e-06
3.192587999999999815e-06
3.200038999999999873e-06
3.211215000000000052e-06
3.218664999999999870e-06
3.229841000000000049e-06
3.237292000000000107e-06
3.244741999999999926e-06
3.255918000000000105e-06
3.263369000000000163e-06
3.270818999999999981e-06
3.281995000000000160e-06
3.293170999999999916e-06
3.300621999999999974e-06
3.308071999999999792e-06
3.319247999999999971e-06
3.326699000000000029e-06
3.337875000000000208e-06
3.345325000000000027e-06
3.356501000000000206e-06
3.363951999999999840e-06
3.371402000000000082e-06
3.382577999999999837e-06
3.390028999999999895e-06
3.397479000000000137e-06
3.408654999999999893e-06
3.419831000000000072e-06
3.427282000000000130e-06
3.434731999999999948e-06
3.445908000000000127e-06
3.453359000000000185e-06
3.464534999999999941e-06
3.471985000000000183e-06
3.483160999999999938e-06
3.490611999999999996e-06
3.501786999999999936e-06
3.512963000000000115e-06
3.520414000000000173e-06
3.531589999999999928e-06
3.539040000000000170e-06
3.546490999999999804e-06
3.557666999999999983e-06
3.568843000000000162e-06
3.576292999999999981e-06
3.587469000000000160e-06
3.598644999999999915e-06
3.609821000000000094e-06
3.617270999999999913e-06
3.628447000000000092e-06
3.639622999999999847e-06
3.647073999999999905e-06
3.658250000000000084e-06
3.669425000000000024e-06
3.676876000000000082e-06
3.691776999999999958e-06
3.702953000000000137e-06
3.710404000000000195e-06
3.721579999999999950e-06
3.732754999999999890e-06
3.740205999999999948e-06
3.755106999999999824e-06
3.766283000000000003e-06
3.773734000000000061e-06
3.784909000000000001e-06
3.799811000000000117e-06
3.807260999999999935e-06
3.818452000000000316e-06
3.829627999999999648e-06
3.840802999999999588e-06
3.851978999999999767e-06
3.863154999999999946e-06
3.874331000000000125e-06
3.889232000000000001e-06
3.896682999999999636e-06
3.907858999999999815e-06
3.922759999999999691e-06
3.930209999999999933e-06
3.945112000000000049e-06
3.956286999999999989e-06
3.967463000000000168e-06
3.978639000000000347e-06
3.989814999999999678e-06
4.000990999999999857e-06
4.015891999999999734e-06
4.027067999999999913e-06
4.038244000000000092e-06
4.053144999999999968e-06
4.064321000000000147e-06
4.079222000000000024e-06
4.090398000000000203e-06
4.101574000000000382e-06
4.116475000000000258e-06
4.127650999999999590e-06
4.142552000000000314e-06
4.153727999999999645e-06
4.168629000000000369e-06
4.179804999999999701e-06
4.194705999999999577e-06
4.209607000000000301e-06
4.224508000000000177e-06
4.235684000000000356e-06
4.250585000000000233e-06
4.265486000000000109e-06
4.276662000000000288e-06
4.295289000000000102e-06
4.306465000000000281e-06
4.321366000000000157e-06
4.336267000000000033e-06
4.351167999999999910e-06
4.366068999999999786e-06
4.380969999999999663e-06
4.395871999999999779e-06
4.410772999999999655e-06
4.425674000000000379e-06
4.440575000000000255e-06
4.455476000000000132e-06
4.470377000000000008e-06
4.485279000000000124e-06
4.500180000000000000e-06
4.518806000000000422e-06
4.529981999999999753e-06
4.548609000000000414e-06
4.559784000000000353e-06
4.578411000000000167e-06
4.593312000000000043e-06
4.608212999999999920e-06
4.623113999999999796e-06
4.641740999999999610e-06
4.652916999999999789e-06
4.671543000000000210e-06
4.686444000000000086e-06
4.701344999999999962e-06
4.716247000000000078e-06
4.734872999999999652e-06
4.749774000000000376e-06
4.764675000000000252e-06
4.779577000000000368e-06
4.794478000000000245e-06
4.813103999999999819e-06
4.828004999999999695e-06
4.842906000000000419e-06
4.857807999999999687e-06
4.876434000000000108e-06
4.887610000000000287e-06
4.906235999999999861e-06
4.921137999999999977e-06
4.936038999999999854e-06
4.950939999999999730e-06
4.965840999999999607e-06
4.980742000000000330e-06
4.999369000000000143e-06
5.010545000000000322e-06
5.025446000000000199e-06
5.040347000000000075e-06
5.058972999999999649e-06
5.070148999999999828e-06
5.088775999999999642e-06
5.099951999999999821e-06
5.118578000000000242e-06
5.129754000000000421e-06
5.148379999999999995e-06
5.159556000000000174e-06
5.174457000000000050e-06
5.193083999999999863e-06
5.204260000000000042e-06
5.222885999999999616e-06
5.237787000000000340e-06
5.252688000000000216e-06
5.267590000000000332e-06
5.282491000000000209e-06
5.293667000000000388e-06
5.312292999999999962e-06
5.323469000000000141e-06
5.342094999999999715e-06
5.353270999999999894e-06
5.371897999999999707e-06
5.383073999999999886e-06
5.401700000000000307e-06
5.412875999999999639e-06
5.431502000000000060e-06
5.446404000000000176e-06
5.461305000000000052e-06
5.476205999999999929e-06
5.491106999999999805e-06
5.506007999999999682e-06
5.517183999999999861e-06
5.535810000000000282e-06
5.546985999999999613e-06
5.561887999999999729e-06
5.573062999999999669e-06
5.591690000000000329e-06
5.602865999999999661e-06
5.614041999999999840e-06
5.628942999999999717e-06
5.640118999999999896e-06
5.651293999999999835e-06
5.666195999999999951e-06
5.677372000000000130e-06
5.688547000000000070e-06
5.699723000000000249e-06
5.707173999999999883e-06
5.722074999999999759e-06
5.729526000000000241e-06
5.740701000000000180e-06
5.751877000000000359e-06
5.763052999999999691e-06
5.770504000000000173e-06
5.777954000000000415e-06
5.789129999999999747e-06
5.796581000000000228e-06
5.807757000000000407e-06
5.815206999999999802e-06
5.826382999999999981e-06
5.833833999999999616e-06
5.845009999999999794e-06
5.852460000000000037e-06
5.859910999999999671e-06
5.871086999999999850e-06
5.878537000000000092e-06
5.889713000000000271e-06
5.897163999999999905e-06
5.908340000000000084e-06
5.915790000000000326e-06
5.923240999999999961e-06
5.934417000000000140e-06
5.945592000000000079e-06
5.953042999999999714e-06
5.964218999999999893e-06
5.975395000000000072e-06
5.982845000000000314e-06
5.994020999999999646e-06
6.005196999999999825e-06
6.016373000000000004e-06
6.023823999999999638e-06
6.038725000000000361e-06
6.046174999999999756e-06
6.057350999999999935e-06
6.072251999999999812e-06
6.079703000000000293e-06
6.090878999999999625e-06
6.105780000000000349e-06
6.116955999999999681e-06
6.128131999999999860e-06
6.143032999999999736e-06
6.150482999999999978e-06
6.165385000000000094e-06
6.176560000000000034e-06
6.187736000000000213e-06
6.202637000000000089e-06
6.213813000000000268e-06
6.228714000000000145e-06
6.236164999999999779e-06
6.251065999999999655e-06
6.265967000000000379e-06
6.277142999999999711e-06
6.292043999999999587e-06
6.303219999999999766e-06
6.318120999999999643e-06
6.333022999999999759e-06
6.344197999999999698e-06
6.359099999999999814e-06
6.370275999999999993e-06
6.388902000000000414e-06
6.400077999999999746e-06
6.414978999999999622e-06
6.426154999999999801e-06
6.441055999999999678e-06
6.455957000000000401e-06
6.470858000000000278e-06
6.482033999999999610e-06
6.496935000000000333e-06
6.511836999999999602e-06
6.523012000000000389e-06
6.537913999999999657e-06
6.552815000000000381e-06
6.563990999999999713e-06
6.582617000000000134e-06
6.593793000000000313e-06
6.608694000000000189e-06
6.619870000000000368e-06
6.638495999999999942e-06
6.649672000000000121e-06
6.664572999999999998e-06
6.679475000000000114e-06
6.694375999999999990e-06
6.709276999999999867e-06
6.720453000000000045e-06
6.735353999999999922e-06
6.750254999999999798e-06
6.765155999999999675e-06
6.776331999999999854e-06
6.791232999999999730e-06
6.806133999999999607e-06
6.821035999999999723e-06
6.835936999999999599e-06
6.847112999999999778e-06
6.862013999999999655e-06
6.876915000000000378e-06
6.891816000000000255e-06
6.906717000000000131e-06
6.921618000000000007e-06
6.932794000000000186e-06
6.951421000000000000e-06
6.966321999999999876e-06
6.977498000000000055e-06
6.996123999999999629e-06
7.007299999999999808e-06
7.022200999999999685e-06
7.037102000000000408e-06
7.052003999999999677e-06
7.066905000000000400e-06
7.081806000000000277e-06
7.096707000000000153e-06
7.111608000000000030e-06
7.126508999999999906e-06
7.141411000000000022e-06
7.156311999999999899e-06
7.171212999999999775e-06
7.186113999999999652e-06
7.201015000000000375e-06
7.219642000000000188e-06
7.230818000000000367e-06
7.249443999999999941e-06
7.264344999999999818e-06
7.279245999999999694e-06
7.294147999999999810e-06
7.312774000000000231e-06
7.323950000000000410e-06
7.342575999999999984e-06
7.357476999999999861e-06
7.372378999999999977e-06
7.387279999999999853e-06
7.405906000000000274e-06
7.417081999999999606e-06
