-3.699999999999999947e-04
-3.699999999999999947e-04
1.930000000000000075e-03
3.939999999999999926e-03
7.009999999999999738e-03
9.090000000000000857e-03
1.217999999999999985e-02
1.417999999999999990e-02
1.730999999999999900e-02
1.938000000000000139e-02
2.247000000000000039e-02
2.447999999999999829e-02
2.748000000000000095e-02
2.953000000000000069e-02
3.261000000000000010e-02
3.468000000000000249e-02
3.774999999999999883e-02
3.980000000000000204e-02
4.288999999999999757e-02
4.490000000000000241e-02
4.796000000000000263e-02
4.998999999999999971e-02
5.308999999999999830e-02
5.514000000000000151e-02
5.822999999999999704e-02
6.024999999999999800e-02
6.331000000000000516e-02
6.542000000000000592e-02
6.848999999999999533e-02
7.052999999999999547e-02
7.341999999999999915e-02
7.539999999999999480e-02
7.846000000000000196e-02
8.051999999999999436e-02
8.361999999999999988e-02
8.563999999999999391e-02
8.870999999999999719e-02
9.074999999999999734e-02
9.379999999999999449e-02
9.586999999999999689e-02
9.887999999999999567e-02
1.009499999999999981e-01
1.040500000000000036e-01
1.060900000000000037e-01
1.091700000000000031e-01
1.111899999999999972e-01
1.143099999999999949e-01
1.163700000000000012e-01
1.194500000000000006e-01
1.214800000000000046e-01
1.244799999999999934e-01
1.265300000000000036e-01
1.295900000000000107e-01
1.316799999999999915e-01
1.347200000000000064e-01
1.367800000000000127e-01
1.398500000000000021e-01
1.418699999999999961e-01
1.449400000000000133e-01
1.469699999999999895e-01
1.500599999999999989e-01
1.521299999999999875e-01
1.551899999999999946e-01
1.572300000000000086e-01
1.602800000000000058e-01
1.623799999999999966e-01
1.654299999999999937e-01
1.674799999999999900e-01
1.705299999999999871e-01
1.725099999999999967e-01
1.756000000000000061e-01
1.776399999999999924e-01
1.807400000000000118e-01
1.827600000000000058e-01
1.858299999999999952e-01
1.878700000000000092e-01
1.909299999999999886e-01
1.929700000000000026e-01
1.958100000000000118e-01
1.978699999999999903e-01
2.009700000000000097e-01
2.030200000000000060e-01
2.061000000000000054e-01
2.081199999999999994e-01
2.112400000000000111e-01
2.132900000000000074e-01
2.163599999999999968e-01
2.183900000000000008e-01
2.214200000000000057e-01
2.234599999999999920e-01
2.265199999999999991e-01
2.286100000000000076e-01
2.316499999999999948e-01
2.337100000000000011e-01
2.367900000000000005e-01
2.388000000000000123e-01
2.418700000000000017e-01
2.439099999999999879e-01
2.469999999999999973e-01
2.490499999999999936e-01
2.521300000000000208e-01
2.541800000000000170e-01
2.572400000000000242e-01
2.593199999999999950e-01
2.623699999999999921e-01
2.644299999999999984e-01
2.674599999999999755e-01
2.694599999999999773e-01
2.725600000000000245e-01
2.745900000000000007e-01
2.776799999999999824e-01
2.797100000000000142e-01
2.827799999999999758e-01
2.848300000000000276e-01
2.878999999999999893e-01
2.899200000000000110e-01
2.929399999999999782e-01
2.950099999999999945e-01
2.980999999999999761e-01
3.001699999999999924e-01
3.032500000000000195e-01
3.052500000000000213e-01
3.083799999999999875e-01
3.104299999999999837e-01
3.134899999999999909e-01
3.155100000000000127e-01
3.183799999999999963e-01
3.204199999999999826e-01
3.234699999999999798e-01
3.255600000000000160e-01
3.286000000000000032e-01
3.306700000000000195e-01
3.337399999999999811e-01
3.357700000000000129e-01
3.388200000000000101e-01
3.408399999999999763e-01
3.439400000000000235e-01
3.459800000000000098e-01
3.490800000000000014e-01
3.511199999999999877e-01
3.541799999999999948e-01
3.562500000000000111e-01
3.592799999999999883e-01
3.613399999999999945e-01
3.643899999999999917e-01
3.664100000000000135e-01
3.694899999999999851e-01
3.715100000000000069e-01
3.745899999999999785e-01
3.766100000000000003e-01
3.797099999999999920e-01
3.817599999999999882e-01
3.848099999999999854e-01
3.868300000000000072e-01
3.898300000000000098e-01
3.919400000000000106e-01
3.950500000000000123e-01
3.971000000000000085e-01
4.001799999999999802e-01
4.021799999999999820e-01
4.053200000000000136e-01
4.073499999999999899e-01
4.104300000000000170e-01
4.124599999999999933e-01
4.154800000000000160e-01
4.175400000000000222e-01
4.206099999999999839e-01
4.226599999999999802e-01
4.257000000000000228e-01
4.278000000000000136e-01
4.308600000000000207e-01
4.329000000000000070e-01
4.359600000000000142e-01
4.379600000000000160e-01
4.410499999999999976e-01
4.431300000000000239e-01
4.460500000000000020e-01
4.480899999999999883e-01
4.511600000000000055e-01
4.532100000000000017e-01
4.562599999999999989e-01
4.583300000000000152e-01
4.613700000000000023e-01
4.633900000000000241e-01
4.664699999999999958e-01
4.684699999999999975e-01
4.715599999999999792e-01
4.736099999999999755e-01
4.767000000000000126e-01
4.787500000000000089e-01
4.818100000000000160e-01
4.838100000000000178e-01
4.868299999999999850e-01
4.889399999999999857e-01
4.920200000000000129e-01
4.940899999999999737e-01
4.971499999999999808e-01
4.991700000000000026e-01
5.022799999999999487e-01
5.043199999999999905e-01
5.074100000000000277e-01
5.094400000000000039e-01
5.124600000000000266e-01
5.145199999999999774e-01
5.175800000000000400e-01
5.196199999999999708e-01
5.226600000000000135e-01
5.247600000000000042e-01
5.278199999999999559e-01
5.298599999999999977e-01
5.329300000000000148e-01
5.349000000000000421e-01
5.380200000000000538e-01
5.400800000000000045e-01
5.431700000000000417e-01
5.452200000000000379e-01
5.482799999999999896e-01
5.503099999999999659e-01
5.533799999999999830e-01
5.554599999999999538e-01
5.583200000000000385e-01
5.603299999999999947e-01
5.634099999999999664e-01
5.654200000000000337e-01
5.685000000000000053e-01
5.705400000000000471e-01
5.736299999999999732e-01
5.756799999999999695e-01
5.787299999999999667e-01
5.807400000000000340e-01
5.837799999999999656e-01
5.858499999999999819e-01
5.889299999999999535e-01
5.910100000000000353e-01
5.940499999999999670e-01
5.960999999999999632e-01
5.992100000000000204e-01
6.012199999999999767e-01
6.043199999999999683e-01
6.063499999999999446e-01
6.093800000000000328e-01
6.114399999999999835e-01
6.145100000000000007e-01
6.165399999999999769e-01
6.195899999999999741e-01
6.216699999999999449e-01
6.247300000000000075e-01
6.267800000000000038e-01
6.298500000000000210e-01
6.318300000000000027e-01
6.349500000000000144e-01
6.370099999999999651e-01
6.401000000000000023e-01
6.421400000000000441e-01
6.452099999999999502e-01
6.472499999999999920e-01
6.503200000000000092e-01
6.523900000000000254e-01
6.554100000000000481e-01
6.574200000000000044e-01
6.604999999999999760e-01
6.625499999999999723e-01
6.656199999999999894e-01
6.676400000000000112e-01
6.707300000000000484e-01
6.727800000000000447e-01
6.756499999999999728e-01
6.776799999999999491e-01
6.807299999999999462e-01
6.828100000000000280e-01
6.858800000000000452e-01
6.879499999999999504e-01
6.910100000000000131e-01
6.930699999999999639e-01
6.961600000000000010e-01
6.981800000000000228e-01
7.012599999999999945e-01
7.032800000000000162e-01
7.063099999999999934e-01
7.083599999999999897e-01
7.114500000000000268e-01
7.134899999999999576e-01
7.165200000000000458e-01
7.186200000000000365e-01
7.216700000000000337e-01
7.237200000000000299e-01
7.267700000000000271e-01
7.287700000000000289e-01
7.318900000000000405e-01
7.339299999999999713e-01
7.370200000000000085e-01
7.390400000000000302e-01
7.421299999999999564e-01
7.441900000000000182e-01
7.472499999999999698e-01
7.492999999999999661e-01
7.523100000000000342e-01
7.543400000000000105e-01
7.574199999999999822e-01
7.594600000000000239e-01
7.625399999999999956e-01
7.645300000000000429e-01
7.676399999999999890e-01
7.696899999999999853e-01
7.727399999999999824e-01
7.747800000000000242e-01
7.778300000000000214e-01
7.798899999999999721e-01
7.829500000000000348e-01
7.850200000000000511e-01
7.881000000000000227e-01
7.901700000000000390e-01
7.930899999999999617e-01
7.951000000000000290e-01
7.981800000000000006e-01
8.002200000000000424e-01
8.032399999999999540e-01
8.053200000000000358e-01
8.084000000000000075e-01
8.104299999999999837e-01
8.134599999999999609e-01
8.155599999999999516e-01
8.186099999999999488e-01
8.206700000000000106e-01
8.237100000000000533e-01
8.257299999999999640e-01
8.288400000000000212e-01
8.308799999999999519e-01
8.339699999999999891e-01
8.359999999999999654e-01
8.391100000000000225e-01
8.411600000000000188e-01
8.442300000000000360e-01
8.462600000000000122e-01
8.492800000000000349e-01
8.513100000000000112e-01
8.543899999999999828e-01
8.564500000000000446e-01
8.595199999999999507e-01
8.615199999999999525e-01
8.646200000000000552e-01
8.666700000000000514e-01
8.697399999999999576e-01
8.717599999999999794e-01
8.748200000000000420e-01
8.768799999999999928e-01
8.799299999999999899e-01
8.820200000000000262e-01
8.850900000000000434e-01
8.871599999999999486e-01
8.902499999999999858e-01
8.922600000000000531e-01
8.953299999999999592e-01
8.973600000000000465e-01
9.003900000000000237e-01
9.024600000000000399e-01
9.055299999999999461e-01
9.075800000000000534e-01
9.106199999999999850e-01
9.126800000000000468e-01
9.157499999999999529e-01
9.176400000000000112e-01
9.206800000000000539e-01
9.226900000000000102e-01
9.258100000000000218e-01
9.278300000000000436e-01
9.309300000000000352e-01
9.329699999999999660e-01
9.360600000000000032e-01
9.381099999999999994e-01
9.411800000000000166e-01
9.431899999999999729e-01
9.462300000000000155e-01
9.482800000000000118e-01
9.513500000000000290e-01
9.534000000000000252e-01
9.564500000000000224e-01
9.584500000000000242e-01
9.615599999999999703e-01
9.636099999999999666e-01
9.666900000000000492e-01
9.687099999999999600e-01
9.717599999999999572e-01
9.737900000000000444e-01
9.768599999999999506e-01
9.789499999999999869e-01
9.819999999999999840e-01
9.840799999999999548e-01
9.871499999999999719e-01
9.891799999999999482e-01
9.922600000000000309e-01
9.942800000000000527e-01
9.973300000000000498e-01
9.993900000000000006e-01
1.002459999999999907e+00
1.004510000000000014e+00
1.007560000000000011e+00
1.009609999999999896e+00
1.012680000000000025e+00
1.014750000000000041e+00
1.017770000000000064e+00
1.019810000000000105e+00
1.022920000000000051e+00
1.024929999999999897e+00
1.028029999999999999e+00
1.030080000000000107e+00
1.033179999999999987e+00
1.035220000000000029e+00
1.038100000000000023e+00
1.040140000000000065e+00
1.043169999999999931e+00
1.045220000000000038e+00
1.048300000000000010e+00
1.050349999999999895e+00
1.053399999999999892e+00
1.055420000000000025e+00
1.058499999999999996e+00
1.060550000000000104e+00
1.063620000000000010e+00
1.065639999999999921e+00
1.068699999999999983e+00
1.070759999999999934e+00
1.073849999999999971e+00
1.075909999999999922e+00
1.078950000000000076e+00
1.081040000000000001e+00
1.084109999999999907e+00
1.086149999999999949e+00
1.089220000000000077e+00
1.091220000000000079e+00
1.094279999999999919e+00
1.096319999999999961e+00
1.099420000000000064e+00
1.101450000000000040e+00
1.104510000000000103e+00
1.106559999999999988e+00
1.109609999999999985e+00
1.111690000000000067e+00
1.114710000000000090e+00
1.116749999999999909e+00
1.119850000000000012e+00
1.121890000000000054e+00
1.124970000000000026e+00
1.127010000000000067e+00
1.130109999999999948e+00
1.132149999999999990e+00
1.135210000000000052e+00
1.137250000000000094e+00
1.140269999999999895e+00
1.142309999999999937e+00
1.145369999999999999e+00
1.147420000000000107e+00
1.150500000000000078e+00
1.152360000000000051e+00
1.155440000000000023e+00
1.157480000000000064e+00
1.160539999999999905e+00
1.162560000000000038e+00
1.165640000000000009e+00
1.167689999999999895e+00
1.170779999999999932e+00
1.172830000000000039e+00
1.175880000000000036e+00
1.177969999999999962e+00
1.181040000000000090e+00
1.183100000000000041e+00
1.186169999999999947e+00
1.188160000000000105e+00
1.191219999999999946e+00
1.193259999999999987e+00
1.196339999999999959e+00
1.198390000000000066e+00
1.201480000000000103e+00
1.203519999999999923e+00
1.206569999999999920e+00
1.208639999999999937e+00
1.211670000000000025e+00
1.213710000000000067e+00
1.216809999999999947e+00
1.218849999999999989e+00
1.221929999999999961e+00
1.223959999999999937e+00
1.227070000000000105e+00
1.229119999999999990e+00
1.232189999999999896e+00
1.234229999999999938e+00
1.237249999999999961e+00
1.239290000000000003e+00
1.242340000000000000e+00
1.244410000000000016e+00
1.247470000000000079e+00
1.249519999999999964e+00
1.252590000000000092e+00
1.254610000000000003e+00
1.257689999999999975e+00
1.259710000000000107e+00
1.262790000000000079e+00
1.264860000000000095e+00
1.267770000000000064e+00
1.269810000000000105e+00
1.272829999999999906e+00
1.274929999999999897e+00
1.278019999999999934e+00
1.280070000000000041e+00
1.283130000000000104e+00
1.285120000000000040e+00
1.288180000000000103e+00
1.290240000000000054e+00
1.293320000000000025e+00
1.295350000000000001e+00
1.298429999999999973e+00
1.300470000000000015e+00
1.303520000000000012e+00
1.305579999999999963e+00
1.308619999999999894e+00
1.310680000000000067e+00
1.313770000000000104e+00
1.315809999999999924e+00
1.318880000000000052e+00
1.320899999999999963e+00
1.324000000000000066e+00
1.326060000000000016e+00
1.329129999999999923e+00
1.331159999999999899e+00
1.334189999999999987e+00
1.336209999999999898e+00
1.339259999999999895e+00
1.341360000000000108e+00
1.344410000000000105e+00
1.346459999999999990e+00
1.349539999999999962e+00
1.351529999999999898e+00
1.354600000000000026e+00
1.356649999999999912e+00
1.359720000000000040e+00
1.361779999999999990e+00
1.364859999999999962e+00
1.366900000000000004e+00
1.369939999999999936e+00
1.372039999999999926e+00
1.375099999999999989e+00
1.377159999999999940e+00
1.380049999999999999e+00
1.382030000000000092e+00
1.385110000000000063e+00
1.387159999999999949e+00
1.390239999999999920e+00
1.392279999999999962e+00
1.395359999999999934e+00
1.397410000000000041e+00
1.400460000000000038e+00
1.402500000000000080e+00
1.405550000000000077e+00
1.407620000000000093e+00
1.410700000000000065e+00
1.412740000000000107e+00
1.415820000000000078e+00
1.417839999999999989e+00
1.420930000000000026e+00
1.423000000000000043e+00
1.426069999999999949e+00
1.428099999999999925e+00
1.431119999999999948e+00
1.433140000000000081e+00
1.436209999999999987e+00
1.438290000000000068e+00
1.441340000000000066e+00
1.443410000000000082e+00
1.446460000000000079e+00
1.448479999999999990e+00
1.451549999999999896e+00
1.453600000000000003e+00
1.456679999999999975e+00
1.458730000000000082e+00
1.461810000000000054e+00
1.463850000000000096e+00
1.466920000000000002e+00
1.468990000000000018e+00
1.472040000000000015e+00
1.474110000000000031e+00
1.477149999999999963e+00
1.479149999999999965e+00
1.482240000000000002e+00
1.484269999999999978e+00
1.487360000000000015e+00
1.489389999999999992e+00
1.492480000000000029e+00
1.494520000000000071e+00
1.497579999999999911e+00
1.499440000000000106e+00
1.502480000000000038e+00
1.504550000000000054e+00
1.507630000000000026e+00
1.509679999999999911e+00
1.512760000000000105e+00
1.514769999999999950e+00
1.517870000000000053e+00
1.519930000000000003e+00
1.522999999999999909e+00
1.525030000000000108e+00
1.528040000000000065e+00
1.530070000000000041e+00
1.533139999999999947e+00
1.535220000000000029e+00
1.538270000000000026e+00
1.540319999999999911e+00
1.543379999999999974e+00
1.545409999999999950e+00
1.548480000000000079e+00
1.550510000000000055e+00
1.553539999999999921e+00
1.555590000000000028e+00
1.558659999999999934e+00
1.560729999999999951e+00
1.563800000000000079e+00
1.565870000000000095e+00
1.568929999999999936e+00
1.571010000000000018e+00
1.574030000000000040e+00
1.576040000000000108e+00
1.579139999999999988e+00
1.581150000000000055e+00
1.584240000000000093e+00
1.586270000000000069e+00
1.589369999999999949e+00
1.591420000000000057e+00
1.594489999999999963e+00
1.596519999999999939e+00
1.599550000000000027e+00
1.601639999999999953e+00
1.604700000000000015e+00
1.606759999999999966e+00
1.609839999999999938e+00
1.611860000000000070e+00
1.614970000000000017e+00
1.617010000000000058e+00
1.620100000000000096e+00
1.622120000000000006e+00
1.625140000000000029e+00
1.627019999999999911e+00
1.630079999999999973e+00
1.632149999999999990e+00
1.635180000000000078e+00
1.637240000000000029e+00
1.640339999999999909e+00
1.642360000000000042e+00
1.645429999999999948e+00
1.647440000000000015e+00
1.650519999999999987e+00
1.652579999999999938e+00
1.655659999999999910e+00
1.657720000000000082e+00
1.660789999999999988e+00
1.662849999999999939e+00
1.665890000000000093e+00
1.667960000000000109e+00
1.671019999999999950e+00
1.673040000000000083e+00
1.676120000000000054e+00
1.678139999999999965e+00
1.681210000000000093e+00
1.683249999999999913e+00
1.686339999999999950e+00
1.688409999999999966e+00
1.691470000000000029e+00
1.693489999999999940e+00
1.696530000000000094e+00
1.698609999999999953e+00
1.701680000000000081e+00
1.703740000000000032e+00
1.706809999999999938e+00
1.708839999999999915e+00
1.711920000000000108e+00
1.713959999999999928e+00
1.717049999999999965e+00
1.719079999999999941e+00
1.722099999999999964e+00
1.724159999999999915e+00
1.727230000000000043e+00
1.729270000000000085e+00
1.732290000000000108e+00
1.734380000000000033e+00
1.737440000000000095e+00
1.739500000000000046e+00
1.742539999999999978e+00
1.744539999999999980e+00
1.747470000000000079e+00
1.749519999999999964e+00
1.752610000000000001e+00
1.754669999999999952e+00
1.757730000000000015e+00
1.759779999999999900e+00
1.762820000000000054e+00
1.764899999999999913e+00
1.767959999999999976e+00
1.769970000000000043e+00
1.773050000000000015e+00
1.775069999999999926e+00
1.778149999999999897e+00
1.780200000000000005e+00
1.783290000000000042e+00
1.785339999999999927e+00
1.788410000000000055e+00
1.790419999999999900e+00
1.793460000000000054e+00
1.795530000000000070e+00
1.798620000000000108e+00
1.800689999999999902e+00
1.803749999999999964e+00
1.805800000000000072e+00
1.808880000000000043e+00
1.810910000000000020e+00
1.813979999999999926e+00
1.816019999999999968e+00
1.819050000000000056e+00
1.821090000000000098e+00
1.824179999999999913e+00
1.826189999999999980e+00
1.829250000000000043e+00
1.831339999999999968e+00
1.834410000000000096e+00
1.836440000000000072e+00
1.839490000000000069e+00
1.841480000000000006e+00
1.844600000000000017e+00
1.846670000000000034e+00
1.849750000000000005e+00
1.851790000000000047e+00
1.854870000000000019e+00
1.856919999999999904e+00
1.859969999999999901e+00
1.862039999999999917e+00
1.864919999999999911e+00
1.866929999999999978e+00
1.869990000000000041e+00
1.872020000000000017e+00
1.875119999999999898e+00
1.877140000000000031e+00
1.880239999999999911e+00
1.882279999999999953e+00
1.885340000000000016e+00
1.887380000000000058e+00
1.890409999999999924e+00
1.892490000000000006e+00
1.895559999999999912e+00
1.897629999999999928e+00
1.900689999999999991e+00
1.902740000000000098e+00
1.905820000000000070e+00
1.907850000000000046e+00
1.910910000000000108e+00
1.912959999999999994e+00
1.915980000000000016e+00
1.918039999999999967e+00
1.921100000000000030e+00
1.923140000000000072e+00
1.926190000000000069e+00
1.928269999999999929e+00
1.931340000000000057e+00
1.933370000000000033e+00
1.936420000000000030e+00
1.938430000000000097e+00
1.941559999999999953e+00
1.943599999999999994e+00
1.946690000000000031e+00
1.948730000000000073e+00
1.951829999999999954e+00
1.953869999999999996e+00
1.956939999999999902e+00
1.958979999999999944e+00
1.962020000000000097e+00
1.964050000000000074e+00
1.967119999999999980e+00
1.969170000000000087e+00
1.972259999999999902e+00
1.974269999999999969e+00
1.977370000000000072e+00
1.979400000000000048e+00
1.982480000000000020e+00
1.984529999999999905e+00
1.987400000000000055e+00
1.989460000000000006e+00
1.992520000000000069e+00
1.994599999999999929e+00
1.997649999999999926e+00
1.999700000000000033e+00
2.002800000000000136e+00
2.004820000000000046e+00
2.007890000000000175e+00
2.009930000000000216e+00
2.012970000000000148e+00
2.015010000000000190e+00
2.018079999999999874e+00
2.020129999999999981e+00
2.023169999999999913e+00
2.025250000000000217e+00
2.028309999999999835e+00
2.030359999999999943e+00
2.033409999999999940e+00
2.035439999999999916e+00
2.038539999999999797e+00
2.040579999999999838e+00
2.043660000000000032e+00
2.045700000000000074e+00
2.048799999999999955e+00
2.050850000000000062e+00
2.053929999999999811e+00
2.055950000000000166e+00
2.058990000000000098e+00
2.060999999999999943e+00
2.064090000000000202e+00
2.066149999999999931e+00
2.069209999999999994e+00
2.071239999999999970e+00
2.074329999999999785e+00
2.076369999999999827e+00
2.079429999999999890e+00
2.081490000000000062e+00
2.084540000000000060e+00
2.086599999999999788e+00
2.088849999999999874e+00
2.088859999999999939e+00
2.088849999999999874e+00
2.088870000000000005e+00
2.091419999999999835e+00
2.093459999999999877e+00
2.096560000000000201e+00
2.098590000000000177e+00
2.101649999999999796e+00
2.103709999999999969e+00
2.106759999999999966e+00
2.108769999999999811e+00
2.111819999999999808e+00
2.113690000000000069e+00
2.116779999999999884e+00
2.118819999999999926e+00
2.121900000000000119e+00
2.123930000000000096e+00
2.127009999999999845e+00
2.129030000000000200e+00
2.132070000000000132e+00
2.134139999999999926e+00
2.137210000000000054e+00
2.139269999999999783e+00
2.142329999999999846e+00
2.144379999999999953e+00
2.147489999999999899e+00
2.149519999999999875e+00
2.152590000000000003e+00
2.154619999999999980e+00
2.157639999999999780e+00
2.159699999999999953e+00
2.162780000000000147e+00
2.164810000000000123e+00
2.167860000000000120e+00
2.169939999999999980e+00
2.173020000000000174e+00
2.175060000000000215e+00
2.178119999999999834e+00
2.180120000000000058e+00
2.183230000000000004e+00
2.185290000000000177e+00
2.188359999999999861e+00
2.190389999999999837e+00
2.193490000000000162e+00
2.195530000000000204e+00
2.198580000000000201e+00
2.200649999999999995e+00
2.203689999999999927e+00
2.205709999999999837e+00
2.208779999999999966e+00
2.210820000000000007e+00
2.213890000000000136e+00
2.215920000000000112e+00
2.218999999999999861e+00
2.221039999999999903e+00
2.223959999999999937e+00
2.225989999999999913e+00
2.229039999999999910e+00
2.231100000000000083e+00
2.234160000000000146e+00
2.236229999999999940e+00
2.239279999999999937e+00
2.241340000000000110e+00
2.244429999999999925e+00
2.246449999999999836e+00
2.249530000000000030e+00
2.251560000000000006e+00
2.254599999999999937e+00
2.256660000000000110e+00
2.259729999999999794e+00
2.261769999999999836e+00
2.264800000000000146e+00
2.266890000000000072e+00
2.269950000000000134e+00
2.271999999999999797e+00
2.275069999999999926e+00
2.277070000000000149e+00
2.280180000000000096e+00
2.282220000000000137e+00
2.285309999999999953e+00
2.287339999999999929e+00
2.290430000000000188e+00
2.292469999999999786e+00
2.295519999999999783e+00
2.297579999999999956e+00
2.300609999999999822e+00
2.302639999999999798e+00
2.305709999999999926e+00
2.307749999999999968e+00
2.310830000000000162e+00
2.312840000000000007e+00
2.315929999999999822e+00
2.317979999999999929e+00
2.321050000000000058e+00
2.323080000000000034e+00
2.326130000000000031e+00
2.328170000000000073e+00
2.331249999999999822e+00
2.333349999999999813e+00
2.335379999999999789e+00
2.338470000000000049e+00
2.340500000000000025e+00
2.343570000000000153e+00
2.345629999999999882e+00
2.348669999999999813e+00
2.350699999999999790e+00
2.353779999999999983e+00
2.355799999999999894e+00
2.358890000000000153e+00
2.360910000000000064e+00
2.364020000000000010e+00
2.366070000000000118e+00
2.369130000000000180e+00
2.371160000000000156e+00
2.374210000000000154e+00
2.376269999999999882e+00
2.379319999999999879e+00
2.381409999999999805e+00
2.384469999999999867e+00
2.386519999999999975e+00
2.389629999999999921e+00
2.391640000000000210e+00
2.394540000000000113e+00
2.396580000000000155e+00
2.399610000000000021e+00
2.401670000000000194e+00
2.404729999999999812e+00
2.406759999999999788e+00
2.409800000000000164e+00
2.411900000000000155e+00
2.414969999999999839e+00
2.417009999999999881e+00
2.420080000000000009e+00
2.422029999999999905e+00
2.425149999999999917e+00
2.427220000000000155e+00
2.430309999999999970e+00
2.432350000000000012e+00
2.435430000000000206e+00
2.437469999999999803e+00
2.440539999999999932e+00
2.442610000000000170e+00
2.445640000000000036e+00
2.447659999999999947e+00
2.450740000000000141e+00
2.452780000000000182e+00
2.455839999999999801e+00
2.457860000000000156e+00
2.460980000000000167e+00
2.463029999999999831e+00
2.466089999999999893e+00
2.468129999999999935e+00
2.471179999999999932e+00
2.473240000000000105e+00
2.476300000000000168e+00
2.478359999999999896e+00
2.481430000000000025e+00
2.483480000000000132e+00
2.486559999999999881e+00
2.488570000000000171e+00
2.491670000000000051e+00
2.493710000000000093e+00
2.496739999999999959e+00
2.498800000000000132e+00
2.501860000000000195e+00
2.503890000000000171e+00
2.506930000000000103e+00
2.509020000000000028e+00
2.512080000000000091e+00
2.514130000000000198e+00
2.517170000000000130e+00
2.519169999999999909e+00
2.522279999999999855e+00
2.524329999999999963e+00
2.527410000000000156e+00
2.529459999999999820e+00
2.532540000000000013e+00
2.534580000000000055e+00
2.537659999999999805e+00
2.539699999999999847e+00
2.542749999999999844e+00
2.544770000000000199e+00
2.547849999999999948e+00
2.549900000000000055e+00
2.552960000000000118e+00
2.554809999999999803e+00
2.557910000000000128e+00
2.559959999999999791e+00
2.563019999999999854e+00
2.565059999999999896e+00
2.568130000000000024e+00
2.570160000000000000e+00
2.573240000000000194e+00
2.575309999999999988e+00
2.578370000000000051e+00
2.580429999999999779e+00
2.583499999999999908e+00
2.585510000000000197e+00
2.588600000000000012e+00
2.590650000000000119e+00
2.593669999999999920e+00
2.595709999999999962e+00
2.598809999999999842e+00
2.600839999999999819e+00
2.603889999999999816e+00
2.605970000000000120e+00
2.609020000000000117e+00
2.611069999999999780e+00
2.614100000000000090e+00
2.616150000000000198e+00
2.619250000000000078e+00
2.621280000000000054e+00
2.624369999999999870e+00
2.626409999999999911e+00
2.629480000000000040e+00
2.631549999999999834e+00
2.634619999999999962e+00
2.636649999999999938e+00
2.639689999999999870e+00
2.641719999999999846e+00
2.644769999999999843e+00
2.646850000000000147e+00
2.649919999999999831e+00
2.651940000000000186e+00
2.655030000000000001e+00
2.657090000000000174e+00
2.660140000000000171e+00
2.662170000000000147e+00
2.664919999999999956e+00
2.667289999999999939e+00
2.670339999999999936e+00
2.672419999999999796e+00
2.675310000000000077e+00
2.677369999999999806e+00
2.680439999999999934e+00
2.682479999999999976e+00
2.685560000000000169e+00
2.687590000000000146e+00
2.690620000000000012e+00
2.692660000000000053e+00
2.695730000000000182e+00
2.697789999999999910e+00
2.700849999999999973e+00
2.702900000000000080e+00
2.705950000000000077e+00
2.708009999999999806e+00
2.711050000000000182e+00
2.713109999999999911e+00
2.716200000000000170e+00
2.718230000000000146e+00
2.721309999999999896e+00
2.723339999999999872e+00
2.726449999999999818e+00
2.728509999999999991e+00
2.731570000000000054e+00
2.733610000000000095e+00
2.736639999999999961e+00
2.738669999999999938e+00
2.741730000000000000e+00
2.743790000000000173e+00
2.746869999999999923e+00
2.748889999999999834e+00
2.751970000000000027e+00
2.754039999999999822e+00
2.757109999999999950e+00
2.759149999999999991e+00
2.762210000000000054e+00
2.764260000000000161e+00
2.767319999999999780e+00
2.769390000000000018e+00
2.772440000000000015e+00
2.774509999999999810e+00
2.777590000000000003e+00
2.779619999999999980e+00
2.782709999999999795e+00
2.784710000000000019e+00
2.787749999999999950e+00
2.789800000000000058e+00
2.792879999999999807e+00
2.794929999999999914e+00
2.798000000000000043e+00
2.800040000000000084e+00
2.802900000000000169e+00
2.804990000000000094e+00
2.808040000000000092e+00
2.810080000000000133e+00
2.813169999999999948e+00
2.815199999999999925e+00
2.818259999999999987e+00
2.820310000000000095e+00
2.823430000000000106e+00
2.825480000000000214e+00
2.828530000000000211e+00
2.830560000000000187e+00
2.833610000000000184e+00
2.835649999999999782e+00
2.838699999999999779e+00
2.840770000000000017e+00
2.843830000000000080e+00
2.845860000000000056e+00
2.848939999999999806e+00
2.850979999999999848e+00
2.854070000000000107e+00
2.856100000000000083e+00
2.859160000000000146e+00
2.861219999999999875e+00
2.864290000000000003e+00
2.866330000000000044e+00
2.869390000000000107e+00
2.871469999999999967e+00
2.874540000000000095e+00
2.876580000000000137e+00
2.879649999999999821e+00
2.881650000000000045e+00
2.884700000000000042e+00
2.886750000000000149e+00
2.889839999999999964e+00
2.891880000000000006e+00
2.894940000000000069e+00
2.896970000000000045e+00
2.900040000000000173e+00
2.902099999999999902e+00
2.905149999999999899e+00
2.907189999999999941e+00
2.910270000000000135e+00
2.912290000000000045e+00
2.915369999999999795e+00
2.917250000000000121e+00
2.920350000000000001e+00
2.922390000000000043e+00
2.925460000000000171e+00
2.927490000000000148e+00
2.930540000000000145e+00
2.932580000000000187e+00
2.935639999999999805e+00
2.937699999999999978e+00
2.940760000000000041e+00
2.942800000000000082e+00
2.945870000000000211e+00
2.947909999999999808e+00
2.951000000000000068e+00
2.953030000000000044e+00
2.956109999999999793e+00
2.958159999999999901e+00
2.961230000000000029e+00
2.963270000000000071e+00
2.966320000000000068e+00
2.968409999999999993e+00
2.971470000000000056e+00
2.973520000000000163e+00
2.976570000000000160e+00
2.978590000000000071e+00
2.981650000000000134e+00
2.983699999999999797e+00
2.986779999999999990e+00
2.988820000000000032e+00
2.991880000000000095e+00
2.993920000000000137e+00
2.996980000000000199e+00
2.999039999999999928e+00
3.002089999999999925e+00
3.004129999999999967e+00
3.007219999999999782e+00
3.009250000000000203e+00
3.012340000000000018e+00
3.014380000000000059e+00
3.017479999999999940e+00
3.019519999999999982e+00
3.022580000000000044e+00
3.024630000000000152e+00
3.027649999999999952e+00
3.029689999999999994e+00
3.032750000000000057e+00
3.034809999999999786e+00
3.037879999999999914e+00
3.039759999999999796e+00
3.042829999999999924e+00
3.044859999999999900e+00
3.047940000000000094e+00
3.049980000000000135e+00
3.053040000000000198e+00
3.055089999999999861e+00
3.058180000000000121e+00
3.060220000000000162e+00
3.063270000000000159e+00
3.065350000000000019e+00
3.068420000000000147e+00
3.070460000000000189e+00
3.073510000000000186e+00
3.075530000000000097e+00
3.078580000000000094e+00
3.080630000000000202e+00
3.083709999999999951e+00
3.085729999999999862e+00
3.088830000000000187e+00
3.090869999999999784e+00
3.093929999999999847e+00
3.095979999999999954e+00
3.099019999999999886e+00
3.100680000000000103e+00
3.104099999999999859e+00
3.106149999999999967e+00
3.109249999999999847e+00
3.111270000000000202e+00
3.114370000000000083e+00
3.116410000000000124e+00
3.119479999999999809e+00
3.121539999999999981e+00
3.124569999999999848e+00
3.126590000000000202e+00
3.129649999999999821e+00
3.131709999999999994e+00
3.134790000000000187e+00
3.136839999999999851e+00
3.139920000000000044e+00
3.141950000000000021e+00
3.145020000000000149e+00
3.147069999999999812e+00
3.150129999999999875e+00
3.152190000000000047e+00
3.155260000000000176e+00
3.157309999999999839e+00
3.160369999999999902e+00
3.162440000000000140e+00
3.165500000000000203e+00
3.167559999999999931e+00
3.170609999999999928e+00
3.172629999999999839e+00
3.175689999999999902e+00
3.177729999999999944e+00
3.180790000000000006e+00
3.182840000000000114e+00
3.185929999999999929e+00
3.187990000000000101e+00
3.190859999999999808e+00
3.192899999999999849e+00
3.195939999999999781e+00
3.198010000000000019e+00
3.201080000000000148e+00
3.203139999999999876e+00
3.206220000000000070e+00
3.208239999999999981e+00
3.211310000000000109e+00
3.213369999999999838e+00
3.216460000000000097e+00
3.218510000000000204e+00
3.221540000000000070e+00
3.223570000000000046e+00
3.226620000000000044e+00
3.228689999999999838e+00
3.231749999999999901e+00
3.233810000000000073e+00
3.236889999999999823e+00
3.238910000000000178e+00
3.241979999999999862e+00
3.244000000000000217e+00
3.247100000000000097e+00
3.249150000000000205e+00
3.252229999999999954e+00
3.254269999999999996e+00
3.257319999999999993e+00
3.259399999999999853e+00
3.262449999999999850e+00
3.264520000000000088e+00
3.267560000000000020e+00
3.269579999999999931e+00
3.272650000000000059e+00
3.274659999999999904e+00
3.277750000000000163e+00
3.279799999999999827e+00
3.282890000000000086e+00
3.284930000000000128e+00
3.287990000000000190e+00
3.290010000000000101e+00
3.293070000000000164e+00
3.295139999999999958e+00
3.298189999999999955e+00
3.300250000000000128e+00
3.303319999999999812e+00
3.305349999999999788e+00
3.308429999999999982e+00
3.310490000000000155e+00
3.313579999999999970e+00
3.315620000000000012e+00
3.318449999999999900e+00
3.320489999999999942e+00
3.323560000000000070e+00
3.325629999999999864e+00
3.328679999999999861e+00
3.330750000000000099e+00
3.333819999999999784e+00
3.335850000000000204e+00
3.338909999999999823e+00
3.340939999999999799e+00
3.344040000000000123e+00
3.346089999999999787e+00
3.349159999999999915e+00
3.351210000000000022e+00
3.354280000000000150e+00
3.356320000000000192e+00
3.359389999999999876e+00
3.361450000000000049e+00
3.364510000000000112e+00
3.366519999999999957e+00
3.369590000000000085e+00
3.371599999999999930e+00
3.374690000000000190e+00
3.376729999999999787e+00
3.379830000000000112e+00
3.381880000000000219e+00
3.384930000000000216e+00
3.386950000000000127e+00
3.390000000000000124e+00
3.392090000000000050e+00
3.395160000000000178e+00
3.397209999999999841e+00
3.400259999999999838e+00
3.402320000000000011e+00
3.405400000000000205e+00
3.407439999999999802e+00
3.410530000000000062e+00
3.412560000000000038e+00
3.415579999999999838e+00
3.417619999999999880e+00
3.420710000000000139e+00
3.422740000000000116e+00
3.425809999999999800e+00
3.427859999999999907e+00
3.430940000000000101e+00
3.432990000000000208e+00
3.436049999999999827e+00
3.438070000000000181e+00
3.440990000000000215e+00
3.443039999999999878e+00
3.446120000000000072e+00
3.448160000000000114e+00
3.451239999999999863e+00
3.453269999999999840e+00
3.456350000000000033e+00
3.458410000000000206e+00
3.461450000000000138e+00
3.463470000000000049e+00
3.466530000000000111e+00
3.468560000000000088e+00
3.471630000000000216e+00
3.473679999999999879e+00
3.476780000000000204e+00
3.478810000000000180e+00
3.481869999999999798e+00
3.483909999999999840e+00
3.486959999999999837e+00
3.489040000000000141e+00
3.492100000000000204e+00
3.494149999999999867e+00
3.497209999999999930e+00
3.499280000000000168e+00
3.502380000000000049e+00
3.504399999999999959e+00
3.507470000000000088e+00
3.509520000000000195e+00
3.512529999999999930e+00
3.514590000000000103e+00
3.517679999999999918e+00
3.519709999999999894e+00
3.522759999999999891e+00
3.524830000000000130e+00
3.527890000000000192e+00
3.529939999999999856e+00
3.533009999999999984e+00
3.535029999999999895e+00
3.538120000000000154e+00
3.540179999999999882e+00
3.543239999999999945e+00
3.545290000000000052e+00
3.548389999999999933e+00
3.550419999999999909e+00
3.553479999999999972e+00
3.555530000000000079e+00
3.558600000000000207e+00
3.560610000000000053e+00
3.563489999999999824e+00
3.565519999999999801e+00
3.568610000000000060e+00
3.570650000000000102e+00
3.573729999999999851e+00
3.575769999999999893e+00
3.578850000000000087e+00
3.580890000000000128e+00
3.583950000000000191e+00
3.586009999999999920e+00
3.589059999999999917e+00
3.591130000000000155e+00
3.594180000000000152e+00
3.596249999999999947e+00
3.599330000000000140e+00
3.601350000000000051e+00
3.604420000000000179e+00
3.606460000000000221e+00
3.609500000000000153e+00
3.611549999999999816e+00
3.614640000000000075e+00
3.616670000000000051e+00
3.619689999999999852e+00
3.621780000000000221e+00
3.624849999999999905e+00
3.626910000000000078e+00
3.629970000000000141e+00
3.631990000000000052e+00
3.635089999999999932e+00
3.637129999999999974e+00
3.640200000000000102e+00
3.642250000000000210e+00
3.645329999999999959e+00
3.647370000000000001e+00
3.650430000000000064e+00
3.652480000000000171e+00
3.655539999999999790e+00
3.657550000000000079e+00
3.660620000000000207e+00
3.662659999999999805e+00
3.665750000000000064e+00
3.667759999999999909e+00
3.670840000000000103e+00
3.672890000000000210e+00
3.675980000000000025e+00
3.678020000000000067e+00
3.681059999999999999e+00
3.683079999999999909e+00
3.686150000000000038e+00
3.688239999999999963e+00
3.691289999999999960e+00
3.693369999999999820e+00
3.696429999999999882e+00
3.698449999999999793e+00
3.701340000000000074e+00
3.703399999999999803e+00
3.706440000000000179e+00
3.708480000000000221e+00
3.711570000000000036e+00
3.713589999999999947e+00
3.716639999999999944e+00
3.718729999999999869e+00
3.721789999999999932e+00
3.723850000000000104e+00
3.726890000000000036e+00
3.728920000000000012e+00
3.731990000000000141e+00
3.734059999999999935e+00
3.737140000000000128e+00
3.739180000000000170e+00
3.742280000000000051e+00
3.744320000000000093e+00
3.747370000000000090e+00
3.749410000000000132e+00
3.752470000000000194e+00
3.754480000000000040e+00
3.757540000000000102e+00
3.759599999999999831e+00
3.762680000000000025e+00
3.764679999999999804e+00
3.767790000000000195e+00
3.769839999999999858e+00
3.772920000000000051e+00
3.774950000000000028e+00
3.778010000000000090e+00
3.780040000000000067e+00
3.783119999999999816e+00
3.785190000000000055e+00
3.788250000000000117e+00
3.790319999999999911e+00
3.793379999999999974e+00
3.795409999999999950e+00
3.798480000000000079e+00
3.800520000000000120e+00
3.803560000000000052e+00
3.805619999999999781e+00
3.808670000000000222e+00
3.810700000000000198e+00
3.813810000000000144e+00
3.815850000000000186e+00
3.818909999999999805e+00
3.820800000000000196e+00
3.823840000000000128e+00
3.825889999999999791e+00
3.828959999999999919e+00
3.831010000000000026e+00
3.834090000000000220e+00
3.836129999999999818e+00
3.839220000000000077e+00
3.841260000000000119e+00
3.844329999999999803e+00
3.846369999999999845e+00
3.849410000000000220e+00
3.851440000000000197e+00
3.854490000000000194e+00
3.856559999999999988e+00
3.859620000000000051e+00
3.861650000000000027e+00
3.864730000000000221e+00
3.866779999999999884e+00
3.869860000000000078e+00
3.871900000000000119e+00
3.874950000000000117e+00
3.876999999999999780e+00
3.880079999999999973e+00
3.882130000000000081e+00
3.885190000000000143e+00
3.887259999999999938e+00
3.890330000000000066e+00
3.892360000000000042e+00
3.895439999999999792e+00
3.897470000000000212e+00
3.900510000000000144e+00
3.902559999999999807e+00
3.905619999999999870e+00
3.907669999999999977e+00
3.910750000000000171e+00
3.912799999999999834e+00
3.915849999999999831e+00
3.917899999999999938e+00
3.920970000000000066e+00
3.923039999999999861e+00
3.926099999999999923e+00
3.928129999999999900e+00
3.931210000000000093e+00
3.933260000000000201e+00
3.936339999999999950e+00
3.938379999999999992e+00
3.941479999999999873e+00
3.943490000000000162e+00
3.946540000000000159e+00
3.948560000000000070e+00
3.951620000000000132e+00
3.953679999999999861e+00
3.956580000000000208e+00
3.958790000000000031e+00
3.961699999999999999e+00
3.963740000000000041e+00
3.966819999999999791e+00
3.968859999999999832e+00
3.971919999999999895e+00
3.973970000000000002e+00
3.977050000000000196e+00
3.979089999999999794e+00
3.982139999999999791e+00
3.984210000000000029e+00
3.987289999999999779e+00
3.989329999999999821e+00
3.992399999999999949e+00
3.994439999999999991e+00
3.997459999999999791e+00
3.999499999999999833e+00
4.002580000000000027e+00
4.004640000000000200e+00
4.007729999999999571e+00
4.009759999999999991e+00
4.012800000000000367e+00
4.014859999999999651e+00
4.017920000000000158e+00
4.019989999999999952e+00
4.023060000000000080e+00
4.025079999999999991e+00
4.028159999999999741e+00
4.030219999999999914e+00
4.033280000000000420e+00
4.035330000000000084e+00
4.038420000000000343e+00
4.040460000000000385e+00
4.043510000000000382e+00
4.045510000000000161e+00
4.048589999999999911e+00
4.050639999999999574e+00
4.053700000000000081e+00
4.055760000000000254e+00
4.058830000000000382e+00
4.060859999999999914e+00
4.063920000000000421e+00
4.065970000000000084e+00
4.069040000000000212e+00
4.070909999999999584e+00
4.073990000000000222e+00
4.076039999999999885e+00
4.079080000000000261e+00
4.081159999999999677e+00
4.084220000000000184e+00
4.086289999999999978e+00
4.089339999999999975e+00
4.091359999999999886e+00
4.094380000000000130e+00
4.096440000000000303e+00
4.099520000000000053e+00
4.101569999999999716e+00
4.104659999999999975e+00
4.106679999999999886e+00
4.109740000000000393e+00
4.111799999999999677e+00
4.114880000000000315e+00
4.116920000000000357e+00
4.119989999999999597e+00
4.122020000000000017e+00
4.125110000000000277e+00
4.127139999999999809e+00
4.130239999999999689e+00
4.132270000000000110e+00
4.135349999999999859e+00
4.137400000000000411e+00
4.140419999999999767e+00
4.142439999999999678e+00
4.145509999999999806e+00
4.147579999999999600e+00
4.150640000000000107e+00
4.152700000000000280e+00
4.155770000000000408e+00
4.157790000000000319e+00
4.160859999999999559e+00
4.162910000000000110e+00
4.165989999999999860e+00
4.168040000000000411e+00
4.171120000000000161e+00
4.173129999999999562e+00
4.176210000000000200e+00
4.178289999999999615e+00
4.181350000000000122e+00
4.183410000000000295e+00
4.186469999999999914e+00
4.188480000000000203e+00
4.191510000000000069e+00
4.193399999999999572e+00
4.196469999999999700e+00
4.198520000000000252e+00
4.201600000000000001e+00
4.203640000000000043e+00
4.206690000000000040e+00
4.208759999999999835e+00
4.211820000000000341e+00
4.213870000000000005e+00
4.216929999999999623e+00
4.218960000000000043e+00
4.222059999999999924e+00
4.224090000000000344e+00
4.227190000000000225e+00
4.229219999999999757e+00
4.232310000000000016e+00
4.234350000000000058e+00
4.237370000000000303e+00
4.239390000000000214e+00
4.242460000000000342e+00
4.244519999999999627e+00
4.247580000000000133e+00
4.249640000000000306e+00
4.252720000000000056e+00
4.254749999999999588e+00
4.257810000000000095e+00
4.259879999999999889e+00
4.262959999999999638e+00
4.265010000000000190e+00
4.268069999999999808e+00
4.270109999999999850e+00
4.273179999999999978e+00
4.275249999999999773e+00
4.278310000000000279e+00
4.280359999999999943e+00
4.283419999999999561e+00
4.285449999999999982e+00
4.288479999999999848e+00
4.290530000000000399e+00
4.293610000000000149e+00
4.295659999999999812e+00
4.298729999999999940e+00
4.300769999999999982e+00
4.303860000000000241e+00
4.305889999999999773e+00
4.308959999999999901e+00
4.311009999999999565e+00
4.314059999999999562e+00
4.316130000000000244e+00
4.319200000000000372e+00
4.321209999999999773e+00
4.324139999999999873e+00
4.326360000000000205e+00
4.329259999999999664e+00
4.331299999999999706e+00
4.334349999999999703e+00
4.336359999999999992e+00
4.339430000000000121e+00
4.341499999999999915e+00
4.344549999999999912e+00
4.346610000000000085e+00
4.349669999999999703e+00
4.351720000000000255e+00
4.354790000000000383e+00
4.356830000000000425e+00
4.359930000000000305e+00
4.361950000000000216e+00
4.365029999999999966e+00
4.367070000000000007e+00
4.370140000000000136e+00
4.372209999999999930e+00
4.375259999999999927e+00
4.377320000000000100e+00
4.380370000000000097e+00
4.382419999999999760e+00
4.385449999999999626e+00
4.387489999999999668e+00
4.390559999999999796e+00
4.392619999999999969e+00
4.395679999999999588e+00
4.397730000000000139e+00
4.400809999999999889e+00
4.402849999999999930e+00
4.405890000000000306e+00
4.407960000000000100e+00
4.411030000000000229e+00
4.413100000000000023e+00
4.416150000000000020e+00
4.418190000000000062e+00
4.421269999999999811e+00
4.423309999999999853e+00
4.426389999999999603e+00
4.428420000000000023e+00
4.431470000000000020e+00
4.433489999999999931e+00
4.436560000000000059e+00
4.438609999999999722e+00
4.441499999999999559e+00
4.443570000000000242e+00
4.446640000000000370e+00
4.448850000000000193e+00
4.451740000000000030e+00
4.453780000000000072e+00
4.456859999999999822e+00
4.458890000000000242e+00
4.461969999999999992e+00
4.464010000000000034e+00
4.467080000000000162e+00
4.469129999999999825e+00
4.472179999999999822e+00
4.474249999999999616e+00
4.477319999999999744e+00
4.479350000000000165e+00
4.482400000000000162e+00
4.484420000000000073e+00
4.487490000000000201e+00
4.489539999999999864e+00
4.492630000000000123e+00
4.494679999999999787e+00
4.497760000000000424e+00
4.499789999999999957e+00
4.502830000000000332e+00
4.504889999999999617e+00
4.507979999999999876e+00
4.510040000000000049e+00
4.513090000000000046e+00
4.515109999999999957e+00
4.518209999999999837e+00
4.520240000000000258e+00
4.523310000000000386e+00
4.525380000000000180e+00
4.528400000000000425e+00
4.530429999999999957e+00
4.533500000000000085e+00
4.535549999999999748e+00
4.538619999999999877e+00
4.540689999999999671e+00
4.543750000000000178e+00
4.545790000000000219e+00
4.548860000000000348e+00
4.550889999999999880e+00
4.553960000000000008e+00
4.556020000000000181e+00
4.559090000000000309e+00
4.561139999999999972e+00
4.564059999999999562e+00
4.566089999999999982e+00
4.569149999999999601e+00
4.571209999999999773e+00
4.574270000000000280e+00
4.576290000000000191e+00
4.579340000000000188e+00
4.581360000000000099e+00
4.584439999999999849e+00
4.586500000000000021e+00
4.589599999999999902e+00
4.591639999999999944e+00
4.594699999999999562e+00
4.596739999999999604e+00
4.599789999999999601e+00
4.601860000000000284e+00
4.604930000000000412e+00
4.606989999999999696e+00
4.610039999999999694e+00
4.612090000000000245e+00
4.615169999999999995e+00
4.617210000000000036e+00
4.620280000000000165e+00
4.622329999999999828e+00
4.625359999999999694e+00
4.627410000000000245e+00
4.630460000000000242e+00
4.632500000000000284e+00
4.635580000000000034e+00
4.637640000000000207e+00
4.640699999999999825e+00
4.642759999999999998e+00
4.645830000000000126e+00
4.647859999999999658e+00
4.650909999999999656e+00
4.652969999999999828e+00
4.656039999999999957e+00
4.658089999999999620e+00
4.661170000000000258e+00
4.663190000000000168e+00
4.666280000000000427e+00
4.668339999999999712e+00
4.671409999999999840e+00
4.673420000000000130e+00
4.676289999999999836e+00
4.678320000000000256e+00
4.681409999999999627e+00
4.683440000000000047e+00
4.686539999999999928e+00
4.688570000000000348e+00
4.691650000000000098e+00
4.693690000000000140e+00
4.696760000000000268e+00
4.698809999999999931e+00
4.701870000000000438e+00
4.703929999999999723e+00
4.706970000000000098e+00
4.709030000000000271e+00
4.712119999999999642e+00
4.714159999999999684e+00
4.717229999999999812e+00
4.719269999999999854e+00
4.722310000000000230e+00
4.724350000000000271e+00
4.727409999999999890e+00
4.729460000000000441e+00
4.732510000000000439e+00
4.734589999999999854e+00
4.737639999999999851e+00
4.739700000000000024e+00
4.742770000000000152e+00
4.744790000000000063e+00
4.747880000000000322e+00
4.749929999999999986e+00
4.753000000000000114e+00
4.755040000000000155e+00
4.758110000000000284e+00
4.760159999999999947e+00
4.763230000000000075e+00
4.765290000000000248e+00
4.768340000000000245e+00
4.770349999999999646e+00
4.773419999999999774e+00
4.775470000000000326e+00
4.778539999999999566e+00
4.780569999999999986e+00
4.783660000000000245e+00
4.785689999999999777e+00
4.788759999999999906e+00
4.790809999999999569e+00
4.793890000000000207e+00
4.795930000000000248e+00
4.798829999999999707e+00
4.800880000000000258e+00
4.803930000000000256e+00
4.806009999999999671e+00
4.809059999999999668e+00
4.811110000000000220e+00
4.814180000000000348e+00
4.816220000000000390e+00
4.819239999999999746e+00
4.821310000000000429e+00
4.824379999999999669e+00
4.826410000000000089e+00
4.829480000000000217e+00
4.831559999999999633e+00
4.834600000000000009e+00
4.836649999999999672e+00
4.839730000000000310e+00
4.841770000000000351e+00
4.844809999999999839e+00
4.846849999999999881e+00
4.849929999999999630e+00
4.851969999999999672e+00
4.855059999999999931e+00
4.857120000000000104e+00
4.860179999999999723e+00
4.862219999999999764e+00
4.865280000000000271e+00
4.867280000000000051e+00
4.870359999999999800e+00
4.872399999999999842e+00
4.875469999999999970e+00
4.877489999999999881e+00
4.880580000000000140e+00
4.882640000000000313e+00
4.885699999999999932e+00
4.887760000000000105e+00
4.890839999999999854e+00
4.892859999999999765e+00
4.895909999999999762e+00
4.897969999999999935e+00
4.901060000000000194e+00
4.903120000000000367e+00
4.906200000000000117e+00
4.908220000000000027e+00
4.911109999999999864e+00
4.913149999999999906e+00
4.916179999999999772e+00
4.918230000000000324e+00
4.921310000000000073e+00
4.923339999999999606e+00
4.926409999999999734e+00
4.928469999999999906e+00
4.931530000000000413e+00
4.933600000000000207e+00
4.936650000000000205e+00
4.938699999999999868e+00
4.941760000000000375e+00
4.943810000000000038e+00
4.946889999999999787e+00
4.948929999999999829e+00
4.952020000000000088e+00
4.954060000000000130e+00
4.957139999999999880e+00
4.959170000000000300e+00
4.962220000000000297e+00
4.964249999999999829e+00
4.967310000000000336e+00
4.969369999999999621e+00
4.972419999999999618e+00
4.974450000000000038e+00
4.977549999999999919e+00
4.979589999999999961e+00
4.982669999999999710e+00
4.984709999999999752e+00
4.987800000000000011e+00
4.989819999999999922e+00
4.992849999999999788e+00
4.994930000000000092e+00
4.998009999999999842e+00
4.999869999999999592e+00
5.000009999999999621e+00
5.000000000000000000e+00
5.000009999999999621e+00
5.000009999999999621e+00
5.000000000000000000e+00
5.000000000000000000e+00
5.000009999999999621e+00
5.000009999999999621e+00
5.000009999999999621e+00
5.000009999999999621e+00
5.000009999999999621e+00
5.000009999999999621e+00
5.000009999999999621e+00
5.000009999999999621e+00
5.000009999999999621e+00
5.000009999999999621e+00
5.000020000000000131e+00
5.000020000000000131e+00
5.000020000000000131e+00
5.000020000000000131e+00
5.000020000000000131e+00
5.000020000000000131e+00
5.000020000000000131e+00
5.000020000000000131e+00
5.000020000000000131e+00
5.000020000000000131e+00
5.000020000000000131e+00
5.000020000000000131e+00
5.000020000000000131e+00
5.000020000000000131e+00
5.000020000000000131e+00
5.000020000000000131e+00
5.000020000000000131e+00
5.000020000000000131e+00
5.000020000000000131e+00
