-1.018057000000000022e-07
-1.017910999999999936e-07
-1.017837999999999959e-07
-1.017693000000000059e-07
-1.017546999999999973e-07
-1.017473999999999996e-07
-1.017328999999999964e-07
-1.017255999999999987e-07
-1.017110999999999955e-07
-1.017037999999999978e-07
-1.016965000000000001e-07
-1.016892000000000024e-07
-1.016746999999999992e-07
-1.016674000000000015e-07
-1.016528999999999983e-07
-1.016456000000000006e-07
-1.016310000000000052e-07
-1.016237999999999997e-07
-1.016165000000000020e-07
-1.016092000000000044e-07
-1.015947000000000011e-07
-1.015874000000000035e-07
-1.015801000000000058e-07
-1.015654999999999972e-07
-1.015583000000000049e-07
-1.015509999999999939e-07
-1.015436999999999963e-07
-1.015292000000000063e-07
-1.015218999999999954e-07
-1.015073000000000000e-07
-1.014927999999999968e-07
-1.014854999999999991e-07
-1.014709999999999959e-07
-1.014564000000000005e-07
-1.014418999999999973e-07
-1.014273000000000019e-07
-1.014055000000000010e-07
-1.013909000000000056e-07
-1.013764000000000024e-07
-1.013617999999999938e-07
-1.013400000000000062e-07
-1.013182000000000053e-07
-1.013035999999999966e-07
-1.012890999999999934e-07
-1.012672000000000004e-07
-1.012526999999999972e-07
-1.012308999999999963e-07
-1.012235999999999986e-07
-1.012017000000000055e-07
-1.011872000000000023e-07
-1.011725999999999937e-07
-1.011508000000000060e-07
-1.011434999999999951e-07
-1.011216999999999942e-07
-1.011072000000000042e-07
-1.010925999999999956e-07
-1.010781000000000056e-07
-1.010707999999999947e-07
-1.010489999999999938e-07
-1.010343999999999984e-07
-1.010198999999999952e-07
-1.010052999999999999e-07
-1.009980000000000022e-07
-1.009907000000000045e-07
-1.009762000000000013e-07
-1.009689000000000036e-07
-1.009544000000000004e-07
-1.009471000000000027e-07
-1.009324999999999941e-07
-1.009253000000000018e-07
-1.009180000000000041e-07
-1.009107000000000064e-07
-1.009107000000000064e-07
-1.009033999999999955e-07
-1.008962000000000032e-07
-1.008889000000000055e-07
-1.008815999999999946e-07
-1.008671000000000046e-07
-1.008524999999999960e-07
-1.008380000000000060e-07
-1.008233999999999974e-07
-1.007942999999999988e-07
-1.007724999999999979e-07
-1.007506000000000049e-07
-1.007215000000000063e-07
-1.006997000000000054e-07
-1.006705999999999936e-07
-1.006488000000000059e-07
-1.006268999999999996e-07
-1.006050999999999987e-07
-1.005905999999999955e-07
-1.005760000000000001e-07
-1.005541999999999992e-07
-1.005396000000000038e-07
-1.005251000000000006e-07
-1.005178000000000029e-07
-1.005105000000000052e-07
-1.005032999999999997e-07
-1.004960000000000020e-07
-1.004960000000000020e-07
-1.004887000000000043e-07
-1.004887000000000043e-07
-1.004813999999999934e-07
-1.004813999999999934e-07
-1.004813999999999934e-07
-1.004813999999999934e-07
-1.004813999999999934e-07
-1.004813999999999934e-07
-1.004887000000000043e-07
-1.004887000000000043e-07
-1.004887000000000043e-07
-1.004960000000000020e-07
-1.004960000000000020e-07
-1.005032999999999997e-07
-1.005032999999999997e-07
-1.005105000000000052e-07
-1.005105000000000052e-07
-1.005105000000000052e-07
-1.005178000000000029e-07
-1.005178000000000029e-07
-1.005178000000000029e-07
-1.005251000000000006e-07
-1.005251000000000006e-07
-1.005251000000000006e-07
-1.005323999999999983e-07
-1.005323999999999983e-07
-1.005323999999999983e-07
-1.005323999999999983e-07
-1.005251000000000006e-07
-1.005251000000000006e-07
-1.005251000000000006e-07
-1.005178000000000029e-07
-1.005178000000000029e-07
-1.005105000000000052e-07
-1.005105000000000052e-07
-1.005032999999999997e-07
-1.004960000000000020e-07
-1.004813999999999934e-07
-1.004742000000000011e-07
-1.004669000000000034e-07
-1.004522999999999948e-07
-1.004449999999999971e-07
-1.004378000000000049e-07
-1.004304999999999939e-07
-1.004304999999999939e-07
-1.004231999999999962e-07
-1.004158999999999986e-07
-1.004087000000000063e-07
-1.004013999999999954e-07
-1.004013999999999954e-07
-1.004013999999999954e-07
-1.003940999999999977e-07
-1.003940999999999977e-07
-1.003940999999999977e-07
-1.003940999999999977e-07
-1.003868000000000000e-07
-1.003868000000000000e-07
-1.003868000000000000e-07
-1.003868000000000000e-07
-1.003868000000000000e-07
-1.003795999999999945e-07
-1.003795999999999945e-07
-1.003795999999999945e-07
-1.003722999999999968e-07
-1.003649999999999991e-07
-1.003649999999999991e-07
-1.003577000000000014e-07
-1.003577000000000014e-07
-1.003504999999999959e-07
-1.003504999999999959e-07
-1.003504999999999959e-07
-1.003431999999999982e-07
-1.003431999999999982e-07
-1.003359000000000005e-07
-1.003359000000000005e-07
-1.003359000000000005e-07
-1.003286000000000028e-07
-1.003286000000000028e-07
-1.003286000000000028e-07
-1.003213999999999973e-07
-1.003213999999999973e-07
-1.003140999999999996e-07
-1.003140999999999996e-07
-1.003068000000000019e-07
-1.002995000000000042e-07
-1.002922999999999987e-07
-1.002850000000000010e-07
-1.002777000000000033e-07
-1.002777000000000033e-07
-1.002632000000000001e-07
-1.002486000000000047e-07
-1.002339999999999961e-07
-1.002195000000000061e-07
-1.002121999999999952e-07
-1.001977000000000052e-07
-1.001903999999999943e-07
-1.001757999999999989e-07
-1.001685999999999934e-07
-1.001539999999999980e-07
-1.001467000000000004e-07
-1.001394999999999948e-07
-1.001321999999999971e-07
-1.001321999999999971e-07
-1.001248999999999995e-07
-1.001248999999999995e-07
-1.001176000000000018e-07
-1.001176000000000018e-07
-1.001176000000000018e-07
-1.001176000000000018e-07
-1.001176000000000018e-07
-1.001176000000000018e-07
-1.001176000000000018e-07
-1.001176000000000018e-07
-1.001176000000000018e-07
-1.001248999999999995e-07
-1.001248999999999995e-07
-1.001248999999999995e-07
-1.001248999999999995e-07
-1.001248999999999995e-07
-1.001248999999999995e-07
-1.001248999999999995e-07
-1.001248999999999995e-07
-1.001248999999999995e-07
-1.001248999999999995e-07
-1.001176000000000018e-07
-1.001176000000000018e-07
-1.001176000000000018e-07
-1.001176000000000018e-07
-1.001176000000000018e-07
-1.001103999999999963e-07
-1.001103999999999963e-07
-1.001030999999999986e-07
-1.000958000000000009e-07
-1.000958000000000009e-07
-1.000885000000000032e-07
-1.000812999999999977e-07
-1.000740000000000000e-07
-1.000667000000000023e-07
-1.000594000000000046e-07
-1.000594000000000046e-07
-1.000520999999999937e-07
-1.000449000000000014e-07
-1.000376000000000037e-07
-1.000376000000000037e-07
-1.000376000000000037e-07
-1.000303000000000060e-07
-1.000229999999999951e-07
-1.000229999999999951e-07
-1.000158000000000028e-07
-1.000158000000000028e-07
-1.000085000000000051e-07
-1.000085000000000051e-07
-1.000011999999999942e-07
-1.000011999999999942e-07
-9.999393999999999601e-08
-9.999393999999999601e-08
-9.998666000000000470e-08
-9.998666000000000470e-08
-9.997938999999999672e-08
-9.997938999999999672e-08
-9.997211000000000541e-08
-9.997211000000000541e-08
-9.996483999999999743e-08
-9.996483999999999743e-08
-9.995756000000000611e-08
-9.995756000000000611e-08
-9.995756000000000611e-08
-9.995756000000000611e-08
-9.995028000000000156e-08
-9.995028000000000156e-08
-9.995028000000000156e-08
-9.994300999999999359e-08
-9.994300999999999359e-08
-9.993573000000000227e-08
-9.993573000000000227e-08
-9.993573000000000227e-08
-9.992845999999999429e-08
-9.992845999999999429e-08
-9.992845999999999429e-08
-9.992845999999999429e-08
-9.992845999999999429e-08
-9.992845999999999429e-08
-9.992845999999999429e-08
-9.992845999999999429e-08
-9.992845999999999429e-08
-9.992845999999999429e-08
-9.992845999999999429e-08
-9.992845999999999429e-08
-9.993573000000000227e-08
-9.993573000000000227e-08
-9.993573000000000227e-08
-9.994300999999999359e-08
-9.994300999999999359e-08
-9.994300999999999359e-08
-9.994300999999999359e-08
-9.995028000000000156e-08
-9.995028000000000156e-08
-9.995028000000000156e-08
-9.995028000000000156e-08
-9.995028000000000156e-08
-9.995028000000000156e-08
-9.995028000000000156e-08
-9.995756000000000611e-08
-9.995756000000000611e-08
-9.995756000000000611e-08
-9.995756000000000611e-08
-9.995756000000000611e-08
-9.995756000000000611e-08
-9.995756000000000611e-08
-9.995756000000000611e-08
-9.995756000000000611e-08
-9.995028000000000156e-08
-9.995028000000000156e-08
-9.995028000000000156e-08
-9.995028000000000156e-08
-9.995028000000000156e-08
-9.994300999999999359e-08
-9.994300999999999359e-08
-9.993573000000000227e-08
-9.993573000000000227e-08
-9.992845999999999429e-08
-9.992118000000000298e-08
-9.992118000000000298e-08
-9.991389999999999843e-08
-9.990663000000000369e-08
-9.989934999999999914e-08
-9.989934999999999914e-08
-9.989208000000000439e-08
-9.988479999999999984e-08
-9.987751999999999529e-08
-9.987751999999999529e-08
-9.987751999999999529e-08
-9.987751999999999529e-08
-9.987025000000000055e-08
-9.987025000000000055e-08
-9.987025000000000055e-08
-9.987025000000000055e-08
-9.987025000000000055e-08
-9.987751999999999529e-08
-9.987751999999999529e-08
-9.987751999999999529e-08
-9.988479999999999984e-08
-9.989208000000000439e-08
-9.989208000000000439e-08
-9.989934999999999914e-08
-9.989934999999999914e-08
-9.989934999999999914e-08
-9.989208000000000439e-08
-9.989208000000000439e-08
-9.987751999999999529e-08
-9.987751999999999529e-08
-9.986296999999999600e-08
-9.985570000000000126e-08
-9.984115000000000196e-08
-9.981931999999999812e-08
-9.980476999999999883e-08
-9.979748999999999428e-08
-9.977566000000000367e-08
-9.976111000000000438e-08
-9.974656000000000509e-08
-9.973201000000000579e-08
-9.971744999999999669e-08
-9.971018000000000195e-08
-9.970289999999999740e-08
-9.969563000000000266e-08
-9.968834999999999811e-08
-9.968106999999999356e-08
-9.968106999999999356e-08
-9.968106999999999356e-08
-9.968106999999999356e-08
-9.968106999999999356e-08
-9.968834999999999811e-08
-9.968834999999999811e-08
-9.969563000000000266e-08
-9.969563000000000266e-08
-9.970289999999999740e-08
-9.970289999999999740e-08
-9.971018000000000195e-08
-9.971018000000000195e-08
-9.971744999999999669e-08
-9.971744999999999669e-08
-9.971744999999999669e-08
-9.971744999999999669e-08
-9.971744999999999669e-08
-9.971744999999999669e-08
-9.971744999999999669e-08
-9.971744999999999669e-08
-9.971744999999999669e-08
-9.971744999999999669e-08
-9.971744999999999669e-08
-9.971744999999999669e-08
-9.971744999999999669e-08
-9.971744999999999669e-08
-9.971744999999999669e-08
-9.971018000000000195e-08
-9.971018000000000195e-08
-9.971018000000000195e-08
-9.970289999999999740e-08
-9.970289999999999740e-08
-9.969563000000000266e-08
-9.969563000000000266e-08
-9.968834999999999811e-08
-9.968834999999999811e-08
-9.968106999999999356e-08
-9.968106999999999356e-08
-9.968106999999999356e-08
-9.967379999999999881e-08
-9.967379999999999881e-08
-9.967379999999999881e-08
-9.966651999999999426e-08
-9.966651999999999426e-08
-9.966651999999999426e-08
-9.965924999999999952e-08
-9.965924999999999952e-08
-9.965924999999999952e-08
-9.965196999999999497e-08
-9.965196999999999497e-08
-9.965196999999999497e-08
-9.965196999999999497e-08
-9.965196999999999497e-08
-9.965196999999999497e-08
-9.965196999999999497e-08
-9.965196999999999497e-08
-9.964469000000000366e-08
-9.964469000000000366e-08
-9.964469000000000366e-08
-9.964469000000000366e-08
-9.964469000000000366e-08
-9.964469000000000366e-08
-9.963741999999999568e-08
-9.963741999999999568e-08
-9.963741999999999568e-08
-9.963741999999999568e-08
-9.963741999999999568e-08
-9.963741999999999568e-08
-9.963014000000000436e-08
-9.963014000000000436e-08
-9.963014000000000436e-08
-9.962286999999999639e-08
-9.962286999999999639e-08
-9.962286999999999639e-08
-9.962286999999999639e-08
-9.961559000000000507e-08
-9.961559000000000507e-08
-9.962286999999999639e-08
-9.962286999999999639e-08
-9.963014000000000436e-08
-9.963741999999999568e-08
-9.964469000000000366e-08
-9.965924999999999952e-08
-9.968106999999999356e-08
-9.969563000000000266e-08
-9.971744999999999669e-08
-9.973201000000000579e-08
-9.975382999999999983e-08
-9.977566000000000367e-08
-9.979748999999999428e-08
-9.981203999999999357e-08
-9.983386999999999741e-08
-9.984841999999999671e-08
-9.986296999999999600e-08
-9.987025000000000055e-08
-9.987751999999999529e-08
-9.987751999999999529e-08
-9.987751999999999529e-08
-9.987751999999999529e-08
-9.987751999999999529e-08
-9.987025000000000055e-08
-9.986296999999999600e-08
-9.985570000000000126e-08
-9.984841999999999671e-08
-9.984115000000000196e-08
-9.983386999999999741e-08
-9.983386999999999741e-08
-9.982659000000000610e-08
-9.982659000000000610e-08
-9.981931999999999812e-08
-9.981931999999999812e-08
-9.981203999999999357e-08
-9.981203999999999357e-08
-9.980476999999999883e-08
-9.980476999999999883e-08
-9.979748999999999428e-08
-9.979748999999999428e-08
-9.978293999999999499e-08
-9.977566000000000367e-08
-9.976111000000000438e-08
-9.974656000000000509e-08
-9.973201000000000579e-08
-9.971744999999999669e-08
-9.970289999999999740e-08
-9.968106999999999356e-08
-9.965924999999999952e-08
-9.963741999999999568e-08
-9.962286999999999639e-08
-9.959376000000000123e-08
-9.957192999999999739e-08
-9.955011000000000335e-08
-9.952827999999999951e-08
-9.949918000000000092e-08
-9.947734999999999708e-08
-9.946279999999999778e-08
-9.944824000000000192e-08
-9.942641999999999465e-08
-9.941185999999999879e-08
-9.940459000000000404e-08
-9.939730999999999949e-08
-9.939004000000000475e-08
-9.938276000000000020e-08
-9.937547999999999565e-08
-9.937547999999999565e-08
-9.936821000000000091e-08
-9.936821000000000091e-08
-9.936092999999999636e-08
-9.935366000000000161e-08
-9.934637999999999706e-08
-9.934637999999999706e-08
-9.933910000000000575e-08
-9.933182999999999777e-08
-9.932455000000000646e-08
-9.931727999999999848e-08
-9.931727999999999848e-08
-9.931727999999999848e-08
-9.931727999999999848e-08
-9.931727999999999848e-08
-9.931727999999999848e-08
-9.931727999999999848e-08
-9.931727999999999848e-08
-9.931727999999999848e-08
-9.932455000000000646e-08
-9.933182999999999777e-08
-9.934637999999999706e-08
-9.935366000000000161e-08
-9.936821000000000091e-08
-9.938276000000000020e-08
-9.939004000000000475e-08
-9.939730999999999949e-08
-9.940459000000000404e-08
-9.940459000000000404e-08
-9.941185999999999879e-08
-9.941185999999999879e-08
-9.940459000000000404e-08
-9.939730999999999949e-08
-9.939730999999999949e-08
-9.939004000000000475e-08
-9.937547999999999565e-08
-9.935366000000000161e-08
-9.933910000000000575e-08
-9.931727999999999848e-08
-9.930272000000000261e-08
-9.928089999999999534e-08
-9.925907000000000473e-08
-9.923724000000000089e-08
-9.922269000000000160e-08
-9.920085999999999776e-08
-9.917902999999999391e-08
-9.916447999999999462e-08
-9.914992999999999533e-08
-9.913537999999999603e-08
-9.912082999999999674e-08
-9.910627000000000088e-08
-9.909172000000000159e-08
-9.908444999999999361e-08
-9.907717000000000229e-08
-9.906988999999999774e-08
-9.906262000000000300e-08
-9.905533999999999845e-08
-9.904807000000000371e-08
-9.904807000000000371e-08
-9.904078999999999916e-08
-9.903350999999999461e-08
-9.901895999999999531e-08
-9.901169000000000057e-08
-9.900440999999999602e-08
-9.899713000000000471e-08
-9.898258000000000541e-08
-9.896803000000000612e-08
-9.896075000000000157e-08
-9.894620000000000228e-08
-9.893892999999999430e-08
-9.893165000000000298e-08
-9.892436999999999844e-08
-9.892436999999999844e-08
-9.892436999999999844e-08
-9.891710000000000369e-08
-9.890981999999999914e-08
-9.890255000000000440e-08
-9.888798999999999530e-08
-9.887343999999999601e-08
-9.885888999999999671e-08
-9.884433999999999742e-08
-9.882978999999999813e-08
-9.880795999999999428e-08
-9.878613000000000368e-08
-9.876429999999999984e-08
-9.874248000000000580e-08
-9.872065000000000196e-08
-9.869881999999999811e-08
-9.867698999999999427e-08
-9.865516000000000366e-08
-9.863333999999999639e-08
-9.861151000000000578e-08
-9.859696000000000649e-08
-9.857513000000000265e-08
-9.855329999999999881e-08
-9.853146999999999496e-08
-9.851691999999999567e-08
-9.849509000000000506e-08
-9.847326999999999779e-08
-9.845143999999999395e-08
-9.842961000000000334e-08
-9.840051000000000475e-08
-9.837139999999999636e-08
-9.834229999999999778e-08
-9.830591999999999464e-08
-9.827680999999999948e-08
-9.824042999999999635e-08
-9.820405000000000645e-08
-9.817494999999999463e-08
-9.814584999999999604e-08
-9.811674000000000088e-08
-9.808764000000000230e-08
-9.806580999999999846e-08
-9.804397999999999461e-08
-9.802942999999999532e-08
-9.801487999999999603e-08
-9.800032999999999673e-08
-9.799305000000000542e-08
-9.798577999999999744e-08
-9.797850000000000613e-08
-9.797850000000000613e-08
-9.797122000000000158e-08
-9.797122000000000158e-08
-9.797122000000000158e-08
-9.797122000000000158e-08
-9.797122000000000158e-08
-9.797122000000000158e-08
-9.797122000000000158e-08
-9.797850000000000613e-08
-9.798577999999999744e-08
-9.799305000000000542e-08
-9.800032999999999673e-08
-9.800760000000000471e-08
-9.801487999999999603e-08
-9.802216000000000058e-08
-9.802942999999999532e-08
-9.803670999999999987e-08
-9.803670999999999987e-08
-9.803670999999999987e-08
-9.803670999999999987e-08
-9.802942999999999532e-08
-9.802216000000000058e-08
-9.801487999999999603e-08
-9.800760000000000471e-08
-9.799305000000000542e-08
-9.798577999999999744e-08
-9.797122000000000158e-08
-9.796394999999999360e-08
-9.795667000000000228e-08
-9.794939999999999430e-08
-9.794212000000000299e-08
-9.793483999999999844e-08
-9.792757000000000370e-08
-9.792028999999999915e-08
-9.792028999999999915e-08
-9.791302000000000440e-08
-9.791302000000000440e-08
-9.791302000000000440e-08
-9.791302000000000440e-08
-9.791302000000000440e-08
-9.790573999999999986e-08
-9.790573999999999986e-08
-9.790573999999999986e-08
-9.791302000000000440e-08
-9.791302000000000440e-08
-9.791302000000000440e-08
-9.791302000000000440e-08
-9.791302000000000440e-08
-9.791302000000000440e-08
-9.792028999999999915e-08
-9.792028999999999915e-08
-9.792028999999999915e-08
-9.792757000000000370e-08
-9.792757000000000370e-08
-9.792757000000000370e-08
-9.793483999999999844e-08
-9.793483999999999844e-08
-9.793483999999999844e-08
-9.794212000000000299e-08
-9.794212000000000299e-08
-9.794212000000000299e-08
-9.794939999999999430e-08
-9.794939999999999430e-08
-9.795667000000000228e-08
-9.795667000000000228e-08
-9.796394999999999360e-08
-9.796394999999999360e-08
-9.796394999999999360e-08
-9.796394999999999360e-08
-9.796394999999999360e-08
-9.796394999999999360e-08
-9.796394999999999360e-08
-9.796394999999999360e-08
-9.796394999999999360e-08
-9.796394999999999360e-08
-9.796394999999999360e-08
-9.795667000000000228e-08
-9.794939999999999430e-08
-9.794212000000000299e-08
-9.794212000000000299e-08
-9.793483999999999844e-08
-9.792757000000000370e-08
-9.792757000000000370e-08
-9.792757000000000370e-08
-9.792757000000000370e-08
-9.792757000000000370e-08
-9.792757000000000370e-08
-9.792757000000000370e-08
-9.793483999999999844e-08
-9.794212000000000299e-08
-9.794212000000000299e-08
-9.794939999999999430e-08
-9.795667000000000228e-08
-9.796394999999999360e-08
-9.796394999999999360e-08
-9.796394999999999360e-08
-9.797122000000000158e-08
-9.797122000000000158e-08
-9.797850000000000613e-08
-9.797850000000000613e-08
-9.798577999999999744e-08
-9.798577999999999744e-08
-9.798577999999999744e-08
-9.798577999999999744e-08
-9.798577999999999744e-08
-9.798577999999999744e-08
-9.798577999999999744e-08
-9.798577999999999744e-08
-9.797850000000000613e-08
-9.797850000000000613e-08
-9.797850000000000613e-08
-9.797850000000000613e-08
-9.797122000000000158e-08
-9.797122000000000158e-08
-9.797122000000000158e-08
-9.797122000000000158e-08
-9.797122000000000158e-08
-9.796394999999999360e-08
-9.796394999999999360e-08
-9.796394999999999360e-08
-9.796394999999999360e-08
-9.796394999999999360e-08
-9.796394999999999360e-08
-9.796394999999999360e-08
-9.797122000000000158e-08
-9.797122000000000158e-08
-9.797850000000000613e-08
-9.798577999999999744e-08
-9.799305000000000542e-08
-9.799305000000000542e-08
-9.800032999999999673e-08
-9.800760000000000471e-08
-9.801487999999999603e-08
-9.801487999999999603e-08
-9.801487999999999603e-08
-9.801487999999999603e-08
-9.801487999999999603e-08
-9.801487999999999603e-08
-9.800760000000000471e-08
-9.800760000000000471e-08
-9.800032999999999673e-08
-9.799305000000000542e-08
-9.798577999999999744e-08
-9.797850000000000613e-08
-9.797122000000000158e-08
-9.796394999999999360e-08
-9.795667000000000228e-08
-9.794939999999999430e-08
-9.793483999999999844e-08
-9.792757000000000370e-08
-9.791302000000000440e-08
-9.790573999999999986e-08
-9.789119000000000056e-08
-9.788390999999999601e-08
-9.787664000000000127e-08
-9.786935999999999672e-08
-9.786208000000000541e-08
-9.785480999999999743e-08
-9.784753000000000611e-08
-9.784025999999999813e-08
-9.784025999999999813e-08
-9.784025999999999813e-08
-9.784025999999999813e-08
-9.784753000000000611e-08
-9.784753000000000611e-08
-9.784753000000000611e-08
-9.785480999999999743e-08
-9.785480999999999743e-08
-9.786208000000000541e-08
-9.786208000000000541e-08
-9.786935999999999672e-08
-9.786935999999999672e-08
-9.786935999999999672e-08
-9.786935999999999672e-08
-9.787664000000000127e-08
-9.787664000000000127e-08
-9.787664000000000127e-08
-9.787664000000000127e-08
-9.787664000000000127e-08
-9.787664000000000127e-08
-9.787664000000000127e-08
-9.787664000000000127e-08
-9.787664000000000127e-08
-9.787664000000000127e-08
-9.787664000000000127e-08
-9.787664000000000127e-08
-9.787664000000000127e-08
-9.787664000000000127e-08
-9.787664000000000127e-08
-9.787664000000000127e-08
-9.787664000000000127e-08
-9.787664000000000127e-08
-9.787664000000000127e-08
-9.787664000000000127e-08
-9.787664000000000127e-08
-9.787664000000000127e-08
-9.787664000000000127e-08
-9.787664000000000127e-08
-9.788390999999999601e-08
-9.788390999999999601e-08
-9.788390999999999601e-08
-9.788390999999999601e-08
-9.788390999999999601e-08
-9.788390999999999601e-08
-9.788390999999999601e-08
-9.788390999999999601e-08
-9.789119000000000056e-08
-9.789845999999999531e-08
-9.789845999999999531e-08
-9.790573999999999986e-08
-9.791302000000000440e-08
-9.792028999999999915e-08
-9.792757000000000370e-08
-9.793483999999999844e-08
-9.793483999999999844e-08
-9.794212000000000299e-08
-9.794212000000000299e-08
-9.794212000000000299e-08
-9.794212000000000299e-08
-9.794212000000000299e-08
-9.794212000000000299e-08
-9.794212000000000299e-08
-9.794212000000000299e-08
-9.793483999999999844e-08
-9.793483999999999844e-08
-9.792757000000000370e-08
-9.792028999999999915e-08
-9.792028999999999915e-08
-9.791302000000000440e-08
-9.790573999999999986e-08
-9.789845999999999531e-08
-9.789845999999999531e-08
-9.789119000000000056e-08
-9.788390999999999601e-08
-9.788390999999999601e-08
-9.788390999999999601e-08
-9.787664000000000127e-08
-9.786935999999999672e-08
-9.786208000000000541e-08
-9.785480999999999743e-08
-9.784753000000000611e-08
-9.784025999999999813e-08
-9.782570000000000227e-08
-9.781842999999999429e-08
-9.781115000000000298e-08
-9.780387999999999500e-08
-9.779660000000000368e-08
-9.778932999999999570e-08
-9.777476999999999984e-08
-9.776022000000000055e-08
-9.775295000000000580e-08
-9.773838999999999671e-08
-9.773112000000000196e-08
-9.772383999999999741e-08
-9.770928999999999812e-08
-9.770200999999999357e-08
-9.769473999999999883e-08
-9.768745999999999428e-08
-9.768018999999999953e-08
-9.768018999999999953e-08
-9.767290999999999498e-08
-9.767290999999999498e-08
-9.766563000000000367e-08
-9.766563000000000367e-08
-9.766563000000000367e-08
-9.766563000000000367e-08
-9.766563000000000367e-08
-9.767290999999999498e-08
-9.767290999999999498e-08
-9.768745999999999428e-08
-9.769473999999999883e-08
-9.770928999999999812e-08
-9.772383999999999741e-08
-9.773112000000000196e-08
-9.775295000000000580e-08
-9.776750000000000510e-08
-9.778205000000000439e-08
-9.780387999999999500e-08
-9.781115000000000298e-08
-9.782570000000000227e-08
-9.784025999999999813e-08
-9.785480999999999743e-08
-9.786208000000000541e-08
-9.787664000000000127e-08
-9.788390999999999601e-08
-9.789119000000000056e-08
-9.790573999999999986e-08
-9.791302000000000440e-08
-9.792757000000000370e-08
-9.793483999999999844e-08
-9.794212000000000299e-08
-9.794939999999999430e-08
-9.795667000000000228e-08
-9.796394999999999360e-08
-9.796394999999999360e-08
-9.797122000000000158e-08
-9.797122000000000158e-08
-9.797850000000000613e-08
-9.797850000000000613e-08
-9.797850000000000613e-08
-9.797850000000000613e-08
-9.797850000000000613e-08
-9.797122000000000158e-08
-9.797122000000000158e-08
-9.797122000000000158e-08
-9.796394999999999360e-08
-9.796394999999999360e-08
-9.796394999999999360e-08
-9.795667000000000228e-08
-9.794939999999999430e-08
-9.794212000000000299e-08
-9.792757000000000370e-08
-9.792028999999999915e-08
-9.791302000000000440e-08
-9.790573999999999986e-08
-9.789845999999999531e-08
-9.789119000000000056e-08
-9.788390999999999601e-08
-9.788390999999999601e-08
-9.787664000000000127e-08
-9.787664000000000127e-08
-9.786935999999999672e-08
-9.786935999999999672e-08
-9.786208000000000541e-08
-9.786208000000000541e-08
-9.786208000000000541e-08
-9.786208000000000541e-08
-9.785480999999999743e-08
-9.785480999999999743e-08
-9.785480999999999743e-08
-9.784753000000000611e-08
-9.784753000000000611e-08
-9.784753000000000611e-08
-9.784025999999999813e-08
-9.784025999999999813e-08
-9.783297999999999358e-08
-9.783297999999999358e-08
-9.782570000000000227e-08
-9.782570000000000227e-08
-9.781842999999999429e-08
-9.781842999999999429e-08
-9.781842999999999429e-08
-9.781115000000000298e-08
-9.781115000000000298e-08
-9.781115000000000298e-08
-9.781115000000000298e-08
-9.780387999999999500e-08
-9.780387999999999500e-08
-9.780387999999999500e-08
-9.780387999999999500e-08
-9.780387999999999500e-08
-9.780387999999999500e-08
-9.780387999999999500e-08
-9.780387999999999500e-08
-9.780387999999999500e-08
-9.780387999999999500e-08
-9.781115000000000298e-08
-9.781115000000000298e-08
-9.781115000000000298e-08
-9.781115000000000298e-08
-9.781115000000000298e-08
-9.781115000000000298e-08
-9.781115000000000298e-08
-9.781115000000000298e-08
-9.781115000000000298e-08
-9.781115000000000298e-08
-9.781115000000000298e-08
-9.781115000000000298e-08
-9.781115000000000298e-08
-9.781115000000000298e-08
-9.781115000000000298e-08
-9.781115000000000298e-08
-9.781115000000000298e-08
-9.781115000000000298e-08
-9.781115000000000298e-08
-9.781842999999999429e-08
-9.781842999999999429e-08
-9.781842999999999429e-08
-9.781842999999999429e-08
-9.781842999999999429e-08
-9.781842999999999429e-08
-9.781842999999999429e-08
-9.781842999999999429e-08
-9.781842999999999429e-08
-9.781842999999999429e-08
-9.781842999999999429e-08
-9.781842999999999429e-08
-9.781115000000000298e-08
-9.781115000000000298e-08
-9.781115000000000298e-08
-9.781115000000000298e-08
-9.781115000000000298e-08
-9.781115000000000298e-08
-9.781115000000000298e-08
-9.781115000000000298e-08
-9.780387999999999500e-08
-9.780387999999999500e-08
-9.780387999999999500e-08
-9.780387999999999500e-08
-9.780387999999999500e-08
-9.780387999999999500e-08
-9.780387999999999500e-08
-9.779660000000000368e-08
-9.779660000000000368e-08
-9.779660000000000368e-08
-9.778932999999999570e-08
-9.778932999999999570e-08
-9.778205000000000439e-08
-9.778205000000000439e-08
-9.778205000000000439e-08
-9.778205000000000439e-08
-9.778205000000000439e-08
-9.778205000000000439e-08
-9.778205000000000439e-08
-9.778205000000000439e-08
-9.778205000000000439e-08
-9.778205000000000439e-08
-9.778932999999999570e-08
-9.778932999999999570e-08
-9.778932999999999570e-08
-9.779660000000000368e-08
-9.779660000000000368e-08
-9.779660000000000368e-08
-9.780387999999999500e-08
-9.780387999999999500e-08
-9.780387999999999500e-08
-9.780387999999999500e-08
-9.780387999999999500e-08
-9.780387999999999500e-08
-9.780387999999999500e-08
-9.780387999999999500e-08
-9.780387999999999500e-08
-9.779660000000000368e-08
-9.779660000000000368e-08
-9.779660000000000368e-08
-9.779660000000000368e-08
-9.778932999999999570e-08
-9.778932999999999570e-08
-9.778932999999999570e-08
-9.778932999999999570e-08
-9.778932999999999570e-08
-9.778932999999999570e-08
-9.778932999999999570e-08
-9.779660000000000368e-08
-9.779660000000000368e-08
-9.779660000000000368e-08
-9.780387999999999500e-08
-9.780387999999999500e-08
-9.780387999999999500e-08
-9.780387999999999500e-08
-9.780387999999999500e-08
-9.780387999999999500e-08
-9.780387999999999500e-08
-9.780387999999999500e-08
-9.780387999999999500e-08
-9.779660000000000368e-08
-9.779660000000000368e-08
-9.778932999999999570e-08
-9.778932999999999570e-08
-9.778205000000000439e-08
-9.777476999999999984e-08
-9.777476999999999984e-08
-9.776750000000000510e-08
-9.776022000000000055e-08
-9.776022000000000055e-08
-9.775295000000000580e-08
-9.775295000000000580e-08
-9.775295000000000580e-08
-9.774567000000000125e-08
-9.774567000000000125e-08
-9.774567000000000125e-08
-9.774567000000000125e-08
-9.773838999999999671e-08
-9.773838999999999671e-08
-9.773838999999999671e-08
-9.773838999999999671e-08
-9.773838999999999671e-08
-9.773838999999999671e-08
-9.773838999999999671e-08
-9.773838999999999671e-08
-9.773838999999999671e-08
-9.773838999999999671e-08
-9.773838999999999671e-08
-9.773838999999999671e-08
-9.773838999999999671e-08
-9.773838999999999671e-08
-9.773838999999999671e-08
-9.773838999999999671e-08
-9.773838999999999671e-08
-9.773838999999999671e-08
-9.773838999999999671e-08
-9.773838999999999671e-08
-9.773838999999999671e-08
-9.773838999999999671e-08
-9.773838999999999671e-08
-9.773838999999999671e-08
-9.773838999999999671e-08
-9.773838999999999671e-08
-9.773838999999999671e-08
-9.773838999999999671e-08
-9.774567000000000125e-08
-9.774567000000000125e-08
-9.774567000000000125e-08
-9.774567000000000125e-08
-9.774567000000000125e-08
-9.773838999999999671e-08
-9.773838999999999671e-08
-9.773838999999999671e-08
-9.773838999999999671e-08
-9.773838999999999671e-08
-9.773838999999999671e-08
-9.773838999999999671e-08
-9.773838999999999671e-08
-9.773838999999999671e-08
-9.773112000000000196e-08
-9.773112000000000196e-08
-9.773112000000000196e-08
-9.773112000000000196e-08
-9.773112000000000196e-08
-9.773112000000000196e-08
-9.772383999999999741e-08
-9.772383999999999741e-08
-9.772383999999999741e-08
-9.771657000000000267e-08
-9.771657000000000267e-08
-9.770928999999999812e-08
-9.770928999999999812e-08
-9.770200999999999357e-08
-9.770200999999999357e-08
-9.769473999999999883e-08
-9.769473999999999883e-08
-9.769473999999999883e-08
-9.768745999999999428e-08
-9.768745999999999428e-08
-9.768018999999999953e-08
-9.767290999999999498e-08
-9.767290999999999498e-08
-9.766563000000000367e-08
-9.765835999999999569e-08
-9.765835999999999569e-08
-9.765108000000000438e-08
-9.765108000000000438e-08
-9.765108000000000438e-08
-9.765108000000000438e-08
-9.764380999999999640e-08
-9.764380999999999640e-08
-9.764380999999999640e-08
-9.764380999999999640e-08
-9.764380999999999640e-08
-9.764380999999999640e-08
-9.765108000000000438e-08
-9.765108000000000438e-08
-9.765108000000000438e-08
-9.765108000000000438e-08
-9.765108000000000438e-08
-9.765108000000000438e-08
-9.765108000000000438e-08
-9.765108000000000438e-08
-9.765108000000000438e-08
-9.765835999999999569e-08
-9.765835999999999569e-08
-9.765108000000000438e-08
-9.765108000000000438e-08
-9.765108000000000438e-08
-9.765108000000000438e-08
-9.765108000000000438e-08
-9.765108000000000438e-08
-9.765108000000000438e-08
-9.765108000000000438e-08
-9.764380999999999640e-08
-9.764380999999999640e-08
-9.764380999999999640e-08
-9.763653000000000508e-08
-9.763653000000000508e-08
-9.763653000000000508e-08
-9.763653000000000508e-08
-9.762925000000000053e-08
-9.762925000000000053e-08
-9.762925000000000053e-08
-9.762198000000000579e-08
-9.762198000000000579e-08
-9.762198000000000579e-08
-9.762198000000000579e-08
-9.762198000000000579e-08
-9.761470000000000124e-08
-9.761470000000000124e-08
-9.761470000000000124e-08
-9.760743000000000650e-08
-9.760743000000000650e-08
-9.760015000000000195e-08
-9.760015000000000195e-08
-9.759286999999999740e-08
-9.759286999999999740e-08
-9.759286999999999740e-08
-9.758560000000000265e-08
-9.757831999999999811e-08
-9.757831999999999811e-08
-9.757105000000000336e-08
-9.757105000000000336e-08
-9.757105000000000336e-08
-9.756376999999999881e-08
-9.756376999999999881e-08
-9.755648999999999426e-08
-9.755648999999999426e-08
-9.754921999999999952e-08
-9.754921999999999952e-08
-9.754193999999999497e-08
-9.754193999999999497e-08
-9.753467000000000023e-08
-9.753467000000000023e-08
-9.752738999999999568e-08
-9.752738999999999568e-08
-9.752738999999999568e-08
-9.752011000000000436e-08
-9.752011000000000436e-08
-9.752011000000000436e-08
-9.751283999999999638e-08
-9.751283999999999638e-08
-9.751283999999999638e-08
-9.751283999999999638e-08
-9.750556000000000507e-08
-9.750556000000000507e-08
-9.750556000000000507e-08
-9.750556000000000507e-08
-9.750556000000000507e-08
-9.749828999999999709e-08
-9.749828999999999709e-08
-9.750556000000000507e-08
-9.750556000000000507e-08
-9.750556000000000507e-08
-9.751283999999999638e-08
-9.751283999999999638e-08
-9.752011000000000436e-08
-9.752738999999999568e-08
-9.753467000000000023e-08
-9.754193999999999497e-08
-9.754921999999999952e-08
-9.755648999999999426e-08
-9.755648999999999426e-08
-9.756376999999999881e-08
-9.756376999999999881e-08
-9.757105000000000336e-08
-9.757105000000000336e-08
-9.757105000000000336e-08
-9.757105000000000336e-08
-9.757105000000000336e-08
-9.757105000000000336e-08
-9.756376999999999881e-08
-9.756376999999999881e-08
-9.755648999999999426e-08
-9.755648999999999426e-08
-9.754921999999999952e-08
-9.754193999999999497e-08
-9.754193999999999497e-08
-9.753467000000000023e-08
-9.752738999999999568e-08
-9.752011000000000436e-08
-9.751283999999999638e-08
-9.750556000000000507e-08
-9.749828999999999709e-08
-9.749828999999999709e-08
-9.749101000000000578e-08
-9.749101000000000578e-08
-9.748373000000000123e-08
-9.748373000000000123e-08
-9.747646000000000648e-08
-9.747646000000000648e-08
-9.746918000000000193e-08
-9.746918000000000193e-08
-9.746918000000000193e-08
-9.746190999999999395e-08
-9.746190999999999395e-08
-9.746190999999999395e-08
-9.745463000000000264e-08
-9.745463000000000264e-08
-9.745463000000000264e-08
-9.745463000000000264e-08
-9.744735999999999466e-08
-9.744735999999999466e-08
-9.744735999999999466e-08
-9.744735999999999466e-08
-9.744008000000000335e-08
-9.744008000000000335e-08
-9.744008000000000335e-08
-9.744008000000000335e-08
-9.744008000000000335e-08
-9.743279999999999880e-08
-9.743279999999999880e-08
-9.743279999999999880e-08
-9.743279999999999880e-08
-9.743279999999999880e-08
-9.743279999999999880e-08
-9.743279999999999880e-08
-9.742553000000000405e-08
-9.742553000000000405e-08
-9.742553000000000405e-08
-9.742553000000000405e-08
-9.742553000000000405e-08
-9.742553000000000405e-08
-9.742553000000000405e-08
-9.741824999999999950e-08
-9.741824999999999950e-08
-9.741824999999999950e-08
-9.741824999999999950e-08
-9.741824999999999950e-08
-9.741098000000000476e-08
-9.741098000000000476e-08
-9.741098000000000476e-08
-9.741098000000000476e-08
-9.741098000000000476e-08
-9.741098000000000476e-08
-9.741098000000000476e-08
-9.741098000000000476e-08
-9.741098000000000476e-08
-9.740370000000000021e-08
-9.740370000000000021e-08
-9.740370000000000021e-08
-9.740370000000000021e-08
-9.739641999999999566e-08
-9.739641999999999566e-08
-9.739641999999999566e-08
-9.738915000000000092e-08
-9.738915000000000092e-08
-9.738915000000000092e-08
-9.738186999999999637e-08
-9.738186999999999637e-08
-9.737460000000000163e-08
-9.737460000000000163e-08
-9.737460000000000163e-08
-9.736731999999999708e-08
-9.736731999999999708e-08
-9.736731999999999708e-08
-9.736004000000000576e-08
-9.736004000000000576e-08
-9.736004000000000576e-08
-9.735276999999999778e-08
-9.735276999999999778e-08
-9.734549000000000647e-08
-9.734549000000000647e-08
-9.734549000000000647e-08
-9.733821999999999849e-08
-9.733821999999999849e-08
-9.733093999999999394e-08
-9.733093999999999394e-08
-9.733093999999999394e-08
-9.732366000000000263e-08
-9.732366000000000263e-08
-9.731638999999999465e-08
-9.730911000000000333e-08
-9.730911000000000333e-08
-9.730183999999999535e-08
-9.730183999999999535e-08
-9.730183999999999535e-08
-9.729456000000000404e-08
-9.729456000000000404e-08
-9.728727999999999949e-08
-9.728727999999999949e-08
-9.728727999999999949e-08
-9.728727999999999949e-08
-9.728727999999999949e-08
-9.728001000000000475e-08
-9.728001000000000475e-08
-9.728727999999999949e-08
-9.728727999999999949e-08
-9.728727999999999949e-08
-9.728727999999999949e-08
-9.729456000000000404e-08
-9.729456000000000404e-08
-9.730183999999999535e-08
-9.730183999999999535e-08
-9.730911000000000333e-08
-9.730911000000000333e-08
-9.730911000000000333e-08
-9.730911000000000333e-08
-9.731638999999999465e-08
-9.730911000000000333e-08
-9.730911000000000333e-08
-9.730911000000000333e-08
-9.730183999999999535e-08
-9.729456000000000404e-08
-9.728727999999999949e-08
-9.728001000000000475e-08
-9.726546000000000545e-08
-9.725818000000000090e-08
-9.725089999999999636e-08
-9.725089999999999636e-08
-9.723634999999999706e-08
-9.722908000000000232e-08
-9.722179999999999777e-08
-9.721452000000000645e-08
-9.720724999999999848e-08
-9.720724999999999848e-08
-9.719996999999999393e-08
-9.719996999999999393e-08
-9.719996999999999393e-08
-9.719996999999999393e-08
-9.719996999999999393e-08
-9.719996999999999393e-08
-9.719996999999999393e-08
-9.719996999999999393e-08
-9.719996999999999393e-08
-9.719996999999999393e-08
-9.719996999999999393e-08
-9.719996999999999393e-08
-9.719996999999999393e-08
-9.719996999999999393e-08
-9.719996999999999393e-08
-9.719996999999999393e-08
-9.719269999999999918e-08
-9.719269999999999918e-08
-9.719269999999999918e-08
-9.718541999999999463e-08
-9.718541999999999463e-08
-9.718541999999999463e-08
-9.717814000000000332e-08
-9.717814000000000332e-08
-9.717086999999999534e-08
-9.717086999999999534e-08
-9.717086999999999534e-08
-9.717086999999999534e-08
-9.717086999999999534e-08
-9.717086999999999534e-08
-9.717086999999999534e-08
-9.717086999999999534e-08
-9.717086999999999534e-08
-9.717086999999999534e-08
-9.717814000000000332e-08
-9.717814000000000332e-08
-9.717814000000000332e-08
-9.718541999999999463e-08
-9.718541999999999463e-08
-9.718541999999999463e-08
-9.718541999999999463e-08
-9.718541999999999463e-08
-9.717814000000000332e-08
-9.717814000000000332e-08
-9.717086999999999534e-08
-9.717086999999999534e-08
-9.716359000000000403e-08
-9.715631999999999605e-08
-9.714904000000000473e-08
-9.714176000000000018e-08
-9.713449000000000544e-08
-9.711994000000000615e-08
-9.711266000000000160e-08
-9.710538999999999362e-08
-9.709811000000000230e-08
-9.709811000000000230e-08
-9.709082999999999775e-08
-9.709082999999999775e-08
-9.708356000000000301e-08
-9.708356000000000301e-08
-9.707627999999999846e-08
-9.707627999999999846e-08
-9.706901000000000372e-08
-9.706172999999999917e-08
-9.706172999999999917e-08
-9.705444999999999462e-08
-9.705444999999999462e-08
-9.704717999999999988e-08
-9.704717999999999988e-08
-9.703989999999999533e-08
-9.703989999999999533e-08
-9.703263000000000058e-08
-9.703263000000000058e-08
-9.702534999999999603e-08
-9.702534999999999603e-08
-9.702534999999999603e-08
-9.702534999999999603e-08
-9.702534999999999603e-08
-9.702534999999999603e-08
-9.702534999999999603e-08
-9.703263000000000058e-08
-9.703263000000000058e-08
-9.703263000000000058e-08
-9.703989999999999533e-08
-9.703989999999999533e-08
-9.704717999999999988e-08
-9.704717999999999988e-08
-9.704717999999999988e-08
-9.704717999999999988e-08
-9.703989999999999533e-08
-9.703989999999999533e-08
-9.703263000000000058e-08
-9.702534999999999603e-08
-9.701807000000000472e-08
-9.701079999999999674e-08
-9.701079999999999674e-08
-9.700352000000000543e-08
-9.699624999999999745e-08
-9.698897000000000613e-08
-9.698169000000000158e-08
-9.696714000000000229e-08
-9.695986999999999431e-08
-9.695259000000000300e-08
-9.695259000000000300e-08
-9.694530999999999845e-08
-9.693804000000000370e-08
-9.693075999999999915e-08
-9.693075999999999915e-08
-9.693075999999999915e-08
-9.692349000000000441e-08
-9.692349000000000441e-08
-9.691620999999999986e-08
-9.691620999999999986e-08
-9.690892999999999531e-08
-9.690892999999999531e-08
-9.690892999999999531e-08
-9.690166000000000057e-08
-9.690166000000000057e-08
-9.690166000000000057e-08
-9.689437999999999602e-08
-9.689437999999999602e-08
-9.689437999999999602e-08
-9.688711000000000127e-08
-9.688711000000000127e-08
-9.687982999999999673e-08
-9.687982999999999673e-08
-9.687255000000000541e-08
-9.687255000000000541e-08
-9.686527999999999743e-08
-9.686527999999999743e-08
-9.686527999999999743e-08
-9.685800000000000612e-08
-9.685800000000000612e-08
-9.685072999999999814e-08
-9.685072999999999814e-08
-9.685072999999999814e-08
-9.685072999999999814e-08
-9.685072999999999814e-08
-9.685072999999999814e-08
-9.685072999999999814e-08
-9.684344999999999359e-08
-9.684344999999999359e-08
-9.684344999999999359e-08
-9.683617000000000228e-08
-9.683617000000000228e-08
-9.683617000000000228e-08
-9.682889999999999430e-08
-9.682889999999999430e-08
-9.682889999999999430e-08
-9.682162000000000298e-08
-9.682162000000000298e-08
-9.682162000000000298e-08
-9.681434999999999500e-08
-9.681434999999999500e-08
-9.681434999999999500e-08
-9.680707000000000369e-08
-9.680707000000000369e-08
-9.679978999999999914e-08
-9.679978999999999914e-08
-9.679252000000000440e-08
-9.679252000000000440e-08
-9.679252000000000440e-08
-9.678523999999999985e-08
-9.678523999999999985e-08
-9.677797000000000510e-08
-9.677797000000000510e-08
-9.677797000000000510e-08
-9.677069000000000055e-08
-9.677069000000000055e-08
-9.677069000000000055e-08
-9.677069000000000055e-08
-9.677069000000000055e-08
-9.676342000000000581e-08
-9.676342000000000581e-08
-9.676342000000000581e-08
-9.675614000000000126e-08
-9.675614000000000126e-08
-9.675614000000000126e-08
-9.674885999999999671e-08
-9.674885999999999671e-08
-9.674885999999999671e-08
-9.674885999999999671e-08
-9.674159000000000197e-08
-9.674159000000000197e-08
-9.674159000000000197e-08
-9.673430999999999742e-08
-9.673430999999999742e-08
-9.673430999999999742e-08
-9.672704000000000267e-08
-9.672704000000000267e-08
-9.672704000000000267e-08
-9.671975999999999813e-08
-9.671975999999999813e-08
-9.671975999999999813e-08
-9.671247999999999358e-08
-9.671247999999999358e-08
-9.670520999999999883e-08
-9.670520999999999883e-08
-9.669792999999999428e-08
-9.669792999999999428e-08
-9.669792999999999428e-08
-9.669065999999999954e-08
-9.669065999999999954e-08
-9.669065999999999954e-08
-9.669065999999999954e-08
-9.668337999999999499e-08
-9.668337999999999499e-08
-9.667610000000000368e-08
-9.667610000000000368e-08
-9.666882999999999570e-08
-9.666882999999999570e-08
-9.666155000000000438e-08
-9.666155000000000438e-08
-9.666155000000000438e-08
-9.665427999999999640e-08
-9.665427999999999640e-08
-9.666155000000000438e-08
-9.666155000000000438e-08
-9.666155000000000438e-08
-9.666882999999999570e-08
-9.666882999999999570e-08
-9.667610000000000368e-08
-9.668337999999999499e-08
-9.668337999999999499e-08
-9.669065999999999954e-08
-9.669065999999999954e-08
-9.669065999999999954e-08
-9.669065999999999954e-08
-9.668337999999999499e-08
-9.668337999999999499e-08
-9.666882999999999570e-08
-9.666155000000000438e-08
-9.665427999999999640e-08
-9.663972000000000054e-08
-9.663245000000000580e-08
-9.661790000000000650e-08
-9.661062000000000195e-08
-9.660333999999999740e-08
-9.658878999999999811e-08
-9.658152000000000337e-08
-9.656695999999999427e-08
-9.655968999999999952e-08
-9.655240999999999498e-08
-9.654514000000000023e-08
-9.653785999999999568e-08
-9.653058000000000437e-08
-9.653058000000000437e-08
-9.653058000000000437e-08
-9.652330999999999639e-08
-9.652330999999999639e-08
-9.651603000000000507e-08
-9.651603000000000507e-08
-9.651603000000000507e-08
-9.650875999999999710e-08
-9.650875999999999710e-08
-9.650875999999999710e-08
-9.650148000000000578e-08
-9.650148000000000578e-08
-9.650148000000000578e-08
-9.650148000000000578e-08
-9.649420000000000123e-08
-9.649420000000000123e-08
-9.649420000000000123e-08
-9.649420000000000123e-08
-9.649420000000000123e-08
-9.649420000000000123e-08
-9.649420000000000123e-08
-9.649420000000000123e-08
-9.649420000000000123e-08
-9.649420000000000123e-08
-9.649420000000000123e-08
-9.649420000000000123e-08
-9.649420000000000123e-08
-9.649420000000000123e-08
-9.650148000000000578e-08
-9.650148000000000578e-08
-9.650148000000000578e-08
-9.650148000000000578e-08
-9.650148000000000578e-08
-9.650875999999999710e-08
-9.650875999999999710e-08
-9.651603000000000507e-08
-9.652330999999999639e-08
-9.653058000000000437e-08
-9.653058000000000437e-08
-9.653058000000000437e-08
-9.653785999999999568e-08
-9.654514000000000023e-08
-9.654514000000000023e-08
-9.655240999999999498e-08
-9.655240999999999498e-08
-9.655240999999999498e-08
-9.655240999999999498e-08
-9.654514000000000023e-08
-9.654514000000000023e-08
-9.653785999999999568e-08
-9.653058000000000437e-08
-9.653058000000000437e-08
-9.652330999999999639e-08
-9.651603000000000507e-08
-9.650148000000000578e-08
-9.649420000000000123e-08
-9.648693000000000649e-08
-9.647965000000000194e-08
-9.647237999999999396e-08
-9.646510000000000265e-08
-9.645781999999999810e-08
-9.645781999999999810e-08
-9.645055000000000335e-08
-9.644326999999999880e-08
-9.643600000000000406e-08
-9.643600000000000406e-08
-9.642871999999999951e-08
-9.642871999999999951e-08
-9.642145000000000477e-08
-9.641417000000000022e-08
-9.641417000000000022e-08
-9.641417000000000022e-08
-9.640688999999999567e-08
-9.640688999999999567e-08
-9.639962000000000092e-08
-9.639962000000000092e-08
-9.639962000000000092e-08
-9.639233999999999638e-08
-9.639233999999999638e-08
-9.639233999999999638e-08
-9.638507000000000163e-08
-9.638507000000000163e-08
-9.638507000000000163e-08
-9.637778999999999708e-08
-9.637778999999999708e-08
-9.637778999999999708e-08
-9.637778999999999708e-08
-9.637778999999999708e-08
-9.637778999999999708e-08
-9.637778999999999708e-08
-9.637778999999999708e-08
-9.637778999999999708e-08
-9.637778999999999708e-08
-9.637778999999999708e-08
-9.637778999999999708e-08
-9.637778999999999708e-08
-9.637778999999999708e-08
-9.637778999999999708e-08
-9.637778999999999708e-08
-9.637778999999999708e-08
-9.637778999999999708e-08
-9.637778999999999708e-08
-9.637051000000000577e-08
-9.636323999999999779e-08
-9.636323999999999779e-08
-9.635596000000000647e-08
-9.635596000000000647e-08
-9.636323999999999779e-08
-9.637778999999999708e-08
-9.638507000000000163e-08
-9.641417000000000022e-08
-9.644326999999999880e-08
-9.647965000000000194e-08
-9.651603000000000507e-08
-9.655240999999999498e-08
-9.659607000000000266e-08
-9.663245000000000580e-08
-9.667610000000000368e-08
-9.671247999999999358e-08
-9.674885999999999671e-08
-9.678523999999999985e-08
-9.681434999999999500e-08
-9.685072999999999814e-08
-9.687255000000000541e-08
-9.689437999999999602e-08
-9.691620999999999986e-08
-9.693075999999999915e-08
-9.695259000000000300e-08
-9.696714000000000229e-08
-9.698169000000000158e-08
-9.699624999999999745e-08
-9.700352000000000543e-08
-9.701079999999999674e-08
-9.701079999999999674e-08
-9.701807000000000472e-08
-9.701807000000000472e-08
-9.702534999999999603e-08
-9.702534999999999603e-08
-9.702534999999999603e-08
-9.702534999999999603e-08
-9.702534999999999603e-08
-9.701807000000000472e-08
-9.701807000000000472e-08
-9.701079999999999674e-08
-9.701079999999999674e-08
-9.701079999999999674e-08
-9.700352000000000543e-08
-9.699624999999999745e-08
-9.698897000000000613e-08
-9.698169000000000158e-08
-9.698169000000000158e-08
-9.697441999999999360e-08
-9.696714000000000229e-08
-9.695986999999999431e-08
-9.695259000000000300e-08
-9.695259000000000300e-08
-9.694530999999999845e-08
-9.693804000000000370e-08
-9.693804000000000370e-08
-9.693075999999999915e-08
-9.693075999999999915e-08
-9.693075999999999915e-08
-9.693075999999999915e-08
-9.693075999999999915e-08
-9.693075999999999915e-08
-9.692349000000000441e-08
-9.692349000000000441e-08
-9.692349000000000441e-08
-9.692349000000000441e-08
-9.692349000000000441e-08
-9.693075999999999915e-08
-9.693075999999999915e-08
-9.693075999999999915e-08
-9.693075999999999915e-08
-9.693075999999999915e-08
-9.693075999999999915e-08
-9.693075999999999915e-08
-9.693075999999999915e-08
-9.693075999999999915e-08
-9.693075999999999915e-08
-9.693075999999999915e-08
-9.693075999999999915e-08
-9.693075999999999915e-08
-9.693075999999999915e-08
-9.692349000000000441e-08
-9.692349000000000441e-08
-9.691620999999999986e-08
-9.691620999999999986e-08
-9.690892999999999531e-08
-9.690892999999999531e-08
-9.690166000000000057e-08
-9.689437999999999602e-08
-9.689437999999999602e-08
-9.688711000000000127e-08
-9.687982999999999673e-08
-9.687982999999999673e-08
-9.687255000000000541e-08
-9.686527999999999743e-08
-9.686527999999999743e-08
-9.685800000000000612e-08
-9.685800000000000612e-08
-9.685072999999999814e-08
-9.685072999999999814e-08
-9.685072999999999814e-08
-9.684344999999999359e-08
-9.684344999999999359e-08
-9.683617000000000228e-08
-9.683617000000000228e-08
-9.682889999999999430e-08
-9.682889999999999430e-08
-9.682162000000000298e-08
-9.682162000000000298e-08
-9.681434999999999500e-08
-9.680707000000000369e-08
-9.680707000000000369e-08
-9.679978999999999914e-08
-9.679978999999999914e-08
-9.679252000000000440e-08
-9.679252000000000440e-08
-9.678523999999999985e-08
-9.678523999999999985e-08
-9.677797000000000510e-08
-9.677797000000000510e-08
-9.677069000000000055e-08
-9.677069000000000055e-08
-9.677069000000000055e-08
-9.677069000000000055e-08
-9.677069000000000055e-08
-9.677069000000000055e-08
-9.676342000000000581e-08
-9.676342000000000581e-08
-9.676342000000000581e-08
-9.676342000000000581e-08
-9.675614000000000126e-08
-9.675614000000000126e-08
-9.675614000000000126e-08
-9.675614000000000126e-08
-9.674885999999999671e-08
-9.674885999999999671e-08
-9.674885999999999671e-08
-9.674885999999999671e-08
-9.674159000000000197e-08
-9.674159000000000197e-08
-9.674159000000000197e-08
-9.674159000000000197e-08
-9.673430999999999742e-08
-9.673430999999999742e-08
-9.673430999999999742e-08
-9.672704000000000267e-08
-9.672704000000000267e-08
-9.672704000000000267e-08
-9.672704000000000267e-08
-9.671975999999999813e-08
-9.671975999999999813e-08
-9.671247999999999358e-08
-9.671247999999999358e-08
-9.670520999999999883e-08
-9.670520999999999883e-08
-9.669792999999999428e-08
-9.669792999999999428e-08
-9.669065999999999954e-08
-9.669065999999999954e-08
-9.669065999999999954e-08
-9.669065999999999954e-08
-9.668337999999999499e-08
-9.668337999999999499e-08
-9.667610000000000368e-08
-9.667610000000000368e-08
-9.666882999999999570e-08
-9.666155000000000438e-08
-9.665427999999999640e-08
-9.664700000000000509e-08
-9.664700000000000509e-08
-9.663972000000000054e-08
-9.663245000000000580e-08
-9.662517000000000125e-08
-9.661790000000000650e-08
-9.661062000000000195e-08
-9.661062000000000195e-08
-9.660333999999999740e-08
-9.659607000000000266e-08
-9.658878999999999811e-08
-9.658152000000000337e-08
-9.658152000000000337e-08
-9.658878999999999811e-08
-9.661062000000000195e-08
-9.663245000000000580e-08
-9.667610000000000368e-08
-9.672704000000000267e-08
-9.678523999999999985e-08
-9.685072999999999814e-08
-9.692349000000000441e-08
-9.700352000000000543e-08
-9.707627999999999846e-08
-9.714904000000000473e-08
-9.721452000000000645e-08
-9.728001000000000475e-08
-9.734549000000000647e-08
-9.740370000000000021e-08
-9.745463000000000264e-08
-9.749828999999999709e-08
-9.754193999999999497e-08
-9.757105000000000336e-08
-9.760743000000000650e-08
-9.763653000000000508e-08
-9.765108000000000438e-08
-9.766563000000000367e-08
-9.768018999999999953e-08
-9.769473999999999883e-08
-9.770928999999999812e-08
-9.771657000000000267e-08
-9.771657000000000267e-08
-9.772383999999999741e-08
-9.772383999999999741e-08
-9.773112000000000196e-08
-9.773112000000000196e-08
-9.773112000000000196e-08
-9.773112000000000196e-08
-9.773112000000000196e-08
-9.773112000000000196e-08
-9.773112000000000196e-08
-9.772383999999999741e-08
-9.772383999999999741e-08
-9.772383999999999741e-08
-9.772383999999999741e-08
-9.772383999999999741e-08
-9.771657000000000267e-08
-9.771657000000000267e-08
-9.771657000000000267e-08
-9.771657000000000267e-08
-9.771657000000000267e-08
-9.770928999999999812e-08
-9.770928999999999812e-08
