-2.495958999999999831e-06
-2.481057999999999955e-06
-2.473606999999999897e-06
-2.462431000000000141e-06
-2.451256000000000202e-06
-2.443805000000000144e-06
-2.440080000000000023e-06
-2.436354000000000086e-06
-2.428903999999999844e-06
-2.417728000000000088e-06
-2.410277000000000030e-06
-2.406551999999999909e-06
-2.395376000000000154e-06
-2.380474999999999854e-06
-2.369299000000000098e-06
-2.350673000000000101e-06
-2.335771999999999801e-06
-2.313419999999999867e-06
-2.294793000000000053e-06
-2.279892000000000177e-06
-2.257539999999999819e-06
-2.235189000000000124e-06
-2.216561999999999887e-06
-2.194211000000000192e-06
-2.171858999999999834e-06
-2.149506999999999900e-06
-2.127154999999999965e-06
-2.108528999999999968e-06
-2.089902000000000154e-06
-2.067551000000000036e-06
-2.048923999999999799e-06
-2.030297999999999801e-06
-2.015396999999999925e-06
-1.996770000000000112e-06
-1.985593999999999933e-06
-1.970693000000000056e-06
-1.963242999999999814e-06
-1.948341000000000122e-06
-1.937166000000000182e-06
-1.929715000000000124e-06
-1.918538999999999945e-06
-1.907363000000000190e-06
-1.903631000000000087e-06
-1.892454999999999908e-06
-1.881278999999999941e-06
-1.873828000000000095e-06
-1.870102999999999974e-06
-1.858927000000000007e-06
-1.851476999999999976e-06
-1.847751000000000040e-06
-1.840301000000000009e-06
-1.840301000000000009e-06
-1.832849999999999951e-06
-1.829125000000000042e-06
-1.825399999999999921e-06
-1.821673999999999984e-06
-1.821673999999999984e-06
-1.817949000000000075e-06
-1.817949000000000075e-06
-1.817949000000000075e-06
-1.817949000000000075e-06
-1.817949000000000075e-06
-1.821673999999999984e-06
-1.821673999999999984e-06
-1.825399999999999921e-06
-1.829125000000000042e-06
-1.832849999999999951e-06
-1.840301000000000009e-06
-1.840301000000000009e-06
-1.844025999999999919e-06
-1.847751000000000040e-06
-1.855202000000000097e-06
-1.858927000000000007e-06
-1.862651999999999916e-06
-1.870102999999999974e-06
-1.870102999999999974e-06
-1.877554000000000032e-06
-1.885004000000000062e-06
-1.896180000000000029e-06
-1.903631000000000087e-06
-1.907363000000000190e-06
-1.911087999999999887e-06
-1.914813999999999824e-06
-1.918538999999999945e-06
-1.918538999999999945e-06
-1.918538999999999945e-06
-1.918538999999999945e-06
-1.918538999999999945e-06
-1.918538999999999945e-06
-1.918538999999999945e-06
-1.914813999999999824e-06
-1.914813999999999824e-06
-1.914813999999999824e-06
-1.914813999999999824e-06
-1.914813999999999824e-06
-1.911087999999999887e-06
-1.911087999999999887e-06
-1.911087999999999887e-06
-1.911087999999999887e-06
-1.907363000000000190e-06
-1.903631000000000087e-06
-1.899904999999999939e-06
-1.896180000000000029e-06
-1.888728999999999971e-06
-1.885004000000000062e-06
-1.881278999999999941e-06
-1.877554000000000032e-06
-1.873828000000000095e-06
-1.873828000000000095e-06
-1.870102999999999974e-06
-1.870102999999999974e-06
-1.866378000000000065e-06
-1.858927000000000007e-06
-1.855202000000000097e-06
-1.847751000000000040e-06
-1.844025999999999919e-06
-1.840301000000000009e-06
-1.832849999999999951e-06
-1.825399999999999921e-06
-1.814223999999999954e-06
-1.803047999999999987e-06
-1.788146999999999898e-06
-1.773244999999999994e-06
-1.750894000000000088e-06
-1.732267000000000062e-06
-1.709915999999999944e-06
-1.687564000000000009e-06
-1.665212000000000075e-06
-1.642859999999999929e-06
-1.616783000000000085e-06
-1.590706000000000030e-06
-1.568354000000000095e-06
-1.546002999999999977e-06
-1.523651000000000042e-06
-1.497573999999999987e-06
-1.475222000000000053e-06
-1.452869999999999906e-06
-1.426793000000000063e-06
-1.404441999999999944e-06
-1.382090000000000010e-06
-1.359738000000000075e-06
-1.333661000000000020e-06
-1.307583999999999965e-06
-1.281506999999999909e-06
-1.251704999999999944e-06
-1.225628000000000101e-06
-1.195824999999999897e-06
-1.166022999999999932e-06
-1.136220999999999967e-06
-1.102693000000000066e-06
-1.069165999999999980e-06
-1.039362999999999988e-06
-1.002109999999999965e-06
-9.648575000000000621e-07
-9.313262000000000482e-07
-8.940732999999999648e-07
-8.568203999999999873e-07
-8.232927999999999485e-07
-7.860398999999999710e-07
-7.487869999999999935e-07
-7.115341000000000160e-07
-6.742812000000000385e-07
-6.370282999999999551e-07
-6.035007000000000222e-07
-5.699730999999999834e-07
-5.327202000000000059e-07
-4.954671999999999833e-07
-4.582124999999999878e-07
-4.209596000000000103e-07
-3.837066999999999799e-07
-3.501790999999999940e-07
-3.129262000000000165e-07
-2.756732999999999860e-07
-2.384204000000000085e-07
-2.011665999999999956e-07
-1.639136999999999916e-07
-1.303861000000000058e-07
-9.313270999999999778e-08
-5.587957999999999989e-08
-1.862657000000000054e-08
1.862657000000000054e-08
5.587957999999999989e-08
9.313270999999999778e-08
1.266607999999999876e-07
1.639136999999999916e-07
2.011665999999999956e-07
2.346942000000000079e-07
2.719479999999999944e-07
3.054755999999999802e-07
3.390032000000000190e-07
3.762560999999999965e-07
4.097837999999999745e-07
4.433114000000000133e-07
4.805660999999999558e-07
5.178190000000000392e-07
5.550719000000000167e-07
5.960501000000000388e-07
6.333030000000000164e-07
6.705558999999999939e-07
7.152593999999999547e-07
7.562375999999999769e-07
7.972157999999999990e-07
8.381940000000000211e-07
8.828974000000000428e-07
9.238755999999999590e-07
9.685828000000000008e-07
1.013285999999999932e-06
1.050538999999999955e-06
1.095243000000000035e-06
1.136220999999999967e-06
1.177198999999999899e-06
1.218177000000000043e-06
1.259154999999999975e-06
1.296407999999999997e-06
1.333661000000000020e-06
1.374638999999999952e-06
1.411891999999999975e-06
1.452869999999999906e-06
1.486398000000000020e-06
1.519925999999999921e-06
1.557178999999999944e-06
1.590706000000000030e-06
1.624233999999999931e-06
1.654035999999999896e-06
1.683838000000000073e-06
1.713641000000000065e-06
1.743443000000000030e-06
1.773244999999999994e-06
1.803047999999999987e-06
1.832849999999999951e-06
1.862651999999999916e-06
1.892454999999999908e-06
1.918538999999999945e-06
1.948341000000000122e-06
1.978144000000000114e-06
2.004221000000000169e-06
2.034022999999999922e-06
2.060099999999999978e-06
2.089902000000000154e-06
2.119705000000000147e-06
2.149506999999999900e-06
2.179309000000000076e-06
2.209112000000000068e-06
2.238913999999999821e-06
2.272441999999999935e-06
2.302244000000000111e-06
2.335771999999999801e-06
2.369299000000000098e-06
2.402826999999999788e-06
2.436354000000000086e-06
2.469882000000000199e-06
2.499683999999999952e-06
2.533212000000000065e-06
2.563013999999999818e-06
2.596541999999999932e-06
2.626344000000000108e-06
2.659871999999999798e-06
2.689673999999999974e-06
2.723202000000000088e-06
2.753003999999999841e-06
2.786531999999999954e-06
2.816334000000000131e-06
2.849861999999999820e-06
2.879663999999999997e-06
2.909466000000000173e-06
2.939269000000000166e-06
2.972796000000000040e-06
3.002599000000000032e-06
3.032401000000000208e-06
3.062202999999999961e-06
3.092005000000000138e-06
3.121808000000000130e-06
3.151609999999999883e-06
3.181412000000000060e-06
3.211215000000000052e-06
3.241016999999999805e-06
3.270818999999999981e-06
3.296896000000000037e-06
3.326699000000000029e-06
3.356501000000000206e-06
3.386302999999999958e-06
3.416105999999999951e-06
3.445908000000000127e-06
3.471985000000000183e-06
3.501786999999999936e-06
3.527863999999999991e-06
3.557666999999999983e-06
3.583744000000000039e-06
3.613545999999999792e-06
3.639622999999999847e-06
3.669425000000000024e-06
3.695502999999999895e-06
3.717854000000000013e-06
3.743931000000000069e-06
3.770008000000000124e-06
3.796085000000000180e-06
3.818452000000000316e-06
3.840802999999999588e-06
3.863154999999999946e-06
3.889232000000000001e-06
3.907858999999999815e-06
3.930209999999999933e-06
3.952562000000000291e-06
3.974913999999999802e-06
3.993540000000000223e-06
4.019617000000000278e-06
4.038244000000000092e-06
4.056869999999999666e-06
4.079222000000000024e-06
4.097847999999999598e-06
4.116475000000000258e-06
4.135100999999999832e-06
4.153727999999999645e-06
4.176080000000000003e-06
4.190980999999999880e-06
4.209607000000000301e-06
4.228234000000000114e-06
4.243134999999999991e-06
4.261761000000000412e-06
4.276662000000000288e-06
4.295289000000000102e-06
4.310189999999999978e-06
4.328816000000000399e-06
4.343717999999999668e-06
4.362344000000000089e-06
4.377244999999999965e-06
4.395871999999999779e-06
4.410772999999999655e-06
4.429399000000000076e-06
4.444299999999999953e-06
4.462926999999999766e-06
4.477827999999999643e-06
4.496454000000000064e-06
4.511356000000000179e-06
4.529981999999999753e-06
4.548609000000000414e-06
4.567234999999999988e-06
4.589587000000000346e-06
4.608212999999999920e-06
4.626839999999999733e-06
4.652916999999999789e-06
4.671543000000000210e-06
4.690170000000000023e-06
4.712521000000000141e-06
4.731147999999999955e-06
4.749774000000000376e-06
4.768401000000000189e-06
4.787026999999999763e-06
4.805653999999999577e-06
4.820555000000000300e-06
4.839180999999999874e-06
4.857807999999999687e-06
4.876434000000000108e-06
4.895060999999999922e-06
4.909961999999999798e-06
4.932312999999999917e-06
4.947215000000000033e-06
4.969566000000000151e-06
4.988192999999999965e-06
5.003093999999999841e-06
5.025446000000000199e-06
5.047797000000000317e-06
5.066424000000000131e-06
5.092501000000000186e-06
5.114852999999999697e-06
5.137203999999999816e-06
5.163280999999999871e-06
5.189357999999999927e-06
5.211710000000000284e-06
5.241513000000000277e-06
5.263864000000000395e-06
5.289940999999999604e-06
5.316017999999999659e-06
5.342094999999999715e-06
5.364447000000000072e-06
5.390524000000000128e-06
5.412875999999999639e-06
5.438952999999999694e-06
5.465029999999999750e-06
5.487382000000000108e-06
5.509733000000000226e-06
5.535810000000000282e-06
5.558161999999999792e-06
5.576788999999999606e-06
5.602865999999999661e-06
5.625216999999999780e-06
5.647569000000000138e-06
5.666195999999999951e-06
5.692273000000000006e-06
5.714624000000000125e-06
5.736975999999999636e-06
5.763052999999999691e-06
5.785405000000000049e-06
5.807757000000000407e-06
5.830107999999999679e-06
5.856184999999999734e-06
5.882261999999999790e-06
5.904614000000000147e-06
5.930691000000000203e-06
5.953042999999999714e-06
5.979119999999999769e-06
6.005196999999999825e-06
6.031273999999999880e-06
6.053626000000000238e-06
6.079703000000000293e-06
6.109505000000000046e-06
6.131857000000000404e-06
6.157933999999999613e-06
6.180285999999999971e-06
6.206363000000000026e-06
6.232440000000000081e-06
6.258517000000000137e-06
6.284594000000000192e-06
6.310671000000000248e-06
6.333022999999999759e-06
6.362825000000000359e-06
6.388902000000000414e-06
6.411253999999999925e-06
6.437330999999999980e-06
6.459682000000000099e-06
6.489485000000000091e-06
6.515562000000000147e-06
6.541639000000000202e-06
6.563990999999999713e-06
6.590067999999999768e-06
6.616144999999999824e-06
6.645946999999999577e-06
6.672023999999999632e-06
6.694375999999999990e-06
6.720453000000000045e-06
6.746530000000000101e-06
6.776331999999999854e-06
6.802408999999999909e-06
6.828485999999999965e-06
6.854563000000000020e-06
6.880640000000000076e-06
6.906717000000000131e-06
6.932794000000000186e-06
6.958871000000000242e-06
6.984948000000000297e-06
7.011025000000000353e-06
7.037102000000000408e-06
7.063179999999999856e-06
7.092981999999999609e-06
7.122784000000000209e-06
7.148861000000000264e-06
7.174938000000000320e-06
7.204741000000000312e-06
7.230818000000000367e-06
7.260620000000000120e-06
7.286697000000000176e-06
7.316498999999999929e-06
7.346301999999999921e-06
7.376103999999999674e-06
7.402180999999999729e-06
7.428257999999999785e-06
7.454334999999999840e-06
7.480411999999999896e-06
7.502764000000000254e-06
7.532566000000000007e-06
7.558643000000000062e-06
7.580995000000000420e-06
7.603346999999999931e-06
7.629453000000000151e-06
7.651803999999999423e-06
7.674155999999999781e-06
7.696508000000000139e-06
7.722585000000000194e-06
7.741210999999999768e-06
7.763563000000000126e-06
7.789640000000000182e-06
7.811992000000000540e-06
7.834343999999999203e-06
7.856695000000000169e-06
7.879047000000000527e-06
7.901398999999999191e-06
7.923750999999999549e-06
7.946102000000000514e-06
7.968453999999999178e-06
7.990805999999999536e-06
8.009432000000000804e-06
8.035508999999999165e-06
8.054135999999999826e-06
8.072761999999999400e-06
8.095113999999999758e-06
8.113739999999999332e-06
8.136091999999999690e-06
8.158444000000000047e-06
8.177069999999999621e-06
8.199421999999999979e-06
8.218049000000000640e-06
8.236675000000000214e-06
8.259027000000000572e-06
8.281378999999999236e-06
8.296280000000000806e-06
8.322356999999999167e-06
8.340983000000000435e-06
8.363335000000000793e-06
8.385686999999999457e-06
8.408038000000000423e-06
8.426664999999999389e-06
8.452741999999999445e-06
8.475093999999999802e-06
8.497445000000000768e-06
8.519796999999999432e-06
8.549598999999999185e-06
8.571950999999999543e-06
8.594302999999999901e-06
8.616655000000000259e-06
8.642732000000000314e-06
8.665082999999999586e-06
8.683710000000000246e-06
8.706062000000000604e-06
8.728412999999999875e-06
8.747040000000000536e-06
8.769391999999999200e-06
8.788018000000000468e-06
8.802919000000000344e-06
8.825271000000000702e-06
8.840172000000000579e-06
8.862523999999999242e-06
8.877425000000000813e-06
8.896051000000000387e-06
8.914677999999999353e-06
8.933304000000000621e-06
8.955655999999999285e-06
8.974282999999999946e-06
8.992908999999999520e-06
9.018985999999999575e-06
9.037612000000000843e-06
9.056238999999999809e-06
9.082315999999999865e-06
9.100941999999999439e-06
9.119569000000000099e-06
9.145646000000000155e-06
9.164271999999999729e-06
9.182899000000000389e-06
9.205251000000000747e-06
9.220152000000000623e-06
9.242502999999999895e-06
9.257404999999999164e-06
9.276031000000000432e-06
9.294657999999999398e-06
9.309558999999999275e-06
9.328185000000000543e-06
9.346811999999999509e-06
9.365438000000000777e-06
9.384064000000000351e-06
9.402690999999999317e-06
9.425042999999999675e-06
9.443668999999999249e-06
9.466020999999999607e-06
9.484646999999999181e-06
9.503273999999999841e-06
9.525626000000000199e-06
9.544251999999999773e-06
9.566604000000000131e-06
9.585229999999999705e-06
9.607582000000000063e-06
9.626207999999999637e-06
9.648559999999999995e-06
9.667187000000000656e-06
9.689537999999999927e-06
9.708165000000000587e-06
9.726791000000000161e-06
9.749143000000000519e-06
9.767769000000000093e-06
9.782670999999999362e-06
9.805022000000000328e-06
9.819923000000000204e-06
9.838549999999999170e-06
9.857176000000000439e-06
9.875802999999999405e-06
9.894429000000000673e-06
9.909330000000000549e-06
9.931681999999999213e-06
9.950308999999999874e-06
9.972660000000000839e-06
9.987561000000000716e-06
1.000619000000000016e-05
1.002854000000000004e-05
1.004717000000000057e-05
1.006952000000000045e-05
1.008814000000000028e-05
1.010677000000000081e-05
1.012912000000000069e-05
1.014401999999999948e-05
1.016265000000000001e-05
1.018499999999999989e-05
1.020734999999999977e-05
1.022598000000000030e-05
1.024833000000000018e-05
1.027068000000000006e-05
1.029304000000000064e-05
1.031539000000000052e-05
1.034145999999999975e-05
1.036009000000000028e-05
1.038617000000000021e-05
1.041223999999999943e-05
1.043460000000000001e-05
1.046066999999999924e-05
1.048302999999999982e-05
1.050910000000000074e-05
1.053518000000000066e-05
1.055753000000000054e-05
1.057988000000000042e-05
1.060596000000000035e-05
1.062831000000000023e-05
1.065066000000000011e-05
1.067300999999999999e-05
1.069537000000000057e-05
1.071772000000000044e-05
1.074007000000000032e-05
1.076615000000000025e-05
1.079221999999999948e-05
1.081458000000000006e-05
1.084064999999999928e-05
1.086299999999999916e-05
1.089281000000000083e-05
1.091888000000000006e-05
1.094495999999999998e-05
1.096730999999999986e-05
1.099338999999999979e-05
1.101946999999999972e-05
1.104554000000000064e-05
1.106789999999999952e-05
1.109024999999999940e-05
1.111259999999999928e-05
1.113494999999999916e-05
1.115730000000000073e-05
1.117592999999999957e-05
1.120200999999999950e-05
1.121690999999999998e-05
1.123925999999999986e-05
1.125789000000000039e-05
1.127651000000000022e-05
1.129886000000000010e-05
1.131376000000000059e-05
1.133611999999999947e-05
1.135473999999999930e-05
1.136963999999999979e-05
1.138827000000000032e-05
1.140317000000000080e-05
1.142179999999999964e-05
1.143670000000000012e-05
1.145160000000000061e-05
1.146649999999999940e-05
1.148512999999999993e-05
1.149630000000000037e-05
1.151492999999999920e-05
1.152611000000000034e-05
1.154473000000000017e-05
1.155963000000000066e-05
1.157825999999999949e-05
1.159315999999999998e-05
1.161179000000000051e-05
1.162668999999999930e-05
1.164903999999999918e-05
1.166393999999999966e-05
1.168257000000000019e-05
1.170492000000000007e-05
1.171982000000000056e-05
1.174217000000000044e-05
1.176079999999999927e-05
1.177942999999999981e-05
1.180177999999999968e-05
1.182039999999999952e-05
1.184276000000000010e-05
1.186137999999999993e-05
1.188372999999999981e-05
1.190609000000000038e-05
1.192844000000000026e-05
1.194706000000000010e-05
1.196942000000000067e-05
1.199177000000000055e-05
1.201039000000000039e-05
1.203274999999999927e-05
1.205510000000000084e-05
1.207372000000000068e-05
1.209607999999999956e-05
1.211469999999999939e-05
1.212959999999999988e-05
1.215196000000000046e-05
1.216685999999999925e-05
1.218548000000000077e-05
1.220037999999999956e-05
1.221901000000000009e-05
1.223764000000000062e-05
1.225253999999999941e-05
1.227488999999999929e-05
1.228978999999999978e-05
1.231213999999999966e-05
1.232704000000000014e-05
1.234940000000000072e-05
1.236429999999999951e-05
1.238291999999999934e-05
1.240526999999999922e-05
1.242389999999999975e-05
1.244624999999999963e-05
1.246859999999999951e-05
1.248723000000000004e-05
1.250586000000000057e-05
1.253192999999999980e-05
1.255056000000000033e-05
1.256918999999999917e-05
1.259526000000000009e-05
1.261762000000000067e-05
1.263624000000000050e-05
1.266232000000000043e-05
1.268467000000000031e-05
1.270702000000000019e-05
1.272938000000000076e-05
1.275173000000000064e-05
1.277408000000000052e-05
1.279270999999999936e-05
1.281878000000000028e-05
1.284113000000000016e-05
1.285976000000000069e-05
1.288584000000000062e-05
1.290819000000000050e-05
1.293054000000000038e-05
1.295289000000000026e-05
1.298268999999999953e-05
1.300505000000000011e-05
1.302739999999999999e-05
1.305347999999999991e-05
1.307955000000000084e-05
1.310563000000000076e-05
1.313171000000000069e-05
1.315777999999999992e-05
1.318014000000000049e-05
1.320620999999999972e-05
1.323601000000000069e-05
1.325836999999999957e-05
1.328444000000000049e-05
1.330679999999999938e-05
1.332914999999999926e-05
1.335522000000000018e-05
1.337385000000000071e-05
1.339620000000000059e-05
1.341855000000000047e-05
1.344090999999999935e-05
1.346325999999999923e-05
1.348561000000000081e-05
1.350796000000000069e-05
1.352658999999999952e-05
1.355266000000000044e-05
1.357128999999999928e-05
1.358991999999999981e-05
1.361599000000000073e-05
1.363461999999999957e-05
1.365325000000000010e-05
1.367931999999999933e-05
1.370167999999999991e-05
1.372402999999999979e-05
1.374264999999999962e-05
1.376872999999999955e-05
1.379107999999999943e-05
1.381342999999999930e-05
1.383578999999999988e-05
1.385813999999999976e-05
1.388048999999999964e-05
1.390283999999999952e-05
1.392518999999999940e-05
1.394754999999999998e-05
1.396989999999999986e-05
1.399224999999999974e-05
1.401459999999999962e-05
1.403694999999999950e-05
1.405929999999999937e-05
1.408537999999999930e-05
1.410772999999999918e-05
1.413008000000000075e-05
1.415243999999999964e-05
1.417851000000000056e-05
1.420086000000000044e-05
1.422321999999999932e-05
1.424929000000000024e-05
1.427537000000000017e-05
1.429772000000000005e-05
1.432379999999999998e-05
1.434614999999999986e-05
1.437595000000000082e-05
1.440203000000000075e-05
1.442811000000000068e-05
1.445417999999999990e-05
1.448025999999999983e-05
1.450633999999999976e-05
1.453241999999999968e-05
1.455849000000000060e-05
1.458457000000000053e-05
1.460692000000000041e-05
1.463300000000000034e-05
1.465908000000000026e-05
1.468514999999999949e-05
1.470749999999999937e-05
1.473357999999999930e-05
1.475592999999999917e-05
1.478201000000000080e-05
1.480809000000000072e-05
1.483044000000000060e-05
1.485279000000000048e-05
1.487887000000000041e-05
1.490122000000000029e-05
1.492357000000000016e-05
1.494592000000000004e-05
1.497573000000000002e-05
1.499807999999999990e-05
1.502042999999999978e-05
1.504277999999999966e-05
1.506885999999999958e-05
1.509120999999999946e-05
1.511355999999999934e-05
1.513590999999999922e-05
1.516571999999999919e-05
1.518434000000000072e-05
1.521042000000000065e-05
1.522904000000000048e-05
1.525512000000000040e-05
1.527752999999999940e-05
1.529988000000000097e-05
1.532223999999999986e-05
1.534459000000000143e-05
1.536693999999999961e-05
1.538929000000000119e-05
1.541163999999999937e-05
1.543027000000000160e-05
1.545261999999999978e-05
1.547124999999999862e-05
1.548987000000000015e-05
1.550849999999999898e-05
1.552713000000000121e-05
1.554574999999999935e-05
1.556438000000000157e-05
1.557928000000000036e-05
1.560162999999999855e-05
1.561653000000000073e-05
1.563515999999999956e-05
1.565005999999999835e-05
1.567240999999999993e-05
1.568730999999999872e-05
1.570594000000000094e-05
1.572456999999999978e-05
1.574319000000000131e-05
1.576182000000000014e-05
1.578044999999999898e-05
1.579907000000000051e-05
1.582141999999999869e-05
1.584378000000000096e-05
1.586239999999999910e-05
1.588475000000000068e-05
1.590710999999999956e-05
1.592573000000000109e-05
1.595180999999999932e-05
1.597044000000000154e-05
1.599278999999999973e-05
1.601886000000000065e-05
1.604121999999999954e-05
1.606357000000000111e-05
1.608591999999999929e-05
1.610827000000000087e-05
1.613061999999999905e-05
1.615298000000000132e-05
1.617904999999999886e-05
1.620140000000000043e-05
1.622375999999999932e-05
1.624238000000000084e-05
1.626845999999999907e-05
1.629081000000000065e-05
1.631315999999999883e-05
1.633924000000000045e-05
1.636158999999999864e-05
1.638394000000000021e-05
1.640256999999999905e-05
1.643237000000000002e-05
1.645099999999999885e-05
1.647708000000000047e-05
1.649942999999999866e-05
1.652549999999999958e-05
1.654785999999999847e-05
1.657021000000000004e-05
1.659256000000000161e-05
1.661863999999999984e-05
1.664471000000000077e-05
1.666333999999999960e-05
1.668942000000000122e-05
1.671176999999999941e-05
1.673412000000000098e-05
1.675646999999999917e-05
1.678255000000000079e-05
1.680489999999999897e-05
1.682353000000000120e-05
1.684587999999999938e-05
1.687196000000000100e-05
1.689057999999999914e-05
1.691293000000000071e-05
1.694273999999999899e-05
1.698370999999999871e-05
1.703586999999999856e-05
1.709547000000000050e-05
1.716252999999999914e-05
1.723331000000000052e-05
1.731527000000000134e-05
1.739722000000000146e-05
1.748290000000000163e-05
1.757230999999999846e-05
1.765426999999999928e-05
1.773621999999999940e-05
1.782191000000000027e-05
1.789641000000000100e-05
1.797091999999999903e-05
1.804170000000000041e-05
1.810502999999999901e-05
1.816836000000000099e-05
1.822051000000000015e-05
1.827267000000000000e-05
1.832481999999999915e-05
1.836951999999999891e-05
1.841049999999999932e-05
1.845147999999999973e-05
1.848873000000000009e-05
1.852226000000000111e-05
1.855205999999999869e-05
1.858185999999999966e-05
1.861167000000000133e-05
1.863401999999999951e-05
1.866010000000000113e-05
1.868616999999999867e-05
1.870852000000000024e-05
1.873459999999999847e-05
1.875323000000000070e-05
1.877557999999999888e-05
1.880166000000000050e-05
1.882027999999999864e-05
1.883891000000000087e-05
1.886498999999999910e-05
1.888361000000000062e-05
1.890595999999999881e-05
1.892832000000000108e-05
1.895066999999999927e-05
1.896929000000000079e-05
1.899536999999999903e-05
1.901400000000000125e-05
1.903634999999999944e-05
1.905870000000000101e-05
1.908104999999999919e-05
1.909968000000000142e-05
1.911831000000000026e-05
1.913692999999999840e-05
1.915556000000000062e-05
1.917790999999999881e-05
1.919281000000000098e-05
1.921515999999999917e-05
1.923006000000000135e-05
1.924869000000000018e-05
1.926358999999999897e-05
1.928222000000000120e-05
1.929711999999999999e-05
1.931574999999999883e-05
1.933065000000000101e-05
1.934926999999999914e-05
1.936417999999999863e-05
1.937908000000000081e-05
1.939769999999999895e-05
1.941633000000000117e-05
1.943496000000000001e-05
1.944985999999999880e-05
1.946848000000000033e-05
1.948337999999999912e-05
1.950201000000000134e-05
1.952064000000000018e-05
1.953553999999999897e-05
1.955789000000000054e-05
1.957278999999999933e-05
1.959142000000000156e-05
1.960632000000000035e-05
1.962494999999999919e-05
1.963985000000000137e-05
1.965846999999999950e-05
1.967709999999999834e-05
1.969573000000000057e-05
1.970689999999999931e-05
1.972553000000000153e-05
1.974043000000000032e-05
1.975532999999999911e-05
1.977023000000000129e-05
1.978886000000000013e-05
1.980002999999999887e-05
1.981866000000000110e-05
1.982984000000000054e-05
1.984845999999999868e-05
1.986336000000000086e-05
1.987827000000000035e-05
1.989316999999999914e-05
1.991179000000000066e-05
1.992297000000000011e-05
1.994159999999999894e-05
1.995650000000000112e-05
1.997511999999999926e-05
1.998629999999999870e-05
2.000493000000000093e-05
2.001982999999999972e-05
2.003472999999999851e-05
2.004963000000000068e-05
2.006452999999999947e-05
2.007570999999999892e-05
2.009061000000000110e-05
2.010550999999999989e-05
2.012040999999999868e-05
2.013531000000000085e-05
2.014649000000000030e-05
2.016138999999999909e-05
2.017256000000000122e-05
2.019119000000000005e-05
2.020236999999999950e-05
2.021727000000000168e-05
2.023217000000000047e-05
2.024706999999999926e-05
2.026197000000000143e-05
2.027315000000000088e-05
2.029176999999999901e-05
2.030667000000000119e-05
2.032156999999999998e-05
2.034019999999999882e-05
2.035510000000000100e-05
2.036999999999999979e-05
2.038862999999999862e-05
2.040353000000000080e-05
2.042215999999999964e-05
2.043705999999999843e-05
2.045569000000000066e-05
2.047058999999999945e-05
2.048549000000000162e-05
2.050783999999999981e-05
2.051901999999999925e-05
2.053764000000000078e-05
2.055253999999999957e-05
2.057489000000000114e-05
2.058980000000000063e-05
2.060469999999999942e-05
2.061960000000000160e-05
2.063821999999999974e-05
2.065684999999999857e-05
2.067548000000000080e-05
2.068664999999999954e-05
2.070527999999999838e-05
2.072018000000000056e-05
2.073880999999999940e-05
2.075371000000000157e-05
2.076861000000000036e-05
2.078350999999999915e-05
2.080214000000000138e-05
2.081704000000000017e-05
2.083566999999999901e-05
2.085057000000000119e-05
2.086546999999999998e-05
2.088409000000000150e-05
2.089899000000000029e-05
2.091761999999999913e-05
2.093625000000000135e-05
2.095486999999999949e-05
2.097349999999999833e-05
2.099213000000000055e-05
2.101074999999999869e-05
2.102938000000000092e-05
2.105172999999999910e-05
2.107036000000000133e-05
2.108897999999999947e-05
2.111133999999999835e-05
2.112995999999999988e-05
2.115231000000000145e-05
2.117094000000000029e-05
2.118956999999999913e-05
2.121192000000000070e-05
2.123054999999999954e-05
2.124544999999999833e-05
2.126406999999999985e-05
2.127896999999999864e-05
2.129015000000000147e-05
2.130505000000000026e-05
2.131249999999999966e-05
2.132739999999999845e-05
2.133858000000000128e-05
2.134603000000000067e-05
2.135721000000000012e-05
2.136837999999999886e-05
2.137956000000000169e-05
2.139446000000000048e-05
2.140935999999999927e-05
2.142426000000000145e-05
2.143916000000000024e-05
2.145778999999999907e-05
2.147641000000000060e-05
2.149876999999999949e-05
2.151367000000000166e-05
2.153228999999999980e-05
2.155464999999999869e-05
2.157700000000000026e-05
2.159561999999999840e-05
2.161798000000000067e-05
2.163659999999999881e-05
2.165895000000000038e-05
2.168130999999999927e-05
2.169993000000000079e-05
2.172227999999999898e-05
2.174091000000000120e-05
2.176325999999999939e-05
2.178561000000000096e-05
2.180796999999999985e-05
2.183032000000000142e-05
2.185266999999999960e-05
2.187875000000000122e-05
2.190481999999999876e-05
2.192718000000000103e-05
2.194952999999999921e-05
2.197560000000000014e-05
2.200167999999999837e-05
2.202775999999999999e-05
2.205011000000000156e-05
2.207245999999999975e-05
2.210226000000000072e-05
2.212461999999999960e-05
2.214697000000000117e-05
2.217303999999999871e-05
2.219912000000000033e-05
2.222146999999999851e-05
2.224382000000000009e-05
2.226989999999999832e-05
2.229224999999999989e-05
2.231833000000000151e-05
2.234440999999999974e-05
2.236676000000000132e-05
2.239283999999999955e-05
2.241891000000000047e-05
2.244498999999999870e-05
2.246734000000000028e-05
2.249341999999999851e-05
2.251950000000000013e-05
2.254557000000000105e-05
2.257164999999999928e-05
2.259773000000000090e-05
2.262379999999999844e-05
2.264988000000000006e-05
2.267596000000000168e-05
2.270575999999999926e-05
2.273184000000000088e-05
2.275790999999999841e-05
2.278772000000000008e-05
2.281379000000000100e-05
2.283986999999999923e-05
2.286967000000000020e-05
2.289574999999999843e-05
2.292554999999999940e-05
2.295908000000000042e-05
2.298888000000000138e-05
2.301868999999999966e-05
2.304476000000000059e-05
2.307456000000000155e-05
2.310436999999999983e-05
2.313789000000000015e-05
2.316396999999999838e-05
2.319749999999999940e-05
2.322730000000000037e-05
2.325710000000000133e-05
2.328690999999999961e-05
2.332042999999999993e-05
2.335024000000000160e-05
2.338003999999999918e-05
2.340612000000000080e-05
2.343591999999999838e-05
2.346571999999999935e-05
2.349552000000000032e-05
2.352532000000000128e-05
2.355139999999999952e-05
2.358120000000000048e-05
2.360727999999999872e-05
2.363707999999999968e-05
2.366689000000000135e-05
2.369295999999999889e-05
2.372277000000000055e-05
2.375257000000000152e-05
2.378236999999999910e-05
2.380845000000000072e-05
2.383825000000000169e-05
2.386432999999999992e-05
2.389413000000000089e-05
2.392020999999999912e-05
2.395001000000000009e-05
2.397981000000000106e-05
2.400960999999999864e-05
2.403569000000000026e-05
2.406549000000000123e-05
2.409528999999999881e-05
2.412510000000000048e-05
2.415117000000000140e-05
2.417724999999999963e-05
2.420705000000000060e-05
2.423312999999999883e-05
2.425921000000000045e-05
2.428901000000000142e-05
2.431508999999999965e-05
2.434116000000000057e-05
2.437096999999999885e-05
2.439703999999999977e-05
2.442312000000000140e-05
2.445291999999999898e-05
2.447900000000000060e-05
2.450880000000000156e-05
2.453487999999999980e-05
2.456096000000000142e-05
2.458702999999999895e-05
2.461311000000000057e-05
2.463918999999999880e-05
2.466898999999999977e-05
2.469134000000000134e-05
2.471741999999999958e-05
2.473977000000000115e-05
2.476584999999999938e-05
2.479565000000000035e-05
2.481799999999999854e-05
2.484408000000000016e-05
2.486642999999999834e-05
2.488877999999999991e-05
2.491858000000000088e-05
2.494092999999999907e-05
2.496701000000000069e-05
2.498935999999999887e-05
2.501544000000000049e-05
2.504151999999999873e-05
2.506758999999999965e-05
2.509367000000000127e-05
2.511601999999999945e-05
2.514210000000000107e-05
2.517189999999999865e-05
2.519425000000000023e-05
2.522032999999999846e-05
2.524641000000000008e-05
2.527248999999999831e-05
2.529855999999999923e-05
2.532464000000000085e-05
2.534698999999999904e-05
2.537307000000000066e-05
2.539541999999999885e-05
2.542521999999999981e-05
2.544757000000000139e-05
2.546993000000000027e-05
2.549227999999999846e-05
2.551834999999999938e-05
2.554443000000000100e-05
2.556677999999999918e-05
2.558914000000000146e-05
2.561520999999999899e-05
2.563756000000000056e-05
2.565991999999999945e-05
2.568227000000000102e-05
2.571206999999999860e-05
2.573442000000000017e-05
2.575676999999999836e-05
2.577540000000000058e-05
2.580147999999999882e-05
2.582383000000000039e-05
2.584245999999999923e-05
2.586481000000000080e-05
2.588342999999999894e-05
2.590206000000000116e-05
2.592813999999999940e-05
2.594304000000000157e-05
2.596538999999999976e-05
2.598774000000000133e-05
2.601008999999999952e-05
2.602871999999999836e-05
2.605479999999999998e-05
2.607715000000000155e-05
2.609949999999999973e-05
2.612558000000000135e-05
2.615164999999999889e-05
2.617401000000000116e-05
2.619635999999999935e-05
2.622243000000000027e-05
2.624850999999999850e-05
2.627459000000000012e-05
2.630066999999999835e-05
2.632301999999999993e-05
2.634909000000000085e-05
2.637516999999999908e-05
2.640125000000000070e-05
2.642732999999999893e-05
2.645339999999999985e-05
2.647575000000000143e-05
2.650555999999999971e-05
2.653163000000000063e-05
2.655770999999999886e-05
2.658379000000000048e-05
2.660986999999999871e-05
2.663222000000000029e-05
2.666202000000000125e-05
2.668436999999999944e-05
2.671045000000000106e-05
2.673279999999999924e-05
2.675888000000000086e-05
2.678494999999999840e-05
2.680731000000000067e-05
2.683338000000000159e-05
2.685572999999999978e-05
2.688554000000000144e-05
2.690788999999999963e-05
2.693024000000000120e-05
2.695258999999999939e-05
2.697867000000000101e-05
2.700101999999999919e-05
2.702337000000000077e-05
2.704199999999999960e-05
2.706808000000000122e-05
2.709042999999999941e-05
2.710905000000000094e-05
2.713140999999999982e-05
2.715376000000000139e-05
2.717237999999999953e-05
2.719473999999999842e-05
2.721708999999999999e-05
2.723944000000000156e-05
2.726178999999999975e-05
2.728041999999999859e-05
2.730277000000000016e-05
2.732884999999999839e-05
2.735119999999999996e-05
2.737355000000000154e-05
2.739589999999999972e-05
2.742198000000000134e-05
2.744432999999999953e-05
2.746668000000000110e-05
2.749275999999999933e-05
2.751884000000000095e-05
2.754118999999999914e-05
2.756726000000000006e-05
2.758961999999999895e-05
2.761197000000000052e-05
2.764177000000000149e-05
2.766784999999999972e-05
2.769020000000000129e-05
2.771627999999999952e-05
2.773863000000000110e-05
2.776842999999999868e-05
2.779078000000000025e-05
2.781685999999999848e-05
2.783921000000000006e-05
2.786529000000000168e-05
2.789135999999999921e-05
2.791372000000000148e-05
2.793606999999999967e-05
2.796215000000000129e-05
2.798821999999999882e-05
2.801057000000000040e-05
2.803292999999999928e-05
2.805528000000000085e-05
2.808134999999999839e-05
2.810371000000000066e-05
2.812605999999999884e-05
2.815214000000000046e-05
2.817821000000000139e-05
2.820055999999999957e-05
2.822291999999999846e-05
2.824527000000000003e-05
2.827507000000000100e-05
2.829741999999999918e-05
2.831977000000000076e-05
2.834212999999999964e-05
2.836820000000000056e-05
2.839054999999999875e-05
2.841291000000000102e-05
2.843525999999999920e-05
2.846133000000000012e-05
2.848368999999999901e-05
2.850604000000000058e-05
2.853211000000000150e-05
2.855818999999999974e-05
2.858054000000000131e-05
2.860290000000000019e-05
2.862524999999999838e-05
2.865131999999999930e-05
2.867368000000000157e-05
2.869602999999999976e-05
2.871838000000000133e-05
2.874072999999999952e-05
2.876308000000000109e-05
2.878542999999999928e-05
2.880779000000000155e-05
2.883013999999999973e-05
2.884876000000000126e-05
2.887483999999999949e-05
2.889346999999999833e-05
2.891208999999999985e-05
2.893444999999999874e-05
2.895307000000000027e-05
2.897541999999999845e-05
2.899405000000000068e-05
2.900894999999999947e-05
2.903130000000000104e-05
2.904992999999999988e-05
2.906855999999999871e-05
2.908718000000000024e-05
2.910580999999999908e-05
2.912444000000000130e-05
2.914305999999999944e-05
2.916541000000000101e-05
2.918403999999999985e-05
2.920266999999999869e-05
2.922502000000000026e-05
2.924736999999999845e-05
2.926600000000000067e-05
2.929207000000000159e-05
2.931070000000000043e-05
2.933304999999999862e-05
2.935540000000000019e-05
2.938147999999999842e-05
2.940382999999999999e-05
2.942618000000000157e-05
2.944854000000000045e-05
2.947088999999999864e-05
2.949324000000000021e-05
2.951186999999999905e-05
2.953422000000000062e-05
2.955283999999999876e-05
2.957147000000000099e-05
2.959009999999999982e-05
2.960872000000000135e-05
2.962362000000000014e-05
2.963852999999999963e-05
2.966088000000000120e-05
2.967577999999999999e-05
2.969440999999999883e-05
2.970931000000000101e-05
2.973165999999999919e-05
2.974656000000000137e-05
2.976519000000000021e-05
2.978380999999999835e-05
2.979871000000000052e-05
2.981733999999999936e-05
2.983597000000000159e-05
2.985458999999999972e-05
2.987321999999999856e-05
2.989185000000000079e-05
2.991046999999999893e-05
2.992910000000000115e-05
2.994772999999999999e-05
2.996635000000000151e-05
2.998498000000000035e-05
3.000359999999999849e-05
3.001851000000000137e-05
3.004085999999999955e-05
3.005203000000000168e-05
3.007066000000000052e-05
3.008555999999999931e-05
3.010419000000000154e-05
3.011536000000000028e-05
3.013398999999999912e-05
3.014516999999999856e-05
3.016379000000000008e-05
3.017868999999999887e-05
3.019359000000000105e-05
3.020850000000000054e-05
3.022711999999999868e-05
3.024202000000000086e-05
3.026064999999999970e-05
3.027554999999999849e-05
3.029418000000000071e-05
3.031279999999999885e-05
3.033516000000000112e-05
3.035377999999999926e-05
3.037241000000000149e-05
3.039475999999999967e-05
3.041338999999999851e-05
3.043201000000000003e-05
3.045436000000000161e-05
3.047299000000000044e-05
3.049533999999999863e-05
3.051397000000000086e-05
3.053271000000000061e-05
3.055134000000000284e-05
3.056996999999999829e-05
3.058858999999999981e-05
3.060722000000000204e-05
3.062212000000000083e-05
3.064446999999999901e-05
3.065936999999999780e-05
3.067800000000000003e-05
3.069289999999999882e-05
3.071153000000000104e-05
3.073015000000000257e-05
3.074877999999999802e-05
3.076367999999999681e-05
3.077858000000000238e-05
3.079720999999999782e-05
3.081210999999999661e-05
3.083073999999999884e-05
3.084563999999999763e-05
3.086425999999999916e-05
3.087915999999999795e-05
3.089406999999999744e-05
3.090523999999999957e-05
3.092013999999999836e-05
3.093503999999999715e-05
3.094249000000000332e-05
3.095740000000000281e-05
3.096856999999999816e-05
3.097975000000000099e-05
3.099464999999999978e-05
3.100582000000000191e-05
3.101699999999999797e-05
3.103189999999999676e-05
3.104680000000000232e-05
3.106542999999999777e-05
3.108033000000000334e-05
3.109523000000000213e-05
3.111758000000000032e-05
3.113621000000000254e-05
3.115856000000000073e-05
3.117345999999999952e-05
3.119209000000000174e-05
3.121443999999999993e-05
3.123307000000000215e-05
3.125542000000000034e-05
3.127031999999999913e-05
3.128895000000000135e-05
3.131129999999999954e-05
3.132992000000000106e-05
3.134855000000000329e-05
3.136717999999999874e-05
3.138580000000000027e-05
3.140443000000000249e-05
3.141933000000000128e-05
3.144167999999999947e-05
3.145657999999999826e-05
3.147521000000000048e-05
3.149010999999999927e-05
3.150874000000000150e-05
3.152364000000000029e-05
3.153853999999999908e-05
3.155717000000000130e-05
3.157207000000000009e-05
3.158696999999999888e-05
3.160186999999999767e-05
3.162049999999999990e-05
3.163539999999999869e-05
3.165402000000000021e-05
3.166892999999999970e-05
3.168755000000000123e-05
3.170245000000000002e-05
3.172108000000000225e-05
3.173598000000000104e-05
3.175832999999999922e-05
3.177322999999999801e-05
3.179186000000000024e-05
3.180675999999999903e-05
3.182539000000000125e-05
3.184401000000000278e-05
3.185892000000000227e-05
3.187753999999999702e-05
3.189244000000000258e-05
3.191106999999999803e-05
3.192596999999999682e-05
3.194459999999999905e-05
3.195949999999999784e-05
3.197811999999999936e-05
3.199302999999999885e-05
3.201165000000000038e-05
3.202654999999999917e-05
3.204518000000000140e-05
3.206380999999999684e-05
3.207871000000000241e-05
3.209732999999999716e-05
3.211223999999999665e-05
3.213085999999999818e-05
3.214575999999999697e-05
3.216811000000000193e-05
3.218302000000000142e-05
3.220536999999999960e-05
3.222026999999999839e-05
3.223516999999999718e-05
3.225752000000000214e-05
3.227242000000000093e-05
3.229105000000000316e-05
3.230595000000000195e-05
3.232830000000000014e-05
3.234319999999999893e-05
3.236183000000000115e-05
3.237672999999999994e-05
3.239536000000000217e-05
3.241026000000000096e-05
3.242515999999999975e-05
3.244379000000000197e-05
3.245869000000000076e-05
3.247358999999999955e-05
3.248848999999999834e-05
3.250712000000000057e-05
3.252201999999999936e-05
3.253691999999999815e-05
3.255181999999999694e-05
3.256672000000000250e-05
3.258162000000000129e-05
3.259279999999999735e-05
3.261141999999999887e-05
3.262632999999999836e-05
3.264122999999999715e-05
3.265984999999999868e-05
3.267474999999999747e-05
3.268965999999999696e-05
3.270827999999999849e-05
3.272317999999999728e-05
3.274180999999999950e-05
3.276044000000000173e-05
3.277534000000000052e-05
3.279768999999999870e-05
3.281632000000000093e-05
3.283866999999999911e-05
3.285356999999999790e-05
3.287218999999999943e-05
3.289454999999999831e-05
3.291316999999999984e-05
3.293180000000000206e-05
3.295042999999999751e-05
3.296904999999999904e-05
3.299139999999999723e-05
3.300630000000000279e-05
3.302866000000000168e-05
3.304728000000000320e-05
3.306590999999999865e-05
3.308825999999999684e-05
3.310688999999999906e-05
3.312551000000000059e-05
3.314414000000000281e-05
3.316276999999999826e-05
3.318512000000000322e-05
3.320002000000000201e-05
3.321864999999999746e-05
3.324100000000000242e-05
3.325590000000000122e-05
3.327452999999999666e-05
3.328943000000000223e-05
3.330433000000000102e-05
3.331550000000000315e-05
3.333041000000000264e-05
3.334531000000000143e-05
3.335647999999999679e-05
3.336765999999999962e-05
3.337883000000000175e-05
3.339374000000000124e-05
3.340864000000000003e-05
3.341981000000000216e-05
3.343843999999999761e-05
3.345334000000000317e-05
3.347196999999999862e-05
3.349059000000000015e-05
3.350922000000000237e-05
3.352784999999999782e-05
3.355020000000000278e-05
3.357255000000000097e-05
3.359489999999999916e-05
3.361724999999999734e-05
3.363587999999999957e-05
3.365822999999999775e-05
3.368058000000000271e-05
3.369920999999999816e-05
3.372156000000000312e-05
3.374018999999999857e-05
3.375508999999999736e-05
3.377370999999999889e-05
3.378861999999999838e-05
3.380723999999999990e-05
3.382213999999999869e-05
3.383703999999999748e-05
3.385194999999999697e-05
3.386685000000000254e-05
3.388175000000000133e-05
3.389665000000000012e-05
3.391154999999999891e-05
3.392273000000000174e-05
3.393763000000000053e-05
3.395252999999999932e-05
3.396742999999999811e-05
3.397861000000000094e-05
3.399350999999999973e-05
3.400840999999999852e-05
3.401958000000000065e-05
3.403447999999999944e-05
3.404566000000000227e-05
3.406056000000000106e-05
3.407173999999999712e-05
3.408664000000000268e-05
3.410154000000000147e-05
3.411271999999999753e-05
3.412762000000000309e-05
3.413878999999999845e-05
3.415368999999999724e-05
3.416859999999999673e-05
3.417976999999999886e-05
3.419095000000000169e-05
3.420585000000000048e-05
3.421702000000000261e-05
3.423193000000000210e-05
3.424309999999999746e-05
3.425428000000000029e-05
3.426172999999999968e-05
3.427662999999999847e-05
3.428780000000000060e-05
3.429526000000000070e-05
3.430271000000000009e-05
3.431388000000000222e-05
3.432505999999999828e-05
3.433250999999999767e-05
3.434741000000000324e-05
3.435858999999999929e-05
3.436603999999999869e-05
3.438093999999999748e-05
3.439210999999999961e-05
3.441074000000000183e-05
3.442191999999999789e-05
3.444053999999999941e-05
3.445543999999999820e-05
3.447407000000000043e-05
3.448896999999999922e-05
3.450760000000000145e-05
3.452250000000000024e-05
3.454112000000000176e-05
3.455603000000000125e-05
3.457465000000000278e-05
3.458955000000000157e-05
3.460817999999999702e-05
3.461935999999999985e-05
3.463798000000000137e-05
3.465288000000000016e-05
3.467151000000000239e-05
3.468641000000000118e-05
3.470503999999999663e-05
3.471620999999999876e-05
3.473484000000000098e-05
3.474973999999999977e-05
3.476837000000000200e-05
3.478327000000000079e-05
3.479816999999999958e-05
3.481306999999999837e-05
3.483170000000000060e-05
3.484659999999999939e-05
3.486522000000000091e-05
3.488013000000000040e-05
3.489502999999999919e-05
3.490992999999999798e-05
3.492854999999999951e-05
3.494345999999999900e-05
3.496208000000000052e-05
3.498071000000000275e-05
3.499561000000000154e-05
3.501423999999999699e-05
3.502914000000000255e-05
3.504775999999999730e-05
3.506266999999999679e-05
3.508128999999999832e-05
3.509992000000000054e-05
3.511854000000000207e-05
3.513345000000000156e-05
3.515207000000000309e-05
3.517069999999999854e-05
3.518559999999999733e-05
3.520795000000000229e-05
3.521912999999999834e-05
3.523774999999999987e-05
3.525264999999999866e-05
3.526755999999999815e-05
3.527873000000000028e-05
3.529736000000000250e-05
3.530852999999999786e-05
3.532716000000000008e-05
3.533834000000000291e-05
3.533460999999999948e-05
3.530481000000000190e-05
3.524519999999999926e-05
3.515579999999999975e-05
3.503659000000000195e-05
3.489502999999999919e-05
3.473484000000000098e-05
3.455974999999999721e-05
3.438093999999999748e-05
3.419840000000000109e-05
3.402330999999999731e-05
3.385194999999999697e-05
3.368430999999999937e-05
3.352784999999999782e-05
3.337510999999999901e-05
3.324471999999999838e-05
3.312551000000000059e-05
3.302492999999999824e-05
3.293180000000000206e-05
3.285729000000000064e-05
3.279396000000000204e-05
3.274180999999999950e-05
3.270456000000000253e-05
3.267103000000000151e-05
3.264868000000000333e-05
3.263377999999999776e-05
3.262260000000000171e-05
3.261515000000000231e-05
3.261515000000000231e-05
3.260770000000000291e-05
3.260396999999999948e-05
3.260396999999999948e-05
3.260024999999999674e-05
3.259652000000000008e-05
3.259279999999999735e-05
3.259279999999999735e-05
3.258907000000000069e-05
3.258907000000000069e-05
3.259279999999999735e-05
3.259279999999999735e-05
3.259279999999999735e-05
3.260024999999999674e-05
3.260396999999999948e-05
3.261141999999999887e-05
3.261515000000000231e-05
3.262632999999999836e-05
3.263750000000000050e-05
3.264868000000000333e-05
3.265984999999999868e-05
3.267474999999999747e-05
3.268593000000000030e-05
3.270082999999999909e-05
3.271572999999999788e-05
3.272691000000000071e-05
3.274180999999999950e-05
3.275299000000000233e-05
3.277160999999999708e-05
3.277906000000000325e-05
3.279396000000000204e-05
3.280513999999999810e-05
3.281632000000000093e-05
3.282749000000000306e-05
3.283866999999999911e-05
3.284984000000000124e-05
3.286101999999999730e-05
3.286846999999999669e-05
3.287964999999999952e-05
3.289082000000000165e-05
3.290199999999999771e-05
3.291316999999999984e-05
3.292435000000000267e-05
3.293551999999999802e-05
3.295042999999999751e-05
3.296159999999999965e-05
3.297278000000000248e-05
3.298768000000000127e-05
3.299884999999999662e-05
3.301376000000000289e-05
3.302866000000000168e-05
3.304356000000000047e-05
3.305845999999999926e-05
3.306963000000000139e-05
3.308825999999999684e-05
3.309943999999999967e-05
3.311806000000000119e-05
3.312923999999999725e-05
3.314414000000000281e-05
3.315531999999999887e-05
3.317394000000000039e-05
3.318512000000000322e-05
3.320002000000000201e-05
3.321119999999999807e-05
3.322237000000000020e-05
3.323726999999999899e-05
3.324845000000000182e-05
3.325961999999999717e-05
3.327080000000000001e-05
3.328198000000000284e-05
3.329314999999999819e-05
3.330433000000000102e-05
3.331178000000000042e-05
3.332295000000000255e-05
3.333786000000000204e-05
3.334531000000000143e-05
3.335647999999999679e-05
3.337138000000000235e-05
3.337510999999999901e-05
3.338628000000000114e-05
3.340119000000000063e-05
3.340864000000000003e-05
3.341981000000000216e-05
3.343471000000000095e-05
3.344216000000000034e-05
3.345334000000000317e-05
3.346451999999999923e-05
3.347196999999999862e-05
3.348314000000000075e-05
3.349803999999999954e-05
3.350548999999999894e-05
3.351667000000000177e-05
3.352784999999999782e-05
3.353901999999999995e-05
3.355020000000000278e-05
3.356136999999999814e-05
3.357255000000000097e-05
3.358372000000000310e-05
3.359489999999999916e-05
3.360234999999999855e-05
3.361353000000000138e-05
3.362469999999999674e-05
3.363215000000000291e-05
3.364332999999999896e-05
3.365451000000000179e-05
3.366196000000000119e-05
3.367313000000000332e-05
3.368430999999999937e-05
3.369175999999999877e-05
3.370293000000000090e-05
3.371410999999999695e-05
3.372156000000000312e-05
3.372901000000000252e-05
3.374018999999999857e-05
3.375136000000000070e-05
3.375881000000000010e-05
3.376999000000000293e-05
3.378489000000000172e-05
3.379234000000000111e-05
3.380351999999999717e-05
3.381842000000000273e-05
3.382587000000000213e-05
3.383703999999999748e-05
3.385194999999999697e-05
3.385940000000000314e-05
3.387056999999999850e-05
3.388175000000000133e-05
3.389291999999999668e-05
3.390409999999999952e-05
3.391528000000000235e-05
3.392273000000000174e-05
3.393389999999999710e-05
3.394507999999999993e-05
3.394880000000000266e-05
3.395997999999999872e-05
3.397116000000000155e-05
3.397861000000000094e-05
3.398606000000000034e-05
3.399350999999999973e-05
3.400468000000000186e-05
3.401213000000000126e-05
3.401958000000000065e-05
3.403075999999999671e-05
3.404193999999999954e-05
3.404566000000000227e-05
3.405683999999999833e-05
3.406428999999999772e-05
3.407173999999999712e-05
3.407545999999999985e-05
3.409780999999999804e-05
3.420585000000000048e-05
3.445172000000000224e-05
3.482796999999999716e-05
3.531226000000000129e-05
3.587849999999999877e-05
3.648200000000000070e-05
3.710411999999999738e-05
3.771506999999999871e-05
3.829993999999999841e-05
3.884756000000000114e-05
3.935047000000000002e-05
3.980495999999999980e-05
4.021101999999999977e-05
4.056863999999999924e-05
4.088157000000000303e-05
4.115724000000000238e-05
4.138820999999999857e-05
4.159682000000000266e-05
4.176818999999999693e-05
4.192092000000000181e-05
4.204757999999999901e-05
4.215562000000000145e-05
4.224874999999999762e-05
4.233443000000000118e-05
4.240149000000000321e-05
4.245737000000000241e-05
4.250951999999999818e-05
4.255049999999999859e-05
4.258775000000000234e-05
4.262128000000000336e-05
4.264735999999999820e-05
4.266971000000000316e-05
4.268832999999999791e-05
4.270696000000000014e-05
4.271814000000000297e-05
4.273304000000000176e-05
4.274420999999999711e-05
4.274794000000000055e-05
4.275911000000000268e-05
4.276657000000000277e-05
4.277028999999999873e-05
4.277773999999999813e-05
4.278147000000000156e-05
4.278518999999999752e-05
4.278892000000000096e-05
4.279263999999999692e-05
4.279263999999999692e-05
4.279637000000000035e-05
4.279637000000000035e-05
4.280009000000000309e-05
