4.563504000000000209e-05
4.564620999999999745e-05
4.565366999999999754e-05
4.565366999999999754e-05
4.564620999999999745e-05
4.563504000000000209e-05
4.562385999999999926e-05
4.560896000000000047e-05
4.559778999999999834e-05
4.558661000000000229e-05
4.557542999999999946e-05
4.556798000000000006e-05
4.557542999999999946e-05
4.559406000000000168e-05
4.562759000000000270e-05
4.567228999999999907e-05
4.573190000000000171e-05
4.579895000000000304e-05
4.588090999999999708e-05
4.595914000000000124e-05
4.604481999999999802e-05
4.613050000000000158e-05
4.620872999999999897e-05
4.629068999999999979e-05
4.636520000000000122e-05
4.643597999999999921e-05
4.650675999999999720e-05
4.657380999999999853e-05
4.663713999999999712e-05
4.669674999999999976e-05
4.676007999999999836e-05
4.681595999999999756e-05
4.687555999999999949e-05
4.693888999999999809e-05
4.699850000000000073e-05
4.706182999999999932e-05
4.712515999999999792e-05
4.719220999999999925e-05
4.725927000000000128e-05
4.733004999999999927e-05
4.739337999999999787e-05
4.745671000000000324e-05
4.751630999999999840e-05
4.757218999999999760e-05
4.762806999999999680e-05
4.767276999999999995e-05
4.772119999999999975e-05
4.775844999999999673e-05
4.780316000000000057e-05
4.784414000000000098e-05
4.788138999999999796e-05
4.792236999999999837e-05
4.796334999999999878e-05
4.800060000000000253e-05
4.803784999999999951e-05
4.807510000000000326e-05
4.811236000000000093e-05
4.814588000000000125e-05
4.818313999999999892e-05
4.821666999999999994e-05
4.824646999999999752e-05
4.827627000000000188e-05
4.830606999999999946e-05
4.832841999999999764e-05
4.835449999999999926e-05
4.837684999999999745e-05
4.839920000000000241e-05
4.842156000000000129e-05
4.844018000000000282e-05
4.845880999999999827e-05
4.847370999999999706e-05
4.848116000000000323e-05
4.848861000000000262e-05
4.849606000000000202e-05
4.849233999999999928e-05
4.848861000000000262e-05
4.848116000000000323e-05
4.846625999999999766e-05
4.844763000000000221e-05
4.842156000000000129e-05
4.838803000000000028e-05
4.835449999999999926e-05
4.831725000000000229e-05
4.827253999999999844e-05
4.822784000000000207e-05
4.817568999999999953e-05
4.812725999999999972e-05
4.807510000000000326e-05
4.802667999999999738e-05
4.797452000000000091e-05
4.792981999999999776e-05
4.788138999999999796e-05
4.783669000000000159e-05
4.779197999999999774e-05
4.775099999999999733e-05
4.770630000000000096e-05
4.766532000000000055e-05
4.762434000000000014e-05
4.758337000000000043e-05
4.754239000000000002e-05
4.750140999999999961e-05
4.744925999999999707e-05
4.740082999999999726e-05
4.734494999999999806e-05
4.729279000000000160e-05
4.723691000000000239e-05
4.717731000000000046e-05
4.712143000000000126e-05
4.705810000000000266e-05
4.700595000000000012e-05
4.695007000000000092e-05
4.689790999999999768e-05
4.684576000000000191e-05
4.679359999999999867e-05
4.674145000000000291e-05
4.668556999999999693e-05
4.662968999999999773e-05
4.657009000000000257e-05
4.650675999999999720e-05
4.643970000000000194e-05
4.637265000000000061e-05
4.630187000000000262e-05
4.623481000000000059e-05
4.616403000000000260e-05
4.609324999999999783e-05
4.602619000000000258e-05
4.595914000000000124e-05
4.589581000000000265e-05
4.583620000000000001e-05
4.578033000000000151e-05
4.572445000000000231e-05
4.567228999999999907e-05
4.562759000000000270e-05
4.558287999999999885e-05
4.554563000000000188e-05
4.550837999999999813e-05
4.547484999999999711e-05
4.544132000000000287e-05
4.540780000000000255e-05
4.537053999999999810e-05
4.532584000000000173e-05
4.528486000000000132e-05
4.523270999999999878e-05
4.517682999999999958e-05
4.511721999999999694e-05
4.504643999999999895e-05
4.496821000000000157e-05
4.488997999999999741e-05
4.480056999999999719e-05
4.470744000000000101e-05
4.460685999999999867e-05
4.449882999999999692e-05
4.439451999999999792e-05
4.427903000000000286e-05
4.416726999999999768e-05
4.404807000000000058e-05
4.393257999999999875e-05
4.381709999999999761e-05
4.370161000000000255e-05
4.358613000000000141e-05
4.347437000000000301e-05
4.336260999999999783e-05
4.325458000000000287e-05
4.315400000000000052e-05
4.305340999999999747e-05
4.295283000000000190e-05
4.285224999999999955e-05
4.275166000000000328e-05
4.265480999999999759e-05
4.255049999999999859e-05
4.244246999999999685e-05
4.233443000000000118e-05
4.222267000000000278e-05
4.211090999999999760e-05
4.199543000000000324e-05
4.187621999999999867e-05
4.176073999999999753e-05
4.164152999999999973e-05
4.152232000000000194e-05
4.140683000000000010e-05
4.129134999999999896e-05
4.117586999999999783e-05
4.106783000000000216e-05
4.095980000000000042e-05
4.085549000000000141e-05
4.075863000000000180e-05
4.066923000000000228e-05
4.058354999999999873e-05
4.050158999999999791e-05
4.043080999999999991e-05
4.035629999999999849e-05
4.028552000000000050e-05
4.021474000000000251e-05
4.014395999999999774e-05
4.006573000000000035e-05
3.998750000000000297e-05
3.989809000000000275e-05
3.980495999999999980e-05
3.970810000000000019e-05
3.960006999999999845e-05
3.948458000000000339e-05
3.936165000000000285e-05
3.923498999999999889e-05
3.910460999999999896e-05
3.896304000000000228e-05
3.882147999999999952e-05
3.867991999999999676e-05
3.853836000000000078e-05
3.838934999999999863e-05
3.824779000000000265e-05
3.809504999999999706e-05
3.795349000000000108e-05
3.780820000000000166e-05
3.767037000000000234e-05
3.752880999999999958e-05
3.739841999999999895e-05
3.726431000000000236e-05
3.713019999999999900e-05
3.700354000000000181e-05
3.687687999999999784e-05
3.675394999999999731e-05
3.663101000000000285e-05
3.651179999999999828e-05
3.640003999999999988e-05
3.628829000000000218e-05
3.617652999999999700e-05
3.606849000000000134e-05
3.596790999999999899e-05
3.586732999999999664e-05
3.576674000000000037e-05
3.566989000000000146e-05
3.557303000000000185e-05
3.547989999999999890e-05
3.538677000000000272e-05
3.529736000000000250e-05
3.520795000000000229e-05
3.511854000000000207e-05
3.502914000000000255e-05
3.494345999999999900e-05
3.486149999999999818e-05
3.477208999999999796e-05
3.468641000000000118e-05
3.459700000000000096e-05
3.450760000000000145e-05
3.441445999999999779e-05
3.432133000000000162e-05
3.422447000000000201e-05
3.412762000000000309e-05
3.403447999999999944e-05
3.393763000000000053e-05
3.384449999999999758e-05
3.375508999999999736e-05
3.366196000000000119e-05
3.357255000000000097e-05
3.348314000000000075e-05
3.339745999999999720e-05
3.330804999999999698e-05
3.321864999999999746e-05
3.313295999999999998e-05
3.304728000000000320e-05
3.296159999999999965e-05
3.287592000000000286e-05
3.279396000000000204e-05
3.271201000000000192e-05
3.263005000000000110e-05
3.254809000000000028e-05
3.246614000000000016e-05
3.238791000000000277e-05
3.230595000000000195e-05
3.223144000000000052e-05
3.215321000000000314e-05
3.207497999999999898e-05
3.199675000000000159e-05
3.192225000000000086e-05
3.184773999999999944e-05
3.177322999999999801e-05
3.169872999999999728e-05
3.162422000000000263e-05
3.154598999999999847e-05
3.147148999999999775e-05
3.139324999999999966e-05
3.131874999999999893e-05
3.123678999999999811e-05
3.115856000000000073e-05
3.107659999999999991e-05
3.099837000000000252e-05
3.091642000000000240e-05
3.083818999999999824e-05
3.075622999999999741e-05
3.068172000000000276e-05
3.060348999999999860e-05
3.052526000000000122e-05
3.045436000000000161e-05
3.038358000000000023e-05
3.031279999999999885e-05
3.024575000000000091e-05
3.018241999999999892e-05
3.012280999999999967e-05
3.006321000000000113e-05
3.000732999999999854e-05
2.995144999999999934e-05
2.989930000000000018e-05
2.984714000000000033e-05
2.979871000000000052e-05
2.975028000000000072e-05
2.970186000000000161e-05
2.965715000000000115e-05
2.960872000000000135e-05
2.956775000000000164e-05
2.952677000000000123e-05
2.948951000000000016e-05
2.944854000000000045e-05
2.941872999999999879e-05
2.938520999999999847e-05
2.935540000000000019e-05
2.932932999999999927e-05
2.930698000000000108e-05
2.928834999999999886e-05
2.926972000000000002e-05
2.925482000000000123e-05
2.923991999999999905e-05
2.922873999999999961e-05
2.921757000000000087e-05
2.921012000000000147e-05
2.919893999999999864e-05
2.918776999999999990e-05
2.917659000000000046e-05
2.916541000000000101e-05
2.915050999999999884e-05
2.913561000000000005e-05
2.912071000000000126e-05
2.910207999999999903e-05
2.908346000000000089e-05
2.906110999999999932e-05
2.903130000000000104e-05
2.899778000000000072e-05
2.895680000000000031e-05
2.890837000000000051e-05
2.885249000000000131e-05
2.879660999999999872e-05
2.873328000000000012e-05
2.867368000000000157e-05
2.861406999999999894e-05
2.855818999999999974e-05
2.850975999999999993e-05
2.846877999999999952e-05
2.843525999999999920e-05
2.841663000000000037e-05
2.840545000000000092e-05
2.839800000000000153e-05
2.840173000000000158e-05
2.840545000000000092e-05
2.841663000000000037e-05
2.842780999999999981e-05
2.844270999999999860e-05
2.845761000000000078e-05
2.846877999999999952e-05
2.848368999999999901e-05
2.849113999999999840e-05
2.849859000000000119e-05
2.849486000000000114e-05
2.848368999999999901e-05
2.846877999999999952e-05
2.843897999999999855e-05
2.840545000000000092e-05
2.836075000000000117e-05
2.830859999999999862e-05
2.824898999999999938e-05
2.818194000000000143e-05
2.811487999999999940e-05
2.804037999999999867e-05
2.796215000000000129e-05
2.788390999999999982e-05
2.780195999999999969e-05
2.772745000000000166e-05
2.764550000000000153e-05
2.756726000000000006e-05
2.748530999999999994e-05
2.741079999999999851e-05
2.733257000000000113e-05
2.726551999999999980e-05
2.719100999999999837e-05
2.712023000000000038e-05
2.705316999999999835e-05
2.698612000000000040e-05
2.691905999999999837e-05
2.685201000000000043e-05
2.678867999999999845e-05
2.672534999999999985e-05
2.666574000000000060e-05
2.660613999999999866e-05
2.654654000000000012e-05
2.648693000000000087e-05
2.643105000000000167e-05
2.637144999999999973e-05
2.631557000000000053e-05
2.625596000000000128e-05
2.620007999999999869e-05
2.614419999999999949e-05
2.608460000000000094e-05
2.602871999999999836e-05
2.596538999999999976e-05
2.590579000000000121e-05
2.584617999999999858e-05
2.578284999999999998e-05
2.571952000000000138e-05
2.565618999999999940e-05
2.558914000000000146e-05
2.552207999999999942e-05
2.545875000000000083e-05
2.539541999999999885e-05
2.533209000000000025e-05
2.526876000000000165e-05
2.520542999999999967e-05
2.513837999999999834e-05
2.507131999999999970e-05
2.500426000000000105e-05
2.493720999999999972e-05
2.487388000000000112e-05
2.480309999999999975e-05
2.473604000000000110e-05
2.466898999999999977e-05
2.460566000000000118e-05
2.453859999999999914e-05
2.447155000000000120e-05
2.440821999999999922e-05
2.434489000000000062e-05
2.428155999999999864e-05
2.421823000000000004e-05
2.415490000000000145e-05
2.409528999999999881e-05
2.403569000000000026e-05
2.397608000000000101e-05
2.391647999999999908e-05
2.385688000000000053e-05
2.379727000000000128e-05
2.373393999999999930e-05
2.367806000000000010e-05
2.361473000000000150e-05
2.355512999999999956e-05
2.349552000000000032e-05
2.343218999999999833e-05
2.336885999999999974e-05
2.330180999999999840e-05
2.322730000000000037e-05
2.314906999999999959e-05
2.305965999999999938e-05
2.296281000000000046e-05
2.285850000000000146e-05
2.274300999999999962e-05
2.262007999999999909e-05
2.249341999999999851e-05
2.236303000000000127e-05
2.223265000000000134e-05
2.210226000000000072e-05
2.197188000000000079e-05
2.184893999999999956e-05
2.172972999999999837e-05
2.162170000000000002e-05
2.152112000000000106e-05
2.143544000000000089e-05
2.135721000000000012e-05
2.129015000000000147e-05
2.123799999999999893e-05
2.118956999999999913e-05
2.115231000000000145e-05
2.111879000000000113e-05
2.109270999999999951e-05
2.106663000000000128e-05
2.104056000000000036e-05
2.101074999999999869e-05
2.098468000000000116e-05
2.095115000000000014e-05
2.091761999999999913e-05
2.088036999999999877e-05
2.084311999999999840e-05
2.080214000000000138e-05
2.076116000000000097e-05
2.072018000000000056e-05
2.068293000000000019e-05
2.064567999999999983e-05
2.061214999999999882e-05
2.058235000000000124e-05
2.055626999999999962e-05
2.053764000000000078e-05
2.051901999999999925e-05
2.051155999999999916e-05
2.050410999999999976e-05
2.050039000000000041e-05
2.050410999999999976e-05
2.051155999999999916e-05
2.051901999999999925e-05
2.053392000000000143e-05
2.055253999999999957e-05
2.057116999999999841e-05
2.058980000000000063e-05
2.061214999999999882e-05
2.063450000000000039e-05
2.064939999999999918e-05
2.066057999999999862e-05
2.066803000000000140e-05
2.066803000000000140e-05
2.066057999999999862e-05
2.064567999999999983e-05
2.062332000000000095e-05
2.059351999999999998e-05
2.055998999999999896e-05
2.051901999999999925e-05
2.047430999999999879e-05
2.042960999999999904e-05
2.038489999999999858e-05
2.033647999999999947e-05
2.029549999999999906e-05
2.025451999999999865e-05
2.021727000000000168e-05
2.018374000000000066e-05
2.015020999999999964e-05
2.012040999999999868e-05
2.009061000000000110e-05
2.006079999999999943e-05
2.003099999999999846e-05
2.000493000000000093e-05
1.997139999999999991e-05
1.993786999999999890e-05
1.990434000000000127e-05
1.986336000000000086e-05
1.982239000000000115e-05
1.977768000000000069e-05
1.972553000000000153e-05
1.967709999999999834e-05
1.962121999999999914e-05
1.956533999999999994e-05
1.950574000000000139e-05
1.944240999999999941e-05
1.938653000000000021e-05
1.933437000000000035e-05
1.928222000000000120e-05
1.924124000000000079e-05
1.920399000000000043e-05
1.917418999999999946e-05
1.915556000000000062e-05
1.913692999999999840e-05
1.913320999999999905e-05
1.913320999999999905e-05
1.913692999999999840e-05
1.915183000000000057e-05
1.916301000000000002e-05
1.918163999999999885e-05
1.920026000000000038e-05
1.922260999999999856e-05
1.924869000000000018e-05
1.927103999999999837e-05
1.929338999999999994e-05
1.931574999999999883e-05
1.933810000000000040e-05
1.935671999999999854e-05
1.937163000000000142e-05
1.938280000000000016e-05
1.939397999999999960e-05
1.939769999999999895e-05
1.940142999999999900e-05
1.940142999999999900e-05
1.939769999999999895e-05
1.939024999999999955e-05
1.937908000000000081e-05
1.937163000000000142e-05
1.935671999999999854e-05
1.934554999999999980e-05
1.933437000000000035e-05
1.932320000000000161e-05
1.931574999999999883e-05
1.931574999999999883e-05
1.931574999999999883e-05
1.932320000000000161e-05
1.932692000000000096e-05
1.933437000000000035e-05
1.934181999999999975e-05
1.934554999999999980e-05
1.934554999999999980e-05
1.934554999999999980e-05
1.934554999999999980e-05
1.934181999999999975e-05
1.933437000000000035e-05
1.932692000000000096e-05
1.932320000000000161e-05
1.931947000000000156e-05
1.932320000000000161e-05
1.932692000000000096e-05
1.933810000000000040e-05
1.935299999999999919e-05
1.937535000000000076e-05
1.939769999999999895e-05
1.942751000000000062e-05
1.945731000000000159e-05
1.949083999999999921e-05
1.952435999999999953e-05
1.955789000000000054e-05
1.959142000000000156e-05
1.962121999999999914e-05
1.965102000000000011e-05
1.967709999999999834e-05
1.969944999999999991e-05
1.972553000000000153e-05
1.974787999999999972e-05
1.976650999999999856e-05
1.978886000000000013e-05
1.980748000000000166e-05
1.982611000000000049e-05
1.985218999999999873e-05
1.987827000000000035e-05
1.991179000000000066e-05
1.994904999999999834e-05
1.999375000000000148e-05
2.004218000000000129e-05
2.009061000000000110e-05
2.014276000000000025e-05
2.019492000000000010e-05
2.023961999999999986e-05
2.028431999999999962e-05
2.032530000000000003e-05
2.035883000000000104e-05
2.038117999999999923e-05
2.039608000000000141e-05
2.040726000000000085e-05
2.041471000000000025e-05
2.041098000000000020e-05
2.039981000000000146e-05
2.038862999999999862e-05
2.036628000000000044e-05
2.034392999999999887e-05
2.032156999999999998e-05
2.029549999999999906e-05
2.026570000000000148e-05
2.023588999999999981e-05
2.020608999999999884e-05
2.018001000000000061e-05
2.014649000000000030e-05
2.010922999999999923e-05
2.007197999999999887e-05
2.003099999999999846e-05
1.998256999999999865e-05
1.993786999999999890e-05
1.988943999999999909e-05
1.984473999999999933e-05
1.980002999999999887e-05
1.975905999999999916e-05
1.972180000000000149e-05
1.969200000000000052e-05
1.966219999999999955e-05
1.964730000000000076e-05
1.963239999999999858e-05
1.962494999999999919e-05
1.962121999999999914e-05
1.962121999999999914e-05
1.961749999999999979e-05
1.961749999999999979e-05
1.961749999999999979e-05
1.961003999999999970e-05
1.960632000000000035e-05
1.959887000000000096e-05
1.959142000000000156e-05
1.957651999999999938e-05
1.956533999999999994e-05
1.954671000000000110e-05
1.952808999999999958e-05
1.950574000000000139e-05
1.947965999999999977e-05
1.945731000000000159e-05
1.943122999999999996e-05
1.940514999999999834e-05
1.937535000000000076e-05
1.934554999999999980e-05
1.931574999999999883e-05
1.928222000000000120e-05
1.925242000000000023e-05
1.921888999999999922e-05
1.918909000000000164e-05
1.915927999999999997e-05
1.912575999999999965e-05
1.909595000000000137e-05
1.906243000000000106e-05
1.903261999999999939e-05
1.899909999999999907e-05
1.896557000000000145e-05
1.893577000000000048e-05
1.890595999999999881e-05
1.887989000000000128e-05
1.885380999999999966e-05
1.882773000000000142e-05
1.880166000000000050e-05
1.877557999999999888e-05
1.874578000000000130e-05
1.871596999999999963e-05
1.868244999999999932e-05
1.864892000000000169e-05
1.861539000000000067e-05
1.858185999999999966e-05
1.854460999999999930e-05
1.851108000000000167e-05
1.847756000000000135e-05
1.844403000000000034e-05
1.841422999999999937e-05
1.838442000000000109e-05
1.835835000000000017e-05
1.833226999999999855e-05
1.831363999999999971e-05
1.829129000000000152e-05
1.826893999999999995e-05
1.825031000000000111e-05
1.823168999999999959e-05
1.820561000000000136e-05
1.817952999999999973e-05
1.815345999999999881e-05
1.812365000000000053e-05
1.809013000000000022e-05
1.805286999999999916e-05
1.801561999999999879e-05
1.797836999999999843e-05
1.793739000000000141e-05
1.789641000000000100e-05
1.785543000000000058e-05
1.781073000000000083e-05
1.776975000000000042e-05
1.773250000000000005e-05
1.769151999999999964e-05
1.765053999999999923e-05
1.761328999999999887e-05
1.757603999999999850e-05
1.754251000000000088e-05
1.751270999999999991e-05
1.747917999999999889e-05
1.744938000000000131e-05
1.741956999999999965e-05
1.738976999999999868e-05
1.736369000000000044e-05
1.733761999999999952e-05
1.731154000000000129e-05
1.728545999999999967e-05
1.725938999999999875e-05
1.723331000000000052e-05
1.721095999999999894e-05
1.718488000000000071e-05
1.716252999999999914e-05
1.712900000000000151e-05
1.710291999999999989e-05
1.707684999999999897e-05
1.705077000000000074e-05
1.702468999999999912e-05
1.699489000000000154e-05
1.696509000000000057e-05
1.693528999999999960e-05
1.690175999999999858e-05
1.686823000000000096e-05
1.683098000000000059e-05
1.679000000000000018e-05
1.674901999999999977e-05
1.670803999999999936e-05
1.666333999999999960e-05
1.661863999999999984e-05
1.657392999999999939e-05
1.652922999999999963e-05
1.648824999999999922e-05
1.644354999999999946e-05
1.640256999999999905e-05
1.636904000000000142e-05
1.633551000000000041e-05
1.630199000000000009e-05
1.627590999999999847e-05
1.624611000000000089e-05
1.622002999999999927e-05
1.619768000000000108e-05
1.617904999999999886e-05
1.614925000000000128e-05
1.613061999999999905e-05
1.610827000000000087e-05
1.608591999999999929e-05
1.605984000000000106e-05
1.604121999999999954e-05
1.602259000000000070e-05
1.600023999999999912e-05
1.598534000000000033e-05
1.596298999999999876e-05
1.594807999999999927e-05
1.592573000000000109e-05
1.590337999999999951e-05
1.588103000000000133e-05
1.585494999999999971e-05
1.582514999999999874e-05
1.579162000000000111e-05
1.575809000000000010e-05
1.571712000000000039e-05
1.567613999999999997e-05
1.563515999999999956e-05
1.559045999999999981e-05
1.554574999999999935e-05
1.549731999999999954e-05
1.544890000000000044e-05
1.540047000000000063e-05
1.535576000000000017e-05
1.530733000000000037e-05
1.526263000000000061e-05
1.521787000000000004e-05
1.517317000000000028e-05
1.513590999999999922e-05
1.509120999999999946e-05
1.505023000000000074e-05
1.501298000000000038e-05
1.497573000000000002e-05
1.493474999999999961e-05
1.489749000000000024e-05
1.486023999999999987e-05
1.482298999999999951e-05
1.478574000000000084e-05
1.474847999999999978e-05
1.471495000000000046e-05
1.467770000000000009e-05
1.464044999999999973e-05
1.460319999999999937e-05
1.456594000000000000e-05
1.452868999999999964e-05
1.449143999999999927e-05
1.445417999999999990e-05
1.441692999999999954e-05
1.437595000000000082e-05
1.434243000000000051e-05
1.430516999999999944e-05
1.426792000000000078e-05
1.423067000000000041e-05
1.420086000000000044e-05
1.416734000000000012e-05
1.413381000000000080e-05
1.410400999999999983e-05
1.407048000000000051e-05
1.404067999999999954e-05
1.400715000000000022e-05
1.396989999999999986e-05
1.393264000000000049e-05
1.389912000000000017e-05
1.386186000000000080e-05
1.382461000000000044e-05
1.378363000000000003e-05
1.374637999999999967e-05
1.370912999999999930e-05
1.367186999999999993e-05
1.363461999999999957e-05
1.360109000000000025e-05
1.356756999999999993e-05
1.353404000000000061e-05
1.350050999999999960e-05
1.347071000000000032e-05
1.344090999999999935e-05
1.341482999999999943e-05
1.338874999999999950e-05
1.336266999999999957e-05
1.333660000000000035e-05
1.331425000000000047e-05
1.328817000000000054e-05
1.326582000000000066e-05
1.324347000000000078e-05
1.322111000000000021e-05
1.319876000000000033e-05
1.317268000000000040e-05
1.315406000000000057e-05
1.313171000000000069e-05
1.310935000000000011e-05
1.309073000000000028e-05
1.307209999999999975e-05
1.304974999999999987e-05
1.303484999999999938e-05
1.301622000000000055e-05
1.300132000000000006e-05
1.298268999999999953e-05
1.296406999999999970e-05
1.294916999999999921e-05
1.293054000000000038e-05
1.291563999999999989e-05
1.290073999999999941e-05
1.288584000000000062e-05
1.287465999999999948e-05
1.285976000000000069e-05
1.284857999999999956e-05
1.283368000000000077e-05
1.282251000000000033e-05
1.280387999999999980e-05
1.278897999999999931e-05
1.277408000000000052e-05
1.275544999999999999e-05
1.273683000000000016e-05
1.271819999999999963e-05
1.269584999999999975e-05
1.267349999999999987e-05
1.264741999999999994e-05
1.262507000000000006e-05
1.260272000000000018e-05
1.257664000000000026e-05
1.255800999999999973e-05
1.254310999999999924e-05
1.253938999999999989e-05
1.253938999999999989e-05
1.254310999999999924e-05
1.255429000000000038e-05
1.256546000000000082e-05
1.257664000000000026e-05
1.258781000000000070e-05
1.260272000000000018e-05
1.261016999999999958e-05
1.261762000000000067e-05
1.262878999999999941e-05
1.263251999999999946e-05
1.263251999999999946e-05
1.263624000000000050e-05
1.263624000000000050e-05
1.263251999999999946e-05
1.263251999999999946e-05
1.262507000000000006e-05
1.261389000000000062e-05
1.260272000000000018e-05
1.259154000000000074e-05
1.257664000000000026e-05
1.256173999999999977e-05
1.254683999999999929e-05
1.253192999999999980e-05
1.251330999999999997e-05
1.249840999999999948e-05
1.248351000000000069e-05
1.246859999999999951e-05
1.245370000000000072e-05
1.244253000000000028e-05
1.242389999999999975e-05
1.241272999999999932e-05
1.240154999999999987e-05
1.239037000000000043e-05
1.237919999999999999e-05
1.237546999999999995e-05
1.236429999999999951e-05
1.236056999999999946e-05
1.235312000000000007e-05
1.235312000000000007e-05
1.234940000000000072e-05
1.234940000000000072e-05
1.234940000000000072e-05
1.234940000000000072e-05
1.234940000000000072e-05
1.234940000000000072e-05
1.234940000000000072e-05
1.234940000000000072e-05
1.234567000000000067e-05
1.234567000000000067e-05
1.234194000000000062e-05
1.233821999999999958e-05
1.233077000000000019e-05
1.232704000000000014e-05
1.231959000000000075e-05
1.231586999999999970e-05
1.230842000000000031e-05
1.230469000000000026e-05
1.229723999999999917e-05
1.228978999999999978e-05
1.228607000000000043e-05
1.228607000000000043e-05
1.228234000000000038e-05
1.228234000000000038e-05
1.227861999999999934e-05
1.227488999999999929e-05
1.227488999999999929e-05
1.227115999999999925e-05
1.227115999999999925e-05
1.227115999999999925e-05
1.226743999999999990e-05
1.226743999999999990e-05
1.226370999999999985e-05
1.225999000000000050e-05
1.225626000000000046e-05
1.225253999999999941e-05
1.225253999999999941e-05
1.224509000000000002e-05
1.224135999999999997e-05
1.223764000000000062e-05
1.223018999999999953e-05
1.222645999999999949e-05
1.222274000000000014e-05
1.221901000000000009e-05
1.221529000000000074e-05
1.220783000000000065e-05
1.220037999999999956e-05
1.219666000000000021e-05
1.219293000000000017e-05
1.218921000000000082e-05
1.218548000000000077e-05
1.217802999999999968e-05
1.217431000000000033e-05
1.217058000000000029e-05
1.216685999999999925e-05
1.216312999999999920e-05
1.215940999999999985e-05
1.215940999999999985e-05
1.215940999999999985e-05
1.215567999999999980e-05
1.215196000000000046e-05
1.215196000000000046e-05
1.214823000000000041e-05
1.214450000000000036e-05
1.214077999999999932e-05
1.213704999999999927e-05
1.213332999999999992e-05
1.212959999999999988e-05
1.212959999999999988e-05
1.212588000000000053e-05
1.212588000000000053e-05
1.212215000000000048e-05
1.211842999999999944e-05
1.211469999999999939e-05
1.211469999999999939e-05
1.211469999999999939e-05
1.211469999999999939e-05
1.211098000000000004e-05
1.211098000000000004e-05
1.211098000000000004e-05
1.211098000000000004e-05
1.211098000000000004e-05
1.210725000000000000e-05
1.210725000000000000e-05
1.210353000000000065e-05
1.210353000000000065e-05
1.209980000000000060e-05
1.209607999999999956e-05
1.209607999999999956e-05
1.209234999999999951e-05
1.208490000000000012e-05
1.208117000000000007e-05
1.207745000000000072e-05
1.207372000000000068e-05
1.206626999999999959e-05
1.206255000000000024e-05
1.205882000000000019e-05
1.205510000000000084e-05
1.205137000000000080e-05
1.204764999999999975e-05
1.204020000000000036e-05
1.203647000000000031e-05
1.203274999999999927e-05
1.202901999999999922e-05
1.202156999999999983e-05
1.201412000000000043e-05
1.200666999999999934e-05
1.199921999999999995e-05
1.199177000000000055e-05
1.198058999999999942e-05
1.196942000000000067e-05
1.196196999999999959e-05
1.195079000000000014e-05
1.193961000000000070e-05
1.193215999999999961e-05
1.192098999999999917e-05
1.190980999999999973e-05
1.190236000000000034e-05
1.189117999999999920e-05
1.188001000000000046e-05
1.187255999999999937e-05
1.186510999999999997e-05
1.185393000000000053e-05
1.184276000000000010e-05
1.183531000000000070e-05
1.182412999999999956e-05
1.180923000000000077e-05
1.179804999999999964e-05
1.178687999999999920e-05
1.177569999999999976e-05
1.176079999999999927e-05
1.174961999999999983e-05
1.173471999999999935e-05
1.171982000000000056e-05
1.170492000000000007e-05
1.168628999999999954e-05
1.167139000000000075e-05
1.165276999999999923e-05
1.163041000000000034e-05
1.161179000000000051e-05
1.158944000000000063e-05
1.156336000000000070e-05
1.154101000000000082e-05
1.151492999999999920e-05
1.148884999999999928e-05
1.146278000000000005e-05
1.143297000000000008e-05
1.140689999999999916e-05
1.138081999999999923e-05
1.135473999999999930e-05
1.133238999999999942e-05
1.130259000000000015e-05
1.128024000000000027e-05
1.125416000000000034e-05
1.123181000000000046e-05
1.120946000000000059e-05
1.118338000000000066e-05
1.116103000000000078e-05
1.114240000000000025e-05
1.111632000000000032e-05
1.109770000000000049e-05
1.107535000000000061e-05
1.104927000000000068e-05
1.103064000000000015e-05
1.100829000000000027e-05
1.098594000000000039e-05
1.096359000000000051e-05
1.093751000000000059e-05
1.091516000000000071e-05
1.088908000000000078e-05
1.086299999999999916e-05
1.083692999999999994e-05
1.081085000000000001e-05
1.078477000000000008e-05
1.075869999999999916e-05
1.073261999999999923e-05
1.070281999999999996e-05
1.067674000000000003e-05
1.064694000000000076e-05
1.062086000000000083e-05
1.059477999999999921e-05
1.056497999999999994e-05
1.053890000000000001e-05
1.051283000000000079e-05
1.048302999999999982e-05
1.045694999999999989e-05
1.043086999999999996e-05
1.040479000000000004e-05
1.038244000000000016e-05
1.035636999999999924e-05
1.033028999999999931e-05
1.030793999999999943e-05
1.028558000000000055e-05
1.025950999999999963e-05
1.023715999999999975e-05
1.021479999999999917e-05
1.019244999999999929e-05
1.016265000000000001e-05
1.014030000000000014e-05
1.011795000000000026e-05
1.009558999999999968e-05
1.006952000000000045e-05
1.004344000000000052e-05
1.001736000000000060e-05
9.995011999999999503e-06
9.972660000000000839e-06
9.942857999999999392e-06
9.920506000000000728e-06
9.894429000000000673e-06
9.872077000000000315e-06
9.846000000000000260e-06
9.819923000000000204e-06
9.797571999999999239e-06
9.771494999999999183e-06
9.745418000000000822e-06
9.719341000000000766e-06
9.693264000000000711e-06
9.667187000000000656e-06
9.641110000000000600e-06
9.615031999999999458e-06
9.588954999999999403e-06
9.562877999999999347e-06
9.533075999999999594e-06
9.506998999999999539e-06
9.480921999999999484e-06
9.454844999999999428e-06
9.432493000000000764e-06
9.402690999999999317e-06
9.380339000000000653e-06
9.357987000000000296e-06
9.335635999999999330e-06
9.309558999999999275e-06
9.287207000000000611e-06
9.264855000000000253e-06
9.242502999999999895e-06
9.216425999999999839e-06
9.194075000000000568e-06
9.171723000000000210e-06
9.149370999999999852e-06
9.123293999999999797e-06
9.097216999999999741e-06
9.074864999999999383e-06
9.048787999999999328e-06
9.022710999999999272e-06
8.996633999999999217e-06
8.974282999999999946e-06
8.951930999999999588e-06
8.929578999999999230e-06
8.903501999999999174e-06
8.881150000000000510e-06
8.862523999999999242e-06
8.836446999999999187e-06
8.817820000000000221e-06
8.795468999999999255e-06
8.773117000000000591e-06
8.750765000000000233e-06
8.728412999999999875e-06
8.706062000000000604e-06
8.683710000000000246e-06
8.661357999999999888e-06
8.642732000000000314e-06
8.616655000000000259e-06
8.598027999999999598e-06
8.579402000000000024e-06
8.553324999999999969e-06
8.534697999999999308e-06
8.516071999999999734e-06
8.489994999999999679e-06
8.471368000000000713e-06
8.452741999999999445e-06
8.430390000000000781e-06
8.411763999999999513e-06
8.389411999999999155e-06
8.374510999999999278e-06
8.355884000000000312e-06
8.337258000000000738e-06
8.318631000000000078e-06
8.296280000000000806e-06
8.281378999999999236e-06
8.262752000000000269e-06
8.247851000000000393e-06
8.232950000000000516e-06
8.214322999999999856e-06
8.199421999999999979e-06
8.184521000000000103e-06
8.169620000000000226e-06
8.154719000000000350e-06
8.139818000000000473e-06
8.124915999999999511e-06
8.106289999999999937e-06
8.095113999999999758e-06
8.076488000000000184e-06
8.061585999999999221e-06
8.042959999999999647e-06
8.028058999999999770e-06
8.013157999999999894e-06
7.998256000000000625e-06
7.979629999999999357e-06
7.968453999999999178e-06
7.949827999999999604e-06
7.938651999999999425e-06
7.920025000000000459e-06
7.908849999999999672e-06
7.890223000000000706e-06
7.879047000000000527e-06
7.864146000000000650e-06
7.852970000000000471e-06
7.838069000000000595e-06
7.823168000000000718e-06
7.811992000000000540e-06
7.797091000000000663e-06
7.789640000000000182e-06
7.778464000000000003e-06
7.763563000000000126e-06
7.756113000000000731e-06
7.741210999999999768e-06
7.730036000000000676e-06
7.722585000000000194e-06
7.711409000000000015e-06
7.700232999999999836e-06
7.692783000000000441e-06
7.685331999999999960e-06
7.674155999999999781e-06
7.662979999999999602e-06
7.659254999999999904e-06
7.648078999999999725e-06
7.640629000000000330e-06
7.629453000000000151e-06
7.625698000000000049e-06
7.618247999999999807e-06
7.607071999999999628e-06
7.599620999999999994e-06
7.595896000000000296e-06
7.588444999999999815e-06
7.580995000000000420e-06
7.573543999999999939e-06
7.566093999999999696e-06
7.562367999999999760e-06
7.554918000000000365e-06
7.547466999999999883e-06
7.543742000000000186e-06
7.536290999999999704e-06
7.532566000000000007e-06
7.528841000000000309e-06
7.525115999999999765e-06
7.517665000000000130e-06
7.513939999999999586e-06
7.510213999999999649e-06
7.502764000000000254e-06
7.502764000000000254e-06
7.499038000000000317e-06
7.499038000000000317e-06
7.495312999999999772e-06
7.491588000000000075e-06
7.487863000000000377e-06
7.487863000000000377e-06
7.484136999999999593e-06
7.484136999999999593e-06
7.480411999999999896e-06
7.480411999999999896e-06
7.480411999999999896e-06
7.476687000000000198e-06
7.476687000000000198e-06
7.476687000000000198e-06
7.476687000000000198e-06
7.480411999999999896e-06
7.480411999999999896e-06
7.480411999999999896e-06
7.480411999999999896e-06
7.480411999999999896e-06
7.484136999999999593e-06
7.484136999999999593e-06
7.487863000000000377e-06
7.487863000000000377e-06
7.491588000000000075e-06
7.495312999999999772e-06
7.499038000000000317e-06
7.499038000000000317e-06
7.502764000000000254e-06
7.506488999999999951e-06
7.510213999999999649e-06
7.513939999999999586e-06
7.521389999999999828e-06
7.525115999999999765e-06
7.528841000000000309e-06
7.536290999999999704e-06
7.536290999999999704e-06
7.540016999999999641e-06
7.543742000000000186e-06
7.551192999999999820e-06
7.554918000000000365e-06
7.558643000000000062e-06
7.562367999999999760e-06
7.566093999999999696e-06
7.569819000000000241e-06
7.573543999999999939e-06
7.580995000000000420e-06
7.584720000000000117e-06
7.588444999999999815e-06
7.595896000000000296e-06
7.599620999999999994e-06
7.603346999999999931e-06
7.607071999999999628e-06
7.614521999999999870e-06
7.621973000000000352e-06
7.629453000000000151e-06
7.636902999999999547e-06
7.644354000000000028e-06
7.651803999999999423e-06
7.662979999999999602e-06
7.670431000000000083e-06
7.681607000000000262e-06
7.692783000000000441e-06
7.700232999999999836e-06
7.711409000000000015e-06
7.726309999999999892e-06
7.737486000000000071e-06
7.748662000000000250e-06
7.759838000000000429e-06
7.778464000000000003e-06
7.789640000000000182e-06
7.804541000000000058e-06
7.819442999999999327e-06
7.834343999999999203e-06
7.852970000000000471e-06
7.867871000000000348e-06
7.882772000000000224e-06
7.901398999999999191e-06
7.916300000000000761e-06
7.934926999999999728e-06
7.953552999999999302e-06
7.972179000000000570e-06
7.990805999999999536e-06
8.009432000000000804e-06
8.028058999999999770e-06
8.046684999999999344e-06
8.069036999999999702e-06
8.087662999999999276e-06
8.110014999999999634e-06
8.132366999999999992e-06
8.154719000000000350e-06
8.177069999999999621e-06
8.199421999999999979e-06
8.225499000000000035e-06
8.247851000000000393e-06
8.270203000000000751e-06
8.296280000000000806e-06
8.322356999999999167e-06
8.344708000000000133e-06
8.370785999999999581e-06
8.393137000000000546e-06
8.422939999999999692e-06
8.449016999999999747e-06
8.475093999999999802e-06
8.497445000000000768e-06
8.523522000000000823e-06
8.549598999999999185e-06
8.579402000000000024e-06
8.609203999999999777e-06
8.635280999999999833e-06
8.661357999999999888e-06
8.687434999999999943e-06
8.713511999999999999e-06
8.739589000000000054e-06
8.769391999999999200e-06
8.799194000000000647e-06
8.828996000000000400e-06
8.855073000000000455e-06
8.884875999999999600e-06
8.914677999999999353e-06
8.948205999999999890e-06
8.978007999999999643e-06
9.007809999999999396e-06
9.041337999999999933e-06
9.074864999999999383e-06
9.104668000000000223e-06
9.138194999999999673e-06
9.171723000000000210e-06
9.205251000000000747e-06
9.238778000000000197e-06
9.272306000000000734e-06
9.305833000000000185e-06
9.339361000000000722e-06
9.372888999999999564e-06
9.402690999999999317e-06
9.436218999999999854e-06
9.469745999999999305e-06
9.503273999999999841e-06
9.536800999999999292e-06
9.570328999999999829e-06
9.603857000000000366e-06
9.637383999999999816e-06
9.670912000000000353e-06
9.708165000000000587e-06
9.741692000000000038e-06
9.775220000000000575e-06
9.812473000000000809e-06
9.846000000000000260e-06
9.879528000000000796e-06
9.913055999999999639e-06
9.950308999999999874e-06
9.983835999999999324e-06
1.001736000000000060e-05
1.005461999999999997e-05
1.008814000000000028e-05
1.012166999999999960e-05
1.015891999999999997e-05
1.019244999999999929e-05
1.022598000000000030e-05
1.025950999999999963e-05
1.029304000000000064e-05
1.033028999999999931e-05
1.036382000000000033e-05
1.040107000000000069e-05
1.043460000000000001e-05
1.047185000000000037e-05
1.050537999999999970e-05
1.053890000000000001e-05
1.057615999999999938e-05
1.060596000000000035e-05
1.063948999999999967e-05
1.067674000000000003e-05
1.071399000000000040e-05
1.074751999999999972e-05
1.078105000000000073e-05
1.081829999999999940e-05
1.085554999999999977e-05
1.089281000000000083e-05
1.092261000000000010e-05
1.095986000000000047e-05
1.099711999999999984e-05
1.103437000000000020e-05
1.107162000000000056e-05
1.110886999999999923e-05
1.114613000000000030e-05
1.117965000000000061e-05
1.121690999999999998e-05
1.125043000000000030e-05
1.128768999999999966e-05
1.132122000000000068e-05
1.135846999999999935e-05
1.139571999999999971e-05
1.142925000000000073e-05
1.146278000000000005e-05
1.150003000000000041e-05
1.153728000000000078e-05
1.157081000000000010e-05
1.160806000000000046e-05
1.164531999999999983e-05
1.168257000000000019e-05
1.171609999999999952e-05
1.175706999999999923e-05
1.179433000000000029e-05
1.183531000000000070e-05
1.187255999999999937e-05
1.190609000000000038e-05
1.194706000000000010e-05
1.198804000000000051e-05
1.202901999999999922e-05
1.206255000000000024e-05
1.210353000000000065e-05
1.214077999999999932e-05
1.217802999999999968e-05
1.221901000000000009e-05
1.225253999999999941e-05
1.229351999999999982e-05
1.233077000000000019e-05
1.236802000000000055e-05
1.240899999999999927e-05
1.244253000000000028e-05
1.247978000000000065e-05
1.252075999999999936e-05
1.255800999999999973e-05
1.259526000000000009e-05
1.263251999999999946e-05
1.267349999999999987e-05
1.271075000000000023e-05
1.275173000000000064e-05
1.279270999999999936e-05
1.282995999999999972e-05
1.287094000000000013e-05
1.291190999999999985e-05
1.294916999999999921e-05
1.299014999999999962e-05
1.302739999999999999e-05
1.306838000000000040e-05
1.310935000000000011e-05
1.314660999999999948e-05
1.318385999999999984e-05
1.322484000000000025e-05
1.326209000000000062e-05
1.329933999999999929e-05
1.333660000000000035e-05
1.337758000000000076e-05
1.341482999999999943e-05
1.345580999999999984e-05
1.348933000000000015e-05
1.352658999999999952e-05
1.356383999999999989e-05
1.360482000000000030e-05
1.364207000000000066e-05
1.367931999999999933e-05
1.371658000000000039e-05
1.375383000000000076e-05
1.379107999999999943e-05
1.383205999999999984e-05
1.386931000000000020e-05
1.390656999999999957e-05
1.394754999999999998e-05
1.398480000000000034e-05
1.402578000000000075e-05
1.405929999999999937e-05
1.409656000000000044e-05
1.413753000000000015e-05
1.417478999999999952e-05
1.421203999999999988e-05
1.424929000000000024e-05
1.428281999999999957e-05
1.432006999999999993e-05
1.435732999999999930e-05
1.439457999999999966e-05
1.443183000000000002e-05
1.446908999999999939e-05
1.450260999999999971e-05
1.453987000000000077e-05
1.457711999999999944e-05
1.461436999999999980e-05
1.465162000000000017e-05
1.468887999999999954e-05
1.472241000000000055e-05
1.475965999999999922e-05
1.479690999999999959e-05
1.483044000000000060e-05
1.486768999999999927e-05
1.490493999999999963e-05
1.494220000000000070e-05
1.497573000000000002e-05
1.501298000000000038e-05
1.505023000000000074e-05
1.508747999999999941e-05
1.512474000000000048e-05
1.516571999999999919e-05
1.519923999999999951e-05
1.523650000000000057e-05
1.527381000000000005e-05
1.531106000000000041e-05
1.535204000000000082e-05
1.538929000000000119e-05
1.542281999999999882e-05
1.546379999999999923e-05
1.550104999999999959e-05
1.554203000000000000e-05
1.557928000000000036e-05
1.561653000000000073e-05
1.565751000000000114e-05
1.569476000000000150e-05
1.573573999999999852e-05
1.577299999999999959e-05
1.581769999999999934e-05
1.585494999999999971e-05
1.589593000000000012e-05
1.593318000000000048e-05
1.597416000000000089e-05
1.601141000000000126e-05
1.605239000000000167e-05
1.608964999999999934e-05
1.612689999999999970e-05
1.616415000000000007e-05
1.620513000000000048e-05
1.624238000000000084e-05
1.627963999999999852e-05
1.631688999999999888e-05
1.635413999999999924e-05
1.639511999999999965e-05
1.643237000000000002e-05
1.646590000000000103e-05
1.650688000000000144e-05
1.654412999999999842e-05
1.658137999999999878e-05
1.662235999999999919e-05
1.665960999999999956e-05
1.669687000000000062e-05
1.673785000000000103e-05
1.677882000000000074e-05
1.681607999999999841e-05
1.685705999999999883e-05
1.689802999999999854e-05
1.693900999999999895e-05
1.697625999999999931e-05
1.702096999999999977e-05
1.706195000000000018e-05
1.710291999999999989e-05
1.714390000000000030e-05
1.718861000000000076e-05
1.722586000000000112e-05
1.727056000000000088e-05
1.731154000000000129e-05
1.735251999999999831e-05
1.739349999999999872e-05
1.743447999999999913e-05
1.747544999999999885e-05
1.750897999999999986e-05
1.754623000000000022e-05
1.758349000000000129e-05
1.762074000000000165e-05
1.765798999999999863e-05
1.769524999999999969e-05
1.773250000000000005e-05
1.776975000000000042e-05
1.781073000000000083e-05
1.785543000000000058e-05
1.789641000000000100e-05
1.794484000000000080e-05
1.798954000000000056e-05
1.803797000000000037e-05
1.808640000000000017e-05
1.814227999999999937e-05
1.819442999999999853e-05
1.824285999999999833e-05
1.829874000000000092e-05
1.835090000000000077e-05
1.840304999999999993e-05
1.845519999999999908e-05
1.850735999999999893e-05
1.855578999999999874e-05
1.861167000000000133e-05
1.866010000000000113e-05
1.871225000000000029e-05
1.876068000000000009e-05
1.880910999999999990e-05
1.885753999999999970e-05
1.890223999999999946e-05
1.895066999999999927e-05
1.899909999999999907e-05
1.904379999999999883e-05
1.909222999999999864e-05
1.913692999999999840e-05
1.918536000000000159e-05
1.923006000000000135e-05
1.928222000000000120e-05
1.932692000000000096e-05
1.937908000000000081e-05
1.942751000000000062e-05
1.947592999999999972e-05
1.952808999999999958e-05
1.957278999999999933e-05
1.962494999999999919e-05
1.967337000000000168e-05
1.972553000000000153e-05
1.977023000000000129e-05
1.981866000000000110e-05
1.986709000000000090e-05
1.991552000000000071e-05
1.996022000000000047e-05
2.001238000000000032e-05
2.005708000000000008e-05
2.010550999999999989e-05
2.015020999999999964e-05
2.019863999999999945e-05
2.024333999999999921e-05
2.029176999999999901e-05
2.033647999999999947e-05
2.038117999999999923e-05
2.042587999999999899e-05
2.047058999999999945e-05
2.051901999999999925e-05
2.055998999999999896e-05
2.060469999999999942e-05
2.064567999999999983e-05
2.069409999999999894e-05
2.073880999999999940e-05
2.078350999999999915e-05
2.083566999999999901e-05
2.088036999999999877e-05
2.092879999999999857e-05
2.098095000000000111e-05
2.102938000000000092e-05
2.108897999999999947e-05
2.114113999999999932e-05
2.119701999999999852e-05
2.125290000000000111e-05
2.130878000000000031e-05
2.136837999999999886e-05
2.142799000000000149e-05
2.148759000000000004e-05
2.154346999999999924e-05
2.160307000000000118e-05
2.166268000000000043e-05
2.172227999999999898e-05
2.178561000000000096e-05
2.184522000000000021e-05
2.190481999999999876e-05
2.196070000000000135e-05
2.201658000000000055e-05
2.207245999999999975e-05
2.213206999999999900e-05
2.218795000000000158e-05
2.224010000000000074e-05
2.229597999999999994e-05
2.235557999999999849e-05
2.241146000000000108e-05
2.246362000000000093e-05
2.251577000000000008e-05
2.257164999999999928e-05
2.262379999999999844e-05
2.267596000000000168e-05
2.273184000000000088e-05
2.278399000000000003e-05
2.283614999999999988e-05
2.288829999999999904e-05
2.294045000000000158e-05
2.299261000000000143e-05
2.304849000000000063e-05
2.310063999999999979e-05
2.314906999999999959e-05
2.320121999999999875e-05
2.324964999999999855e-05
2.330553000000000114e-05
2.335396000000000095e-05
2.340612000000000080e-05
2.345826999999999995e-05
2.351041999999999911e-05
2.355884999999999891e-05
2.361473000000000150e-05
2.365943999999999857e-05
2.371531000000000046e-05
2.376374000000000026e-05
2.381217000000000007e-05
2.386432999999999992e-05
2.391647999999999908e-05
2.397236000000000167e-05
2.402824000000000087e-05
2.408412000000000007e-05
2.413999999999999927e-05
2.418842999999999907e-05
2.421078000000000065e-05
2.420333000000000125e-05
2.416607000000000019e-05
2.410647000000000164e-05
2.403196000000000021e-05
2.394256000000000070e-05
2.385688000000000053e-05
2.377491999999999971e-05
2.369668999999999893e-05
2.362591000000000094e-05
2.356629999999999831e-05
2.351414999999999915e-05
2.347316999999999874e-05
2.344709000000000051e-05
2.343218999999999833e-05
2.343218999999999833e-05
2.343964000000000111e-05
2.345826999999999995e-05
2.348062000000000153e-05
2.351041999999999911e-05
2.353650000000000073e-05
2.357002999999999835e-05
2.360355999999999937e-05
2.363707999999999968e-05
2.367434000000000075e-05
2.371159000000000111e-05
2.375257000000000152e-05
2.380100000000000133e-05
2.384942000000000043e-05
2.390529999999999963e-05
2.396117999999999884e-05
2.402079000000000147e-05
2.408412000000000007e-05
2.414744999999999866e-05
2.421823000000000004e-05
2.428528000000000137e-05
2.435234000000000002e-05
2.442312000000000140e-05
2.449389999999999939e-05
2.456841000000000081e-05
2.463918999999999880e-05
2.470997000000000018e-05
2.478447000000000091e-05
2.485897999999999895e-05
2.492603000000000028e-05
2.500053999999999832e-05
2.507504999999999974e-05
2.514210000000000107e-05
2.521287999999999906e-05
2.527994000000000110e-05
2.534698999999999904e-05
2.541405000000000107e-05
2.547737999999999967e-05
2.554443000000000100e-05
2.560775999999999959e-05
2.567109000000000158e-05
2.573070000000000083e-05
2.579402999999999942e-05
2.585363000000000136e-05
2.591695999999999995e-05
2.597283999999999915e-05
2.603617000000000114e-05
2.609205000000000034e-05
2.615164999999999889e-05
2.620753000000000148e-05
2.626341000000000068e-05
2.631928999999999988e-05
2.637516999999999908e-05
2.643105000000000167e-05
2.648321000000000152e-05
2.653908000000000002e-05
2.659868999999999927e-05
2.665456999999999847e-05
2.671417000000000041e-05
2.677377999999999965e-05
2.683338000000000159e-05
2.689671000000000019e-05
2.696003999999999878e-05
2.702337000000000077e-05
2.709042999999999941e-05
2.715748000000000074e-05
2.722080999999999934e-05
2.728787000000000137e-05
2.735491999999999931e-05
2.742198000000000134e-05
2.748902999999999929e-05
2.755609000000000132e-05
2.762313999999999926e-05
2.769392000000000064e-05
2.776097999999999928e-05
2.783176000000000066e-05
2.789508999999999926e-05
2.796215000000000129e-05
2.802547999999999988e-05
2.809253000000000122e-05
2.815958999999999986e-05
2.822664000000000119e-05
2.829369999999999983e-05
2.836075000000000117e-05
2.842780999999999981e-05
2.849113999999999840e-05
2.855818999999999974e-05
2.862524999999999838e-05
2.868858000000000036e-05
2.875562999999999831e-05
2.882269000000000034e-05
2.888974000000000167e-05
2.895307000000000027e-05
2.902012999999999891e-05
2.908718000000000024e-05
2.915423999999999888e-05
2.921757000000000087e-05
2.928834999999999886e-05
2.935540000000000019e-05
2.941872999999999879e-05
2.948206000000000077e-05
2.954911999999999941e-05
2.961245000000000140e-05
2.967577999999999999e-05
2.973910999999999859e-05
2.980244000000000057e-05
2.986576999999999917e-05
2.992910000000000115e-05
2.999242999999999975e-05
3.005575999999999834e-05
3.011536000000000028e-05
3.017868999999999887e-05
3.024202000000000086e-05
3.030534999999999945e-05
3.036868000000000144e-05
3.043201000000000003e-05
3.049533999999999863e-05
3.055879000000000223e-05
3.062212000000000083e-05
3.068917000000000216e-05
3.075250000000000076e-05
3.081582999999999935e-05
3.088289000000000138e-05
3.094621999999999998e-05
3.101327000000000131e-05
3.108033000000000334e-05
3.114366000000000194e-05
3.121071000000000327e-05
3.127776999999999852e-05
3.134483000000000055e-05
3.141188000000000189e-05
3.147521000000000048e-05
3.154227000000000251e-05
3.160931999999999707e-05
3.167637999999999910e-05
3.174715999999999709e-05
3.181420999999999842e-05
3.188871999999999985e-05
3.195204999999999844e-05
3.202654999999999917e-05
3.209732999999999716e-05
3.216811000000000193e-05
3.223890000000000062e-05
3.230967999999999861e-05
3.238046000000000338e-05
3.245124000000000137e-05
3.252201999999999936e-05
3.259652000000000008e-05
3.267474999999999747e-05
3.274925999999999890e-05
3.282749000000000306e-05
3.290572000000000044e-05
3.298768000000000127e-05
3.306963000000000139e-05
3.315531999999999887e-05
3.323726999999999899e-05
3.331922999999999981e-05
3.340491000000000337e-05
3.348314000000000075e-05
3.356510000000000158e-05
3.364705000000000170e-05
3.372528999999999978e-05
3.376999000000000293e-05
3.360979999999999795e-05
3.317394000000000039e-05
3.249593999999999774e-05
3.167637999999999910e-05
3.080837999999999996e-05
2.997008000000000156e-05
2.922873999999999961e-05
2.862151999999999833e-05
2.816330999999999921e-05
2.785783999999999889e-05
2.769765000000000069e-05
2.767156999999999907e-05
2.775352999999999989e-05
2.792862000000000027e-05
2.817821000000000139e-05
2.847623999999999961e-05
2.881524000000000094e-05
2.918032000000000050e-05
2.955283999999999876e-05
2.992910000000000115e-05
3.030163000000000011e-05
3.065191999999999841e-05
3.099092000000000312e-05
3.130757000000000288e-05
3.160186999999999767e-05
3.187008999999999762e-05
3.211595999999999939e-05
3.233948000000000297e-05
3.254064000000000088e-05
3.271572999999999788e-05
3.287218999999999943e-05
3.301376000000000289e-05
3.313668999999999664e-05
3.324845000000000182e-05
3.334157999999999800e-05
3.342353999999999882e-05
3.349431999999999681e-05
3.355765000000000218e-05
3.361353000000000138e-05
3.366196000000000119e-05
3.370293000000000090e-05
3.374018999999999857e-05
3.376999000000000293e-05
3.379606999999999777e-05
3.381842000000000273e-05
3.384077000000000092e-05
3.385566999999999971e-05
3.387056999999999850e-05
3.388175000000000133e-05
3.389291999999999668e-05
