-7.376103999999999674e-06
-7.361202999999999798e-06
-7.353752000000000163e-06
-7.346301999999999921e-06
-7.346301999999999921e-06
-7.338851000000000287e-06
-7.338851000000000287e-06
-7.331399999999999805e-06
-7.323950000000000410e-06
-7.316498999999999929e-06
-7.309048999999999687e-06
-7.301598000000000052e-06
-7.316498999999999929e-06
-7.353752000000000163e-06
-7.413356999999999908e-06
-7.495312999999999772e-06
-7.614521999999999870e-06
-7.756113000000000731e-06
-7.920025000000000459e-06
-8.098838999999999455e-06
-8.285104000000000627e-06
-8.471368000000000713e-06
-8.657633000000000191e-06
-8.843897000000000276e-06
-9.015260999999999877e-06
-9.179174000000000691e-06
-9.328185000000000543e-06
-9.462295999999999910e-06
-9.581505000000000008e-06
-9.693264000000000711e-06
-9.790121000000000451e-06
-9.872077000000000315e-06
-9.939132999999999695e-06
-9.998736999999999201e-06
-1.003598999999999943e-05
-1.007323999999999980e-05
-1.009558999999999968e-05
-1.011049999999999917e-05
-1.011795000000000026e-05
-1.011795000000000026e-05
-1.011795000000000026e-05
-1.010304999999999977e-05
-1.008814000000000028e-05
-1.007323999999999980e-05
-1.006579000000000040e-05
-1.004344000000000052e-05
-1.002854000000000004e-05
-1.001363999999999956e-05
-9.991286999999999806e-06
-9.976385999999999929e-06
-9.954033999999999571e-06
-9.946583000000000784e-06
-9.924231999999999818e-06
-9.909330000000000549e-06
-9.886978999999999584e-06
-9.872077000000000315e-06
-9.849725999999999349e-06
-9.827374000000000686e-06
-9.819923000000000204e-06
-9.797571999999999239e-06
-9.775220000000000575e-06
-9.760319000000000698e-06
-9.752868000000000217e-06
-9.737967000000000340e-06
-9.723066000000000464e-06
-9.715614999999999982e-06
-9.700714000000000106e-06
-9.693264000000000711e-06
-9.685813000000000230e-06
-9.678361999999999748e-06
-9.670912000000000353e-06
-9.663460999999999872e-06
-9.656011000000000477e-06
-9.648559999999999995e-06
-9.633659000000000119e-06
-9.633659000000000119e-06
-9.618758000000000242e-06
-9.603857000000000366e-06
-9.588954999999999403e-06
-9.574053999999999526e-06
-9.566604000000000131e-06
-9.551703000000000255e-06
-9.544251999999999773e-06
-9.536800999999999292e-06
-9.529350999999999897e-06
-9.521899999999999415e-06
-9.521899999999999415e-06
-9.521899999999999415e-06
-9.521899999999999415e-06
-9.521899999999999415e-06
-9.521899999999999415e-06
-9.521899999999999415e-06
-9.521899999999999415e-06
-9.521899999999999415e-06
-9.521899999999999415e-06
-9.521899999999999415e-06
-9.521899999999999415e-06
-9.521899999999999415e-06
-9.514450000000000020e-06
-9.514450000000000020e-06
-9.506998999999999539e-06
-9.506998999999999539e-06
-9.506998999999999539e-06
-9.499548000000000752e-06
-9.499548000000000752e-06
-9.499548000000000752e-06
-9.492097999999999663e-06
-9.492097999999999663e-06
-9.484646999999999181e-06
-9.477196999999999786e-06
-9.469745999999999305e-06
-9.462295999999999910e-06
-9.447394000000000641e-06
-9.439943999999999552e-06
-9.425042999999999675e-06
-9.417591999999999194e-06
-9.402690999999999317e-06
-9.395240000000000530e-06
-9.380339000000000653e-06
-9.380339000000000653e-06
-9.365438000000000777e-06
-9.357987000000000296e-06
-9.343086000000000419e-06
-9.328185000000000543e-06
-9.313284000000000666e-06
-9.298383000000000790e-06
-9.283481999999999219e-06
-9.261130000000000555e-06
-9.253679000000000074e-06
-9.231328000000000802e-06
-9.208976000000000444e-06
-9.194075000000000568e-06
-9.179174000000000691e-06
-9.164271999999999729e-06
-9.141921000000000457e-06
-9.127018999999999494e-06
-9.119569000000000099e-06
-9.104668000000000223e-06
-9.089767000000000346e-06
-9.074864999999999383e-06
-9.059963999999999507e-06
-9.052514000000000112e-06
-9.037612000000000843e-06
-9.022710999999999272e-06
-9.007809999999999396e-06
-9.000360000000000001e-06
-8.978007999999999643e-06
-8.963106999999999767e-06
-8.940754999999999409e-06
-8.933304000000000621e-06
-8.910952999999999656e-06
-8.888600999999999298e-06
-8.873699999999999421e-06
-8.851348000000000757e-06
-8.828996000000000400e-06
-8.806644000000000042e-06
-8.791743000000000165e-06
-8.769391999999999200e-06
-8.747040000000000536e-06
-8.732139000000000659e-06
-8.709787000000000301e-06
-8.687434999999999943e-06
-8.672534000000000067e-06
-8.657633000000000191e-06
-8.642732000000000314e-06
-8.620379999999999956e-06
-8.612928999999999475e-06
-8.598027999999999598e-06
-8.575675999999999240e-06
-8.560774999999999364e-06
-8.553324999999999969e-06
-8.538424000000000092e-06
-8.523522000000000823e-06
-8.516071999999999734e-06
-8.501170999999999858e-06
-8.493719999999999376e-06
-8.478818999999999500e-06
-8.463917999999999624e-06
-8.456467000000000836e-06
-8.441565999999999266e-06
-8.426664999999999389e-06
-8.419214000000000602e-06
-8.404313000000000725e-06
-8.389411999999999155e-06
-8.374510999999999278e-06
-8.367060000000000491e-06
-8.352159000000000614e-06
-8.337258000000000738e-06
-8.322356999999999167e-06
-8.307455999999999291e-06
-8.300005000000000504e-06
-8.285104000000000627e-06
-8.270203000000000751e-06
-8.255301999999999180e-06
-8.240399999999999911e-06
-8.225499000000000035e-06
-8.210598000000000158e-06
-8.188245999999999800e-06
-8.173344999999999924e-06
-8.158444000000000047e-06
-8.143543000000000171e-06
-8.121190999999999813e-06
-8.113739999999999332e-06
-8.091389000000000060e-06
-8.076488000000000184e-06
-8.061585999999999221e-06
-8.046684999999999344e-06
-8.031783999999999468e-06
-8.016882999999999591e-06
-8.001981999999999715e-06
-7.987080999999999838e-06
-7.979629999999999357e-06
-7.972179000000000570e-06
-7.957278000000000693e-06
-7.949827999999999604e-06
-7.942377000000000817e-06
-7.927475999999999246e-06
-7.920025000000000459e-06
-7.920025000000000459e-06
-7.905124000000000582e-06
-7.897673999999999493e-06
-7.890223000000000706e-06
-7.882772000000000224e-06
-7.875322000000000829e-06
-7.875322000000000829e-06
-7.867871000000000348e-06
-7.860420999999999259e-06
-7.860420999999999259e-06
-7.860420999999999259e-06
-7.860420999999999259e-06
-7.860420999999999259e-06
-7.860420999999999259e-06
-7.860420999999999259e-06
-7.860420999999999259e-06
-7.852970000000000471e-06
-7.852970000000000471e-06
-7.852970000000000471e-06
-7.852970000000000471e-06
-7.852970000000000471e-06
-7.852970000000000471e-06
-7.852970000000000471e-06
-7.845519999999999382e-06
-7.845519999999999382e-06
-7.845519999999999382e-06
-7.845519999999999382e-06
-7.838069000000000595e-06
-7.838069000000000595e-06
-7.830618000000000114e-06
-7.830618000000000114e-06
-7.823168000000000718e-06
-7.823168000000000718e-06
-7.815717000000000237e-06
-7.808267000000000842e-06
-7.808267000000000842e-06
-7.808267000000000842e-06
-7.800816000000000361e-06
-7.800816000000000361e-06
-7.793365999999999271e-06
-7.793365999999999271e-06
-7.793365999999999271e-06
-7.785915000000000484e-06
-7.778464000000000003e-06
-7.771014000000000608e-06
-7.771014000000000608e-06
-7.763563000000000126e-06
-7.756113000000000731e-06
-7.748662000000000250e-06
-7.741210999999999768e-06
-7.733761000000000373e-06
-7.733761000000000373e-06
-7.726309999999999892e-06
-7.726309999999999892e-06
-7.718860000000000497e-06
-7.711409000000000015e-06
-7.711409000000000015e-06
-7.703959000000000620e-06
-7.703959000000000620e-06
-7.696508000000000139e-06
-7.696508000000000139e-06
-7.696508000000000139e-06
-7.689056999999999657e-06
-7.689056999999999657e-06
-7.689056999999999657e-06
-7.681607000000000262e-06
-7.681607000000000262e-06
-7.681607000000000262e-06
-7.681607000000000262e-06
-7.674155999999999781e-06
-7.674155999999999781e-06
-7.674155999999999781e-06
-7.674155999999999781e-06
-7.674155999999999781e-06
-7.674155999999999781e-06
-7.666706000000000386e-06
-7.666706000000000386e-06
-7.666706000000000386e-06
-7.666706000000000386e-06
-7.666706000000000386e-06
-7.666706000000000386e-06
-7.666706000000000386e-06
-7.666706000000000386e-06
-7.666706000000000386e-06
-7.666706000000000386e-06
-7.666706000000000386e-06
-7.666706000000000386e-06
-7.666706000000000386e-06
-7.666706000000000386e-06
-7.666706000000000386e-06
-7.666706000000000386e-06
-7.666706000000000386e-06
-7.666706000000000386e-06
-7.666706000000000386e-06
-7.666706000000000386e-06
-7.666706000000000386e-06
-7.674155999999999781e-06
-7.674155999999999781e-06
-7.681607000000000262e-06
-7.689056999999999657e-06
-7.689056999999999657e-06
-7.696508000000000139e-06
-7.703959000000000620e-06
-7.711409000000000015e-06
-7.711409000000000015e-06
-7.718860000000000497e-06
-7.718860000000000497e-06
-7.726309999999999892e-06
-7.733761000000000373e-06
-7.733761000000000373e-06
-7.733761000000000373e-06
-7.733761000000000373e-06
-7.741210999999999768e-06
-7.741210999999999768e-06
-7.748662000000000250e-06
-7.748662000000000250e-06
-7.748662000000000250e-06
-7.756113000000000731e-06
-7.756113000000000731e-06
-7.756113000000000731e-06
-7.756113000000000731e-06
-7.756113000000000731e-06
-7.756113000000000731e-06
-7.756113000000000731e-06
-7.756113000000000731e-06
-7.756113000000000731e-06
-7.756113000000000731e-06
-7.756113000000000731e-06
-7.756113000000000731e-06
-7.756113000000000731e-06
-7.756113000000000731e-06
-7.763563000000000126e-06
-7.763563000000000126e-06
-7.763563000000000126e-06
-7.763563000000000126e-06
-7.771014000000000608e-06
-7.771014000000000608e-06
-7.771014000000000608e-06
-7.771014000000000608e-06
-7.778464000000000003e-06
-7.778464000000000003e-06
-7.785915000000000484e-06
-7.785915000000000484e-06
-7.793365999999999271e-06
-7.793365999999999271e-06
-7.793365999999999271e-06
-7.793365999999999271e-06
-7.793365999999999271e-06
-7.793365999999999271e-06
-7.793365999999999271e-06
-7.793365999999999271e-06
-7.785915000000000484e-06
-7.785915000000000484e-06
-7.785915000000000484e-06
-7.778464000000000003e-06
-7.778464000000000003e-06
-7.778464000000000003e-06
-7.771014000000000608e-06
-7.771014000000000608e-06
-7.771014000000000608e-06
-7.771014000000000608e-06
-7.771014000000000608e-06
-7.771014000000000608e-06
-7.771014000000000608e-06
-7.771014000000000608e-06
-7.771014000000000608e-06
-7.778464000000000003e-06
-7.778464000000000003e-06
-7.778464000000000003e-06
-7.785915000000000484e-06
-7.785915000000000484e-06
-7.785915000000000484e-06
-7.785915000000000484e-06
-7.793365999999999271e-06
-7.793365999999999271e-06
-7.793365999999999271e-06
-7.793365999999999271e-06
-7.793365999999999271e-06
-7.793365999999999271e-06
-7.793365999999999271e-06
-7.793365999999999271e-06
-7.800816000000000361e-06
-7.800816000000000361e-06
-7.800816000000000361e-06
-7.800816000000000361e-06
-7.800816000000000361e-06
-7.800816000000000361e-06
-7.800816000000000361e-06
-7.800816000000000361e-06
-7.800816000000000361e-06
-7.800816000000000361e-06
-7.800816000000000361e-06
-7.800816000000000361e-06
-7.808267000000000842e-06
-7.808267000000000842e-06
-7.815717000000000237e-06
-7.815717000000000237e-06
-7.823168000000000718e-06
-7.830618000000000114e-06
-7.830618000000000114e-06
-7.838069000000000595e-06
-7.838069000000000595e-06
-7.845519999999999382e-06
-7.852970000000000471e-06
-7.852970000000000471e-06
-7.852970000000000471e-06
-7.852970000000000471e-06
-7.852970000000000471e-06
-7.852970000000000471e-06
-7.852970000000000471e-06
-7.852970000000000471e-06
-7.852970000000000471e-06
-7.852970000000000471e-06
-7.852970000000000471e-06
-7.852970000000000471e-06
-7.845519999999999382e-06
-7.845519999999999382e-06
-7.845519999999999382e-06
-7.845519999999999382e-06
-7.838069000000000595e-06
-7.838069000000000595e-06
-7.838069000000000595e-06
-7.838069000000000595e-06
-7.838069000000000595e-06
-7.838069000000000595e-06
-7.838069000000000595e-06
-7.838069000000000595e-06
-7.838069000000000595e-06
-7.830618000000000114e-06
-7.830618000000000114e-06
-7.830618000000000114e-06
-7.830618000000000114e-06
-7.823168000000000718e-06
-7.823168000000000718e-06
-7.823168000000000718e-06
-7.823168000000000718e-06
-7.823168000000000718e-06
-7.815717000000000237e-06
-7.815717000000000237e-06
-7.815717000000000237e-06
-7.815717000000000237e-06
-7.815717000000000237e-06
-7.815717000000000237e-06
-7.823168000000000718e-06
-7.823168000000000718e-06
-7.823168000000000718e-06
-7.830618000000000114e-06
-7.830618000000000114e-06
-7.838069000000000595e-06
-7.838069000000000595e-06
-7.845519999999999382e-06
-7.845519999999999382e-06
-7.852970000000000471e-06
-7.860420999999999259e-06
-7.860420999999999259e-06
-7.860420999999999259e-06
-7.867871000000000348e-06
-7.875322000000000829e-06
-7.882772000000000224e-06
-7.890223000000000706e-06
-7.897673999999999493e-06
-7.905124000000000582e-06
-7.912574999999999370e-06
-7.920025000000000459e-06
-7.920025000000000459e-06
-7.927475999999999246e-06
-7.942377000000000817e-06
-7.949827999999999604e-06
-7.957278000000000693e-06
-7.964728999999999481e-06
-7.972179000000000570e-06
-7.979629999999999357e-06
-7.987080999999999838e-06
-7.987080999999999838e-06
-7.994530999999999233e-06
-8.001981999999999715e-06
-8.009432000000000804e-06
-8.016882999999999591e-06
-8.024334000000000073e-06
-8.024334000000000073e-06
-8.031783999999999468e-06
-8.031783999999999468e-06
-8.039234999999999949e-06
-8.039234999999999949e-06
-8.039234999999999949e-06
-8.039234999999999949e-06
-8.039234999999999949e-06
-8.031783999999999468e-06
-8.031783999999999468e-06
-8.031783999999999468e-06
-8.024334000000000073e-06
-8.024334000000000073e-06
-8.024334000000000073e-06
-8.024334000000000073e-06
-8.024334000000000073e-06
-8.024334000000000073e-06
-8.024334000000000073e-06
-8.024334000000000073e-06
-8.031783999999999468e-06
-8.031783999999999468e-06
-8.031783999999999468e-06
-8.031783999999999468e-06
-8.031783999999999468e-06
-8.031783999999999468e-06
-8.031783999999999468e-06
-8.024334000000000073e-06
-8.024334000000000073e-06
-8.024334000000000073e-06
-8.024334000000000073e-06
-8.016882999999999591e-06
-8.016882999999999591e-06
-8.016882999999999591e-06
-8.016882999999999591e-06
-8.016882999999999591e-06
-8.016882999999999591e-06
-8.016882999999999591e-06
-8.016882999999999591e-06
-8.016882999999999591e-06
-8.024334000000000073e-06
-8.024334000000000073e-06
-8.024334000000000073e-06
-8.031783999999999468e-06
-8.031783999999999468e-06
-8.039234999999999949e-06
-8.046684999999999344e-06
-8.046684999999999344e-06
-8.054135999999999826e-06
-8.061585999999999221e-06
-8.076488000000000184e-06
-8.083937999999999579e-06
-8.091389000000000060e-06
-8.098838999999999455e-06
-8.106289999999999937e-06
-8.113739999999999332e-06
-8.121190999999999813e-06
-8.128642000000000295e-06
-8.136091999999999690e-06
-8.143543000000000171e-06
-8.158444000000000047e-06
-8.165895000000000529e-06
-8.173344999999999924e-06
-8.173344999999999924e-06
-8.180796000000000405e-06
-8.188245999999999800e-06
-8.195697000000000282e-06
-8.203146999999999677e-06
-8.210598000000000158e-06
-8.218049000000000640e-06
-8.225499000000000035e-06
-8.232950000000000516e-06
-8.240399999999999911e-06
-8.240399999999999911e-06
-8.247851000000000393e-06
-8.255301999999999180e-06
-8.270203000000000751e-06
-8.277653000000000146e-06
-8.285104000000000627e-06
-8.300005000000000504e-06
-8.300005000000000504e-06
-8.314906000000000380e-06
-8.322356999999999167e-06
-8.329807000000000257e-06
-8.329807000000000257e-06
-8.337258000000000738e-06
-8.344708000000000133e-06
-8.344708000000000133e-06
-8.352159000000000614e-06
-8.359609999999999402e-06
-8.367060000000000491e-06
-8.367060000000000491e-06
-8.367060000000000491e-06
-8.381961000000000367e-06
-8.389411999999999155e-06
-8.396862999999999636e-06
-8.404313000000000725e-06
-8.411763999999999513e-06
-8.419214000000000602e-06
-8.426664999999999389e-06
-8.426664999999999389e-06
-8.434115000000000478e-06
-8.441565999999999266e-06
-8.456467000000000836e-06
-8.463917999999999624e-06
-8.471368000000000713e-06
-8.478818999999999500e-06
-8.486269999999999981e-06
-8.493719999999999376e-06
-8.501170999999999858e-06
-8.508620999999999253e-06
-8.516071999999999734e-06
-8.530972999999999611e-06
-8.545873999999999487e-06
-8.553324999999999969e-06
-8.560774999999999364e-06
-8.583126999999999722e-06
-8.598027999999999598e-06
-8.612928999999999475e-06
-8.620379999999999956e-06
-8.635280999999999833e-06
-8.657633000000000191e-06
-8.672534000000000067e-06
-8.679985000000000548e-06
-8.687434999999999943e-06
-8.702335999999999820e-06
-8.717238000000000783e-06
-8.724688000000000178e-06
-8.732139000000000659e-06
-8.739589000000000054e-06
-8.747040000000000536e-06
-8.747040000000000536e-06
-8.754489999999999931e-06
-8.754489999999999931e-06
-8.761941000000000412e-06
-8.761941000000000412e-06
-8.769391999999999200e-06
-8.769391999999999200e-06
-8.769391999999999200e-06
-8.769391999999999200e-06
-8.776842000000000289e-06
-8.776842000000000289e-06
-8.776842000000000289e-06
-8.776842000000000289e-06
-8.776842000000000289e-06
-8.769391999999999200e-06
-8.769391999999999200e-06
-8.776842000000000289e-06
-8.776842000000000289e-06
-8.776842000000000289e-06
-8.784293000000000770e-06
-8.791743000000000165e-06
-8.799194000000000647e-06
-8.799194000000000647e-06
-8.806644000000000042e-06
-8.814095000000000523e-06
-8.821545999999999310e-06
-8.821545999999999310e-06
-8.836446999999999187e-06
-8.843897000000000276e-06
-8.843897000000000276e-06
-8.851348000000000757e-06
-8.858798999999999545e-06
-8.866249000000000634e-06
-8.866249000000000634e-06
-8.873699999999999421e-06
-8.873699999999999421e-06
-8.881150000000000510e-06
-8.888600999999999298e-06
-8.888600999999999298e-06
-8.896051000000000387e-06
-8.903501999999999174e-06
-8.910952999999999656e-06
-8.918403000000000745e-06
-8.918403000000000745e-06
-8.925853999999999532e-06
-8.925853999999999532e-06
-8.933304000000000621e-06
-8.933304000000000621e-06
-8.933304000000000621e-06
-8.933304000000000621e-06
-8.940754999999999409e-06
-8.933304000000000621e-06
-8.933304000000000621e-06
-8.933304000000000621e-06
-8.940754999999999409e-06
-8.955655999999999285e-06
-8.978007999999999643e-06
-9.000360000000000001e-06
-9.022710999999999272e-06
-9.052514000000000112e-06
-9.074864999999999383e-06
-9.112117999999999618e-06
-9.141921000000000457e-06
-9.179174000000000691e-06
-9.208976000000000444e-06
-9.238778000000000197e-06
-9.253679000000000074e-06
-9.261130000000000555e-06
-9.261130000000000555e-06
-9.261130000000000555e-06
-9.253679000000000074e-06
-9.246229000000000679e-06
-9.231328000000000802e-06
-9.216425999999999839e-06
-9.201524999999999963e-06
-9.186624000000000086e-06
-9.171723000000000210e-06
-9.156822000000000334e-06
-9.141921000000000457e-06
-9.127018999999999494e-06
-9.119569000000000099e-06
-9.104668000000000223e-06
-9.097216999999999741e-06
-9.082315999999999865e-06
-9.074864999999999383e-06
-9.067414999999999988e-06
-9.059963999999999507e-06
-9.059963999999999507e-06
-9.052514000000000112e-06
-9.045062999999999630e-06
-9.037612000000000843e-06
-9.030161999999999754e-06
-9.015260999999999877e-06
-9.007809999999999396e-06
-9.000360000000000001e-06
-8.992908999999999520e-06
-8.985458000000000732e-06
-8.978007999999999643e-06
-8.963106999999999767e-06
-8.955655999999999285e-06
-8.948205999999999890e-06
-8.940754999999999409e-06
-8.933304000000000621e-06
-8.933304000000000621e-06
-8.933304000000000621e-06
-8.933304000000000621e-06
-8.925853999999999532e-06
-8.925853999999999532e-06
-8.918403000000000745e-06
-8.918403000000000745e-06
-8.918403000000000745e-06
-8.918403000000000745e-06
-8.918403000000000745e-06
-8.918403000000000745e-06
-8.918403000000000745e-06
-8.918403000000000745e-06
-8.918403000000000745e-06
-8.918403000000000745e-06
-8.910952999999999656e-06
-8.910952999999999656e-06
-8.910952999999999656e-06
-8.910952999999999656e-06
-8.910952999999999656e-06
-8.903501999999999174e-06
-8.903501999999999174e-06
-8.903501999999999174e-06
-8.903501999999999174e-06
-8.903501999999999174e-06
-8.903501999999999174e-06
-8.903501999999999174e-06
-8.896051000000000387e-06
-8.896051000000000387e-06
-8.896051000000000387e-06
-8.888600999999999298e-06
-8.888600999999999298e-06
-8.888600999999999298e-06
-8.888600999999999298e-06
-8.881150000000000510e-06
-8.881150000000000510e-06
-8.881150000000000510e-06
-8.881150000000000510e-06
-8.881150000000000510e-06
-8.881150000000000510e-06
-8.881150000000000510e-06
-8.881150000000000510e-06
-8.881150000000000510e-06
-8.881150000000000510e-06
-8.881150000000000510e-06
-8.873699999999999421e-06
-8.873699999999999421e-06
-8.873699999999999421e-06
-8.873699999999999421e-06
-8.873699999999999421e-06
-8.873699999999999421e-06
-8.873699999999999421e-06
-8.873699999999999421e-06
-8.873699999999999421e-06
-8.873699999999999421e-06
-8.873699999999999421e-06
-8.873699999999999421e-06
-8.873699999999999421e-06
-8.873699999999999421e-06
-8.866249000000000634e-06
-8.866249000000000634e-06
-8.866249000000000634e-06
-8.858798999999999545e-06
-8.858798999999999545e-06
-8.851348000000000757e-06
-8.843897000000000276e-06
-8.843897000000000276e-06
-8.836446999999999187e-06
-8.828996000000000400e-06
-8.821545999999999310e-06
-8.821545999999999310e-06
-8.814095000000000523e-06
-8.806644000000000042e-06
-8.806644000000000042e-06
-8.806644000000000042e-06
-8.806644000000000042e-06
-8.806644000000000042e-06
-8.806644000000000042e-06
-8.799194000000000647e-06
-8.799194000000000647e-06
-8.799194000000000647e-06
-8.799194000000000647e-06
-8.799194000000000647e-06
-8.799194000000000647e-06
-8.799194000000000647e-06
-8.799194000000000647e-06
-8.799194000000000647e-06
-8.799194000000000647e-06
-8.791743000000000165e-06
-8.791743000000000165e-06
-8.791743000000000165e-06
-8.784293000000000770e-06
-8.784293000000000770e-06
-8.784293000000000770e-06
-8.776842000000000289e-06
-8.776842000000000289e-06
-8.776842000000000289e-06
-8.769391999999999200e-06
-8.769391999999999200e-06
-8.769391999999999200e-06
-8.769391999999999200e-06
-8.769391999999999200e-06
-8.769391999999999200e-06
-8.769391999999999200e-06
-8.761941000000000412e-06
-8.761941000000000412e-06
-8.761941000000000412e-06
-8.754489999999999931e-06
-8.747040000000000536e-06
-8.747040000000000536e-06
-8.747040000000000536e-06
-8.747040000000000536e-06
-8.739589000000000054e-06
-8.732139000000000659e-06
-8.732139000000000659e-06
-8.724688000000000178e-06
-8.724688000000000178e-06
-8.717238000000000783e-06
-8.717238000000000783e-06
-8.709787000000000301e-06
-8.709787000000000301e-06
-8.709787000000000301e-06
-8.702335999999999820e-06
-8.702335999999999820e-06
-8.702335999999999820e-06
-8.702335999999999820e-06
-8.694886000000000425e-06
-8.694886000000000425e-06
-8.694886000000000425e-06
-8.694886000000000425e-06
-8.694886000000000425e-06
-8.694886000000000425e-06
-8.694886000000000425e-06
-8.694886000000000425e-06
-8.694886000000000425e-06
-8.694886000000000425e-06
-8.694886000000000425e-06
-8.694886000000000425e-06
-8.687434999999999943e-06
-8.687434999999999943e-06
-8.687434999999999943e-06
-8.687434999999999943e-06
-8.687434999999999943e-06
-8.687434999999999943e-06
-8.687434999999999943e-06
-8.687434999999999943e-06
-8.679985000000000548e-06
-8.679985000000000548e-06
-8.679985000000000548e-06
-8.679985000000000548e-06
-8.679985000000000548e-06
-8.679985000000000548e-06
-8.679985000000000548e-06
-8.679985000000000548e-06
-8.672534000000000067e-06
-8.672534000000000067e-06
-8.672534000000000067e-06
-8.665082999999999586e-06
-8.657633000000000191e-06
-8.657633000000000191e-06
-8.650181999999999709e-06
-8.642732000000000314e-06
-8.642732000000000314e-06
-8.635280999999999833e-06
-8.627831000000000438e-06
-8.627831000000000438e-06
-8.627831000000000438e-06
-8.635280999999999833e-06
-8.642732000000000314e-06
-8.650181999999999709e-06
-8.657633000000000191e-06
-8.665082999999999586e-06
-8.672534000000000067e-06
-8.679985000000000548e-06
-8.679985000000000548e-06
-8.687434999999999943e-06
-8.687434999999999943e-06
-8.694886000000000425e-06
-8.694886000000000425e-06
-8.694886000000000425e-06
-8.694886000000000425e-06
-8.694886000000000425e-06
-8.687434999999999943e-06
-8.687434999999999943e-06
-8.679985000000000548e-06
-8.679985000000000548e-06
-8.679985000000000548e-06
-8.672534000000000067e-06
-8.665082999999999586e-06
-8.657633000000000191e-06
-8.650181999999999709e-06
-8.642732000000000314e-06
-8.635280999999999833e-06
-8.627831000000000438e-06
-8.620379999999999956e-06
-8.612928999999999475e-06
-8.612928999999999475e-06
-8.605479000000000080e-06
-8.598027999999999598e-06
-8.590578000000000203e-06
-8.583126999999999722e-06
-8.575675999999999240e-06
-8.568225999999999845e-06
-8.560774999999999364e-06
-8.560774999999999364e-06
-8.553324999999999969e-06
-8.553324999999999969e-06
-8.553324999999999969e-06
-8.553324999999999969e-06
-8.553324999999999969e-06
-8.553324999999999969e-06
-8.553324999999999969e-06
-8.553324999999999969e-06
-8.553324999999999969e-06
-8.553324999999999969e-06
-8.553324999999999969e-06
-8.545873999999999487e-06
-8.545873999999999487e-06
-8.545873999999999487e-06
-8.545873999999999487e-06
-8.538424000000000092e-06
-8.538424000000000092e-06
-8.538424000000000092e-06
-8.530972999999999611e-06
-8.530972999999999611e-06
-8.530972999999999611e-06
-8.523522000000000823e-06
-8.523522000000000823e-06
-8.523522000000000823e-06
-8.523522000000000823e-06
-8.516071999999999734e-06
-8.516071999999999734e-06
-8.516071999999999734e-06
-8.516071999999999734e-06
-8.508620999999999253e-06
-8.508620999999999253e-06
-8.508620999999999253e-06
-8.501170999999999858e-06
-8.501170999999999858e-06
-8.493719999999999376e-06
-8.493719999999999376e-06
-8.493719999999999376e-06
-8.486269999999999981e-06
-8.478818999999999500e-06
-8.471368000000000713e-06
-8.463917999999999624e-06
-8.463917999999999624e-06
-8.456467000000000836e-06
-8.449016999999999747e-06
-8.441565999999999266e-06
-8.434115000000000478e-06
-8.426664999999999389e-06
-8.426664999999999389e-06
-8.419214000000000602e-06
-8.411763999999999513e-06
-8.411763999999999513e-06
-8.404313000000000725e-06
-8.396862999999999636e-06
-8.389411999999999155e-06
-8.381961000000000367e-06
-8.374510999999999278e-06
-8.367060000000000491e-06
-8.367060000000000491e-06
-8.367060000000000491e-06
-8.359609999999999402e-06
-8.352159000000000614e-06
-8.352159000000000614e-06
-8.344708000000000133e-06
-8.344708000000000133e-06
-8.337258000000000738e-06
-8.337258000000000738e-06
-8.329807000000000257e-06
-8.329807000000000257e-06
-8.322356999999999167e-06
-8.322356999999999167e-06
-8.322356999999999167e-06
-8.314906000000000380e-06
-8.314906000000000380e-06
-8.307455999999999291e-06
-8.307455999999999291e-06
-8.307455999999999291e-06
-8.300005000000000504e-06
-8.300005000000000504e-06
-8.300005000000000504e-06
-8.300005000000000504e-06
-8.300005000000000504e-06
-8.300005000000000504e-06
-8.300005000000000504e-06
-8.300005000000000504e-06
-8.292554000000000022e-06
-8.292554000000000022e-06
-8.292554000000000022e-06
-8.285104000000000627e-06
-8.285104000000000627e-06
-8.285104000000000627e-06
-8.277653000000000146e-06
-8.277653000000000146e-06
-8.270203000000000751e-06
-8.270203000000000751e-06
-8.262752000000000269e-06
-8.262752000000000269e-06
-8.255301999999999180e-06
-8.255301999999999180e-06
-8.247851000000000393e-06
-8.247851000000000393e-06
-8.247851000000000393e-06
-8.240399999999999911e-06
-8.240399999999999911e-06
-8.240399999999999911e-06
-8.240399999999999911e-06
-8.240399999999999911e-06
-8.240399999999999911e-06
-8.240399999999999911e-06
-8.232950000000000516e-06
-8.232950000000000516e-06
-8.225499000000000035e-06
-8.225499000000000035e-06
-8.225499000000000035e-06
-8.218049000000000640e-06
-8.210598000000000158e-06
-8.210598000000000158e-06
-8.210598000000000158e-06
-8.203146999999999677e-06
-8.203146999999999677e-06
-8.195697000000000282e-06
-8.188245999999999800e-06
-8.188245999999999800e-06
-8.188245999999999800e-06
-8.180796000000000405e-06
-8.180796000000000405e-06
-8.173344999999999924e-06
-8.173344999999999924e-06
-8.173344999999999924e-06
-8.173344999999999924e-06
-8.165895000000000529e-06
-8.158444000000000047e-06
-8.158444000000000047e-06
-8.150992999999999566e-06
-8.143543000000000171e-06
-8.136091999999999690e-06
-8.136091999999999690e-06
-8.128642000000000295e-06
-8.121190999999999813e-06
-8.113739999999999332e-06
-8.113739999999999332e-06
-8.098838999999999455e-06
-8.091389000000000060e-06
-8.083937999999999579e-06
-8.076488000000000184e-06
-8.069036999999999702e-06
-8.069036999999999702e-06
-8.061585999999999221e-06
-8.061585999999999221e-06
-8.061585999999999221e-06
-8.061585999999999221e-06
-8.061585999999999221e-06
-8.069036999999999702e-06
-8.069036999999999702e-06
-8.069036999999999702e-06
-8.069036999999999702e-06
-8.076488000000000184e-06
-8.076488000000000184e-06
-8.076488000000000184e-06
-8.076488000000000184e-06
-8.076488000000000184e-06
-8.069036999999999702e-06
-8.069036999999999702e-06
-8.069036999999999702e-06
-8.061585999999999221e-06
-8.061585999999999221e-06
-8.054135999999999826e-06
-8.046684999999999344e-06
-8.046684999999999344e-06
-8.046684999999999344e-06
-8.039234999999999949e-06
-8.031783999999999468e-06
-8.024334000000000073e-06
-8.016882999999999591e-06
-8.001981999999999715e-06
-7.994530999999999233e-06
-7.987080999999999838e-06
-7.979629999999999357e-06
-7.972179000000000570e-06
-7.957278000000000693e-06
-7.949827999999999604e-06
-7.942377000000000817e-06
-7.927475999999999246e-06
-7.920025000000000459e-06
-7.912574999999999370e-06
-7.905124000000000582e-06
-7.890223000000000706e-06
-7.875322000000000829e-06
-7.867871000000000348e-06
-7.860420999999999259e-06
-7.852970000000000471e-06
-7.838069000000000595e-06
-7.823168000000000718e-06
-7.815717000000000237e-06
-7.800816000000000361e-06
-7.793365999999999271e-06
-7.785915000000000484e-06
-7.771014000000000608e-06
-7.763563000000000126e-06
-7.748662000000000250e-06
-7.741210999999999768e-06
-7.733761000000000373e-06
-7.726309999999999892e-06
-7.718860000000000497e-06
-7.703959000000000620e-06
-7.696508000000000139e-06
-7.689056999999999657e-06
-7.681607000000000262e-06
-7.674155999999999781e-06
-7.666706000000000386e-06
-7.666706000000000386e-06
-7.659254999999999904e-06
-7.651803999999999423e-06
-7.651803999999999423e-06
-7.644354000000000028e-06
-7.636902999999999547e-06
-7.629453000000000151e-06
-7.629453000000000151e-06
-7.621973000000000352e-06
-7.621973000000000352e-06
-7.614521999999999870e-06
-7.614521999999999870e-06
-7.607071999999999628e-06
-7.607071999999999628e-06
-7.599620999999999994e-06
-7.599620999999999994e-06
-7.592170999999999752e-06
-7.584720000000000117e-06
-7.584720000000000117e-06
-7.577269999999999875e-06
-7.569819000000000241e-06
-7.569819000000000241e-06
-7.562367999999999760e-06
-7.554918000000000365e-06
-7.547466999999999883e-06
-7.540016999999999641e-06
-7.540016999999999641e-06
-7.540016999999999641e-06
-7.532566000000000007e-06
-7.525115999999999765e-06
-7.517665000000000130e-06
-7.510213999999999649e-06
-7.502764000000000254e-06
-7.495312999999999772e-06
-7.487863000000000377e-06
-7.480411999999999896e-06
-7.480411999999999896e-06
-7.472961000000000261e-06
-7.465511000000000019e-06
-7.458060000000000385e-06
-7.458060000000000385e-06
-7.450610000000000143e-06
-7.443158999999999661e-06
-7.435709000000000266e-06
-7.435709000000000266e-06
-7.428257999999999785e-06
-7.428257999999999785e-06
-7.420807000000000150e-06
-7.420807000000000150e-06
-7.413356999999999908e-06
-7.413356999999999908e-06
-7.413356999999999908e-06
-7.413356999999999908e-06
-7.413356999999999908e-06
-7.413356999999999908e-06
-7.413356999999999908e-06
-7.413356999999999908e-06
-7.413356999999999908e-06
-7.413356999999999908e-06
-7.413356999999999908e-06
-7.413356999999999908e-06
-7.413356999999999908e-06
-7.413356999999999908e-06
-7.413356999999999908e-06
-7.413356999999999908e-06
-7.413356999999999908e-06
-7.413356999999999908e-06
-7.413356999999999908e-06
-7.405906000000000274e-06
-7.405906000000000274e-06
-7.405906000000000274e-06
-7.405906000000000274e-06
-7.398456000000000032e-06
-7.398456000000000032e-06
-7.398456000000000032e-06
-7.398456000000000032e-06
-7.398456000000000032e-06
-7.398456000000000032e-06
-7.398456000000000032e-06
-7.391005000000000398e-06
-7.391005000000000398e-06
-7.391005000000000398e-06
-7.391005000000000398e-06
-7.391005000000000398e-06
-7.398456000000000032e-06
-7.398456000000000032e-06
-7.398456000000000032e-06
-7.398456000000000032e-06
-7.391005000000000398e-06
-7.391005000000000398e-06
-7.391005000000000398e-06
-7.391005000000000398e-06
-7.391005000000000398e-06
-7.383553999999999916e-06
-7.383553999999999916e-06
-7.383553999999999916e-06
-7.376103999999999674e-06
-7.376103999999999674e-06
-7.368653000000000040e-06
-7.368653000000000040e-06
-7.361202999999999798e-06
-7.361202999999999798e-06
-7.361202999999999798e-06
-7.353752000000000163e-06
-7.353752000000000163e-06
-7.353752000000000163e-06
-7.353752000000000163e-06
-7.353752000000000163e-06
-7.353752000000000163e-06
-7.353752000000000163e-06
-7.353752000000000163e-06
-7.353752000000000163e-06
-7.353752000000000163e-06
-7.353752000000000163e-06
-7.353752000000000163e-06
-7.346301999999999921e-06
-7.346301999999999921e-06
-7.346301999999999921e-06
-7.338851000000000287e-06
-7.338851000000000287e-06
-7.331399999999999805e-06
-7.331399999999999805e-06
-7.323950000000000410e-06
-7.323950000000000410e-06
-7.323950000000000410e-06
-7.323950000000000410e-06
-7.323950000000000410e-06
-7.323950000000000410e-06
-7.323950000000000410e-06
-7.323950000000000410e-06
-7.323950000000000410e-06
-7.323950000000000410e-06
-7.331399999999999805e-06
-7.331399999999999805e-06
-7.338851000000000287e-06
-7.346301999999999921e-06
-7.346301999999999921e-06
-7.353752000000000163e-06
-7.353752000000000163e-06
-7.361202999999999798e-06
-7.361202999999999798e-06
-7.368653000000000040e-06
-7.376103999999999674e-06
-7.376103999999999674e-06
-7.383553999999999916e-06
-7.391005000000000398e-06
-7.391005000000000398e-06
-7.398456000000000032e-06
-7.398456000000000032e-06
-7.405906000000000274e-06
-7.405906000000000274e-06
-7.413356999999999908e-06
-7.413356999999999908e-06
-7.413356999999999908e-06
-7.413356999999999908e-06
-7.420807000000000150e-06
-7.428257999999999785e-06
-7.428257999999999785e-06
-7.435709000000000266e-06
-7.435709000000000266e-06
-7.443158999999999661e-06
-7.450610000000000143e-06
-7.458060000000000385e-06
-7.458060000000000385e-06
-7.465511000000000019e-06
-7.472961000000000261e-06
-7.480411999999999896e-06
-7.480411999999999896e-06
-7.487863000000000377e-06
-7.495312999999999772e-06
-7.502764000000000254e-06
-7.517665000000000130e-06
-7.525115999999999765e-06
-7.532566000000000007e-06
-7.540016999999999641e-06
-7.547466999999999883e-06
-7.554918000000000365e-06
-7.569819000000000241e-06
-7.577269999999999875e-06
-7.592170999999999752e-06
-7.599620999999999994e-06
-7.607071999999999628e-06
-7.614521999999999870e-06
-7.621973000000000352e-06
-7.629453000000000151e-06
-7.636902999999999547e-06
-7.644354000000000028e-06
-7.651803999999999423e-06
-7.659254999999999904e-06
-7.666706000000000386e-06
-7.666706000000000386e-06
-7.666706000000000386e-06
-7.674155999999999781e-06
-7.681607000000000262e-06
-7.689056999999999657e-06
-7.689056999999999657e-06
-7.696508000000000139e-06
-7.696508000000000139e-06
-7.703959000000000620e-06
-7.703959000000000620e-06
-7.711409000000000015e-06
-7.711409000000000015e-06
-7.718860000000000497e-06
-7.718860000000000497e-06
-7.726309999999999892e-06
-7.733761000000000373e-06
-7.741210999999999768e-06
-7.748662000000000250e-06
-7.763563000000000126e-06
-7.771014000000000608e-06
-7.785915000000000484e-06
-7.793365999999999271e-06
-7.800816000000000361e-06
-7.808267000000000842e-06
-7.823168000000000718e-06
-7.830618000000000114e-06
-7.845519999999999382e-06
-7.852970000000000471e-06
-7.860420999999999259e-06
-7.867871000000000348e-06
-7.875322000000000829e-06
-7.890223000000000706e-06
-7.897673999999999493e-06
-7.912574999999999370e-06
-7.920025000000000459e-06
-7.927475999999999246e-06
-7.942377000000000817e-06
-7.949827999999999604e-06
-7.964728999999999481e-06
-7.979629999999999357e-06
-7.987080999999999838e-06
-7.994530999999999233e-06
-8.009432000000000804e-06
-8.024334000000000073e-06
-8.039234999999999949e-06
-8.046684999999999344e-06
-8.061585999999999221e-06
-8.076488000000000184e-06
-8.091389000000000060e-06
-8.098838999999999455e-06
-8.113739999999999332e-06
-8.121190999999999813e-06
-8.136091999999999690e-06
-8.150992999999999566e-06
-8.165895000000000529e-06
-8.173344999999999924e-06
-8.188245999999999800e-06
-8.203146999999999677e-06
-8.210598000000000158e-06
-8.225499000000000035e-06
-8.232950000000000516e-06
-8.240399999999999911e-06
-8.255301999999999180e-06
-8.262752000000000269e-06
-8.277653000000000146e-06
-8.285104000000000627e-06
-8.300005000000000504e-06
-8.307455999999999291e-06
-8.322356999999999167e-06
-8.337258000000000738e-06
-8.352159000000000614e-06
-8.367060000000000491e-06
-8.381961000000000367e-06
-8.396862999999999636e-06
-8.419214000000000602e-06
-8.426664999999999389e-06
-8.449016999999999747e-06
-8.471368000000000713e-06
-8.486269999999999981e-06
-8.501170999999999858e-06
-8.516071999999999734e-06
-8.538424000000000092e-06
-8.553324999999999969e-06
-8.560774999999999364e-06
-8.575675999999999240e-06
-8.598027999999999598e-06
-8.612928999999999475e-06
-8.620379999999999956e-06
-8.635280999999999833e-06
-8.650181999999999709e-06
-8.665082999999999586e-06
-8.679985000000000548e-06
-8.687434999999999943e-06
-8.702335999999999820e-06
-8.717238000000000783e-06
-8.732139000000000659e-06
-8.739589000000000054e-06
-8.747040000000000536e-06
-8.761941000000000412e-06
-8.776842000000000289e-06
-8.791743000000000165e-06
-8.806644000000000042e-06
-8.814095000000000523e-06
-8.828996000000000400e-06
-8.843897000000000276e-06
-8.858798999999999545e-06
-8.873699999999999421e-06
-8.888600999999999298e-06
-8.903501999999999174e-06
-8.918403000000000745e-06
-8.933304000000000621e-06
-8.948205999999999890e-06
-8.963106999999999767e-06
-8.978007999999999643e-06
-8.992908999999999520e-06
-9.007809999999999396e-06
-9.022710999999999272e-06
-9.037612000000000843e-06
-9.052514000000000112e-06
-9.059963999999999507e-06
-9.074864999999999383e-06
-9.089767000000000346e-06
-9.104668000000000223e-06
-9.119569000000000099e-06
-9.134469999999999976e-06
-9.141921000000000457e-06
-9.164271999999999729e-06
-9.179174000000000691e-06
-9.186624000000000086e-06
-9.208976000000000444e-06
-9.223877000000000321e-06
-9.246229000000000679e-06
-9.261130000000000555e-06
-9.276031000000000432e-06
-9.298383000000000790e-06
-9.320734999999999453e-06
-9.335635999999999330e-06
-9.365438000000000777e-06
-9.380339000000000653e-06
-9.402690999999999317e-06
-9.425042999999999675e-06
-9.439943999999999552e-06
-9.462295999999999910e-06
-9.484646999999999181e-06
-9.506998999999999539e-06
-9.521899999999999415e-06
-9.544251999999999773e-06
-9.566604000000000131e-06
-9.581505000000000008e-06
-9.603857000000000366e-06
-9.626207999999999637e-06
-9.641110000000000600e-06
-9.663460999999999872e-06
-9.685813000000000230e-06
-9.700714000000000106e-06
-9.723066000000000464e-06
-9.745418000000000822e-06
-9.760319000000000698e-06
-9.782670999999999362e-06
-9.805022000000000328e-06
-9.819923000000000204e-06
-9.842275000000000562e-06
-9.864626999999999226e-06
-9.886978999999999584e-06
-9.894429000000000673e-06
-9.916780999999999337e-06
-9.931681999999999213e-06
-9.946583000000000784e-06
-9.961484000000000660e-06
-9.983835999999999324e-06
-1.000619000000000016e-05
-1.001363999999999956e-05
-1.003598999999999943e-05
-1.005833999999999931e-05
-1.007323999999999980e-05
-1.008814000000000028e-05
-1.011049999999999917e-05
-1.013285000000000074e-05
-1.014774999999999953e-05
-1.017009999999999941e-05
-1.019244999999999929e-05
-1.021479999999999917e-05
-1.023715999999999975e-05
-1.025950999999999963e-05
-1.027441000000000011e-05
-1.029675999999999999e-05
-1.031910999999999987e-05
-1.033401000000000035e-05
-1.035636999999999924e-05
-1.037872000000000081e-05
-1.039361999999999960e-05
-1.041596999999999948e-05
-1.043831999999999936e-05
-1.045321999999999984e-05
-1.047556999999999972e-05
-1.049793000000000030e-05
-1.052028000000000018e-05
-1.053518000000000066e-05
-1.055753000000000054e-05
-1.057988000000000042e-05
-1.059477999999999921e-05
-1.060967999999999970e-05
-1.063204000000000028e-05
-1.064694000000000076e-05
-1.067674000000000003e-05
-1.069908999999999991e-05
-1.071399000000000040e-05
-1.073634000000000028e-05
-1.076615000000000025e-05
-1.078105000000000073e-05
-1.080340000000000061e-05
-1.083319999999999989e-05
-1.084810000000000037e-05
-1.087045999999999926e-05
-1.089281000000000083e-05
-1.090770999999999962e-05
-1.093005999999999950e-05
-1.095240999999999938e-05
-1.095986000000000047e-05
-1.098221000000000035e-05
-1.100456999999999923e-05
-1.102692000000000080e-05
-1.104181999999999959e-05
-1.105672000000000008e-05
-1.107906999999999996e-05
-1.109397000000000044e-05
-1.110886999999999923e-05
-1.113122999999999981e-05
-1.115357999999999969e-05
-1.116103000000000078e-05
-1.118338000000000066e-05
-1.120573000000000054e-05
-1.122062999999999933e-05
-1.124297999999999921e-05
-1.126533999999999979e-05
-1.128024000000000027e-05
-1.131003999999999954e-05
-1.133238999999999942e-05
-1.134728999999999991e-05
-1.136963999999999979e-05
-1.139200000000000037e-05
-1.140689999999999916e-05
-1.142925000000000073e-05
-1.145160000000000061e-05
-1.147395000000000049e-05
-1.149630000000000037e-05
-1.151865999999999925e-05
-1.153355999999999974e-05
-1.156336000000000070e-05
-1.158571000000000058e-05
-1.160060999999999937e-05
-1.163041000000000034e-05
-1.165276999999999923e-05
-1.166766999999999971e-05
-1.169747000000000068e-05
-1.171982000000000056e-05
-1.173471999999999935e-05
-1.175706999999999923e-05
-1.178687999999999920e-05
-1.180177999999999968e-05
-1.182412999999999956e-05
-1.184647999999999944e-05
-1.186882999999999932e-05
-1.189117999999999920e-05
-1.191353999999999978e-05
-1.193588999999999966e-05
-1.195823999999999954e-05
-1.197314000000000002e-05
-1.199548999999999990e-05
-1.201783999999999978e-05
-1.204020000000000036e-05
-1.206255000000000024e-05
-1.208490000000000012e-05
-1.210725000000000000e-05
-1.212959999999999988e-05
-1.215196000000000046e-05
-1.217431000000000033e-05
-1.219666000000000021e-05
-1.221901000000000009e-05
-1.224135999999999997e-05
-1.226370999999999985e-05
-1.228607000000000043e-05
-1.230096999999999922e-05
-1.233077000000000019e-05
-1.235312000000000007e-05
-1.236802000000000055e-05
-1.239037000000000043e-05
-1.241272999999999932e-05
-1.242762999999999980e-05
-1.245743000000000077e-05
-1.247978000000000065e-05
-1.249467999999999944e-05
-1.251702999999999932e-05
-1.253938999999999989e-05
-1.255429000000000038e-05
-1.257664000000000026e-05
-1.259899000000000014e-05
-1.261389000000000062e-05
-1.263624000000000050e-05
-1.266605000000000047e-05
-1.268094999999999926e-05
-1.270330000000000084e-05
-1.272565000000000072e-05
-1.274054999999999951e-05
-1.277035000000000048e-05
-1.279270999999999936e-05
-1.280760999999999984e-05
-1.282995999999999972e-05
-1.285230999999999960e-05
-1.286721000000000009e-05
-1.288955999999999997e-05
-1.291935999999999924e-05
-1.293427000000000042e-05
-1.295662000000000030e-05
-1.298641999999999958e-05
-1.300876999999999946e-05
-1.303111999999999934e-05
-1.305347999999999991e-05
-1.308327999999999919e-05
-1.311308000000000016e-05
-1.313543000000000004e-05
-1.316522999999999931e-05
-1.318758999999999989e-05
-1.321738999999999916e-05
-1.323974000000000074e-05
-1.327698999999999941e-05
-1.330679999999999938e-05
-1.332914999999999926e-05
-1.335895000000000023e-05
-1.338130000000000011e-05
-1.341109999999999938e-05
-1.343345999999999996e-05
-1.346325999999999923e-05
-1.349306000000000020e-05
-1.351541000000000008e-05
-1.353775999999999996e-05
-1.356010999999999984e-05
-1.358247000000000042e-05
-1.361226999999999969e-05
-1.362717000000000018e-05
-1.365696999999999945e-05
-1.367931999999999933e-05
-1.369423000000000051e-05
-1.372402999999999979e-05
-1.374637999999999967e-05
-1.376872999999999955e-05
-1.379107999999999943e-05
-1.381342999999999930e-05
-1.383578999999999988e-05
-1.386558999999999916e-05
-1.388794000000000073e-05
-1.391029000000000061e-05
-1.394008999999999988e-05
-1.395499999999999937e-05
-1.398480000000000034e-05
-1.400715000000000022e-05
-1.402950000000000010e-05
-1.405184999999999998e-05
-1.407419999999999986e-05
-1.409656000000000044e-05
-1.411891000000000032e-05
-1.414126000000000020e-05
-1.416361000000000008e-05
-1.418595999999999995e-05
-1.420832000000000053e-05
-1.423067000000000041e-05
-1.425302000000000029e-05
-1.427537000000000017e-05
-1.429772000000000005e-05
-1.432006999999999993e-05
-1.434243000000000051e-05
-1.436478000000000039e-05
-1.438713000000000027e-05
-1.440948000000000015e-05
-1.443927999999999942e-05
-1.446164000000000000e-05
-1.449143999999999927e-05
-1.451379000000000085e-05
-1.454359000000000012e-05
-1.457338999999999939e-05
-1.459574999999999997e-05
-1.462554999999999925e-05
-1.464790000000000082e-05
-1.467025000000000070e-05
-1.470004999999999997e-05
-1.472241000000000055e-05
-1.474476000000000043e-05
-1.475965999999999922e-05
-1.478201000000000080e-05
-1.481181000000000007e-05
-1.482671000000000055e-05
-1.484906999999999944e-05
-1.487887000000000041e-05
-1.489376999999999920e-05
-1.491612000000000077e-05
-1.494592000000000004e-05
-1.496082000000000053e-05
-1.499063000000000050e-05
-1.501298000000000038e-05
-1.503533000000000026e-05
-1.506512999999999953e-05
-1.509493000000000050e-05
-1.512474000000000048e-05
-1.514709000000000036e-05
-1.518434000000000072e-05
-1.520669000000000060e-05
-1.524394999999999997e-05
-1.526636000000000066e-05
-1.529616000000000162e-05
-1.533340999999999860e-05
-1.535576000000000017e-05
-1.538556999999999845e-05
-1.540792000000000003e-05
-1.543772000000000099e-05
-1.546006999999999918e-05
-1.548987000000000015e-05
-1.551967999999999843e-05
-1.554203000000000000e-05
-1.556438000000000157e-05
-1.558672999999999976e-05
-1.560908000000000133e-05
-1.563142999999999952e-05
-1.565378999999999840e-05
-1.568358999999999937e-05
-1.570594000000000094e-05
-1.572828999999999913e-05
-1.575809000000000010e-05
-1.578044999999999898e-05
-1.580280000000000055e-05
-1.582514999999999874e-05
-1.584005000000000092e-05
-1.586239999999999910e-05
-1.589220000000000007e-05
-1.589966000000000017e-05
-1.592200999999999835e-05
-1.595180999999999932e-05
-1.596671000000000150e-05
-1.598905999999999968e-05
-1.601886000000000065e-05
-1.602632000000000075e-05
-1.602632000000000075e-05
-1.596671000000000150e-05
-1.585494999999999971e-05
-1.567613999999999997e-05
-1.543772000000000099e-05
-1.514709000000000036e-05
-1.481925999999999946e-05
-1.444673000000000051e-05
-1.406675000000000046e-05
-1.367186999999999993e-05
-1.326954000000000001e-05
-1.287465999999999948e-05
-1.248723000000000004e-05
-1.212215000000000048e-05
-1.178687999999999920e-05
-1.146649999999999940e-05
-1.119083000000000005e-05
-1.095240999999999938e-05
-1.073634000000000028e-05
-1.055007999999999945e-05
-1.039361999999999960e-05
-1.026696000000000072e-05
-1.015520000000000062e-05
-1.007323999999999980e-05
-1.000619000000000016e-05
-9.946583000000000784e-06
-9.894429000000000673e-06
-9.849725999999999349e-06
-9.812473000000000809e-06
-9.767769000000000093e-06
-9.730515999999999859e-06
-9.693264000000000711e-06
-9.656011000000000477e-06
-9.626207999999999637e-06
-9.588954999999999403e-06
-9.566604000000000131e-06
-9.536800999999999292e-06
-9.506998999999999539e-06
-9.492097999999999663e-06
-9.477196999999999786e-06
-9.462295999999999910e-06
-9.447394000000000641e-06
-9.439943999999999552e-06
-9.439943999999999552e-06
-9.439943999999999552e-06
-9.439943999999999552e-06
-9.439943999999999552e-06
-9.447394000000000641e-06
-9.462295999999999910e-06
-9.469745999999999305e-06
-9.477196999999999786e-06
-9.492097999999999663e-06
-9.499548000000000752e-06
-9.506998999999999539e-06
-9.514450000000000020e-06
-9.529350999999999897e-06
-9.536800999999999292e-06
-9.551703000000000255e-06
-9.566604000000000131e-06
-9.566604000000000131e-06
-9.581505000000000008e-06
-9.588954999999999403e-06
-9.603857000000000366e-06
-9.611306999999999761e-06
-9.626207999999999637e-06
-9.633659000000000119e-06
-9.641110000000000600e-06
-9.656011000000000477e-06
-9.663460999999999872e-06
-9.685813000000000230e-06
-9.693264000000000711e-06
-9.708165000000000587e-06
-9.723066000000000464e-06
-9.737967000000000340e-06
-9.752868000000000217e-06
-9.760319000000000698e-06
-9.775220000000000575e-06
-9.797571999999999239e-06
-9.812473000000000809e-06
-9.819923000000000204e-06
-9.842275000000000562e-06
-9.857176000000000439e-06
-9.879528000000000796e-06
-9.886978999999999584e-06
-9.909330000000000549e-06
-9.924231999999999818e-06
-9.939132999999999695e-06
-9.946583000000000784e-06
-9.968934999999999448e-06
-9.983835999999999324e-06
-9.998736999999999201e-06
-1.001363999999999956e-05
-1.002109000000000064e-05
-1.003598999999999943e-05
-1.005088999999999992e-05
-1.006579000000000040e-05
-1.007323999999999980e-05
-1.009558999999999968e-05
-1.011049999999999917e-05
-1.012539999999999965e-05
-1.014030000000000014e-05
-1.014774999999999953e-05
-1.017009999999999941e-05
-1.018499999999999989e-05
-1.019990000000000038e-05
-1.021479999999999917e-05
-1.022971000000000035e-05
-1.024461000000000084e-05
-1.026696000000000072e-05
-1.027441000000000011e-05
-1.028931000000000059e-05
-1.030420999999999938e-05
-1.031910999999999987e-05
-1.032655999999999926e-05
-1.034145999999999975e-05
-1.035636999999999924e-05
-1.037126999999999972e-05
-1.038617000000000021e-05
-1.039361999999999960e-05
-1.040852000000000008e-05
-1.043086999999999996e-05
-1.044577000000000045e-05
-1.045321999999999984e-05
-1.046812000000000033e-05
-1.048302999999999982e-05
-1.049793000000000030e-05
-1.052028000000000018e-05
-1.052772999999999958e-05
-1.054263000000000006e-05
-1.055753000000000054e-05
-1.057242999999999933e-05
-1.057988000000000042e-05
-1.060223000000000030e-05
-1.061713999999999979e-05
-1.063204000000000028e-05
-1.064694000000000076e-05
-1.066183999999999955e-05
-1.067674000000000003e-05
-1.069908999999999991e-05
-1.070653999999999931e-05
-1.072143999999999979e-05
-1.073634000000000028e-05
-1.075124999999999977e-05
-1.076615000000000025e-05
-1.078105000000000073e-05
-1.079594999999999952e-05
-1.081085000000000001e-05
-1.082575000000000049e-05
-1.083319999999999989e-05
-1.084810000000000037e-05
-1.087045999999999926e-05
-1.088535999999999974e-05
-1.090026000000000023e-05
-1.091516000000000071e-05
-1.093751000000000059e-05
-1.095240999999999938e-05
-1.096730999999999986e-05
-1.098965999999999974e-05
-1.101202000000000032e-05
-1.102692000000000080e-05
-1.104927000000000068e-05
-1.107162000000000056e-05
-1.108651999999999935e-05
-1.110886999999999923e-05
-1.113122999999999981e-05
-1.115357999999999969e-05
-1.117592999999999957e-05
-1.119827999999999945e-05
-1.121317999999999993e-05
-1.123552999999999981e-05
-1.126533999999999979e-05
-1.128768999999999966e-05
-1.131749000000000063e-05
-1.133984000000000051e-05
-1.136963999999999979e-05
-1.140689999999999916e-05
-1.140689999999999916e-05
-1.131749000000000063e-05
-1.112378000000000042e-05
-1.081829999999999940e-05
-1.043831999999999936e-05
-9.998736999999999201e-06
-9.521899999999999415e-06
-9.045062999999999630e-06
-8.575675999999999240e-06
-8.121190999999999813e-06
-7.703959000000000620e-06
-7.323950000000000410e-06
-6.973773000000000358e-06
-6.660848000000000300e-06
-6.400077999999999746e-06
-6.161659000000000157e-06
-5.960494000000000195e-06
-5.781680000000000352e-06
-5.640118999999999896e-06
-5.513459000000000163e-06
-5.416601000000000183e-06
-5.327193999999999838e-06
-5.260138999999999851e-06
-5.200534000000000106e-06
-5.155830999999999629e-06
-5.118578000000000242e-06
-5.081325000000000007e-06
-5.058972999999999649e-06
-5.036622000000000378e-06
-5.021720000000000262e-06
-5.006819000000000386e-06
-5.006819000000000386e-06
-4.991917999999999662e-06
-4.984468000000000267e-06
-4.977016999999999786e-06
-4.969566000000000151e-06
-4.962115999999999909e-06
-4.954665000000000275e-06
-4.947215000000000033e-06
-4.947215000000000033e-06
-4.947215000000000033e-06
-4.939764000000000398e-06
-4.939764000000000398e-06
-4.932312999999999917e-06
-4.932312999999999917e-06
-4.932312999999999917e-06
-4.924862999999999675e-06
-4.924862999999999675e-06
-4.917412000000000040e-06
-4.917412000000000040e-06
-4.917412000000000040e-06
