5.000070000000000014e+00
4.999640000000000306e+00
4.997659999999999769e+00
4.994410000000000238e+00
4.992350000000000065e+00
4.989300000000000068e+00
4.987230000000000274e+00
4.984169999999999767e+00
4.982129999999999725e+00
4.979059999999999597e+00
4.977190000000000225e+00
4.974090000000000344e+00
4.972039999999999793e+00
4.968969999999999665e+00
4.966949999999999754e+00
4.963870000000000005e+00
4.961859999999999715e+00
4.958809999999999718e+00
4.956739999999999924e+00
4.953669999999999796e+00
4.951660000000000394e+00
4.948570000000000135e+00
4.946509999999999962e+00
4.943430000000000213e+00
4.941379999999999661e+00
4.938310000000000421e+00
4.936270000000000380e+00
4.933220000000000383e+00
4.931149999999999700e+00
4.928090000000000082e+00
4.926029999999999909e+00
4.922959999999999781e+00
4.920919999999999739e+00
4.917849999999999611e+00
4.915809999999999569e+00
4.912770000000000081e+00
4.910730000000000040e+00
4.907650000000000290e+00
4.905610000000000248e+00
4.902540000000000120e+00
4.900489999999999569e+00
4.897439999999999571e+00
4.895369999999999777e+00
4.892290000000000028e+00
4.890249999999999986e+00
4.887179999999999858e+00
4.885150000000000325e+00
4.882069999999999688e+00
4.880020000000000024e+00
4.876949999999999896e+00
4.874900000000000233e+00
4.871830000000000105e+00
4.869810000000000194e+00
4.866749999999999687e+00
4.864709999999999646e+00
4.861629999999999896e+00
4.859580000000000233e+00
4.856519999999999726e+00
4.854490000000000194e+00
4.851580000000000226e+00
4.849520000000000053e+00
4.846460000000000434e+00
4.844409999999999883e+00
4.841350000000000264e+00
4.839330000000000354e+00
4.836249999999999716e+00
4.834200000000000053e+00
4.831140000000000434e+00
4.829060000000000130e+00
4.826010000000000133e+00
4.823949999999999960e+00
4.820890000000000342e+00
4.818859999999999921e+00
4.815820000000000434e+00
4.813760000000000261e+00
4.810699999999999754e+00
4.808659999999999712e+00
4.805559999999999832e+00
4.803530000000000300e+00
4.800480000000000302e+00
4.798409999999999620e+00
4.795340000000000380e+00
4.793300000000000338e+00
4.790219999999999700e+00
4.788199999999999790e+00
4.785120000000000040e+00
4.783070000000000377e+00
4.779980000000000118e+00
4.777919999999999945e+00
4.774869999999999948e+00
4.772820000000000285e+00
4.769779999999999909e+00
4.767750000000000377e+00
4.764689999999999870e+00
4.762640000000000207e+00
4.759590000000000209e+00
4.757520000000000415e+00
4.754430000000000156e+00
4.752399999999999736e+00
4.749349999999999739e+00
4.747279999999999944e+00
4.744209999999999816e+00
4.742160000000000153e+00
4.739099999999999646e+00
4.737219999999999764e+00
4.734160000000000146e+00
4.732070000000000221e+00
4.729029999999999845e+00
4.726960000000000051e+00
4.723910000000000053e+00
4.721860000000000390e+00
4.718840000000000146e+00
4.716800000000000104e+00
4.713720000000000354e+00
4.711689999999999934e+00
4.708590000000000053e+00
4.706559999999999633e+00
4.703490000000000393e+00
4.701419999999999710e+00
4.698369999999999713e+00
4.696320000000000050e+00
4.693249999999999922e+00
4.691189999999999749e+00
4.688130000000000130e+00
4.686079999999999579e+00
4.682999999999999829e+00
4.680979999999999919e+00
4.677880000000000038e+00
4.675830000000000375e+00
4.672789999999999999e+00
4.670779999999999710e+00
4.667740000000000222e+00
4.665659999999999918e+00
4.662600000000000300e+00
4.660529999999999617e+00
4.657449999999999868e+00
4.655420000000000336e+00
4.652339999999999698e+00
4.650299999999999656e+00
4.647219999999999906e+00
4.645179999999999865e+00
4.642109999999999737e+00
4.640080000000000204e+00
4.637030000000000207e+00
4.634960000000000413e+00
4.631890000000000285e+00
4.629839999999999733e+00
4.626750000000000362e+00
4.624740000000000073e+00
4.621699999999999697e+00
4.619650000000000034e+00
4.616749999999999687e+00
4.614700000000000024e+00
4.611620000000000275e+00
4.609569999999999723e+00
4.606510000000000105e+00
4.604460000000000441e+00
4.601399999999999935e+00
4.599330000000000140e+00
4.596260000000000012e+00
4.594210000000000349e+00
4.591160000000000352e+00
4.589120000000000310e+00
4.586039999999999672e+00
4.583990000000000009e+00
4.580899999999999750e+00
4.578859999999999708e+00
4.575820000000000221e+00
4.573789999999999800e+00
4.570739999999999803e+00
4.568670000000000009e+00
4.565610000000000390e+00
4.563539999999999708e+00
4.560469999999999580e+00
4.558449999999999669e+00
4.555369999999999919e+00
4.553320000000000256e+00
4.550239999999999618e+00
4.548199999999999577e+00
4.545119999999999827e+00
4.543090000000000295e+00
4.540029999999999788e+00
4.537950000000000372e+00
4.534900000000000375e+00
4.532840000000000202e+00
4.529770000000000074e+00
4.527750000000000163e+00
4.524700000000000166e+00
4.522689999999999877e+00
4.519580000000000375e+00
4.517540000000000333e+00
4.514450000000000074e+00
4.512419999999999654e+00
4.509360000000000035e+00
4.507319999999999993e+00
4.504410000000000025e+00
4.502349999999999852e+00
4.499279999999999724e+00
4.497239999999999682e+00
4.494180000000000064e+00
4.492140000000000022e+00
4.489040000000000141e+00
4.486989999999999590e+00
4.483909999999999840e+00
4.481880000000000308e+00
4.478850000000000442e+00
4.476840000000000153e+00
4.473760000000000403e+00
4.471689999999999721e+00
4.468630000000000102e+00
4.466540000000000177e+00
4.463510000000000311e+00
4.461470000000000269e+00
4.458389999999999631e+00
4.456330000000000346e+00
4.453269999999999840e+00
4.451220000000000176e+00
4.448159999999999670e+00
4.446119999999999628e+00
4.443039999999999878e+00
4.440999999999999837e+00
4.437929999999999708e+00
4.435870000000000424e+00
4.432820000000000427e+00
4.430790000000000006e+00
4.427740000000000009e+00
4.425709999999999589e+00
4.422609999999999708e+00
4.420580000000000176e+00
4.417480000000000295e+00
4.415429999999999744e+00
4.412370000000000125e+00
4.410330000000000084e+00
4.407259999999999955e+00
4.405210000000000292e+00
4.402149999999999785e+00
4.400100000000000122e+00
4.397029999999999994e+00
4.394989999999999952e+00
4.391910000000000203e+00
4.389870000000000161e+00
4.386960000000000193e+00
4.384909999999999641e+00
4.381879999999999775e+00
4.379870000000000374e+00
4.376769999999999605e+00
4.374729999999999563e+00
4.371660000000000323e+00
4.369580000000000020e+00
4.366539999999999644e+00
4.364480000000000359e+00
4.361419999999999852e+00
4.359370000000000189e+00
4.356300000000000061e+00
4.354269999999999641e+00
4.351189999999999891e+00
4.349140000000000228e+00
4.346029999999999838e+00
4.344009999999999927e+00
4.340950000000000308e+00
4.338890000000000136e+00
4.335829999999999629e+00
4.333800000000000097e+00
4.330750000000000099e+00
4.328719999999999679e+00
4.325650000000000439e+00
4.323599999999999888e+00
4.320509999999999629e+00
4.318469999999999587e+00
4.315369999999999706e+00
4.313349999999999795e+00
4.310270000000000046e+00
4.308220000000000383e+00
4.305180000000000007e+00
4.303110000000000213e+00
4.300040000000000084e+00
4.298000000000000043e+00
4.294909999999999783e+00
4.292880000000000251e+00
4.289810000000000123e+00
4.287759999999999572e+00
4.284720000000000084e+00
4.282689999999999664e+00
4.279620000000000424e+00
4.277590000000000003e+00
4.274689999999999657e+00
4.272619999999999862e+00
4.269549999999999734e+00
4.267500000000000071e+00
4.264409999999999812e+00
4.262389999999999901e+00
4.259299999999999642e+00
4.257259999999999600e+00
4.254190000000000360e+00
4.252139999999999809e+00
4.249050000000000438e+00
4.247010000000000396e+00
4.243949999999999889e+00
4.241909999999999847e+00
4.238830000000000098e+00
4.236819999999999808e+00
4.233749999999999680e+00
4.231720000000000148e+00
4.228650000000000020e+00
4.226600000000000357e+00
4.223530000000000229e+00
4.221470000000000056e+00
4.218390000000000306e+00
4.216359999999999886e+00
4.213280000000000136e+00
4.211229999999999585e+00
4.208179999999999588e+00
4.206109999999999793e+00
4.203050000000000175e+00
4.200999999999999623e+00
4.197930000000000383e+00
4.195909999999999584e+00
4.192840000000000344e+00
4.190780000000000172e+00
4.187730000000000175e+00
4.185690000000000133e+00
4.182620000000000005e+00
4.180570000000000341e+00
4.177539999999999587e+00
4.175449999999999662e+00
4.172380000000000422e+00
4.170320000000000249e+00
4.167250000000000121e+00
4.165230000000000210e+00
4.162160000000000082e+00
4.160280000000000200e+00
4.157199999999999562e+00
4.155149999999999899e+00
4.152059999999999640e+00
4.150030000000000108e+00
4.146989999999999732e+00
4.144929999999999559e+00
4.141849999999999810e+00
4.139829999999999899e+00
4.136770000000000280e+00
4.134739999999999860e+00
4.131669999999999732e+00
4.129629999999999690e+00
4.126540000000000319e+00
4.124480000000000146e+00
4.121400000000000396e+00
4.119360000000000355e+00
4.116290000000000227e+00
4.114270000000000316e+00
4.111209999999999809e+00
4.109130000000000393e+00
4.106060000000000265e+00
4.104000000000000092e+00
4.100950000000000095e+00
4.098910000000000053e+00
4.095850000000000435e+00
4.093770000000000131e+00
4.090749999999999886e+00
4.088700000000000223e+00
4.085630000000000095e+00
4.083610000000000184e+00
4.080530000000000435e+00
4.078450000000000131e+00
4.075389999999999624e+00
4.073339999999999961e+00
4.070280000000000342e+00
4.068240000000000300e+00
4.065199999999999925e+00
4.063150000000000261e+00
4.060069999999999624e+00
4.058029999999999582e+00
4.054929999999999701e+00
4.052900000000000169e+00
4.049820000000000420e+00
4.047780000000000378e+00
4.044710000000000250e+00
4.042699999999999960e+00
4.039810000000000123e+00
4.037770000000000081e+00
4.034699999999999953e+00
4.032670000000000421e+00
4.029569999999999652e+00
4.027519999999999989e+00
4.024449999999999861e+00
4.022389999999999688e+00
4.019319999999999560e+00
4.017290000000000028e+00
4.014240000000000030e+00
4.012159999999999727e+00
4.009100000000000108e+00
4.007039999999999935e+00
4.003980000000000317e+00
4.001949999999999896e+00
3.998860000000000081e+00
3.996799999999999908e+00
3.993790000000000173e+00
3.991750000000000131e+00
3.988690000000000069e+00
3.986660000000000093e+00
3.983569999999999833e+00
3.981500000000000039e+00
3.978450000000000042e+00
3.976370000000000182e+00
3.973310000000000120e+00
3.971260000000000012e+00
3.968189999999999884e+00
3.966149999999999842e+00
3.963080000000000158e+00
3.961040000000000116e+00
3.957959999999999923e+00
3.955919999999999881e+00
3.952840000000000131e+00
3.950800000000000090e+00
3.947740000000000027e+00
3.945710000000000051e+00
3.942680000000000184e+00
3.940609999999999946e+00
3.937549999999999883e+00
3.935500000000000220e+00
3.932430000000000092e+00
3.930369999999999919e+00
3.927459999999999951e+00
3.925419999999999909e+00
3.922340000000000160e+00
3.920300000000000118e+00
3.917250000000000121e+00
3.915189999999999948e+00
3.912129999999999885e+00
3.910060000000000091e+00
3.906989999999999963e+00
3.904959999999999987e+00
3.901879999999999793e+00
3.899820000000000064e+00
3.896799999999999820e+00
3.894760000000000222e+00
3.891680000000000028e+00
3.889639999999999986e+00
3.886540000000000106e+00
3.884500000000000064e+00
3.881440000000000001e+00
3.879389999999999894e+00
3.876339999999999897e+00
3.874270000000000103e+00
3.871189999999999909e+00
3.869169999999999998e+00
3.866099999999999870e+00
3.864050000000000207e+00
3.860980000000000079e+00
3.858919999999999906e+00
3.855840000000000156e+00
3.853800000000000114e+00
3.850750000000000117e+00
3.848739999999999828e+00
3.845670000000000144e+00
3.843620000000000037e+00
3.840549999999999908e+00
3.838509999999999867e+00
3.835420000000000051e+00
3.833390000000000075e+00
3.830309999999999881e+00
3.828269999999999840e+00
3.825169999999999959e+00
3.823139999999999983e+00
3.820079999999999920e+00
3.818029999999999813e+00
3.814979999999999816e+00
3.813060000000000116e+00
3.810010000000000119e+00
3.807949999999999946e+00
3.804879999999999818e+00
3.802859999999999907e+00
3.799830000000000041e+00
3.797779999999999934e+00
3.794700000000000184e+00
3.792650000000000077e+00
3.789579999999999949e+00
3.787539999999999907e+00
3.784479999999999844e+00
3.782420000000000115e+00
3.779349999999999987e+00
3.777280000000000193e+00
3.774230000000000196e+00
3.772190000000000154e+00
3.769120000000000026e+00
3.767090000000000050e+00
3.763990000000000169e+00
3.761940000000000062e+00
3.758869999999999933e+00
3.756839999999999957e+00
3.753779999999999895e+00
3.751759999999999984e+00
3.748689999999999856e+00
3.746640000000000192e+00
3.743570000000000064e+00
3.741519999999999957e+00
3.738449999999999829e+00
3.736419999999999852e+00
3.733340000000000103e+00
3.731279999999999930e+00
3.728200000000000180e+00
3.726170000000000204e+00
3.723090000000000011e+00
3.721070000000000100e+00
3.717989999999999906e+00
3.715910000000000046e+00
3.712860000000000049e+00
3.710799999999999876e+00
3.707739999999999814e+00
3.705709999999999837e+00
3.702679999999999971e+00
3.700629999999999864e+00
3.697719999999999896e+00
3.695669999999999789e+00
3.692579999999999973e+00
3.690549999999999997e+00
3.687500000000000000e+00
3.685420000000000140e+00
3.682350000000000012e+00
3.680309999999999970e+00
3.677270000000000039e+00
3.675229999999999997e+00
3.672159999999999869e+00
3.670110000000000205e+00
3.667019999999999946e+00
3.664969999999999839e+00
3.661910000000000220e+00
3.659860000000000113e+00
3.656820000000000181e+00
3.654799999999999827e+00
3.651740000000000208e+00
3.649669999999999970e+00
3.646609999999999907e+00
3.644550000000000178e+00
3.641469999999999985e+00
3.639450000000000074e+00
3.636359999999999815e+00
3.634320000000000217e+00
3.631240000000000023e+00
3.629199999999999982e+00
3.626129999999999853e+00
3.624109999999999943e+00
3.621030000000000193e+00
3.618939999999999824e+00
3.615889999999999826e+00
3.613830000000000098e+00
3.610770000000000035e+00
3.608729999999999993e+00
3.605710000000000193e+00
3.603660000000000085e+00
3.600600000000000023e+00
3.598539999999999850e+00
3.595460000000000100e+00
3.593440000000000190e+00
3.590339999999999865e+00
3.588290000000000202e+00
3.585220000000000073e+00
3.583330000000000126e+00
3.580280000000000129e+00
3.578240000000000087e+00
3.575169999999999959e+00
3.573129999999999917e+00
3.570040000000000102e+00
3.568000000000000060e+00
3.564909999999999801e+00
3.562889999999999890e+00
3.559820000000000206e+00
3.557799999999999851e+00
3.554759999999999920e+00
3.552690000000000126e+00
3.549640000000000128e+00
3.547569999999999890e+00
3.544500000000000206e+00
3.542469999999999786e+00
3.539390000000000036e+00
3.537329999999999863e+00
3.534250000000000114e+00
3.532210000000000072e+00
3.529139999999999944e+00
3.527109999999999967e+00
3.524030000000000218e+00
3.521980000000000111e+00
3.518920000000000048e+00
3.516859999999999875e+00
3.513790000000000191e+00
3.511760000000000215e+00
3.508719999999999839e+00
3.506670000000000176e+00
3.503610000000000113e+00
3.501549999999999940e+00
3.498460000000000125e+00
3.496410000000000018e+00
3.493329999999999824e+00
3.491299999999999848e+00
3.488230000000000164e+00
3.486149999999999860e+00
3.483109999999999928e+00
3.481050000000000200e+00
3.477990000000000137e+00
3.475950000000000095e+00
3.472879999999999967e+00
3.470839999999999925e+00
3.467779999999999863e+00
3.465710000000000068e+00
3.462670000000000137e+00
3.460640000000000160e+00
3.457580000000000098e+00
3.455509999999999859e+00
3.452650000000000219e+00
3.450559999999999850e+00
3.447499999999999787e+00
3.445460000000000189e+00
3.442390000000000061e+00
3.440329999999999888e+00
3.437269999999999825e+00
3.435229999999999784e+00
3.432139999999999969e+00
3.430109999999999992e+00
3.427029999999999799e+00
3.424970000000000070e+00
3.421930000000000138e+00
3.419859999999999900e+00
3.416799999999999837e+00
3.414759999999999796e+00
3.411719999999999864e+00
3.409689999999999888e+00
3.406629999999999825e+00
3.404589999999999783e+00
3.401460000000000150e+00
3.399420000000000108e+00
3.396349999999999980e+00
3.394330000000000069e+00
3.391259999999999941e+00
3.389200000000000212e+00
3.386140000000000150e+00
3.384079999999999977e+00
3.381019999999999914e+00
3.378979999999999873e+00
3.375910000000000188e+00
3.373850000000000016e+00
3.370779999999999887e+00
3.368720000000000159e+00
3.365689999999999849e+00
3.363669999999999938e+00
3.360599999999999810e+00
3.358560000000000212e+00
3.355490000000000084e+00
3.353419999999999845e+00
3.350350000000000161e+00
3.348300000000000054e+00
3.345229999999999926e+00
3.343189999999999884e+00
3.340110000000000134e+00
3.338229999999999809e+00
3.335170000000000190e+00
3.333120000000000083e+00
3.330039999999999889e+00
3.327989999999999782e+00
3.324939999999999785e+00
3.322869999999999990e+00
3.319809999999999928e+00
3.317769999999999886e+00
3.314729999999999954e+00
3.312720000000000109e+00
3.309639999999999915e+00
3.307580000000000187e+00
3.304479999999999862e+00
3.302439999999999820e+00
3.299360000000000070e+00
3.297330000000000094e+00
3.294259999999999966e+00
3.292199999999999793e+00
3.289149999999999796e+00
3.287100000000000133e+00
3.284040000000000070e+00
3.282020000000000159e+00
3.278939999999999966e+00
3.276899999999999924e+00
3.273810000000000109e+00
3.271749999999999936e+00
3.268720000000000070e+00
3.266690000000000094e+00
3.263640000000000096e+00
3.261579999999999924e+00
3.258519999999999861e+00
3.256429999999999936e+00
3.253390000000000004e+00
3.251329999999999831e+00
3.248260000000000147e+00
3.246230000000000171e+00
3.243139999999999912e+00
3.241099999999999870e+00
3.238039999999999807e+00
3.235990000000000144e+00
3.232899999999999885e+00
3.230879999999999974e+00
3.227799999999999780e+00
3.225740000000000052e+00
3.222840000000000149e+00
3.220810000000000173e+00
3.217779999999999863e+00
3.215749999999999886e+00
3.212670000000000137e+00
3.210609999999999964e+00
3.207530000000000214e+00
3.205480000000000107e+00
3.202399999999999913e+00
3.200369999999999937e+00
3.197280000000000122e+00
3.195219999999999949e+00
3.192180000000000017e+00
3.190129999999999910e+00
3.187079999999999913e+00
3.185010000000000119e+00
3.181939999999999991e+00
3.179910000000000014e+00
3.176810000000000134e+00
3.174770000000000092e+00
3.171739999999999782e+00
3.169690000000000119e+00
3.166619999999999990e+00
3.164600000000000080e+00
3.161529999999999951e+00
3.159450000000000092e+00
3.156400000000000095e+00
3.154339999999999922e+00
3.151260000000000172e+00
3.149220000000000130e+00
3.146150000000000002e+00
3.144109999999999960e+00
3.141039999999999832e+00
3.138990000000000169e+00
3.135889999999999844e+00
3.133859999999999868e+00
3.130799999999999805e+00
3.128740000000000077e+00
3.125669999999999948e+00
3.123660000000000103e+00
3.120610000000000106e+00
3.118570000000000064e+00
3.115470000000000184e+00
3.113440000000000207e+00
3.110349999999999948e+00
3.108319999999999972e+00
3.105239999999999778e+00
3.103180000000000049e+00
3.100109999999999921e+00
3.098110000000000142e+00
3.095050000000000079e+00
3.092999999999999972e+00
3.089939999999999909e+00
3.088039999999999896e+00
3.084970000000000212e+00
3.082949999999999857e+00
3.079870000000000108e+00
3.077830000000000066e+00
3.074800000000000200e+00
3.072750000000000092e+00
3.069669999999999899e+00
3.067649999999999988e+00
3.064569999999999794e+00
3.062500000000000000e+00
3.059450000000000003e+00
3.057389999999999830e+00
3.054320000000000146e+00
3.052270000000000039e+00
3.049199999999999910e+00
3.047159999999999869e+00
3.044080000000000119e+00
3.042050000000000143e+00
3.038949999999999818e+00
3.036919999999999842e+00
3.033850000000000158e+00
3.031810000000000116e+00
3.028739999999999988e+00
3.026730000000000143e+00
3.023680000000000145e+00
3.021619999999999973e+00
3.018549999999999844e+00
3.016519999999999868e+00
3.013419999999999987e+00
3.011379999999999946e+00
3.008300000000000196e+00
3.006250000000000089e+00
3.003150000000000208e+00
3.001139999999999919e+00
2.998089999999999922e+00
2.996030000000000193e+00
2.992970000000000130e+00
2.990889999999999826e+00
2.987820000000000142e+00
2.985799999999999788e+00
2.982740000000000169e+00
2.980679999999999996e+00
2.977650000000000130e+00
2.975600000000000023e+00
2.972529999999999895e+00
2.970499999999999918e+00
2.967400000000000038e+00
2.965370000000000061e+00
2.962460000000000093e+00
2.960399999999999920e+00
2.957339999999999858e+00
2.955290000000000195e+00
2.952230000000000132e+00
2.950200000000000156e+00
2.947140000000000093e+00
2.945079999999999920e+00
2.941990000000000105e+00
2.939939999999999998e+00
2.936879999999999935e+00
2.934839999999999893e+00
2.931770000000000209e+00
2.929739999999999789e+00
2.926699999999999857e+00
2.924630000000000063e+00
2.921559999999999935e+00
2.919550000000000090e+00
2.916459999999999830e+00
2.914410000000000167e+00
2.911300000000000221e+00
2.909260000000000179e+00
2.906179999999999986e+00
2.904170000000000140e+00
2.901120000000000143e+00
2.899049999999999905e+00
2.895989999999999842e+00
2.893920000000000048e+00
2.890859999999999985e+00
2.888830000000000009e+00
2.885769999999999946e+00
2.883700000000000152e+00
2.880679999999999907e+00
2.878629999999999800e+00
2.875570000000000181e+00
2.873530000000000140e+00
2.870449999999999946e+00
2.868409999999999904e+00
2.865340000000000220e+00
2.863280000000000047e+00
2.860209999999999919e+00
2.858130000000000059e+00
2.855090000000000128e+00
2.853060000000000151e+00
2.849990000000000023e+00
2.848100000000000076e+00
2.845009999999999817e+00
2.842989999999999906e+00
2.839900000000000091e+00
2.837889999999999802e+00
2.834799999999999986e+00
2.832780000000000076e+00
2.829730000000000079e+00
2.827669999999999906e+00
2.824609999999999843e+00
2.822579999999999867e+00
2.819510000000000183e+00
2.817429999999999879e+00
2.814350000000000129e+00
2.812289999999999957e+00
2.809200000000000141e+00
2.807199999999999918e+00
2.804129999999999789e+00
2.802070000000000061e+00
2.799020000000000064e+00
2.796940000000000204e+00
2.793899999999999828e+00
2.791850000000000165e+00
2.788780000000000037e+00
2.786729999999999929e+00
2.783710000000000129e+00
2.781660000000000021e+00
2.778589999999999893e+00
2.776539999999999786e+00
2.773449999999999971e+00
2.771419999999999995e+00
2.768359999999999932e+00
2.766290000000000138e+00
2.763220000000000010e+00
2.761150000000000215e+00
2.758100000000000218e+00
2.756089999999999929e+00
2.753000000000000114e+00
2.750950000000000006e+00
2.747860000000000191e+00
2.745830000000000215e+00
2.742750000000000021e+00
2.740709999999999980e+00
2.737639999999999851e+00
2.735609999999999875e+00
2.732559999999999878e+00
2.730510000000000215e+00
2.727599999999999802e+00
2.725569999999999826e+00
2.722480000000000011e+00
2.720429999999999904e+00
2.717350000000000154e+00
2.715310000000000112e+00
2.712200000000000166e+00
2.710179999999999811e+00
2.707110000000000127e+00
2.705070000000000086e+00
2.702010000000000023e+00
2.699930000000000163e+00
2.696899999999999853e+00
2.694819999999999993e+00
2.691759999999999931e+00
2.689709999999999823e+00
2.686700000000000088e+00
2.684660000000000046e+00
2.681589999999999918e+00
2.679549999999999876e+00
2.676429999999999865e+00
2.674420000000000019e+00
2.671349999999999891e+00
2.669280000000000097e+00
2.666230000000000100e+00
2.664159999999999862e+00
2.661109999999999864e+00
2.659069999999999823e+00
2.656010000000000204e+00
2.653950000000000031e+00
2.650869999999999838e+00
2.648849999999999927e+00
2.645750000000000046e+00
2.643710000000000004e+00
2.640649999999999942e+00
2.638630000000000031e+00
2.635600000000000165e+00
2.633529999999999927e+00
2.630459999999999798e+00
2.628390000000000004e+00
2.625309999999999810e+00
2.623279999999999834e+00
2.620220000000000216e+00
2.618160000000000043e+00
2.615060000000000162e+00
2.613020000000000120e+00
2.609960000000000058e+00
2.608109999999999928e+00
2.605030000000000179e+00
2.602980000000000071e+00
2.599920000000000009e+00
2.597859999999999836e+00
2.594780000000000086e+00
2.592740000000000045e+00
2.589739999999999931e+00
2.587699999999999889e+00
2.584620000000000140e+00
2.582559999999999967e+00
2.579460000000000086e+00
2.577430000000000110e+00
2.574370000000000047e+00
2.572299999999999809e+00
2.569240000000000190e+00
2.567180000000000017e+00
2.564140000000000086e+00
2.562079999999999913e+00
2.559029999999999916e+00
2.556979999999999809e+00
2.553889999999999993e+00
2.551860000000000017e+00
2.548770000000000202e+00
2.546720000000000095e+00
2.543649999999999967e+00
2.541659999999999808e+00
2.538609999999999811e+00
2.536540000000000017e+00
2.533479999999999954e+00
2.531390000000000029e+00
2.528319999999999901e+00
2.526289999999999925e+00
2.523239999999999927e+00
2.521170000000000133e+00
2.518079999999999874e+00
2.516059999999999963e+00
2.512980000000000214e+00
2.510969999999999924e+00
2.507919999999999927e+00
2.505840000000000067e+00
2.502780000000000005e+00
2.500710000000000210e+00
2.497640000000000082e+00
2.495600000000000041e+00
2.492770000000000152e+00
2.490720000000000045e+00
2.487639999999999851e+00
2.485599999999999810e+00
2.482499999999999929e+00
2.480469999999999953e+00
2.477409999999999890e+00
2.475359999999999783e+00
2.472259999999999902e+00
2.470200000000000173e+00
2.467159999999999798e+00
2.465110000000000134e+00
2.462060000000000137e+00
2.460020000000000095e+00
2.456939999999999902e+00
2.454889999999999795e+00
2.451799999999999979e+00
2.449739999999999807e+00
2.446699999999999875e+00
2.444700000000000095e+00
2.441640000000000033e+00
2.439589999999999925e+00
2.436510000000000176e+00
2.434429999999999872e+00
2.431379999999999875e+00
2.429339999999999833e+00
2.426270000000000149e+00
2.424189999999999845e+00
2.421110000000000095e+00
2.419070000000000054e+00
2.416009999999999991e+00
2.413990000000000080e+00
2.410899999999999821e+00
2.408850000000000158e+00
2.405800000000000161e+00
2.403729999999999922e+00
2.400669999999999860e+00
2.398620000000000196e+00
2.395599999999999952e+00
2.393559999999999910e+00
2.390480000000000160e+00
2.388440000000000119e+00
2.385339999999999794e+00
2.383300000000000196e+00
2.380220000000000002e+00
2.378200000000000092e+00
2.375290000000000123e+00
2.373209999999999820e+00
2.370150000000000201e+00
2.368100000000000094e+00
2.365050000000000097e+00
2.363020000000000120e+00
2.359929999999999861e+00
2.357889999999999819e+00
2.354810000000000070e+00
2.352759999999999962e+00
2.349709999999999965e+00
2.347710000000000186e+00
2.344629999999999992e+00
2.342560000000000198e+00
2.339490000000000069e+00
2.337410000000000210e+00
2.334360000000000213e+00
2.332310000000000105e+00
2.329239999999999977e+00
2.327179999999999804e+00
2.324100000000000055e+00
2.322080000000000144e+00
2.319020000000000081e+00
2.316969999999999974e+00
2.313870000000000093e+00
2.311840000000000117e+00
2.308790000000000120e+00
2.306729999999999947e+00
2.303679999999999950e+00
2.301620000000000221e+00
2.298599999999999977e+00
2.296570000000000000e+00
2.293499999999999872e+00
2.291450000000000209e+00
2.288349999999999884e+00
2.286319999999999908e+00
2.283209999999999962e+00
2.281190000000000051e+00
2.278119999999999923e+00
2.276060000000000194e+00
2.273019999999999818e+00
2.270960000000000090e+00
2.268940000000000179e+00
2.265849999999999920e+00
2.263790000000000191e+00
2.260740000000000194e+00
2.258680000000000021e+00
2.255619999999999958e+00
2.253569999999999851e+00
2.250529999999999919e+00
2.248510000000000009e+00
2.245439999999999880e+00
2.243390000000000217e+00
2.240289999999999893e+00
2.238259999999999916e+00
2.235160000000000036e+00
2.233130000000000059e+00
2.230039999999999800e+00
2.227970000000000006e+00
2.224950000000000205e+00
2.222890000000000033e+00
2.219829999999999970e+00
2.217799999999999994e+00
2.214719999999999800e+00
2.212680000000000202e+00
2.209589999999999943e+00
2.207559999999999967e+00
2.204489999999999839e+00
2.202479999999999993e+00
2.199419999999999931e+00
2.197529999999999983e+00
2.194469999999999921e+00
2.192400000000000126e+00
2.189350000000000129e+00
2.187300000000000022e+00
2.184219999999999828e+00
2.182160000000000100e+00
2.179069999999999840e+00
2.177059999999999995e+00
2.173979999999999801e+00
2.171940000000000204e+00
2.168860000000000010e+00
2.166809999999999903e+00
2.163769999999999971e+00
2.161700000000000177e+00
2.158640000000000114e+00
2.156590000000000007e+00
2.153550000000000075e+00
2.151520000000000099e+00
2.148449999999999971e+00
2.146399999999999864e+00
2.143299999999999983e+00
2.141249999999999876e+00
2.138160000000000061e+00
2.136150000000000215e+00
2.133059999999999956e+00
2.131019999999999914e+00
2.127969999999999917e+00
2.125919999999999810e+00
2.122850000000000126e+00
2.120810000000000084e+00
2.117750000000000021e+00
2.115709999999999980e+00
2.112639999999999851e+00
2.110580000000000123e+00
2.107530000000000125e+00
2.105519999999999836e+00
2.102440000000000087e+00
2.100400000000000045e+00
2.097339999999999982e+00
2.095260000000000122e+00
2.092210000000000125e+00
2.090149999999999952e+00
2.086019999999999985e+00
2.079720000000000013e+00
2.070160000000000000e+00
2.063719999999999999e+00
2.054240000000000066e+00
2.047779999999999934e+00
2.038149999999999906e+00
2.031789999999999985e+00
2.022200000000000220e+00
2.015769999999999840e+00
2.006279999999999841e+00
1.999859999999999971e+00
1.990250000000000075e+00
1.983889999999999931e+00
1.974239999999999995e+00
1.967880000000000074e+00
1.958290000000000086e+00
1.951899999999999968e+00
1.942269999999999941e+00
1.935850000000000071e+00
1.926260000000000083e+00
1.920430000000000081e+00
1.910870000000000068e+00
1.904490000000000016e+00
1.894879999999999898e+00
1.888460000000000027e+00
1.878900000000000015e+00
1.872519999999999962e+00
1.862950000000000106e+00
1.856530000000000014e+00
1.846980000000000066e+00
1.840529999999999999e+00
1.830980000000000052e+00
1.824600000000000000e+00
1.815039999999999987e+00
1.808670000000000000e+00
1.799009999999999998e+00
1.792599999999999971e+00
1.783039999999999958e+00
1.776620000000000088e+00
1.767060000000000075e+00
1.760690000000000088e+00
1.751030000000000086e+00
1.744639999999999969e+00
1.735060000000000047e+00
1.728699999999999903e+00
1.719149999999999956e+00
1.712760000000000060e+00
1.703130000000000033e+00
1.696700000000000097e+00
1.687179999999999902e+00
1.680749999999999966e+00
1.671229999999999993e+00
1.664830000000000032e+00
1.655200000000000005e+00
1.648789999999999978e+00
1.639219999999999899e+00
1.632840000000000069e+00
1.623229999999999951e+00
1.616880000000000095e+00
1.607280000000000042e+00
1.600840000000000041e+00
1.591259999999999897e+00
1.584870000000000001e+00
1.575239999999999974e+00
1.568880000000000052e+00
1.559260000000000090e+00
1.552850000000000064e+00
1.543860000000000010e+00
1.537469999999999892e+00
1.527900000000000036e+00
1.521530000000000049e+00
1.511959999999999971e+00
1.505530000000000035e+00
1.495980000000000087e+00
1.489559999999999995e+00
1.479989999999999917e+00
1.473659999999999970e+00
1.464010000000000034e+00
1.457600000000000007e+00
1.448039999999999994e+00
1.441629999999999967e+00
1.432050000000000045e+00
1.425729999999999942e+00
1.416080000000000005e+00
1.409690000000000110e+00
1.400090000000000057e+00
1.393690000000000095e+00
1.384100000000000108e+00
1.377739999999999965e+00
1.368109999999999937e+00
1.361720000000000041e+00
1.352130000000000054e+00
1.345739999999999936e+00
1.336200000000000054e+00
1.329809999999999937e+00
1.320219999999999949e+00
1.313849999999999962e+00
1.304240000000000066e+00
1.297849999999999948e+00
1.288249999999999895e+00
1.281879999999999908e+00
1.272319999999999895e+00
1.265900000000000025e+00
1.256299999999999972e+00
1.249919999999999920e+00
1.240289999999999893e+00
1.233950000000000102e+00
1.224339999999999984e+00
1.217959999999999932e+00
1.208350000000000035e+00
1.201959999999999917e+00
1.192350000000000021e+00
1.185990000000000100e+00
1.176390000000000047e+00
1.170490000000000030e+00
1.160900000000000043e+00
1.154509999999999925e+00
1.144930000000000003e+00
1.138609999999999900e+00
1.129010000000000069e+00
1.122549999999999937e+00
1.113029999999999964e+00
1.106610000000000094e+00
1.097029999999999950e+00
1.090700000000000003e+00
1.081059999999999910e+00
1.074670000000000014e+00
1.065029999999999921e+00
1.058689999999999909e+00
1.049090000000000078e+00
1.042710000000000026e+00
1.033139999999999947e+00
1.026759999999999895e+00
1.017109999999999959e+00
1.010739999999999972e+00
1.001109999999999944e+00
9.947200000000000486e-01
9.851600000000000357e-01
9.787900000000000489e-01
9.691499999999999559e-01
9.627999999999999892e-01
9.532399999999999762e-01
9.467999999999999750e-01
9.373200000000000420e-01
9.308999999999999497e-01
9.212599999999999678e-01
9.149199999999999555e-01
9.052799999999999736e-01
8.988699999999999468e-01
8.893499999999999739e-01
8.829299999999999926e-01
8.732999999999999652e-01
8.669499999999999984e-01
8.573300000000000365e-01
8.509499999999999842e-01
8.413800000000000168e-01
8.349900000000000100e-01
8.253500000000000281e-01
8.189600000000000213e-01
8.093700000000000339e-01
8.035099999999999465e-01
7.939800000000000191e-01
7.875299999999999523e-01
7.779199999999999449e-01
7.715300000000000491e-01
7.619799999999999907e-01
7.556000000000000494e-01
7.460299999999999709e-01
7.396300000000000097e-01
7.300299999999999567e-01
7.236200000000000410e-01
7.140800000000000480e-01
7.076700000000000212e-01
6.981199999999999628e-01
6.917400000000000215e-01
6.820599999999999996e-01
6.757100000000000328e-01
6.660899999999999599e-01
6.597100000000000186e-01
6.501700000000000257e-01
6.437599999999999989e-01
6.341599999999999460e-01
6.277800000000000047e-01
6.181900000000000173e-01
6.117799999999999905e-01
6.022800000000000376e-01
5.957999999999999963e-01
5.861899999999999888e-01
5.798600000000000421e-01
5.702300000000000146e-01
5.638499999999999623e-01
5.543500000000000094e-01
5.479100000000000081e-01
5.383400000000000407e-01
5.319399999999999684e-01
5.223400000000000265e-01
5.159799999999999942e-01
5.063900000000000068e-01
4.999799999999999800e-01
4.903500000000000081e-01
4.839399999999999813e-01
4.743499999999999939e-01
4.680000000000000271e-01
4.584400000000000142e-01
4.520399999999999974e-01
4.424600000000000199e-01
4.359999999999999987e-01
4.264600000000000057e-01
4.205599999999999894e-01
4.109900000000000220e-01
4.046199999999999797e-01
3.950000000000000178e-01
3.885199999999999765e-01
3.790299999999999780e-01
3.726099999999999968e-01
3.630999999999999783e-01
3.567500000000000115e-01
3.470799999999999996e-01
3.406899999999999928e-01
3.311000000000000054e-01
3.246899999999999786e-01
3.151499999999999857e-01
3.087699999999999889e-01
2.991099999999999870e-01
2.927100000000000257e-01
2.831600000000000228e-01
2.767700000000000160e-01
2.672599999999999976e-01
2.608099999999999863e-01
2.511900000000000244e-01
2.447999999999999898e-01
2.352200000000000124e-01
2.288000000000000034e-01
2.192800000000000027e-01
2.128599999999999937e-01
2.032799999999999885e-01
1.968300000000000050e-01
1.872900000000000120e-01
1.809300000000000075e-01
1.713200000000000001e-01
1.649599999999999955e-01
1.553700000000000081e-01
1.488899999999999946e-01
1.393699999999999939e-01
1.329799999999999871e-01
1.233500000000000013e-01
1.170400000000000051e-01
1.073800000000000032e-01
1.009400000000000019e-01
9.139999999999999514e-02
8.500000000000000611e-02
7.539999999999999480e-02
6.905999999999999639e-02
5.999999999999999778e-02
5.355000000000000038e-02
4.401999999999999663e-02
3.758000000000000229e-02
2.800000000000000058e-02
2.166999999999999829e-02
1.199000000000000066e-02
5.559999999999999838e-03
-3.699999999999999947e-04
-3.099999999999999999e-04
-3.299999999999999982e-04
-3.200000000000000262e-04
-3.299999999999999982e-04
-3.400000000000000244e-04
-3.299999999999999982e-04
-3.299999999999999982e-04
-3.299999999999999982e-04
-3.299999999999999982e-04
-3.299999999999999982e-04
-3.400000000000000244e-04
-3.400000000000000244e-04
-3.400000000000000244e-04
-3.400000000000000244e-04
-3.400000000000000244e-04
-3.400000000000000244e-04
-3.400000000000000244e-04
-3.400000000000000244e-04
-3.400000000000000244e-04
-3.400000000000000244e-04
-3.400000000000000244e-04
-3.400000000000000244e-04
-3.400000000000000244e-04
-3.400000000000000244e-04
-3.400000000000000244e-04
-3.499999999999999964e-04
-3.499999999999999964e-04
-3.499999999999999964e-04
-3.499999999999999964e-04
-3.499999999999999964e-04
-3.499999999999999964e-04
-3.499999999999999964e-04
-3.499999999999999964e-04
-3.499999999999999964e-04
-3.499999999999999964e-04
-3.499999999999999964e-04
-3.499999999999999964e-04
-3.499999999999999964e-04
-3.499999999999999964e-04
-3.499999999999999964e-04
-3.499999999999999964e-04
-3.499999999999999964e-04
-3.499999999999999964e-04
-3.499999999999999964e-04
-3.499999999999999964e-04
-3.499999999999999964e-04
-3.499999999999999964e-04
-3.499999999999999964e-04
-3.499999999999999964e-04
-3.499999999999999964e-04
-3.499999999999999964e-04
-3.499999999999999964e-04
-3.499999999999999964e-04
-3.499999999999999964e-04
-3.499999999999999964e-04
-3.499999999999999964e-04
-3.499999999999999964e-04
-3.499999999999999964e-04
-3.499999999999999964e-04
-3.499999999999999964e-04
-3.499999999999999964e-04
-3.499999999999999964e-04
-3.499999999999999964e-04
-3.499999999999999964e-04
-3.499999999999999964e-04
-3.499999999999999964e-04
-3.499999999999999964e-04
-3.499999999999999964e-04
-3.499999999999999964e-04
-3.499999999999999964e-04
-3.499999999999999964e-04
-3.499999999999999964e-04
-3.499999999999999964e-04
-3.499999999999999964e-04
-3.499999999999999964e-04
-3.499999999999999964e-04
-3.499999999999999964e-04
-3.499999999999999964e-04
-3.499999999999999964e-04
-3.499999999999999964e-04
-3.499999999999999964e-04
-3.499999999999999964e-04
-3.499999999999999964e-04
-3.499999999999999964e-04
-3.499999999999999964e-04
-3.499999999999999964e-04
-3.499999999999999964e-04
-3.499999999999999964e-04
-3.499999999999999964e-04
-3.499999999999999964e-04
-3.499999999999999964e-04
-3.499999999999999964e-04
-3.499999999999999964e-04
-3.499999999999999964e-04
-3.499999999999999964e-04
-3.499999999999999964e-04
-3.499999999999999964e-04
-3.499999999999999964e-04
-3.499999999999999964e-04
-3.499999999999999964e-04
-3.499999999999999964e-04
-3.499999999999999964e-04
-3.499999999999999964e-04
-3.499999999999999964e-04
-3.499999999999999964e-04
-3.499999999999999964e-04
-3.499999999999999964e-04
-3.499999999999999964e-04
-3.499999999999999964e-04
-3.499999999999999964e-04
-3.499999999999999964e-04
-3.499999999999999964e-04
-3.499999999999999964e-04
-3.499999999999999964e-04
-3.499999999999999964e-04
-3.499999999999999964e-04
-3.499999999999999964e-04
-3.600000000000000227e-04
-3.600000000000000227e-04
-3.600000000000000227e-04
-3.600000000000000227e-04
-3.499999999999999964e-04
-3.499999999999999964e-04
-3.499999999999999964e-04
-3.499999999999999964e-04
-3.499999999999999964e-04
-3.499999999999999964e-04
-3.499999999999999964e-04
-3.499999999999999964e-04
-3.499999999999999964e-04
-3.499999999999999964e-04
-3.499999999999999964e-04
-3.499999999999999964e-04
-3.499999999999999964e-04
-3.499999999999999964e-04
-3.499999999999999964e-04
-3.499999999999999964e-04
-3.499999999999999964e-04
-3.499999999999999964e-04
-3.499999999999999964e-04
-3.499999999999999964e-04
-3.499999999999999964e-04
-3.499999999999999964e-04
-3.499999999999999964e-04
-3.499999999999999964e-04
-3.499999999999999964e-04
-3.499999999999999964e-04
-3.499999999999999964e-04
-3.499999999999999964e-04
-3.499999999999999964e-04
-3.499999999999999964e-04
-3.499999999999999964e-04
-3.499999999999999964e-04
-3.499999999999999964e-04
-3.499999999999999964e-04
-3.499999999999999964e-04
-3.499999999999999964e-04
-3.499999999999999964e-04
-3.499999999999999964e-04
-3.499999999999999964e-04
-3.499999999999999964e-04
-3.499999999999999964e-04
-3.499999999999999964e-04
-3.499999999999999964e-04
-3.499999999999999964e-04
-3.499999999999999964e-04
-3.499999999999999964e-04
-3.499999999999999964e-04
-3.499999999999999964e-04
-3.499999999999999964e-04
-3.499999999999999964e-04
-3.499999999999999964e-04
-3.499999999999999964e-04
-3.499999999999999964e-04
-3.499999999999999964e-04
-3.499999999999999964e-04
-3.499999999999999964e-04
-3.499999999999999964e-04
-3.499999999999999964e-04
-3.499999999999999964e-04
-3.499999999999999964e-04
-3.499999999999999964e-04
-3.600000000000000227e-04
-3.499999999999999964e-04
-3.600000000000000227e-04
-3.600000000000000227e-04
-3.600000000000000227e-04
-3.499999999999999964e-04
-3.499999999999999964e-04
-3.600000000000000227e-04
-3.600000000000000227e-04
-3.499999999999999964e-04
-3.499999999999999964e-04
-3.499999999999999964e-04
-3.499999999999999964e-04
-3.499999999999999964e-04
-3.499999999999999964e-04
-3.499999999999999964e-04
-3.600000000000000227e-04
-3.600000000000000227e-04
-3.600000000000000227e-04
-3.600000000000000227e-04
-3.600000000000000227e-04
-3.600000000000000227e-04
-3.600000000000000227e-04
-3.499999999999999964e-04
-3.499999999999999964e-04
-3.499999999999999964e-04
-3.499999999999999964e-04
-3.600000000000000227e-04
-3.600000000000000227e-04
-3.600000000000000227e-04
-3.600000000000000227e-04
-3.600000000000000227e-04
-3.600000000000000227e-04
-3.600000000000000227e-04
-3.600000000000000227e-04
-3.499999999999999964e-04
-3.499999999999999964e-04
-3.499999999999999964e-04
-3.499999999999999964e-04
-3.499999999999999964e-04
-3.499999999999999964e-04
-3.499999999999999964e-04
-3.499999999999999964e-04
-3.499999999999999964e-04
-3.600000000000000227e-04
-3.600000000000000227e-04
-3.499999999999999964e-04
-3.600000000000000227e-04
-3.600000000000000227e-04
-3.600000000000000227e-04
-3.499999999999999964e-04
-3.499999999999999964e-04
-3.600000000000000227e-04
-3.600000000000000227e-04
-3.600000000000000227e-04
-3.600000000000000227e-04
-3.600000000000000227e-04
-3.600000000000000227e-04
-3.499999999999999964e-04
-3.499999999999999964e-04
-3.499999999999999964e-04
-3.499999999999999964e-04
-3.600000000000000227e-04
-3.600000000000000227e-04
-3.600000000000000227e-04
-3.600000000000000227e-04
-3.600000000000000227e-04
-3.600000000000000227e-04
-3.600000000000000227e-04
-3.600000000000000227e-04
-3.499999999999999964e-04
-3.499999999999999964e-04
-3.499999999999999964e-04
-3.499999999999999964e-04
-3.499999999999999964e-04
-3.600000000000000227e-04
-3.499999999999999964e-04
-3.600000000000000227e-04
-3.600000000000000227e-04
-3.600000000000000227e-04
-3.499999999999999964e-04
-3.499999999999999964e-04
-3.600000000000000227e-04
-3.600000000000000227e-04
-3.600000000000000227e-04
-3.499999999999999964e-04
-3.600000000000000227e-04
-3.600000000000000227e-04
-3.600000000000000227e-04
-3.600000000000000227e-04
-3.600000000000000227e-04
-3.600000000000000227e-04
-3.600000000000000227e-04
-3.600000000000000227e-04
-3.600000000000000227e-04
-3.600000000000000227e-04
-3.600000000000000227e-04
-3.600000000000000227e-04
-3.600000000000000227e-04
-3.499999999999999964e-04
-3.499999999999999964e-04
-3.600000000000000227e-04
-3.600000000000000227e-04
-3.600000000000000227e-04
-3.600000000000000227e-04
-3.600000000000000227e-04
-3.600000000000000227e-04
-3.600000000000000227e-04
-3.600000000000000227e-04
-3.600000000000000227e-04
-3.600000000000000227e-04
-3.600000000000000227e-04
-3.600000000000000227e-04
-3.600000000000000227e-04
-3.600000000000000227e-04
-3.600000000000000227e-04
-3.600000000000000227e-04
-3.600000000000000227e-04
-3.600000000000000227e-04
-3.600000000000000227e-04
-3.600000000000000227e-04
-3.600000000000000227e-04
-3.600000000000000227e-04
-3.600000000000000227e-04
-3.600000000000000227e-04
-3.499999999999999964e-04
-3.600000000000000227e-04
-3.600000000000000227e-04
-3.499999999999999964e-04
-3.499999999999999964e-04
-3.499999999999999964e-04
-3.600000000000000227e-04
-3.600000000000000227e-04
-3.600000000000000227e-04
-3.499999999999999964e-04
-3.600000000000000227e-04
-3.600000000000000227e-04
-3.600000000000000227e-04
-3.499999999999999964e-04
-3.499999999999999964e-04
-3.600000000000000227e-04
-3.499999999999999964e-04
-3.499999999999999964e-04
-3.499999999999999964e-04
-3.499999999999999964e-04
-3.600000000000000227e-04
-3.600000000000000227e-04
-3.600000000000000227e-04
-3.600000000000000227e-04
-3.600000000000000227e-04
-3.600000000000000227e-04
-3.600000000000000227e-04
-3.600000000000000227e-04
-3.600000000000000227e-04
-3.600000000000000227e-04
-3.600000000000000227e-04
-3.600000000000000227e-04
-3.600000000000000227e-04
-3.600000000000000227e-04
-3.600000000000000227e-04
-3.600000000000000227e-04
-3.600000000000000227e-04
-3.600000000000000227e-04
-3.600000000000000227e-04
-3.600000000000000227e-04
-3.600000000000000227e-04
-3.600000000000000227e-04
-3.600000000000000227e-04
-3.600000000000000227e-04
-3.600000000000000227e-04
-3.600000000000000227e-04
-3.600000000000000227e-04
-3.600000000000000227e-04
-3.600000000000000227e-04
-3.600000000000000227e-04
-3.600000000000000227e-04
-3.600000000000000227e-04
-3.600000000000000227e-04
-3.600000000000000227e-04
-3.600000000000000227e-04
-3.600000000000000227e-04
-3.600000000000000227e-04
-3.600000000000000227e-04
-3.600000000000000227e-04
-3.600000000000000227e-04
-3.600000000000000227e-04
-3.600000000000000227e-04
-3.600000000000000227e-04
-3.600000000000000227e-04
-3.600000000000000227e-04
-3.600000000000000227e-04
-3.600000000000000227e-04
-3.600000000000000227e-04
-3.600000000000000227e-04
-3.600000000000000227e-04
-3.600000000000000227e-04
-3.600000000000000227e-04
-3.600000000000000227e-04
-3.600000000000000227e-04
-3.600000000000000227e-04
-3.600000000000000227e-04
-3.600000000000000227e-04
-3.600000000000000227e-04
-3.600000000000000227e-04
-3.600000000000000227e-04
-3.600000000000000227e-04
-3.600000000000000227e-04
-3.600000000000000227e-04
-3.600000000000000227e-04
-3.600000000000000227e-04
-3.600000000000000227e-04
-3.600000000000000227e-04
-3.600000000000000227e-04
-3.600000000000000227e-04
-3.600000000000000227e-04
-3.600000000000000227e-04
-3.600000000000000227e-04
-3.600000000000000227e-04
-3.600000000000000227e-04
-3.600000000000000227e-04
-3.600000000000000227e-04
-3.600000000000000227e-04
-3.600000000000000227e-04
-3.600000000000000227e-04
-3.600000000000000227e-04
-3.600000000000000227e-04
-3.600000000000000227e-04
-3.600000000000000227e-04
-3.600000000000000227e-04
-3.600000000000000227e-04
-3.600000000000000227e-04
-3.600000000000000227e-04
-3.600000000000000227e-04
-3.600000000000000227e-04
-3.600000000000000227e-04
-3.600000000000000227e-04
-3.600000000000000227e-04
-3.600000000000000227e-04
-3.600000000000000227e-04
-3.600000000000000227e-04
-3.600000000000000227e-04
-3.600000000000000227e-04
-3.600000000000000227e-04
-3.600000000000000227e-04
-3.600000000000000227e-04
-3.600000000000000227e-04
-3.600000000000000227e-04
-3.600000000000000227e-04
-3.600000000000000227e-04
-3.600000000000000227e-04
-3.600000000000000227e-04
-3.600000000000000227e-04
-3.600000000000000227e-04
-3.600000000000000227e-04
-3.600000000000000227e-04
-3.600000000000000227e-04
-3.600000000000000227e-04
-3.600000000000000227e-04
-3.600000000000000227e-04
-3.600000000000000227e-04
-3.600000000000000227e-04
-3.600000000000000227e-04
-3.600000000000000227e-04
-3.600000000000000227e-04
-3.600000000000000227e-04
-3.600000000000000227e-04
-3.600000000000000227e-04
-3.600000000000000227e-04
-3.600000000000000227e-04
-3.600000000000000227e-04
-3.600000000000000227e-04
-3.600000000000000227e-04
-3.600000000000000227e-04
-3.600000000000000227e-04
-3.600000000000000227e-04
-3.600000000000000227e-04
-3.600000000000000227e-04
-3.600000000000000227e-04
-3.600000000000000227e-04
-3.600000000000000227e-04
-3.600000000000000227e-04
-3.600000000000000227e-04
-3.600000000000000227e-04
-3.600000000000000227e-04
-3.600000000000000227e-04
-3.600000000000000227e-04
-3.600000000000000227e-04
-3.600000000000000227e-04
-3.600000000000000227e-04
-3.600000000000000227e-04
-3.600000000000000227e-04
-3.600000000000000227e-04
-3.600000000000000227e-04
-3.600000000000000227e-04
-3.600000000000000227e-04
-3.600000000000000227e-04
-3.600000000000000227e-04
-3.600000000000000227e-04
-3.600000000000000227e-04
-3.600000000000000227e-04
-3.600000000000000227e-04
-3.600000000000000227e-04
-3.600000000000000227e-04
-3.600000000000000227e-04
-3.499999999999999964e-04
-3.600000000000000227e-04
-3.600000000000000227e-04
-3.600000000000000227e-04
-3.600000000000000227e-04
-3.600000000000000227e-04
-3.600000000000000227e-04
-3.600000000000000227e-04
-3.600000000000000227e-04
-3.600000000000000227e-04
-3.600000000000000227e-04
-3.600000000000000227e-04
-3.600000000000000227e-04
-3.600000000000000227e-04
-3.600000000000000227e-04
-3.600000000000000227e-04
-3.600000000000000227e-04
-3.600000000000000227e-04
-3.600000000000000227e-04
-3.600000000000000227e-04
-3.600000000000000227e-04
-3.600000000000000227e-04
-3.600000000000000227e-04
-3.600000000000000227e-04
-3.600000000000000227e-04
-3.600000000000000227e-04
-3.600000000000000227e-04
-3.600000000000000227e-04
-3.600000000000000227e-04
-3.600000000000000227e-04
-3.600000000000000227e-04
-3.600000000000000227e-04
-3.600000000000000227e-04
-3.600000000000000227e-04
-3.600000000000000227e-04
-3.600000000000000227e-04
-3.600000000000000227e-04
-3.600000000000000227e-04
-3.600000000000000227e-04
-3.600000000000000227e-04
-3.600000000000000227e-04
-3.600000000000000227e-04
-3.600000000000000227e-04
-3.600000000000000227e-04
-3.600000000000000227e-04
-3.600000000000000227e-04
-3.600000000000000227e-04
-3.600000000000000227e-04
-3.600000000000000227e-04
-3.600000000000000227e-04
-3.600000000000000227e-04
-3.600000000000000227e-04
-3.600000000000000227e-04
-3.600000000000000227e-04
-3.600000000000000227e-04
-3.600000000000000227e-04
-3.600000000000000227e-04
-3.600000000000000227e-04
-3.600000000000000227e-04
-3.600000000000000227e-04
-3.600000000000000227e-04
-3.600000000000000227e-04
-3.600000000000000227e-04
-3.600000000000000227e-04
-3.600000000000000227e-04
-3.600000000000000227e-04
-3.600000000000000227e-04
-3.600000000000000227e-04
-3.600000000000000227e-04
-3.600000000000000227e-04
-3.600000000000000227e-04
-3.600000000000000227e-04
-3.600000000000000227e-04
-3.600000000000000227e-04
-3.600000000000000227e-04
-3.600000000000000227e-04
-3.600000000000000227e-04
-3.600000000000000227e-04
-3.600000000000000227e-04
-3.600000000000000227e-04
-3.600000000000000227e-04
-3.600000000000000227e-04
-3.600000000000000227e-04
-3.600000000000000227e-04
-3.600000000000000227e-04
-3.600000000000000227e-04
-3.600000000000000227e-04
-3.600000000000000227e-04
-3.600000000000000227e-04
-3.600000000000000227e-04
-3.600000000000000227e-04
-3.600000000000000227e-04
-3.600000000000000227e-04
-3.600000000000000227e-04
-3.600000000000000227e-04
-3.600000000000000227e-04
-3.600000000000000227e-04
-3.600000000000000227e-04
-3.600000000000000227e-04
-3.600000000000000227e-04
-3.600000000000000227e-04
-3.600000000000000227e-04
-3.600000000000000227e-04
-3.600000000000000227e-04
-3.600000000000000227e-04
-3.600000000000000227e-04
-3.600000000000000227e-04
-3.499999999999999964e-04
-3.499999999999999964e-04
