5.380088000000000047e-05
5.380088000000000047e-05
5.380088000000000047e-05
5.380088000000000047e-05
5.380088000000000047e-05
5.380088000000000047e-05
5.380088000000000047e-05
5.379714999999999703e-05
5.379342000000000037e-05
5.378969999999999764e-05
5.378597000000000098e-05
5.377852000000000158e-05
5.377107000000000219e-05
5.376734999999999945e-05
5.375616999999999662e-05
5.374126999999999783e-05
5.373009000000000178e-05
5.371891999999999965e-05
5.370402000000000086e-05
5.368912000000000207e-05
5.367048999999999984e-05
5.365185999999999762e-05
5.363324000000000287e-05
5.361088999999999791e-05
5.358852999999999902e-05
5.356990999999999749e-05
5.354755999999999931e-05
5.352520000000000043e-05
5.350657999999999890e-05
5.348049999999999728e-05
5.345814999999999909e-05
5.343580000000000091e-05
5.341345000000000272e-05
5.338737000000000110e-05
5.336128999999999948e-05
5.333894000000000130e-05
5.331659000000000311e-05
5.329051000000000149e-05
5.326442999999999987e-05
5.323835999999999895e-05
5.321227999999999733e-05
5.318620000000000249e-05
5.316013000000000156e-05
5.313777000000000268e-05
5.311170000000000176e-05
5.308562000000000014e-05
5.305953999999999852e-05
5.303346999999999760e-05
5.300739000000000275e-05
5.297758999999999840e-05
5.295150999999999678e-05
5.292543000000000193e-05
5.289936000000000101e-05
5.287327999999999939e-05
5.284719999999999777e-05
5.282112000000000292e-05
5.279131999999999857e-05
5.276523999999999695e-05
5.273917000000000280e-05
5.271309000000000118e-05
5.268328999999999683e-05
5.265348999999999925e-05
5.262740999999999762e-05
5.259761000000000004e-05
5.256780000000000177e-05
5.253428000000000145e-05
5.250819999999999983e-05
5.248211999999999821e-05
5.245232000000000063e-05
5.242623999999999901e-05
5.239644000000000143e-05
5.237035999999999981e-05
5.234056000000000223e-05
5.231075999999999787e-05
5.228096000000000029e-05
5.224742999999999927e-05
5.221763000000000169e-05
5.218410000000000068e-05
5.215430000000000310e-05
5.212448999999999804e-05
5.209096999999999773e-05
5.206115999999999945e-05
5.202763999999999913e-05
5.199783000000000085e-05
5.196431000000000053e-05
5.193822999999999891e-05
5.190843000000000133e-05
5.187862999999999698e-05
5.184881999999999870e-05
5.182274999999999778e-05
5.179293999999999950e-05
5.176686999999999858e-05
5.174078999999999696e-05
5.171098999999999938e-05
5.168864000000000119e-05
5.166628000000000231e-05
5.164021000000000138e-05
5.161786000000000320e-05
5.159178000000000158e-05
5.156569999999999996e-05
5.154335000000000177e-05
5.151727000000000015e-05
5.149119999999999923e-05
5.145766999999999822e-05
5.143159000000000337e-05
5.140178999999999902e-05
5.137199000000000144e-05
5.134218000000000316e-05
5.131237999999999880e-05
5.128258000000000122e-05
5.125649999999999960e-05
5.122670000000000202e-05
5.120062000000000040e-05
5.117454999999999948e-05
5.114101999999999846e-05
5.111493999999999684e-05
5.108513999999999926e-05
5.105534000000000168e-05
5.102552999999999662e-05
5.099572999999999904e-05
5.096219999999999803e-05
5.092867999999999771e-05
5.089514999999999670e-05
5.086162000000000246e-05
5.082436999999999871e-05
5.079457000000000113e-05
5.076104000000000011e-05
5.073124000000000253e-05
5.069771000000000151e-05
5.067162999999999989e-05
5.064928000000000171e-05
5.062692999999999675e-05
5.060457999999999856e-05
5.057849999999999694e-05
5.055614999999999876e-05
5.053380000000000057e-05
5.051144000000000169e-05
5.048908999999999673e-05
5.046673999999999854e-05
5.044065999999999692e-05
5.041459000000000278e-05
5.038477999999999772e-05
5.035498000000000014e-05
5.032518000000000256e-05
5.029910000000000094e-05
5.026930000000000336e-05
5.023949999999999900e-05
5.020970000000000142e-05
5.017617000000000041e-05
5.014263999999999939e-05
5.010539000000000242e-05
5.007186000000000140e-05
5.003460999999999765e-05
5.000107999999999663e-05
4.997127999999999905e-05
4.993774999999999804e-05
4.990795000000000046e-05
4.987441999999999944e-05
4.984462000000000186e-05
4.981480999999999681e-05
4.978874000000000266e-05
4.975893999999999830e-05
4.972913000000000002e-05
4.969933000000000244e-05
4.966952999999999809e-05
4.963599999999999707e-05
4.960619999999999949e-05
4.957266999999999848e-05
4.953913999999999746e-05
4.950561999999999714e-05
4.947580999999999886e-05
4.944228999999999855e-05
4.941248000000000027e-05
4.938268000000000269e-05
4.935287999999999833e-05
4.932679999999999671e-05
4.929699999999999913e-05
4.927091999999999751e-05
4.924111999999999993e-05
4.921503999999999831e-05
4.918896999999999739e-05
4.916289000000000255e-05
4.913681000000000092e-05
4.911072999999999930e-05
4.908465999999999838e-05
4.905486000000000080e-05
4.902505000000000252e-05
4.899898000000000160e-05
4.897289999999999998e-05
4.894681999999999836e-05
4.892447000000000018e-05
4.889467000000000260e-05
4.887231999999999763e-05
4.884995999999999875e-05
4.882761000000000056e-05
4.879781000000000298e-05
4.877173000000000136e-05
4.874192999999999701e-05
4.871212999999999943e-05
4.868233000000000185e-05
4.865251999999999679e-05
4.861900000000000325e-05
4.858918999999999820e-05
4.855566999999999788e-05
4.852585999999999960e-05
4.849233999999999928e-05
4.845880999999999827e-05
4.842156000000000129e-05
4.838803000000000028e-05
4.835449999999999926e-05
4.831725000000000229e-05
4.827999999999999854e-05
4.824646999999999752e-05
4.821294000000000328e-05
4.817941000000000226e-05
4.815334000000000134e-05
4.813098000000000246e-05
4.810491000000000154e-05
4.808627999999999931e-05
4.807138000000000052e-05
4.804903000000000234e-05
4.803040000000000011e-05
4.800805000000000193e-05
4.798941999999999970e-05
4.796707000000000152e-05
4.794472000000000333e-05
4.792236999999999837e-05
4.790374000000000292e-05
4.788138999999999796e-05
4.785531000000000311e-05
4.782923000000000149e-05
4.779942999999999714e-05
4.777336000000000299e-05
4.774354999999999794e-05
4.772119999999999975e-05
4.769511999999999813e-05
4.768021999999999934e-05
4.766159999999999782e-05
4.764669999999999903e-05
4.762806999999999680e-05
4.761316999999999801e-05
4.759454000000000256e-05
4.757218999999999760e-05
4.755356000000000215e-05
4.752749000000000123e-05
4.749396000000000021e-05
4.746416000000000263e-05
4.742689999999999818e-05
4.738965000000000121e-05
4.735984999999999685e-05
4.732632000000000261e-05
4.729651999999999825e-05
4.727043999999999663e-05
4.724808999999999845e-05
4.722200999999999683e-05
4.720339000000000208e-05
4.718475999999999985e-05
4.716612999999999763e-05
4.715122999999999884e-05
4.712515999999999792e-05
4.709908000000000307e-05
4.707300000000000145e-05
4.704691999999999983e-05
4.701339999999999952e-05
4.697986999999999850e-05
4.695007000000000092e-05
4.692026000000000264e-05
4.689419000000000172e-05
4.686811000000000010e-05
4.684576000000000191e-05
4.682712999999999969e-05
4.680478000000000150e-05
4.678988000000000271e-05
4.677497999999999715e-05
4.676380000000000109e-05
4.674890000000000230e-05
4.673771999999999947e-05
4.672282000000000068e-05
4.670792000000000189e-05
4.668185000000000097e-05
4.665576999999999935e-05
4.662968999999999773e-05
4.659615999999999671e-05
4.655890999999999974e-05
4.651792999999999933e-05
4.647323000000000296e-05
4.642480000000000315e-05
4.638010000000000001e-05
4.632793999999999676e-05
4.628324000000000039e-05
4.623853999999999725e-05
4.619755999999999684e-05
4.615658000000000320e-05
4.611932999999999945e-05
4.607834999999999904e-05
4.604481999999999802e-05
4.601128999999999701e-05
4.598148999999999943e-05
4.595169000000000185e-05
4.592561000000000023e-05
4.590326000000000204e-05
4.588090999999999708e-05
4.585483000000000224e-05
4.583992999999999667e-05
4.582130000000000122e-05
4.580267999999999970e-05
4.578778000000000091e-05
4.577287000000000142e-05
4.576169999999999929e-05
4.575424999999999989e-05
4.574680000000000050e-05
4.573935000000000110e-05
4.572816999999999827e-05
4.572071999999999887e-05
4.570582000000000008e-05
4.569463999999999725e-05
4.567602000000000250e-05
4.566111999999999694e-05
4.564249000000000149e-05
4.561640999999999987e-05
4.558661000000000229e-05
4.556053000000000067e-05
4.552701000000000035e-05
4.548975000000000268e-05
4.545249999999999893e-05
4.541525000000000195e-05
4.537798999999999750e-05
4.534074000000000052e-05
4.529231000000000072e-05
4.525133000000000031e-05
4.521408000000000333e-05
4.518055000000000232e-05
4.514329999999999857e-05
4.511350000000000099e-05
4.508369999999999663e-05
4.505762000000000178e-05
4.503154000000000016e-05
4.500174000000000258e-05
4.497566000000000096e-05
4.494959000000000004e-05
4.492723000000000116e-05
4.490116000000000024e-05
4.487507999999999862e-05
4.486017999999999983e-05
4.484154999999999760e-05
4.482293000000000285e-05
4.481175000000000002e-05
4.480430000000000063e-05
4.479311999999999779e-05
4.478195000000000244e-05
4.476704999999999687e-05
4.474842000000000142e-05
4.472607000000000324e-05
4.469999000000000162e-05
4.467391000000000000e-05
4.465156000000000181e-05
4.462175999999999746e-05
4.459940999999999927e-05
4.458077999999999705e-05
4.455842999999999886e-05
4.453608000000000068e-05
4.451373000000000249e-05
4.449136999999999683e-05
4.446156999999999925e-05
4.443549999999999833e-05
4.440941999999999671e-05
4.437961999999999913e-05
4.434981000000000085e-05
4.432001000000000327e-05
4.428648000000000225e-05
4.425296000000000194e-05
4.422314999999999688e-05
4.419334999999999930e-05
4.415981999999999828e-05
4.413002000000000070e-05
4.410022000000000312e-05
4.407041999999999877e-05
4.404061000000000049e-05
4.400709000000000017e-05
4.397728000000000189e-05
4.394747999999999754e-05
4.391767999999999996e-05
4.389159999999999834e-05
4.386552999999999741e-05
4.384316999999999853e-05
4.382454999999999700e-05
4.380592000000000155e-05
4.379102000000000276e-05
4.377611999999999720e-05
4.376121999999999841e-05
4.373887000000000022e-05
4.372023999999999800e-05
4.369416000000000315e-05
4.366809000000000223e-05
4.363827999999999718e-05
4.361221000000000303e-05
4.358239999999999798e-05
4.355632999999999705e-05
4.353397999999999887e-05
4.350789999999999725e-05
4.348182000000000240e-05
4.345946999999999744e-05
4.344084000000000199e-05
4.341848999999999703e-05
4.340358999999999824e-05
4.338496000000000279e-05
4.337379000000000066e-05
4.335515999999999844e-05
4.334399000000000308e-05
4.332907999999999682e-05
4.331046000000000207e-05
4.328810999999999710e-05
4.326574999999999822e-05
4.323595000000000064e-05
4.320987999999999972e-05
4.318007000000000144e-05
4.315026999999999708e-05
4.311674000000000284e-05
4.308693999999999849e-05
4.306085999999999687e-05
4.302734000000000333e-05
4.299752999999999827e-05
4.296773000000000069e-05
4.293793000000000311e-05
4.290812999999999875e-05
4.288204999999999713e-05
4.285969999999999895e-05
4.283735000000000076e-05
4.281126999999999914e-05
4.278147000000000156e-05
4.275538999999999994e-05
4.273304000000000176e-05
4.270696000000000014e-05
4.268461000000000195e-05
4.265853000000000033e-05
4.263245999999999941e-05
4.260637999999999779e-05
4.258030000000000294e-05
4.255422000000000132e-05
4.252815000000000040e-05
4.250580000000000222e-05
4.248344000000000333e-05
4.246482000000000181e-05
4.243874000000000019e-05
4.241639000000000200e-05
4.239403999999999704e-05
4.236796000000000220e-05
4.233815999999999784e-05
4.231208000000000300e-05
4.228972999999999803e-05
4.226737999999999985e-05
4.224129999999999823e-05
4.221150000000000065e-05
4.218169000000000237e-05
4.215562000000000145e-05
4.212953999999999983e-05
4.209974000000000225e-05
4.207366000000000063e-05
4.204757999999999901e-05
4.201778000000000143e-05
4.198797999999999707e-05
4.195817999999999949e-05
4.192838000000000191e-05
4.190230000000000029e-05
4.187995000000000210e-05
4.185759000000000322e-05
4.183152000000000230e-05
4.180544000000000068e-05
4.177935999999999906e-05
4.175328999999999814e-05
4.172347999999999986e-05
4.169368000000000228e-05
4.166015000000000126e-05
4.163034999999999690e-05
4.160054999999999932e-05
4.157446999999999770e-05
4.154467000000000012e-05
4.151858999999999850e-05
4.148879000000000092e-05
4.146270999999999930e-05
4.143663999999999838e-05
4.141055999999999676e-05
4.138448000000000192e-05
4.135467999999999756e-05
4.133232999999999937e-05
4.131743000000000058e-05
4.129508000000000240e-05
4.128017000000000291e-05
4.126155000000000138e-05
4.124291999999999916e-05
4.122802000000000037e-05
4.120567000000000218e-05
4.118331999999999722e-05
4.115724000000000238e-05
4.113488999999999742e-05
4.110508999999999984e-05
4.108273000000000095e-05
4.105293000000000337e-05
4.102685000000000175e-05
4.100078000000000083e-05
4.097469999999999921e-05
4.094490000000000163e-05
4.091882000000000001e-05
4.088902000000000243e-05
4.086294000000000081e-05
4.083314000000000323e-05
4.080333999999999887e-05
4.077354000000000129e-05
4.074373000000000301e-05
4.071021000000000269e-05
4.067668000000000168e-05
4.064315000000000066e-05
4.060961999999999965e-05
4.057608999999999863e-05
4.054256999999999832e-05
4.050903999999999730e-05
4.047551000000000306e-05
4.044570999999999870e-05
4.041591000000000112e-05
4.038610000000000285e-05
4.036003000000000192e-05
4.033395000000000030e-05
4.030786999999999868e-05
4.028179999999999776e-05
4.025944999999999958e-05
4.023336999999999796e-05
4.021101999999999977e-05
4.018493999999999815e-05
4.015514000000000057e-05
4.012905999999999895e-05
4.009926000000000137e-05
4.007317999999999975e-05
4.004709999999999813e-05
4.001730000000000055e-05
3.999121999999999893e-05
3.996142000000000135e-05
3.993161999999999699e-05
3.990181999999999941e-05
3.987201000000000113e-05
3.984220999999999678e-05
3.981240999999999919e-05
3.978261000000000161e-05
3.975280999999999726e-05
3.972299999999999898e-05
3.969320000000000140e-05
3.966339999999999704e-05
3.963359999999999946e-05
3.960379000000000118e-05
3.957398999999999683e-05
3.954791000000000198e-05
3.951810999999999762e-05
3.949203999999999670e-05
3.946596000000000186e-05
3.944360999999999690e-05
3.942124999999999801e-05
3.939145000000000043e-05
3.936910000000000225e-05
3.934674999999999729e-05
3.932067000000000244e-05
3.929459000000000082e-05
3.926479000000000324e-05
3.923498999999999889e-05
3.920890999999999726e-05
3.918284000000000312e-05
3.915676000000000150e-05
3.913067999999999988e-05
3.910460999999999896e-05
3.907480000000000068e-05
3.904128000000000036e-05
3.900774999999999935e-05
3.897421999999999833e-05
3.893697000000000136e-05
3.889970999999999691e-05
3.886245999999999993e-05
3.882521000000000295e-05
3.878795999999999920e-05
3.875070000000000153e-05
3.871344999999999778e-05
3.867620000000000080e-05
3.864266999999999979e-05
3.860913999999999877e-05
3.857934000000000119e-05
3.854953999999999683e-05
3.852718999999999865e-05
3.850110999999999703e-05
3.847875999999999884e-05
3.845639999999999996e-05
3.843405000000000177e-05
3.840798000000000085e-05
3.837817000000000257e-05
3.834465000000000226e-05
3.831112000000000124e-05
3.827386999999999749e-05
3.823288999999999708e-05
3.819190999999999667e-05
3.815465999999999969e-05
3.811367999999999928e-05
3.807269999999999887e-05
3.803545000000000190e-05
3.800563999999999684e-05
3.797583999999999926e-05
3.794976999999999834e-05
3.792740999999999945e-05
3.790506000000000127e-05
3.789016000000000248e-05
3.787153000000000025e-05
3.784545999999999933e-05
3.782682999999999711e-05
3.780075000000000226e-05
3.777468000000000134e-05
3.774487000000000306e-05
3.771506999999999871e-05
3.768153999999999769e-05
3.765174000000000011e-05
3.761449000000000314e-05
3.758468999999999878e-05
3.754743000000000110e-05
3.751391000000000079e-05
3.747665000000000311e-05
3.744313000000000280e-05
3.741331999999999774e-05
3.737607000000000077e-05
3.734253999999999975e-05
3.731274000000000217e-05
3.727921000000000115e-05
3.723823000000000074e-05
3.720471000000000043e-05
3.717117999999999941e-05
3.713764999999999840e-05
3.710040000000000142e-05
3.705942000000000101e-05
3.701471999999999786e-05
3.697001000000000079e-05
3.693649000000000048e-05
3.691040999999999886e-05
3.688806000000000067e-05
3.685826000000000309e-05
3.682844999999999804e-05
3.678746999999999763e-05
3.674649999999999792e-05
3.671668999999999964e-05
3.670179000000000085e-05
3.668316999999999932e-05
3.666827000000000053e-05
3.664218999999999891e-05
3.662355999999999668e-05
3.660494000000000193e-05
3.659375999999999910e-05
3.657886000000000031e-05
3.655651000000000213e-05
3.651924999999999768e-05
3.647827999999999797e-05
3.643729999999999756e-05
3.640003999999999988e-05
3.637396999999999896e-05
3.634416000000000068e-05
3.631436000000000310e-05
3.628084000000000278e-05
3.625102999999999773e-05
3.622495999999999681e-05
3.619514999999999853e-05
3.616162999999999821e-05
3.613926999999999933e-05
3.611319999999999841e-05
3.608711999999999678e-05
3.606476999999999860e-05
3.604614000000000315e-05
3.603123999999999758e-05
3.601261000000000213e-05
3.599771000000000334e-05
3.598280999999999778e-05
3.596790999999999899e-05
3.594927999999999676e-05
3.593437999999999797e-05
3.591576000000000322e-05
3.589713000000000100e-05
3.587849999999999877e-05
3.585615000000000059e-05
3.583380000000000240e-05
3.581517000000000018e-05
3.578909999999999926e-05
3.576674000000000037e-05
3.574066999999999945e-05
3.571458999999999783e-05
3.568851000000000298e-05
3.565499000000000267e-05
3.562517999999999761e-05
3.558793000000000064e-05
3.554695000000000023e-05
3.550224999999999708e-05
3.546126999999999667e-05
3.542029000000000304e-05
3.537931000000000262e-05
3.534205999999999887e-05
3.530852999999999786e-05
3.527500999999999754e-05
3.524148000000000330e-05
3.521167999999999895e-05
3.518187000000000067e-05
3.514835000000000035e-05
3.511854000000000207e-05
3.508502000000000175e-05
3.505520999999999670e-05
3.502169000000000316e-05
3.499187999999999810e-05
3.496580999999999718e-05
3.494345999999999900e-05
3.492110000000000011e-05
3.489875000000000193e-05
3.488013000000000040e-05
3.486149999999999818e-05
3.483914999999999999e-05
3.482051999999999776e-05
3.480189000000000232e-05
3.477582000000000139e-05
3.475347000000000321e-05
3.473110999999999755e-05
3.470503999999999663e-05
3.468268999999999844e-05
3.466406000000000299e-05
3.464170999999999803e-05
3.461935999999999985e-05
3.460072999999999762e-05
3.457837999999999944e-05
3.455603000000000125e-05
3.453367000000000237e-05
3.451131999999999740e-05
3.448525000000000326e-05
3.445917000000000164e-05
3.443309000000000002e-05
3.440329000000000244e-05
3.437721000000000082e-05
3.434741000000000324e-05
3.431388000000000222e-05
3.428407999999999787e-05
3.425054999999999685e-05
3.421702000000000261e-05
3.418721999999999825e-05
3.415368999999999724e-05
3.412388999999999966e-05
3.409780999999999804e-05
3.406801000000000046e-05
3.404193999999999954e-05
3.401213000000000126e-05
3.398978000000000307e-05
3.396742999999999811e-05
3.394507999999999993e-05
3.391899999999999831e-05
3.389291999999999668e-05
3.387056999999999850e-05
3.384449999999999758e-05
3.381842000000000273e-05
3.378861999999999838e-05
3.375881000000000010e-05
3.372901000000000252e-05
3.369548000000000150e-05
3.366196000000000119e-05
3.362843000000000017e-05
3.359863000000000259e-05
3.356510000000000158e-05
3.353157000000000056e-05
3.350177000000000298e-05
3.347196999999999862e-05
3.344216000000000034e-05
3.341608999999999942e-05
3.339000999999999780e-05
3.336765999999999962e-05
3.334157999999999800e-05
3.331550000000000315e-05
3.328943000000000223e-05
3.326335000000000061e-05
3.323355000000000303e-05
3.320747000000000141e-05
3.317766999999999705e-05
3.314786999999999947e-05
3.311806000000000119e-05
3.308825999999999684e-05
3.305845999999999926e-05
3.302492999999999824e-05
3.299139999999999723e-05
3.295787999999999691e-05
3.292435000000000267e-05
3.288709999999999892e-05
3.284984000000000124e-05
3.281258999999999749e-05
3.277534000000000052e-05
3.274180999999999950e-05
3.270827999999999849e-05
3.267103000000000151e-05
3.263750000000000050e-05
3.260396999999999948e-05
3.257417000000000190e-05
3.254064000000000088e-05
3.251084000000000330e-05
3.248103999999999895e-05
3.245124000000000137e-05
3.242143000000000309e-05
3.239536000000000217e-05
3.237300999999999720e-05
3.235809999999999772e-05
3.233574999999999953e-05
3.231712999999999800e-05
3.229850000000000255e-05
3.227614999999999759e-05
3.225752000000000214e-05
3.223144000000000052e-05
3.220536999999999960e-05
3.218302000000000142e-05
3.216066000000000253e-05
3.213830999999999757e-05
3.211595999999999939e-05
3.209732999999999716e-05
3.207871000000000241e-05
3.206380999999999684e-05
3.204518000000000140e-05
3.203028000000000261e-05
3.201537999999999704e-05
3.199675000000000159e-05
3.198185000000000280e-05
3.196322000000000057e-05
3.194459999999999905e-05
3.192596999999999682e-05
3.190734000000000137e-05
3.188871999999999985e-05
3.187382000000000106e-05
3.185518999999999883e-05
3.184029000000000004e-05
3.182539000000000125e-05
3.180675999999999903e-05
3.178812999999999680e-05
3.176577999999999862e-05
3.174715999999999709e-05
3.172853000000000164e-05
3.170617999999999668e-05
3.168382999999999849e-05
3.165774999999999687e-05
3.163167000000000203e-05
3.159815000000000171e-05
3.155717000000000130e-05
3.151245999999999746e-05
3.147148999999999775e-05
3.142678000000000068e-05
3.138207999999999753e-05
3.134109999999999712e-05
3.129640000000000075e-05
3.125542000000000034e-05
3.121817000000000336e-05
3.118090999999999891e-05
3.114366000000000194e-05
3.111013000000000092e-05
3.108406000000000000e-05
3.105797999999999838e-05
3.103189999999999676e-05
3.100209999999999918e-05
3.097601999999999756e-05
3.094994000000000271e-05
3.092387000000000179e-05
3.089779000000000017e-05
3.087170999999999855e-05
3.084191000000000097e-05
3.081210999999999661e-05
3.078603000000000177e-05
3.076367999999999681e-05
3.073760000000000197e-05
3.071524999999999700e-05
3.069662000000000155e-05
3.068172000000000276e-05
3.065936999999999780e-05
3.064446999999999901e-05
3.062583999999999679e-05
3.061093999999999800e-05
3.058858999999999981e-05
3.056996999999999829e-05
3.055134000000000284e-05
3.053271000000000061e-05
3.051781000000000182e-05
3.049533999999999863e-05
3.047672000000000049e-05
3.046181999999999831e-05
3.043945999999999943e-05
3.042084000000000129e-05
3.040220999999999907e-05
3.037986000000000088e-05
3.035750999999999931e-05
3.033516000000000112e-05
3.031279999999999885e-05
3.029418000000000071e-05
3.027182999999999914e-05
3.024575000000000091e-05
3.021966999999999929e-05
3.019732000000000110e-05
3.017496999999999953e-05
3.015634000000000069e-05
3.014143999999999851e-05
3.012653999999999972e-05
3.011164000000000093e-05
3.008928999999999936e-05
3.006693000000000047e-05
3.004830999999999895e-05
3.002223000000000071e-05
3.000732999999999854e-05
2.999242999999999975e-05
2.998125000000000030e-05
2.996635000000000151e-05
2.995517999999999938e-05
2.993655000000000055e-05
2.991791999999999832e-05
2.989557000000000014e-05
2.987321999999999856e-05
2.985458999999999972e-05
2.983597000000000159e-05
2.982106999999999941e-05
2.980244000000000057e-05
2.978380999999999835e-05
2.976519000000000021e-05
2.973910999999999859e-05
2.970558000000000096e-05
2.967204999999999994e-05
2.962735000000000019e-05
2.957892000000000038e-05
2.953793999999999997e-05
2.949324000000000021e-05
2.945970999999999920e-05
2.942991000000000162e-05
2.941127999999999939e-05
2.939638000000000060e-05
2.938520999999999847e-05
2.938147999999999842e-05
2.937402999999999903e-05
2.936657999999999963e-05
2.935540000000000019e-05
2.934050000000000140e-05
2.932559999999999922e-05
2.931443000000000048e-05
2.930325000000000104e-05
2.929207000000000159e-05
2.928834999999999886e-05
2.928461999999999881e-05
2.928089999999999946e-05
2.927345000000000007e-05
2.926600000000000067e-05
2.925855000000000128e-05
2.923618999999999900e-05
2.921012000000000147e-05
2.918403999999999985e-05
2.915423999999999888e-05
2.912444000000000130e-05
2.909462999999999963e-05
2.906855999999999871e-05
2.904248000000000048e-05
2.902385000000000164e-05
2.900523000000000012e-05
2.899033000000000133e-05
2.897169999999999910e-05
2.894935000000000092e-05
2.893071999999999869e-05
2.890837000000000051e-05
2.888228999999999889e-05
2.886367000000000075e-05
2.884876000000000126e-05
2.882640999999999969e-05
2.881151000000000090e-05
2.878915999999999932e-05
2.877053000000000048e-05
2.874817999999999891e-05
2.872210000000000068e-05
2.870347999999999915e-05
2.868485000000000032e-05
2.866249999999999874e-05
2.864386999999999991e-05
2.862524999999999838e-05
2.860290000000000019e-05
2.858799000000000070e-05
2.856936999999999918e-05
2.855074000000000034e-05
2.853211000000000150e-05
2.851720999999999933e-05
2.849859000000000119e-05
2.847623999999999961e-05
2.845761000000000078e-05
2.843525999999999920e-05
2.841291000000000102e-05
2.839427999999999879e-05
2.837193000000000061e-05
2.834957999999999903e-05
2.833095000000000020e-05
2.831232000000000136e-05
2.829741999999999918e-05
2.828252000000000039e-05
2.827134000000000095e-05
2.825643999999999877e-05
2.824153999999999998e-05
2.821918999999999841e-05
2.820055999999999957e-05
2.818194000000000143e-05
2.816330999999999921e-05
2.814096000000000102e-05
2.811860999999999945e-05
2.809998000000000061e-05
2.808134999999999839e-05
2.805900000000000020e-05
2.803664999999999863e-05
2.801801999999999979e-05
2.799194999999999887e-05
2.796960000000000068e-05
2.794723999999999841e-05
2.792489000000000023e-05
2.789881999999999931e-05
2.787646000000000042e-05
2.785783999999999889e-05
2.783549000000000071e-05
2.781685999999999848e-05
2.780195999999999969e-05
2.778333000000000086e-05
2.776470999999999933e-05
2.774235000000000045e-05
2.772745000000000166e-05
2.770883000000000013e-05
2.768647000000000125e-05
2.766784999999999972e-05
2.764922000000000088e-05
2.763058999999999866e-05
2.761197000000000052e-05
2.758961999999999895e-05
2.757099000000000011e-05
2.754863999999999853e-05
2.752629000000000035e-05
2.750020999999999873e-05
2.747413000000000050e-05
2.744805999999999958e-05
2.741825000000000130e-05
2.738473000000000098e-05
2.735491999999999931e-05
2.731766999999999895e-05
2.728414000000000132e-05
2.724689000000000096e-05
2.721335999999999994e-05
2.717610999999999958e-05
2.714630999999999861e-05
2.711278000000000098e-05
2.708298000000000001e-05
2.705689999999999839e-05
2.703826999999999956e-05
2.701219999999999864e-05
2.699356999999999980e-05
2.697494000000000096e-05
2.695258999999999939e-05
2.693769000000000060e-05
2.691533999999999902e-05
2.690044000000000023e-05
2.688554000000000144e-05
2.687063999999999927e-05
2.685572999999999978e-05
2.684456000000000103e-05
2.683338000000000159e-05
2.682220999999999946e-05
2.681476000000000007e-05
2.679985000000000058e-05
2.678867999999999845e-05
2.677377999999999965e-05
2.675888000000000086e-05
2.674770000000000142e-05
2.672534999999999985e-05
2.671045000000000106e-05
2.668809999999999949e-05
2.666202000000000125e-05
2.663222000000000029e-05
2.660613999999999866e-05
2.657634000000000108e-05
2.654281000000000007e-05
2.651300999999999910e-05
2.648321000000000152e-05
2.644968000000000050e-05
2.641987999999999954e-05
2.639380000000000130e-05
2.636771999999999968e-05
2.634164000000000145e-05
2.631557000000000053e-05
2.628948999999999891e-05
2.626341000000000068e-05
2.624105999999999910e-05
2.621498000000000087e-05
2.618890999999999995e-05
2.615537999999999893e-05
2.612558000000000135e-05
2.609576999999999969e-05
2.606596999999999872e-05
2.603244999999999840e-05
2.599892000000000078e-05
2.596538999999999976e-05
2.593185999999999874e-05
2.589833000000000112e-05
2.586108000000000075e-05
2.582754999999999974e-05
2.579402999999999942e-05
2.575676999999999836e-05
2.571952000000000138e-05
2.568599000000000037e-05
2.565247000000000005e-05
2.561893999999999904e-05
2.558914000000000146e-05
2.555932999999999979e-05
2.552952999999999882e-05
2.549973000000000124e-05
2.547364999999999962e-05
2.544757000000000139e-05
2.542150000000000047e-05
2.539541999999999885e-05
2.536934000000000061e-05
2.534698999999999904e-05
2.532464000000000085e-05
2.530228999999999928e-05
2.528366000000000044e-05
2.526503999999999892e-05
2.524268000000000003e-05
2.522405999999999851e-05
2.520542999999999967e-05
2.518308000000000148e-05
2.516072999999999991e-05
2.514210000000000107e-05
2.511230000000000011e-05
2.508994999999999853e-05
2.506387000000000030e-05
2.503778999999999868e-05
2.501172000000000115e-05
2.498563999999999953e-05
2.495210999999999851e-05
2.492603000000000028e-05
2.489622999999999931e-05
2.486642999999999834e-05
2.484035000000000011e-05
2.481427999999999919e-05
2.478820000000000096e-05
2.476211999999999934e-05
2.473231999999999837e-05
2.470624000000000013e-05
2.468761999999999861e-05
2.466525999999999972e-05
2.464664000000000159e-05
2.463173999999999941e-05
2.461682999999999992e-05
2.460566000000000118e-05
2.459447999999999835e-05
2.457586000000000021e-05
2.456468000000000076e-05
2.454232999999999919e-05
2.451625000000000096e-05
2.449389999999999939e-05
2.446409999999999842e-05
2.443430000000000084e-05
2.439703999999999977e-05
2.435605999999999936e-05
2.431508999999999965e-05
2.426665999999999985e-05
2.422194999999999939e-05
2.416607000000000019e-05
2.411020000000000169e-05
2.405431999999999910e-05
2.399470999999999985e-05
2.393138000000000125e-05
2.386804999999999927e-05
2.380100000000000133e-05
2.373021999999999995e-05
2.365943999999999857e-05
2.359237999999999993e-05
2.352159999999999855e-05
2.345453999999999990e-05
2.338748999999999857e-05
2.332042999999999993e-05
2.325337999999999860e-05
2.318631999999999996e-05
2.312299000000000136e-05
2.305965999999999938e-05
2.299633000000000078e-05
2.293672999999999884e-05
2.287340000000000025e-05
2.281007000000000165e-05
2.274673999999999967e-05
2.267968000000000102e-05
2.261262999999999969e-05
2.254557000000000105e-05
2.247478999999999967e-05
2.240401000000000168e-05
2.233323000000000030e-05
2.226244999999999892e-05
2.218795000000000158e-05
2.211715999999999951e-05
2.204638000000000151e-05
2.197560000000000014e-05
2.190854999999999880e-05
2.183777000000000081e-05
2.176698999999999943e-05
2.169993000000000079e-05
2.163287999999999946e-05
2.156210000000000147e-05
2.149876999999999949e-05
2.142799000000000149e-05
2.135721000000000012e-05
2.128642999999999874e-05
2.121564000000000005e-05
2.115231000000000145e-05
2.108153000000000007e-05
2.101074999999999869e-05
2.093997000000000070e-05
2.086918999999999932e-05
2.079841000000000133e-05
2.072391000000000061e-05
2.064939999999999918e-05
2.058235000000000124e-05
2.050783999999999981e-05
2.043332999999999838e-05
2.035883000000000104e-05
2.028431999999999962e-05
2.020608999999999884e-05
2.013531000000000085e-05
2.006079999999999943e-05
1.998256999999999865e-05
1.990807000000000132e-05
1.982984000000000054e-05
1.975532999999999911e-05
1.967709999999999834e-05
1.959887000000000096e-05
1.952064000000000018e-05
1.944240999999999941e-05
1.937163000000000142e-05
1.929338999999999994e-05
1.921888999999999922e-05
1.914811000000000123e-05
1.907359999999999980e-05
1.899909999999999907e-05
1.892832000000000108e-05
1.885380999999999966e-05
1.877930000000000162e-05
1.870852000000000024e-05
1.863773999999999886e-05
1.856696000000000087e-05
1.849617999999999949e-05
1.842913000000000155e-05
1.836206999999999952e-05
1.829502000000000157e-05
1.822795999999999954e-05
1.816091000000000160e-05
1.809384999999999957e-05
1.802680000000000162e-05
1.796346999999999964e-05
1.789641000000000100e-05
1.782935999999999966e-05
1.776230000000000102e-05
1.769896999999999904e-05
1.762819000000000105e-05
1.755740999999999967e-05
1.748290000000000163e-05
1.741585000000000030e-05
1.734506999999999892e-05
1.727056000000000088e-05
1.719606000000000015e-05
1.712900000000000151e-05
1.705450000000000078e-05
1.697998999999999936e-05
1.690921000000000137e-05
1.683842999999999999e-05
1.676391999999999856e-05
1.669314000000000057e-05
1.662235999999999919e-05
1.654785999999999847e-05
1.646962000000000038e-05
1.639511999999999965e-05
1.631688999999999888e-05
1.624238000000000084e-05
1.616043000000000072e-05
1.607846999999999990e-05
1.599650999999999908e-05
1.591455999999999896e-05
1.583260000000000152e-05
1.575064000000000070e-05
1.567240999999999993e-05
1.559045999999999981e-05
1.551222999999999903e-05
1.543399000000000095e-05
1.535576000000000017e-05
1.528125999999999945e-05
1.520296999999999956e-05
1.512845999999999982e-05
1.505023000000000074e-05
1.497573000000000002e-05
1.489376999999999920e-05
1.481925999999999946e-05
1.474103000000000038e-05
1.466279999999999961e-05
1.458830000000000058e-05
1.451006000000000080e-05
1.443927999999999942e-05
1.436849999999999973e-05
1.429400000000000070e-05
1.422694000000000036e-05
1.415989000000000073e-05
1.409283000000000039e-05
1.402578000000000075e-05
1.396245000000000046e-05
1.389912000000000017e-05
1.383578999999999988e-05
1.376872999999999955e-05
1.370539999999999926e-05
1.363834999999999962e-05
1.357501999999999933e-05
1.351169000000000073e-05
1.344836000000000044e-05
1.338874999999999950e-05
1.332914999999999926e-05
1.326954000000000001e-05
1.320993999999999977e-05
1.315406000000000057e-05
1.309817999999999967e-05
1.303857000000000042e-05
1.298268999999999953e-05
1.291935999999999924e-05
1.285976000000000069e-05
1.280387999999999980e-05
1.274054999999999951e-05
1.268094999999999926e-05
1.262134000000000002e-05
1.256173999999999977e-05
1.249840999999999948e-05
1.243880000000000024e-05
1.237546999999999995e-05
1.231213999999999966e-05
1.224880999999999937e-05
1.218175999999999973e-05
1.211469999999999939e-05
1.204764999999999975e-05
1.198058999999999942e-05
1.191353999999999978e-05
1.184647999999999944e-05
1.177942999999999981e-05
1.171236999999999947e-05
1.164903999999999918e-05
1.157825999999999949e-05
1.150747999999999981e-05
1.143297000000000008e-05
1.136592000000000044e-05
1.129141000000000071e-05
1.121317999999999993e-05
1.114240000000000025e-05
1.106789999999999952e-05
1.099338999999999979e-05
1.091888000000000006e-05
1.084064999999999928e-05
1.076615000000000025e-05
1.068791999999999948e-05
1.060596000000000035e-05
1.052772999999999958e-05
1.044577000000000045e-05
1.036382000000000033e-05
1.028558000000000055e-05
1.019990000000000038e-05
1.012166999999999960e-05
1.003598999999999943e-05
9.950308999999999874e-06
9.864626999999999226e-06
9.775220000000000575e-06
9.685813000000000230e-06
9.592681000000000187e-06
9.503273999999999841e-06
9.413866999999999496e-06
9.324460000000000845e-06
9.238778000000000197e-06
9.149370999999999852e-06
9.063690000000000291e-06
8.978007999999999643e-06
8.888600999999999298e-06
8.799194000000000647e-06
8.706062000000000604e-06
8.616655000000000259e-06
8.530972999999999611e-06
8.445291000000000657e-06
8.359609999999999402e-06
8.277653000000000146e-06
8.199421999999999979e-06
8.121190999999999813e-06
8.046684999999999344e-06
7.975904999999999659e-06
7.901398999999999191e-06
7.830618000000000114e-06
7.763563000000000126e-06
7.696508000000000139e-06
7.636902999999999547e-06
7.577269999999999875e-06
7.521389999999999828e-06
7.469235999999999717e-06
7.417081999999999606e-06
7.372378999999999977e-06
7.323950000000000410e-06
7.279245999999999694e-06
7.234543000000000065e-06
7.189839000000000196e-06
7.148861000000000264e-06
7.107883000000000332e-06
7.070630000000000098e-06
7.037102000000000408e-06
6.999850000000000413e-06
6.973773000000000358e-06
6.943970000000000365e-06
6.914167999999999765e-06
6.888090999999999710e-06
6.862013999999999655e-06
6.835936999999999599e-06
6.806133999999999607e-06
6.780057000000000398e-06
6.753980000000000343e-06
6.731629000000000224e-06
6.709276999999999867e-06
6.686925000000000356e-06
6.668298999999999935e-06
6.649672000000000121e-06
6.638495999999999942e-06
6.619870000000000368e-06
6.608694000000000189e-06
6.597518000000000010e-06
6.590067999999999768e-06
6.586341999999999831e-06
6.586341999999999831e-06
6.582617000000000134e-06
6.582617000000000134e-06
6.582617000000000134e-06
6.582617000000000134e-06
6.578891999999999589e-06
6.575165999999999652e-06
6.571440999999999955e-06
6.563990999999999713e-06
6.552815000000000381e-06
6.549088999999999597e-06
6.541639000000000202e-06
6.537913999999999657e-06
6.534187999999999721e-06
6.534187999999999721e-06
6.534187999999999721e-06
6.534187999999999721e-06
6.530463000000000023e-06
6.530463000000000023e-06
6.526738000000000326e-06
6.523012000000000389e-06
6.519286999999999844e-06
6.511836999999999602e-06
6.508110999999999665e-06
6.504385999999999968e-06
6.504385999999999968e-06
6.504385999999999968e-06
6.508110999999999665e-06
6.511836999999999602e-06
6.519286999999999844e-06
6.519286999999999844e-06
6.523012000000000389e-06
6.523012000000000389e-06
6.523012000000000389e-06
6.523012000000000389e-06
6.523012000000000389e-06
6.523012000000000389e-06
6.526738000000000326e-06
6.530463000000000023e-06
6.534187999999999721e-06
6.541639000000000202e-06
6.545363999999999900e-06
6.552815000000000381e-06
6.552815000000000381e-06
6.552815000000000381e-06
6.552815000000000381e-06
6.552815000000000381e-06
6.552815000000000381e-06
6.552815000000000381e-06
6.549088999999999597e-06
6.549088999999999597e-06
6.545363999999999900e-06
6.545363999999999900e-06
6.541639000000000202e-06
6.541639000000000202e-06
6.537913999999999657e-06
6.534187999999999721e-06
6.530463000000000023e-06
6.526738000000000326e-06
6.526738000000000326e-06
6.526738000000000326e-06
6.523012000000000389e-06
6.523012000000000389e-06
6.519286999999999844e-06
6.515562000000000147e-06
6.511836999999999602e-06
6.508110999999999665e-06
6.504385999999999968e-06
6.500661000000000270e-06
6.496935000000000333e-06
6.496935000000000333e-06
6.493209999999999789e-06
6.489485000000000091e-06
6.489485000000000091e-06
6.489485000000000091e-06
6.489485000000000091e-06
6.485760000000000394e-06
6.482033999999999610e-06
6.482033999999999610e-06
6.478308999999999912e-06
6.470858000000000278e-06
6.467132999999999733e-06
6.463408000000000036e-06
6.459682000000000099e-06
6.452231999999999857e-06
6.448507000000000159e-06
6.444781000000000222e-06
6.441055999999999678e-06
6.433605000000000043e-06
6.429880000000000346e-06
6.426154999999999801e-06
6.426154999999999801e-06
6.429880000000000346e-06
6.433605000000000043e-06
6.437330999999999980e-06
6.441055999999999678e-06
6.452231999999999857e-06
6.455957000000000401e-06
6.459682000000000099e-06
6.459682000000000099e-06
6.463408000000000036e-06
6.467132999999999733e-06
6.467132999999999733e-06
6.467132999999999733e-06
6.463408000000000036e-06
6.463408000000000036e-06
6.463408000000000036e-06
6.459682000000000099e-06
6.459682000000000099e-06
6.459682000000000099e-06
6.459682000000000099e-06
6.459682000000000099e-06
6.463408000000000036e-06
6.463408000000000036e-06
6.467132999999999733e-06
6.467132999999999733e-06
6.470858000000000278e-06
6.470858000000000278e-06
6.474584000000000215e-06
6.474584000000000215e-06
6.474584000000000215e-06
6.470858000000000278e-06
6.467132999999999733e-06
6.459682000000000099e-06
6.459682000000000099e-06
6.455957000000000401e-06
6.452231999999999857e-06
6.452231999999999857e-06
6.452231999999999857e-06
6.452231999999999857e-06
6.455957000000000401e-06
6.455957000000000401e-06
6.455957000000000401e-06
6.459682000000000099e-06
6.459682000000000099e-06
6.459682000000000099e-06
6.463408000000000036e-06
6.467132999999999733e-06
6.470858000000000278e-06
6.474584000000000215e-06
6.478308999999999912e-06
6.482033999999999610e-06
6.485760000000000394e-06
6.489485000000000091e-06
6.493209999999999789e-06
6.493209999999999789e-06
6.496935000000000333e-06
6.496935000000000333e-06
6.500661000000000270e-06
6.504385999999999968e-06
6.504385999999999968e-06
6.504385999999999968e-06
6.504385999999999968e-06
6.508110999999999665e-06
6.508110999999999665e-06
6.508110999999999665e-06
6.508110999999999665e-06
6.508110999999999665e-06
6.504385999999999968e-06
6.504385999999999968e-06
6.500661000000000270e-06
6.500661000000000270e-06
6.496935000000000333e-06
6.500661000000000270e-06
6.496935000000000333e-06
6.496935000000000333e-06
6.496935000000000333e-06
6.496935000000000333e-06
6.496935000000000333e-06
6.493209999999999789e-06
6.493209999999999789e-06
6.493209999999999789e-06
6.493209999999999789e-06
6.496935000000000333e-06
6.496935000000000333e-06
6.500661000000000270e-06
6.504385999999999968e-06
6.508110999999999665e-06
6.511836999999999602e-06
6.515562000000000147e-06
6.519286999999999844e-06
6.519286999999999844e-06
6.523012000000000389e-06
6.523012000000000389e-06
6.526738000000000326e-06
6.526738000000000326e-06
6.530463000000000023e-06
6.534187999999999721e-06
6.534187999999999721e-06
6.537913999999999657e-06
6.541639000000000202e-06
6.545363999999999900e-06
6.549088999999999597e-06
6.552815000000000381e-06
6.552815000000000381e-06
6.556540000000000078e-06
6.560264999999999776e-06
6.563990999999999713e-06
6.563990999999999713e-06
6.563990999999999713e-06
6.560264999999999776e-06
6.556540000000000078e-06
6.552815000000000381e-06
6.552815000000000381e-06
6.545363999999999900e-06
6.537913999999999657e-06
6.526738000000000326e-06
6.523012000000000389e-06
6.515562000000000147e-06
6.508110999999999665e-06
6.500661000000000270e-06
6.496935000000000333e-06
6.493209999999999789e-06
6.493209999999999789e-06
6.493209999999999789e-06
6.493209999999999789e-06
6.493209999999999789e-06
6.489485000000000091e-06
6.489485000000000091e-06
6.489485000000000091e-06
6.489485000000000091e-06
6.489485000000000091e-06
6.489485000000000091e-06
6.485760000000000394e-06
6.485760000000000394e-06
6.485760000000000394e-06
6.489485000000000091e-06
6.489485000000000091e-06
6.489485000000000091e-06
6.489485000000000091e-06
6.489485000000000091e-06
6.489485000000000091e-06
6.489485000000000091e-06
6.489485000000000091e-06
6.489485000000000091e-06
6.489485000000000091e-06
6.489485000000000091e-06
6.485760000000000394e-06
6.482033999999999610e-06
6.482033999999999610e-06
6.478308999999999912e-06
6.478308999999999912e-06
6.478308999999999912e-06
6.482033999999999610e-06
6.482033999999999610e-06
6.485760000000000394e-06
6.489485000000000091e-06
6.489485000000000091e-06
6.496935000000000333e-06
6.500661000000000270e-06
6.504385999999999968e-06
6.504385999999999968e-06
6.500661000000000270e-06
6.496935000000000333e-06
6.496935000000000333e-06
6.489485000000000091e-06
6.489485000000000091e-06
6.485760000000000394e-06
6.482033999999999610e-06
6.482033999999999610e-06
6.482033999999999610e-06
6.485760000000000394e-06
6.489485000000000091e-06
6.489485000000000091e-06
6.496935000000000333e-06
6.508110999999999665e-06
6.515562000000000147e-06
6.523012000000000389e-06
6.523012000000000389e-06
6.526738000000000326e-06
6.523012000000000389e-06
6.523012000000000389e-06
6.519286999999999844e-06
6.511836999999999602e-06
6.504385999999999968e-06
6.500661000000000270e-06
6.500661000000000270e-06
6.500661000000000270e-06
6.504385999999999968e-06
6.508110999999999665e-06
6.508110999999999665e-06
6.508110999999999665e-06
6.511836999999999602e-06
6.508110999999999665e-06
6.508110999999999665e-06
6.508110999999999665e-06
6.504385999999999968e-06
6.504385999999999968e-06
6.504385999999999968e-06
6.508110999999999665e-06
6.508110999999999665e-06
6.515562000000000147e-06
6.519286999999999844e-06
6.523012000000000389e-06
6.526738000000000326e-06
6.534187999999999721e-06
6.537913999999999657e-06
6.541639000000000202e-06
6.545363999999999900e-06
6.545363999999999900e-06
6.549088999999999597e-06
6.549088999999999597e-06
6.549088999999999597e-06
6.549088999999999597e-06
6.549088999999999597e-06
6.549088999999999597e-06
6.545363999999999900e-06
6.545363999999999900e-06
6.541639000000000202e-06
6.537913999999999657e-06
6.534187999999999721e-06
6.526738000000000326e-06
6.523012000000000389e-06
6.519286999999999844e-06
6.515562000000000147e-06
6.511836999999999602e-06
6.508110999999999665e-06
6.504385999999999968e-06
6.500661000000000270e-06
6.500661000000000270e-06
6.496935000000000333e-06
6.496935000000000333e-06
6.493209999999999789e-06
6.489485000000000091e-06
6.489485000000000091e-06
6.482033999999999610e-06
6.478308999999999912e-06
6.474584000000000215e-06
6.470858000000000278e-06
6.467132999999999733e-06
6.467132999999999733e-06
6.467132999999999733e-06
6.470858000000000278e-06
6.474584000000000215e-06
6.482033999999999610e-06
6.489485000000000091e-06
6.489485000000000091e-06
6.496935000000000333e-06
6.504385999999999968e-06
6.508110999999999665e-06
6.511836999999999602e-06
6.515562000000000147e-06
6.515562000000000147e-06
6.515562000000000147e-06
6.511836999999999602e-06
6.508110999999999665e-06
6.504385999999999968e-06
6.500661000000000270e-06
6.496935000000000333e-06
6.496935000000000333e-06
6.493209999999999789e-06
6.493209999999999789e-06
6.493209999999999789e-06
6.493209999999999789e-06
6.493209999999999789e-06
6.493209999999999789e-06
6.493209999999999789e-06
6.496935000000000333e-06
6.500661000000000270e-06
6.504385999999999968e-06
6.508110999999999665e-06
6.511836999999999602e-06
6.515562000000000147e-06
6.519286999999999844e-06
6.523012000000000389e-06
6.523012000000000389e-06
6.523012000000000389e-06
6.523012000000000389e-06
6.523012000000000389e-06
6.523012000000000389e-06
6.523012000000000389e-06
6.519286999999999844e-06
6.519286999999999844e-06
6.519286999999999844e-06
6.519286999999999844e-06
6.519286999999999844e-06
6.515562000000000147e-06
6.515562000000000147e-06
6.511836999999999602e-06
6.508110999999999665e-06
6.508110999999999665e-06
6.504385999999999968e-06
6.504385999999999968e-06
6.508110999999999665e-06
6.508110999999999665e-06
6.511836999999999602e-06
6.511836999999999602e-06
6.515562000000000147e-06
6.515562000000000147e-06
6.511836999999999602e-06
6.508110999999999665e-06
6.504385999999999968e-06
6.500661000000000270e-06
6.496935000000000333e-06
6.496935000000000333e-06
6.496935000000000333e-06
6.496935000000000333e-06
6.496935000000000333e-06
6.500661000000000270e-06
6.500661000000000270e-06
6.504385999999999968e-06
6.504385999999999968e-06
6.504385999999999968e-06
6.504385999999999968e-06
6.504385999999999968e-06
6.508110999999999665e-06
6.508110999999999665e-06
6.508110999999999665e-06
6.508110999999999665e-06
6.508110999999999665e-06
6.508110999999999665e-06
6.508110999999999665e-06
6.511836999999999602e-06
6.511836999999999602e-06
6.511836999999999602e-06
6.508110999999999665e-06
6.508110999999999665e-06
6.504385999999999968e-06
6.500661000000000270e-06
6.496935000000000333e-06
6.489485000000000091e-06
6.489485000000000091e-06
6.485760000000000394e-06
6.482033999999999610e-06
6.482033999999999610e-06
6.478308999999999912e-06
6.478308999999999912e-06
6.478308999999999912e-06
6.482033999999999610e-06
6.482033999999999610e-06
6.482033999999999610e-06
6.485760000000000394e-06
6.489485000000000091e-06
6.493209999999999789e-06
6.496935000000000333e-06
6.500661000000000270e-06
6.504385999999999968e-06
6.508110999999999665e-06
6.508110999999999665e-06
6.508110999999999665e-06
6.504385999999999968e-06
6.500661000000000270e-06
6.496935000000000333e-06
6.493209999999999789e-06
6.489485000000000091e-06
6.489485000000000091e-06
6.489485000000000091e-06
6.489485000000000091e-06
6.485760000000000394e-06
6.485760000000000394e-06
6.482033999999999610e-06
6.482033999999999610e-06
6.478308999999999912e-06
6.478308999999999912e-06
6.482033999999999610e-06
6.482033999999999610e-06
6.482033999999999610e-06
6.485760000000000394e-06
6.489485000000000091e-06
6.489485000000000091e-06
6.489485000000000091e-06
6.489485000000000091e-06
6.493209999999999789e-06
6.496935000000000333e-06
6.500661000000000270e-06
6.504385999999999968e-06
6.508110999999999665e-06
6.508110999999999665e-06
6.508110999999999665e-06
6.508110999999999665e-06
6.511836999999999602e-06
6.508110999999999665e-06
6.508110999999999665e-06
6.508110999999999665e-06
6.504385999999999968e-06
6.504385999999999968e-06
6.500661000000000270e-06
6.500661000000000270e-06
6.496935000000000333e-06
6.496935000000000333e-06
6.496935000000000333e-06
6.496935000000000333e-06
6.496935000000000333e-06
6.496935000000000333e-06
6.500661000000000270e-06
6.504385999999999968e-06
6.508110999999999665e-06
6.515562000000000147e-06
6.519286999999999844e-06
6.523012000000000389e-06
6.526738000000000326e-06
6.530463000000000023e-06
6.534187999999999721e-06
6.541639000000000202e-06
6.545363999999999900e-06
6.549088999999999597e-06
6.552815000000000381e-06
6.552815000000000381e-06
6.556540000000000078e-06
6.560264999999999776e-06
6.563990999999999713e-06
6.567716000000000257e-06
6.567716000000000257e-06
6.571440999999999955e-06
6.571440999999999955e-06
6.571440999999999955e-06
6.575165999999999652e-06
6.575165999999999652e-06
6.575165999999999652e-06
6.575165999999999652e-06
6.578891999999999589e-06
6.582617000000000134e-06
6.582617000000000134e-06
6.586341999999999831e-06
6.586341999999999831e-06
6.590067999999999768e-06
6.586341999999999831e-06
6.586341999999999831e-06
6.582617000000000134e-06
6.575165999999999652e-06
6.567716000000000257e-06
6.560264999999999776e-06
6.556540000000000078e-06
6.552815000000000381e-06
6.552815000000000381e-06
6.549088999999999597e-06
6.549088999999999597e-06
6.545363999999999900e-06
6.545363999999999900e-06
6.545363999999999900e-06
6.545363999999999900e-06
6.545363999999999900e-06
6.541639000000000202e-06
6.541639000000000202e-06
6.537913999999999657e-06
6.534187999999999721e-06
6.534187999999999721e-06
6.530463000000000023e-06
6.526738000000000326e-06
6.526738000000000326e-06
6.523012000000000389e-06
6.519286999999999844e-06
6.519286999999999844e-06
6.515562000000000147e-06
6.515562000000000147e-06
6.511836999999999602e-06
6.511836999999999602e-06
6.511836999999999602e-06
6.508110999999999665e-06
6.504385999999999968e-06
6.500661000000000270e-06
6.500661000000000270e-06
6.496935000000000333e-06
6.496935000000000333e-06
6.496935000000000333e-06
6.496935000000000333e-06
6.496935000000000333e-06
6.500661000000000270e-06
6.504385999999999968e-06
6.508110999999999665e-06
6.515562000000000147e-06
6.519286999999999844e-06
6.523012000000000389e-06
6.526738000000000326e-06
6.526738000000000326e-06
6.530463000000000023e-06
6.530463000000000023e-06
6.526738000000000326e-06
6.523012000000000389e-06
6.519286999999999844e-06
6.508110999999999665e-06
6.500661000000000270e-06
6.489485000000000091e-06
6.485760000000000394e-06
6.478308999999999912e-06
6.470858000000000278e-06
6.467132999999999733e-06
6.463408000000000036e-06
6.463408000000000036e-06
6.467132999999999733e-06
6.470858000000000278e-06
