1.827638999999999935e-05
1.826893999999999995e-05
1.826893999999999995e-05
1.826893999999999995e-05
1.826893999999999995e-05
1.826893999999999995e-05
1.826893999999999995e-05
1.826893999999999995e-05
1.826149000000000056e-05
1.826149000000000056e-05
1.825404000000000116e-05
1.825404000000000116e-05
1.825404000000000116e-05
1.824658999999999838e-05
1.823913999999999898e-05
1.823913999999999898e-05
1.823913999999999898e-05
1.823168999999999959e-05
1.823168999999999959e-05
1.822424000000000019e-05
1.821679000000000080e-05
1.820934000000000140e-05
1.820934000000000140e-05
1.820188000000000131e-05
1.819442999999999853e-05
1.818697999999999913e-05
1.817952999999999973e-05
1.817208000000000034e-05
1.817208000000000034e-05
1.816463000000000094e-05
1.815718000000000155e-05
1.814972999999999877e-05
1.814972999999999877e-05
1.813482999999999998e-05
1.813482999999999998e-05
1.812738000000000058e-05
1.811993000000000119e-05
1.811247999999999840e-05
1.811247999999999840e-05
1.810502999999999901e-05
1.809757999999999961e-05
1.809013000000000022e-05
1.808268000000000082e-05
1.807522000000000073e-05
1.806777000000000133e-05
1.806031999999999855e-05
1.805286999999999916e-05
1.804541999999999976e-05
1.804541999999999976e-05
1.803797000000000037e-05
1.803052000000000097e-05
1.801561999999999879e-05
1.800816999999999940e-05
1.800072000000000000e-05
1.799327000000000061e-05
1.798582000000000121e-05
1.798582000000000121e-05
1.797836999999999843e-05
1.797091999999999903e-05
1.796346999999999964e-05
1.794857000000000085e-05
1.794111000000000075e-05
1.793366000000000136e-05
1.792620999999999858e-05
1.791875999999999918e-05
1.791875999999999918e-05
1.790386000000000039e-05
1.789641000000000100e-05
1.788896000000000160e-05
1.788150999999999882e-05
1.787405999999999942e-05
1.786661000000000003e-05
1.785916000000000063e-05
1.785916000000000063e-05
1.785171000000000124e-05
1.784425999999999845e-05
1.783680999999999906e-05
1.782935999999999966e-05
1.782935999999999966e-05
1.782191000000000027e-05
1.781445000000000017e-05
1.780700000000000078e-05
1.779955000000000138e-05
1.779209999999999860e-05
1.779209999999999860e-05
1.778464999999999921e-05
1.777719999999999981e-05
1.776975000000000042e-05
1.776230000000000102e-05
1.775485000000000163e-05
1.774739999999999884e-05
1.773994999999999945e-05
1.773250000000000005e-05
1.773250000000000005e-05
1.771760000000000126e-05
1.771014999999999848e-05
1.770269999999999908e-05
1.769524999999999969e-05
1.768778999999999959e-05
1.767289000000000080e-05
1.766544000000000141e-05
1.766544000000000141e-05
1.765053999999999923e-05
1.764308999999999984e-05
1.763564000000000044e-05
1.762819000000000105e-05
1.762074000000000165e-05
1.761328999999999887e-05
1.760583999999999947e-05
1.760583999999999947e-05
1.759839000000000008e-05
1.759094000000000068e-05
1.758349000000000129e-05
1.757603999999999850e-05
1.756858999999999911e-05
1.756112999999999901e-05
1.754623000000000022e-05
1.753878000000000083e-05
1.753133000000000143e-05
1.752387999999999865e-05
1.751642999999999926e-05
1.750897999999999986e-05
1.750153000000000047e-05
1.749408000000000107e-05
1.747917999999999889e-05
1.747917999999999889e-05
1.747172999999999950e-05
1.746428000000000010e-05
1.745683000000000071e-05
1.744938000000000131e-05
1.744192999999999853e-05
1.743447999999999913e-05
1.741956999999999965e-05
1.741212000000000025e-05
1.740467000000000086e-05
1.739722000000000146e-05
1.738231999999999928e-05
1.736742000000000049e-05
1.735997000000000110e-05
1.735251999999999831e-05
1.734506999999999892e-05
1.733761999999999952e-05
1.732272000000000073e-05
1.731527000000000134e-05
1.730781999999999856e-05
1.729290999999999907e-05
1.728545999999999967e-05
1.728545999999999967e-05
1.727801000000000028e-05
1.727056000000000088e-05
1.727056000000000088e-05
1.726311000000000149e-05
1.725565999999999870e-05
1.724820999999999931e-05
1.724075999999999991e-05
1.723331000000000052e-05
1.722586000000000112e-05
1.722586000000000112e-05
1.721840999999999834e-05
1.721095999999999894e-05
1.720350999999999955e-05
1.719606000000000015e-05
1.718861000000000076e-05
1.718116000000000136e-05
1.717370000000000127e-05
1.716624999999999849e-05
1.715879999999999909e-05
1.715879999999999909e-05
1.715134999999999970e-05
1.715134999999999970e-05
1.714390000000000030e-05
1.713645000000000091e-05
1.712900000000000151e-05
1.712900000000000151e-05
1.712154999999999873e-05
1.711409999999999933e-05
1.710664999999999994e-05
1.709920000000000054e-05
1.709920000000000054e-05
1.709175000000000115e-05
1.708429999999999836e-05
1.707684999999999897e-05
1.706939999999999957e-05
1.706195000000000018e-05
1.706195000000000018e-05
1.705450000000000078e-05
1.704704000000000069e-05
1.703213999999999851e-05
1.703213999999999851e-05
1.702468999999999912e-05
1.701723999999999972e-05
1.700979000000000033e-05
1.700234000000000093e-05
1.699489000000000154e-05
1.698743999999999875e-05
1.698743999999999875e-05
1.698743999999999875e-05
1.698743999999999875e-05
1.698743999999999875e-05
1.697998999999999936e-05
1.697998999999999936e-05
1.697998999999999936e-05
1.697998999999999936e-05
1.697998999999999936e-05
1.697253999999999996e-05
1.697253999999999996e-05
1.697253999999999996e-05
1.697253999999999996e-05
1.696509000000000057e-05
1.695764000000000117e-05
1.695018999999999839e-05
1.695018999999999839e-05
1.694273999999999899e-05
1.693528999999999960e-05
1.692784000000000020e-05
1.692038000000000011e-05
1.691293000000000071e-05
1.690548000000000132e-05
1.690548000000000132e-05
1.689802999999999854e-05
1.688312999999999975e-05
1.686823000000000096e-05
1.685332999999999878e-05
1.684587999999999938e-05
1.683098000000000059e-05
1.682353000000000120e-05
1.680862999999999902e-05
1.680117999999999962e-05
1.678627000000000014e-05
1.677882000000000074e-05
1.677882000000000074e-05
1.677137000000000135e-05
1.676391999999999856e-05
1.674901999999999977e-05
1.674157000000000038e-05
1.672667000000000159e-05
1.671921999999999880e-05
1.670432000000000001e-05
1.668942000000000122e-05
1.667451999999999905e-05
1.666706999999999965e-05
1.665216000000000016e-05
1.665216000000000016e-05
1.663726000000000137e-05
1.662980999999999859e-05
1.662235999999999919e-05
1.661490999999999980e-05
1.660746000000000040e-05
1.660001000000000101e-05
1.659256000000000161e-05
1.659256000000000161e-05
1.658510999999999883e-05
1.657021000000000004e-05
1.656276000000000064e-05
1.654785999999999847e-05
1.654040999999999907e-05
1.653294999999999898e-05
1.652549999999999958e-05
1.652549999999999958e-05
1.651805000000000019e-05
1.651060000000000079e-05
1.650315000000000140e-05
1.649569999999999861e-05
1.648824999999999922e-05
1.648079999999999982e-05
1.646590000000000103e-05
1.645845000000000164e-05
1.645099999999999885e-05
1.642865000000000067e-05
1.641374999999999849e-05
1.639883999999999900e-05
1.639138999999999961e-05
1.637649000000000082e-05
1.636158999999999864e-05
1.635413999999999924e-05
1.634668999999999985e-05
1.633924000000000045e-05
1.633924000000000045e-05
1.633179000000000106e-05
1.633179000000000106e-05
1.632434000000000166e-05
1.632434000000000166e-05
1.632434000000000166e-05
1.633179000000000106e-05
1.633179000000000106e-05
1.633179000000000106e-05
1.632434000000000166e-05
1.632434000000000166e-05
1.632434000000000166e-05
1.631688999999999888e-05
1.630943999999999948e-05
1.630199000000000009e-05
1.630199000000000009e-05
1.629454000000000069e-05
1.628709000000000130e-05
1.627963999999999852e-05
1.627217999999999842e-05
1.626472999999999903e-05
1.625727999999999963e-05
1.624983000000000024e-05
1.623493000000000145e-05
1.622002999999999927e-05
1.621257999999999987e-05
1.620513000000000048e-05
1.619023000000000169e-05
1.617532999999999951e-05
1.616043000000000072e-05
1.614552000000000123e-05
1.613806999999999845e-05
1.612316999999999966e-05
1.611572000000000026e-05
1.610827000000000087e-05
1.610082000000000147e-05
1.609336999999999869e-05
1.609336999999999869e-05
1.609336999999999869e-05
1.609336999999999869e-05
1.609336999999999869e-05
1.609336999999999869e-05
1.610082000000000147e-05
1.610082000000000147e-05
1.610082000000000147e-05
1.610082000000000147e-05
1.610082000000000147e-05
1.610827000000000087e-05
1.610082000000000147e-05
1.610082000000000147e-05
1.610082000000000147e-05
1.610082000000000147e-05
1.609336999999999869e-05
1.609336999999999869e-05
1.608591999999999929e-05
1.608591999999999929e-05
1.608591999999999929e-05
1.607846999999999990e-05
1.607102000000000050e-05
1.605611999999999833e-05
1.604866999999999893e-05
1.604121999999999954e-05
1.603377000000000014e-05
1.601886000000000065e-05
1.601141000000000126e-05
1.599650999999999908e-05
1.597416000000000089e-05
1.595925999999999871e-05
1.594435999999999992e-05
1.592946000000000113e-05
1.591455999999999896e-05
1.590710999999999956e-05
1.589220000000000007e-05
1.589220000000000007e-05
1.588475000000000068e-05
1.587730000000000128e-05
1.587730000000000128e-05
1.586984999999999850e-05
1.586984999999999850e-05
1.586239999999999910e-05
1.586239999999999910e-05
1.585494999999999971e-05
1.584750000000000031e-05
1.584005000000000092e-05
1.583260000000000152e-05
1.583260000000000152e-05
1.582514999999999874e-05
1.581769999999999934e-05
1.581024999999999995e-05
1.580280000000000055e-05
1.579535000000000116e-05
1.579535000000000116e-05
1.578789999999999838e-05
1.578044999999999898e-05
1.578044999999999898e-05
1.578044999999999898e-05
1.577299999999999959e-05
1.577299999999999959e-05
1.577299999999999959e-05
1.576553999999999949e-05
1.576553999999999949e-05
1.576553999999999949e-05
1.575809000000000010e-05
1.575809000000000010e-05
1.575064000000000070e-05
1.573573999999999852e-05
1.572828999999999913e-05
1.571339000000000034e-05
1.570594000000000094e-05
1.569849000000000155e-05
1.568358999999999937e-05
1.567613999999999997e-05
1.566869000000000058e-05
1.565378999999999840e-05
1.565378999999999840e-05
1.564633999999999901e-05
1.563888999999999961e-05
1.563888999999999961e-05
1.562398000000000012e-05
1.561653000000000073e-05
1.560162999999999855e-05
1.559417999999999915e-05
1.557928000000000036e-05
1.557183000000000097e-05
1.556438000000000157e-05
1.554947999999999939e-05
1.553458000000000060e-05
1.551967999999999843e-05
1.551222999999999903e-05
1.551222999999999903e-05
1.550476999999999894e-05
1.549731999999999954e-05
1.549731999999999954e-05
1.548987000000000015e-05
1.548987000000000015e-05
1.548987000000000015e-05
1.548987000000000015e-05
1.548987000000000015e-05
1.548987000000000015e-05
1.548242000000000075e-05
1.547497000000000136e-05
1.546751999999999857e-05
1.546751999999999857e-05
1.546006999999999918e-05
1.545261999999999978e-05
1.545261999999999978e-05
1.543772000000000099e-05
1.543027000000000160e-05
1.541536999999999942e-05
1.540792000000000003e-05
1.540047000000000063e-05
1.538556999999999845e-05
1.538556999999999845e-05
1.537810999999999836e-05
1.536320999999999957e-05
1.535576000000000017e-05
1.534831000000000078e-05
1.534086000000000138e-05
1.533340999999999860e-05
1.532595999999999920e-05
1.532595999999999920e-05
1.531106000000000041e-05
1.530361000000000102e-05
1.529616000000000162e-05
1.528870999999999884e-05
1.528125999999999945e-05
1.527381000000000005e-05
1.526636000000000066e-05
1.525891000000000126e-05
1.525139999999999936e-05
1.524394999999999997e-05
1.523650000000000057e-05
1.522158999999999939e-05
1.521413999999999999e-05
1.520669000000000060e-05
1.519923999999999951e-05
1.519923999999999951e-05
1.519179000000000011e-05
1.518434000000000072e-05
1.517688999999999963e-05
1.516944000000000023e-05
1.516199000000000084e-05
1.514709000000000036e-05
1.513963999999999927e-05
1.513218999999999987e-05
1.513218999999999987e-05
1.512474000000000048e-05
1.510983999999999999e-05
1.510239000000000060e-05
1.509493000000000050e-05
1.508747999999999941e-05
1.508003000000000002e-05
1.507258000000000062e-05
1.507258000000000062e-05
1.507258000000000062e-05
1.505768000000000014e-05
1.505023000000000074e-05
1.504277999999999966e-05
1.502787999999999917e-05
1.502042999999999978e-05
1.500552999999999929e-05
1.500552999999999929e-05
1.499063000000000050e-05
1.498317999999999941e-05
1.496826999999999992e-05
1.495336999999999944e-05
1.494592000000000004e-05
1.493847000000000065e-05
1.492357000000000016e-05
1.491612000000000077e-05
1.490122000000000029e-05
1.489376999999999920e-05
1.487887000000000041e-05
1.487887000000000041e-05
1.487141999999999932e-05
1.486396999999999992e-05
1.485652000000000053e-05
1.484906999999999944e-05
1.484160999999999934e-05
1.483415999999999995e-05
1.483415999999999995e-05
1.482671000000000055e-05
1.481925999999999946e-05
1.481925999999999946e-05
1.481181000000000007e-05
1.480436000000000067e-05
1.479690999999999959e-05
1.478946000000000019e-05
1.478201000000000080e-05
1.477455999999999971e-05
1.476711000000000031e-05
1.476711000000000031e-05
1.475965999999999922e-05
1.475220999999999983e-05
1.475220999999999983e-05
1.473730999999999934e-05
1.472985999999999995e-05
1.472241000000000055e-05
1.470749999999999937e-05
1.470004999999999997e-05
1.469260000000000058e-05
1.467770000000000009e-05
1.466279999999999961e-05
1.464790000000000082e-05
1.464044999999999973e-05
1.462554999999999925e-05
1.461809999999999985e-05
1.460319999999999937e-05
1.459574999999999997e-05
1.458084000000000048e-05
1.457338999999999939e-05
1.456594000000000000e-05
1.455849000000000060e-05
1.454359000000000012e-05
1.453614000000000072e-05
1.452124000000000024e-05
1.451379000000000085e-05
1.449889000000000036e-05
1.449143999999999927e-05
1.448398999999999988e-05
1.446908999999999939e-05
1.446164000000000000e-05
1.445417999999999990e-05
1.444673000000000051e-05
1.443927999999999942e-05
1.443183000000000002e-05
1.442438000000000063e-05
1.441692999999999954e-05
1.440203000000000075e-05
1.438713000000000027e-05
1.437967999999999918e-05
1.437222999999999978e-05
1.435732999999999930e-05
1.434243000000000051e-05
1.432751999999999932e-05
1.432006999999999993e-05
1.431262000000000053e-05
1.429772000000000005e-05
1.428281999999999957e-05
1.427537000000000017e-05
1.426046999999999969e-05
1.424556999999999920e-05
1.423811999999999981e-05
1.423067000000000041e-05
1.421576999999999993e-05
1.420086000000000044e-05
1.419340999999999935e-05
1.418595999999999995e-05
1.417851000000000056e-05
1.416361000000000008e-05
1.415616000000000068e-05
1.414126000000000020e-05
1.413381000000000080e-05
1.412635999999999971e-05
1.411891000000000032e-05
1.411145999999999923e-05
1.410400999999999983e-05
1.409656000000000044e-05
1.408910999999999935e-05
1.408165999999999995e-05
1.407419999999999986e-05
1.406675000000000046e-05
1.405929999999999937e-05
1.405184999999999998e-05
1.403694999999999950e-05
1.402205000000000071e-05
1.400715000000000022e-05
1.399224999999999974e-05
1.398480000000000034e-05
1.396989999999999986e-05
1.396245000000000046e-05
1.395499999999999937e-05
1.394754999999999998e-05
1.393264000000000049e-05
1.393264000000000049e-05
1.391774000000000000e-05
1.391029000000000061e-05
1.389539000000000013e-05
1.388048999999999964e-05
1.386558999999999916e-05
1.385069000000000037e-05
1.383578999999999988e-05
1.381342999999999930e-05
1.380597999999999991e-05
1.378363000000000003e-05
1.376128000000000015e-05
1.373893000000000027e-05
1.372402999999999979e-05
1.370167999999999991e-05
1.368677000000000042e-05
1.367186999999999993e-05
1.364952000000000006e-05
1.363461999999999957e-05
1.361972000000000078e-05
1.360482000000000030e-05
1.359736999999999921e-05
1.358247000000000042e-05
1.356756999999999993e-05
1.355266000000000044e-05
1.354520999999999936e-05
1.353031000000000057e-05
1.351541000000000008e-05
1.350050999999999960e-05
1.348561000000000081e-05
1.347815999999999972e-05
1.346325999999999923e-05
1.344836000000000044e-05
1.343345999999999996e-05
1.342599999999999986e-05
1.341109999999999938e-05
1.339620000000000059e-05
1.338130000000000011e-05
1.336639999999999962e-05
1.335895000000000023e-05
1.335150000000000083e-05
1.333660000000000035e-05
1.332169999999999986e-05
1.331425000000000047e-05
1.331425000000000047e-05
1.332169999999999986e-05
1.332169999999999986e-05
1.332169999999999986e-05
1.332169999999999986e-05
1.330679999999999938e-05
1.329933999999999929e-05
1.329933999999999929e-05
1.329188999999999989e-05
1.329188999999999989e-05
1.328444000000000049e-05
1.326954000000000001e-05
1.325463999999999953e-05
1.324719000000000013e-05
1.324719000000000013e-05
1.323974000000000074e-05
1.323228999999999965e-05
1.322484000000000025e-05
1.320993999999999977e-05
1.320249000000000037e-05
1.319503999999999928e-05
1.318758999999999989e-05
1.317268000000000040e-05
1.316522999999999931e-05
1.315777999999999992e-05
1.314287999999999943e-05
1.312052999999999955e-05
1.310563000000000076e-05
1.308327999999999919e-05
1.306092999999999931e-05
1.303857000000000042e-05
1.301622000000000055e-05
1.298641999999999958e-05
1.297152000000000079e-05
1.294171999999999982e-05
1.291935999999999924e-05
1.290446000000000045e-05
1.288211000000000057e-05
1.285976000000000069e-05
1.285230999999999960e-05
1.282995999999999972e-05
1.281505999999999924e-05
1.280016000000000045e-05
1.279270999999999936e-05
1.278524999999999927e-05
1.277779999999999987e-05
1.277035000000000048e-05
1.275544999999999999e-05
1.274054999999999951e-05
1.273310000000000011e-05
1.272565000000000072e-05
1.271075000000000023e-05
1.269584999999999975e-05
1.268094999999999926e-05
1.267349999999999987e-05
1.266605000000000047e-05
1.265859000000000038e-05
1.265113999999999929e-05
1.264368999999999990e-05
1.263624000000000050e-05
1.262878999999999941e-05
1.262134000000000002e-05
1.261389000000000062e-05
1.261389000000000062e-05
1.260643999999999953e-05
1.259899000000000014e-05
1.259899000000000014e-05
1.259154000000000074e-05
1.257664000000000026e-05
1.256173999999999977e-05
1.254683999999999929e-05
1.253938999999999989e-05
1.251702999999999932e-05
1.250213000000000053e-05
1.248723000000000004e-05
1.247232999999999956e-05
1.245743000000000077e-05
1.243507999999999919e-05
1.242018000000000040e-05
1.241272999999999932e-05
1.239781999999999983e-05
1.238291999999999934e-05
1.236056999999999946e-05
1.234567000000000067e-05
1.233821999999999958e-05
1.232332000000000079e-05
1.230842000000000031e-05
1.229351999999999982e-05
1.228607000000000043e-05
1.227115999999999925e-05
1.225626000000000046e-05
1.223391000000000058e-05
1.221901000000000009e-05
1.221156000000000070e-05
1.219666000000000021e-05
1.218175999999999973e-05
1.216685999999999925e-05
1.215940999999999985e-05
1.214450000000000036e-05
1.212959999999999988e-05
1.211469999999999939e-05
1.209980000000000060e-05
1.209234999999999951e-05
1.208490000000000012e-05
1.207745000000000072e-05
1.206255000000000024e-05
1.205510000000000084e-05
1.204020000000000036e-05
1.203274999999999927e-05
1.202529999999999988e-05
1.201039000000000039e-05
1.199548999999999990e-05
1.198058999999999942e-05
1.196569000000000063e-05
1.195823999999999954e-05
1.194334000000000075e-05
1.192844000000000026e-05
1.191353999999999978e-05
1.189863999999999930e-05
1.188372999999999981e-05
1.186882999999999932e-05
1.185393000000000053e-05
1.183903000000000005e-05
1.183158000000000065e-05
1.181668000000000017e-05
1.180177999999999968e-05
1.178687999999999920e-05
1.177942999999999981e-05
1.176452000000000032e-05
1.174961999999999983e-05
1.172726999999999995e-05
1.171236999999999947e-05
1.170492000000000007e-05
1.169001999999999959e-05
1.167512000000000080e-05
1.166022000000000031e-05
1.165276999999999923e-05
1.163787000000000044e-05
1.161550999999999986e-05
1.160060999999999937e-05
1.158571000000000058e-05
1.157825999999999949e-05
1.156336000000000070e-05
1.154846000000000022e-05
1.153355999999999974e-05
1.152611000000000034e-05
1.151120999999999986e-05
1.149630000000000037e-05
1.148139999999999988e-05
1.147395000000000049e-05
1.145905000000000000e-05
1.145160000000000061e-05
1.143670000000000012e-05
1.142179999999999964e-05
1.140689999999999916e-05
1.139944999999999976e-05
1.139200000000000037e-05
1.137708999999999918e-05
1.136219000000000039e-05
1.134728999999999991e-05
1.133238999999999942e-05
1.132494000000000003e-05
1.131003999999999954e-05
1.130259000000000015e-05
1.128768999999999966e-05
1.127278999999999918e-05
1.127278999999999918e-05
1.125789000000000039e-05
1.124297999999999921e-05
1.123552999999999981e-05
1.122062999999999933e-05
1.121317999999999993e-05
1.120573000000000054e-05
1.119827999999999945e-05
1.118338000000000066e-05
1.116848000000000017e-05
1.115357999999999969e-05
1.113867999999999921e-05
1.112378000000000042e-05
1.110141999999999984e-05
1.108651999999999935e-05
1.107162000000000056e-05
1.104927000000000068e-05
1.103437000000000020e-05
1.101946999999999972e-05
1.099711999999999984e-05
1.098221000000000035e-05
1.095986000000000047e-05
1.095240999999999938e-05
1.093751000000000059e-05
1.092261000000000010e-05
1.090770999999999962e-05
1.089281000000000083e-05
1.088535999999999974e-05
1.086299999999999916e-05
1.084810000000000037e-05
1.083319999999999989e-05
1.082575000000000049e-05
1.081085000000000001e-05
1.079594999999999952e-05
1.078105000000000073e-05
1.076615000000000025e-05
1.075869999999999916e-05
1.075124999999999977e-05
1.073634000000000028e-05
1.072888999999999919e-05
1.071399000000000040e-05
1.070653999999999931e-05
1.069908999999999991e-05
1.068418999999999943e-05
1.067674000000000003e-05
1.066183999999999955e-05
1.064694000000000076e-05
1.063948999999999967e-05
1.062458999999999919e-05
1.060967999999999970e-05
1.059477999999999921e-05
1.057988000000000042e-05
1.057242999999999933e-05
1.055753000000000054e-05
1.054263000000000006e-05
1.052772999999999958e-05
1.051283000000000079e-05
1.050537999999999970e-05
1.049047999999999921e-05
1.048302999999999982e-05
1.046812000000000033e-05
1.045321999999999984e-05
1.044577000000000045e-05
1.043831999999999936e-05
1.042342000000000057e-05
1.040852000000000008e-05
1.039361999999999960e-05
1.038617000000000021e-05
1.037126999999999972e-05
1.035636999999999924e-05
1.034145999999999975e-05
1.032655999999999926e-05
1.031910999999999987e-05
1.031166000000000047e-05
1.029675999999999999e-05
1.028185999999999951e-05
1.026696000000000072e-05
1.025950999999999963e-05
1.025206000000000023e-05
1.023715999999999975e-05
1.022971000000000035e-05
1.021479999999999917e-05
1.019990000000000038e-05
1.019244999999999929e-05
1.018499999999999989e-05
1.017009999999999941e-05
1.015520000000000062e-05
1.014774999999999953e-05
1.013285000000000074e-05
1.012539999999999965e-05
1.011795000000000026e-05
1.010304999999999977e-05
1.008814000000000028e-05
1.007323999999999980e-05
1.006579000000000040e-05
1.005833999999999931e-05
1.004344000000000052e-05
1.002854000000000004e-05
1.002109000000000064e-05
1.000619000000000016e-05
9.998736999999999201e-06
9.983835999999999324e-06
9.976385999999999929e-06
9.961484000000000660e-06
9.954033999999999571e-06
9.939132999999999695e-06
9.939132999999999695e-06
9.924231999999999818e-06
9.916780999999999337e-06
9.901879999999999460e-06
9.894429000000000673e-06
9.879528000000000796e-06
9.879528000000000796e-06
9.872077000000000315e-06
9.857176000000000439e-06
9.849725999999999349e-06
9.842275000000000562e-06
9.834824999999999473e-06
9.827374000000000686e-06
9.812473000000000809e-06
9.805022000000000328e-06
9.782670999999999362e-06
9.767769000000000093e-06
9.752868000000000217e-06
9.737967000000000340e-06
9.715614999999999982e-06
9.700714000000000106e-06
9.685813000000000230e-06
9.678361999999999748e-06
9.663460999999999872e-06
9.656011000000000477e-06
9.641110000000000600e-06
9.626207999999999637e-06
9.618758000000000242e-06
9.603857000000000366e-06
9.581505000000000008e-06
9.566604000000000131e-06
9.559152999999999650e-06
9.551703000000000255e-06
9.536800999999999292e-06
9.529350999999999897e-06
9.514450000000000020e-06
9.506998999999999539e-06
9.499548000000000752e-06
9.492097999999999663e-06
9.484646999999999181e-06
9.469745999999999305e-06
9.462295999999999910e-06
9.447394000000000641e-06
9.432493000000000764e-06
9.432493000000000764e-06
9.425042999999999675e-06
9.410141999999999799e-06
9.402690999999999317e-06
9.395240000000000530e-06
9.387789999999999441e-06
9.372888999999999564e-06
9.372888999999999564e-06
9.357987000000000296e-06
9.343086000000000419e-06
9.335635999999999330e-06
9.328185000000000543e-06
9.313284000000000666e-06
9.305833000000000185e-06
9.298383000000000790e-06
9.290932000000000308e-06
9.276031000000000432e-06
9.268579999999999950e-06
9.253679000000000074e-06
9.246229000000000679e-06
9.238778000000000197e-06
9.231328000000000802e-06
9.216425999999999839e-06
9.208976000000000444e-06
9.194075000000000568e-06
9.186624000000000086e-06
9.179174000000000691e-06
9.171723000000000210e-06
9.156822000000000334e-06
9.149370999999999852e-06
9.134469999999999976e-06
9.127018999999999494e-06
9.119569000000000099e-06
9.112117999999999618e-06
9.097216999999999741e-06
9.089767000000000346e-06
9.074864999999999383e-06
9.067414999999999988e-06
9.059963999999999507e-06
9.052514000000000112e-06
9.045062999999999630e-06
9.030161999999999754e-06
9.022710999999999272e-06
9.007809999999999396e-06
9.000360000000000001e-06
8.992908999999999520e-06
8.978007999999999643e-06
8.970556999999999162e-06
8.955655999999999285e-06
8.948205999999999890e-06
8.940754999999999409e-06
8.925853999999999532e-06
8.925853999999999532e-06
8.910952999999999656e-06
8.903501999999999174e-06
8.888600999999999298e-06
8.881150000000000510e-06
8.866249000000000634e-06
8.866249000000000634e-06
8.851348000000000757e-06
8.836446999999999187e-06
8.828996000000000400e-06
8.814095000000000523e-06
8.799194000000000647e-06
8.791743000000000165e-06
8.776842000000000289e-06
8.761941000000000412e-06
8.747040000000000536e-06
8.739589000000000054e-06
8.724688000000000178e-06
8.709787000000000301e-06
8.694886000000000425e-06
8.679985000000000548e-06
8.672534000000000067e-06
8.657633000000000191e-06
8.650181999999999709e-06
8.635280999999999833e-06
8.620379999999999956e-06
8.612928999999999475e-06
8.605479000000000080e-06
8.598027999999999598e-06
8.590578000000000203e-06
8.575675999999999240e-06
8.568225999999999845e-06
8.560774999999999364e-06
8.553324999999999969e-06
8.545873999999999487e-06
8.545873999999999487e-06
8.538424000000000092e-06
8.523522000000000823e-06
8.516071999999999734e-06
8.508620999999999253e-06
8.493719999999999376e-06
8.486269999999999981e-06
8.478818999999999500e-06
8.463917999999999624e-06
8.456467000000000836e-06
8.441565999999999266e-06
8.426664999999999389e-06
8.419214000000000602e-06
8.411763999999999513e-06
8.396862999999999636e-06
8.381961000000000367e-06
8.367060000000000491e-06
8.359609999999999402e-06
8.344708000000000133e-06
8.337258000000000738e-06
8.322356999999999167e-06
8.307455999999999291e-06
8.292554000000000022e-06
8.285104000000000627e-06
8.270203000000000751e-06
8.262752000000000269e-06
8.247851000000000393e-06
8.232950000000000516e-06
8.225499000000000035e-06
8.218049000000000640e-06
8.203146999999999677e-06
8.188245999999999800e-06
8.173344999999999924e-06
8.165895000000000529e-06
8.158444000000000047e-06
8.143543000000000171e-06
8.128642000000000295e-06
8.113739999999999332e-06
8.106289999999999937e-06
8.098838999999999455e-06
8.083937999999999579e-06
8.076488000000000184e-06
8.061585999999999221e-06
8.054135999999999826e-06
8.039234999999999949e-06
8.039234999999999949e-06
8.031783999999999468e-06
8.016882999999999591e-06
8.009432000000000804e-06
8.001981999999999715e-06
7.994530999999999233e-06
7.987080999999999838e-06
7.979629999999999357e-06
7.972179000000000570e-06
7.964728999999999481e-06
7.957278000000000693e-06
7.949827999999999604e-06
7.942377000000000817e-06
7.942377000000000817e-06
7.934926999999999728e-06
7.927475999999999246e-06
7.920025000000000459e-06
7.912574999999999370e-06
7.905124000000000582e-06
7.897673999999999493e-06
7.890223000000000706e-06
7.875322000000000829e-06
7.867871000000000348e-06
7.860420999999999259e-06
7.852970000000000471e-06
7.845519999999999382e-06
7.830618000000000114e-06
7.823168000000000718e-06
7.808267000000000842e-06
7.793365999999999271e-06
7.785915000000000484e-06
7.778464000000000003e-06
7.763563000000000126e-06
7.756113000000000731e-06
7.748662000000000250e-06
7.733761000000000373e-06
7.726309999999999892e-06
7.726309999999999892e-06
7.718860000000000497e-06
7.711409000000000015e-06
7.703959000000000620e-06
7.696508000000000139e-06
7.689056999999999657e-06
7.681607000000000262e-06
7.674155999999999781e-06
7.666706000000000386e-06
7.659254999999999904e-06
7.659254999999999904e-06
7.651803999999999423e-06
7.644354000000000028e-06
7.636902999999999547e-06
7.629453000000000151e-06
7.621973000000000352e-06
7.621973000000000352e-06
7.614521999999999870e-06
7.607071999999999628e-06
7.599620999999999994e-06
7.599620999999999994e-06
7.584720000000000117e-06
7.577269999999999875e-06
7.562367999999999760e-06
7.554918000000000365e-06
7.540016999999999641e-06
7.532566000000000007e-06
7.532566000000000007e-06
7.525115999999999765e-06
7.517665000000000130e-06
7.502764000000000254e-06
7.495312999999999772e-06
7.480411999999999896e-06
7.472961000000000261e-06
7.458060000000000385e-06
7.450610000000000143e-06
7.435709000000000266e-06
7.420807000000000150e-06
7.405906000000000274e-06
7.391005000000000398e-06
7.376103999999999674e-06
7.353752000000000163e-06
7.346301999999999921e-06
7.323950000000000410e-06
7.301598000000000052e-06
7.286697000000000176e-06
7.271796000000000299e-06
7.249443999999999941e-06
7.234543000000000065e-06
7.219642000000000188e-06
7.197289999999999831e-06
7.174938000000000320e-06
7.152585999999999962e-06
7.145135999999999720e-06
7.122784000000000209e-06
7.100431999999999851e-06
7.085530999999999974e-06
7.063179999999999856e-06
7.048277999999999740e-06
7.025926999999999622e-06
7.011025000000000353e-06
6.996123999999999629e-06
6.973773000000000358e-06
6.966321999999999876e-06
6.943970000000000365e-06
6.929068999999999642e-06
6.906717000000000131e-06
6.899266999999999889e-06
6.884366000000000012e-06
6.862013999999999655e-06
6.847112999999999778e-06
6.839662000000000144e-06
6.817309999999999786e-06
6.794958999999999667e-06
6.772607000000000156e-06
6.757706000000000280e-06
6.735353999999999922e-06
6.713002000000000411e-06
6.698100999999999688e-06
6.675749000000000177e-06
6.653398000000000058e-06
6.638495999999999942e-06
6.616144999999999824e-06
6.593793000000000313e-06
6.571440999999999955e-06
6.549088999999999597e-06
6.519286999999999844e-06
6.496935000000000333e-06
6.467132999999999733e-06
6.444781000000000222e-06
6.422430000000000104e-06
6.392627000000000111e-06
6.370275999999999993e-06
6.333022999999999759e-06
6.318120999999999643e-06
6.288318999999999890e-06
6.258517000000000137e-06
6.228714000000000145e-06
6.206363000000000026e-06
6.176560000000000034e-06
6.139308000000000039e-06
6.116955999999999681e-06
6.087152999999999688e-06
6.064802000000000417e-06
6.034998999999999578e-06
6.012648000000000306e-06
5.982845000000000314e-06
5.953042999999999714e-06
5.930691000000000203e-06
5.893437999999999968e-06
5.871086999999999850e-06
5.841283999999999858e-06
5.818932999999999739e-06
5.789129999999999747e-06
5.759327999999999994e-06
5.736975999999999636e-06
5.707173999999999883e-06
5.684822000000000372e-06
5.655019999999999772e-06
5.632668000000000261e-06
5.610315999999999903e-06
5.587964999999999785e-06
5.573062999999999669e-06
5.550712000000000397e-06
5.535810000000000282e-06
5.520909000000000405e-06
5.506007999999999682e-06
5.498558000000000287e-06
5.483656000000000171e-06
5.468755000000000294e-06
5.453854000000000418e-06
5.446404000000000176e-06
5.438952999999999694e-06
5.424051999999999818e-06
5.409150999999999941e-06
5.394248999999999825e-06
5.379347999999999949e-06
5.371897999999999707e-06
5.356996999999999830e-06
5.342094999999999715e-06
5.327193999999999838e-06
5.319743999999999596e-06
5.304842000000000327e-06
5.297392000000000085e-06
5.282491000000000209e-06
5.260138999999999851e-06
5.252688000000000216e-06
5.237787000000000340e-06
5.222885999999999616e-06
5.207984999999999740e-06
5.193083999999999863e-06
5.193083999999999863e-06
5.178182999999999987e-06
5.163280999999999871e-06
5.155830999999999629e-06
5.148379999999999995e-06
5.140929999999999753e-06
5.126028999999999876e-06
5.126028999999999876e-06
5.118578000000000242e-06
5.111126999999999760e-06
5.096225999999999884e-06
5.088775999999999642e-06
5.081325000000000007e-06
5.073874000000000373e-06
5.066424000000000131e-06
5.066424000000000131e-06
5.051523000000000254e-06
5.044071999999999773e-06
5.036622000000000378e-06
5.029170999999999896e-06
5.014270000000000020e-06
5.006819000000000386e-06
4.999369000000000143e-06
4.999369000000000143e-06
4.984468000000000267e-06
4.977016999999999786e-06
4.969566000000000151e-06
4.954665000000000275e-06
4.947215000000000033e-06
4.939764000000000398e-06
4.939764000000000398e-06
4.932312999999999917e-06
4.924862999999999675e-06
4.909961999999999798e-06
4.902511000000000164e-06
4.887610000000000287e-06
4.880158999999999806e-06
4.872709000000000411e-06
4.857807999999999687e-06
4.850357000000000053e-06
4.835456000000000177e-06
4.828004999999999695e-06
4.813103999999999819e-06
4.805653999999999577e-06
4.790752000000000308e-06
4.775850999999999584e-06
4.760949999999999708e-06
4.746048999999999831e-06
4.738598000000000197e-06
4.723697000000000320e-06
4.701344999999999962e-06
4.686444000000000086e-06
4.678993999999999844e-06
4.664092999999999967e-06
4.641740999999999610e-06
4.626839999999999733e-06
4.619389000000000099e-06
4.604488000000000222e-06
4.589587000000000346e-06
4.574685999999999622e-06
4.559784000000000353e-06
4.552334000000000111e-06
4.537433000000000235e-06
4.529981999999999753e-06
4.522532000000000358e-06
4.507630000000000243e-06
4.500180000000000000e-06
4.500180000000000000e-06
4.492729000000000366e-06
4.492729000000000366e-06
4.492729000000000366e-06
4.500180000000000000e-06
4.500180000000000000e-06
4.500180000000000000e-06
4.507630000000000243e-06
4.507630000000000243e-06
4.507630000000000243e-06
4.515080999999999877e-06
4.515080999999999877e-06
4.515080999999999877e-06
4.515080999999999877e-06
4.507630000000000243e-06
4.507630000000000243e-06
4.507630000000000243e-06
4.500180000000000000e-06
4.500180000000000000e-06
4.492729000000000366e-06
4.492729000000000366e-06
4.492729000000000366e-06
4.485279000000000124e-06
4.477827999999999643e-06
4.470377000000000008e-06
4.462926999999999766e-06
4.455476000000000132e-06
4.455476000000000132e-06
4.448025999999999890e-06
4.433125000000000013e-06
4.433125000000000013e-06
4.425674000000000379e-06
4.410772999999999655e-06
4.395871999999999779e-06
4.380969999999999663e-06
4.366068999999999786e-06
4.358619000000000391e-06
4.343717999999999668e-06
4.328816000000000399e-06
4.313914999999999676e-06
4.306465000000000281e-06
4.284112999999999923e-06
4.269212000000000046e-06
4.254311000000000170e-06
4.239409000000000054e-06
4.217057999999999935e-06
4.202157000000000059e-06
4.179804999999999701e-06
4.164903999999999824e-06
4.142552000000000314e-06
4.120199999999999956e-06
4.105299000000000079e-06
4.075497000000000326e-06
4.053144999999999968e-06
4.030792999999999610e-06
4.000990999999999857e-06
3.978639000000000347e-06
3.948836999999999747e-06
3.926485000000000236e-06
3.889232000000000001e-06
3.859430000000000248e-06
3.837077999999999890e-06
3.807260999999999935e-06
3.777459000000000182e-06
3.747657000000000006e-06
3.717854000000000013e-06
3.688051999999999837e-06
3.658250000000000084e-06
3.620996999999999850e-06
3.591193999999999857e-06
3.546490999999999804e-06
3.516689000000000051e-06
3.479435999999999817e-06
3.449632999999999825e-06
3.419831000000000072e-06
3.390028999999999895e-06
3.352776000000000084e-06
3.330424000000000150e-06
3.300621999999999974e-06
3.278270000000000039e-06
3.255918000000000105e-06
3.241016999999999805e-06
3.226115999999999928e-06
3.218664999999999870e-06
3.203763999999999994e-06
3.196314000000000175e-06
3.188863000000000118e-06
3.173961999999999818e-06
3.166511000000000183e-06
3.159060999999999941e-06
3.151609999999999883e-06
3.144160000000000065e-06
3.136709000000000007e-06
3.129257999999999949e-06
3.129257999999999949e-06
3.121808000000000130e-06
3.121808000000000130e-06
3.121808000000000130e-06
3.121808000000000130e-06
3.121808000000000130e-06
3.121808000000000130e-06
3.121808000000000130e-06
3.114357000000000072e-06
3.114357000000000072e-06
3.106906999999999830e-06
3.106906999999999830e-06
3.106906999999999830e-06
3.106906999999999830e-06
3.106906999999999830e-06
3.114357000000000072e-06
3.121808000000000130e-06
3.121808000000000130e-06
3.129257999999999949e-06
3.129257999999999949e-06
3.129257999999999949e-06
3.129257999999999949e-06
3.129257999999999949e-06
3.129257999999999949e-06
3.129257999999999949e-06
3.136709000000000007e-06
3.136709000000000007e-06
3.144160000000000065e-06
3.144160000000000065e-06
3.151609999999999883e-06
3.151609999999999883e-06
3.151609999999999883e-06
3.151609999999999883e-06
3.151609999999999883e-06
3.151609999999999883e-06
3.151609999999999883e-06
3.151609999999999883e-06
3.151609999999999883e-06
3.151609999999999883e-06
3.144160000000000065e-06
3.144160000000000065e-06
3.144160000000000065e-06
3.144160000000000065e-06
3.144160000000000065e-06
3.144160000000000065e-06
3.136709000000000007e-06
3.136709000000000007e-06
3.136709000000000007e-06
3.136709000000000007e-06
3.129257999999999949e-06
3.129257999999999949e-06
3.129257999999999949e-06
3.129257999999999949e-06
3.129257999999999949e-06
3.129257999999999949e-06
3.129257999999999949e-06
3.129257999999999949e-06
3.129257999999999949e-06
3.136709000000000007e-06
3.136709000000000007e-06
3.136709000000000007e-06
3.136709000000000007e-06
3.144160000000000065e-06
3.144160000000000065e-06
3.144160000000000065e-06
3.151609999999999883e-06
3.151609999999999883e-06
3.151609999999999883e-06
3.151609999999999883e-06
3.151609999999999883e-06
3.151609999999999883e-06
3.151609999999999883e-06
3.159060999999999941e-06
3.159060999999999941e-06
3.151609999999999883e-06
3.151609999999999883e-06
3.151609999999999883e-06
3.151609999999999883e-06
3.151609999999999883e-06
3.144160000000000065e-06
3.144160000000000065e-06
3.144160000000000065e-06
3.144160000000000065e-06
3.136709000000000007e-06
3.136709000000000007e-06
3.136709000000000007e-06
3.136709000000000007e-06
3.136709000000000007e-06
3.129257999999999949e-06
3.129257999999999949e-06
3.136709000000000007e-06
3.136709000000000007e-06
3.136709000000000007e-06
3.136709000000000007e-06
3.136709000000000007e-06
3.136709000000000007e-06
3.129257999999999949e-06
3.129257999999999949e-06
3.129257999999999949e-06
3.129257999999999949e-06
3.129257999999999949e-06
3.129257999999999949e-06
3.129257999999999949e-06
3.129257999999999949e-06
3.129257999999999949e-06
3.129257999999999949e-06
3.136709000000000007e-06
3.136709000000000007e-06
3.136709000000000007e-06
3.136709000000000007e-06
3.136709000000000007e-06
3.136709000000000007e-06
3.136709000000000007e-06
3.136709000000000007e-06
3.136709000000000007e-06
3.136709000000000007e-06
3.144160000000000065e-06
3.144160000000000065e-06
3.151609999999999883e-06
3.151609999999999883e-06
3.151609999999999883e-06
3.159060999999999941e-06
3.159060999999999941e-06
3.159060999999999941e-06
3.166511000000000183e-06
3.166511000000000183e-06
3.166511000000000183e-06
3.166511000000000183e-06
3.166511000000000183e-06
3.166511000000000183e-06
3.173961999999999818e-06
3.173961999999999818e-06
3.173961999999999818e-06
3.173961999999999818e-06
3.173961999999999818e-06
3.173961999999999818e-06
3.173961999999999818e-06
3.173961999999999818e-06
3.173961999999999818e-06
3.173961999999999818e-06
3.173961999999999818e-06
3.173961999999999818e-06
3.166511000000000183e-06
3.166511000000000183e-06
3.166511000000000183e-06
3.166511000000000183e-06
3.166511000000000183e-06
3.166511000000000183e-06
3.166511000000000183e-06
3.166511000000000183e-06
3.166511000000000183e-06
3.166511000000000183e-06
3.166511000000000183e-06
3.166511000000000183e-06
3.166511000000000183e-06
3.166511000000000183e-06
3.166511000000000183e-06
3.166511000000000183e-06
3.173961999999999818e-06
3.173961999999999818e-06
3.181412000000000060e-06
3.188863000000000118e-06
3.196314000000000175e-06
3.196314000000000175e-06
3.203763999999999994e-06
3.203763999999999994e-06
3.211215000000000052e-06
3.211215000000000052e-06
3.218664999999999870e-06
3.218664999999999870e-06
3.226115999999999928e-06
3.226115999999999928e-06
3.226115999999999928e-06
3.226115999999999928e-06
3.226115999999999928e-06
3.226115999999999928e-06
3.226115999999999928e-06
3.226115999999999928e-06
3.226115999999999928e-06
3.226115999999999928e-06
3.226115999999999928e-06
3.226115999999999928e-06
3.226115999999999928e-06
3.226115999999999928e-06
3.226115999999999928e-06
3.226115999999999928e-06
3.226115999999999928e-06
3.226115999999999928e-06
3.226115999999999928e-06
3.226115999999999928e-06
3.226115999999999928e-06
3.226115999999999928e-06
3.226115999999999928e-06
3.218664999999999870e-06
3.218664999999999870e-06
3.218664999999999870e-06
3.211215000000000052e-06
3.211215000000000052e-06
3.211215000000000052e-06
3.211215000000000052e-06
3.211215000000000052e-06
3.211215000000000052e-06
3.211215000000000052e-06
3.211215000000000052e-06
3.211215000000000052e-06
3.203763999999999994e-06
3.203763999999999994e-06
3.203763999999999994e-06
3.203763999999999994e-06
3.203763999999999994e-06
3.203763999999999994e-06
3.203763999999999994e-06
3.203763999999999994e-06
3.203763999999999994e-06
3.203763999999999994e-06
3.196314000000000175e-06
3.196314000000000175e-06
3.188863000000000118e-06
3.188863000000000118e-06
3.181412000000000060e-06
3.181412000000000060e-06
3.173961999999999818e-06
3.173961999999999818e-06
3.166511000000000183e-06
3.166511000000000183e-06
3.166511000000000183e-06
3.166511000000000183e-06
3.166511000000000183e-06
3.166511000000000183e-06
3.166511000000000183e-06
3.166511000000000183e-06
3.166511000000000183e-06
3.166511000000000183e-06
3.166511000000000183e-06
3.173961999999999818e-06
3.181412000000000060e-06
3.181412000000000060e-06
3.188863000000000118e-06
3.196314000000000175e-06
3.196314000000000175e-06
3.196314000000000175e-06
3.196314000000000175e-06
3.188863000000000118e-06
3.188863000000000118e-06
3.181412000000000060e-06
3.181412000000000060e-06
3.181412000000000060e-06
3.181412000000000060e-06
3.181412000000000060e-06
3.188863000000000118e-06
3.188863000000000118e-06
3.196314000000000175e-06
3.196314000000000175e-06
3.203763999999999994e-06
3.203763999999999994e-06
3.203763999999999994e-06
3.203763999999999994e-06
3.203763999999999994e-06
3.203763999999999994e-06
3.203763999999999994e-06
3.196314000000000175e-06
3.196314000000000175e-06
3.196314000000000175e-06
3.196314000000000175e-06
3.196314000000000175e-06
3.196314000000000175e-06
3.188863000000000118e-06
3.188863000000000118e-06
3.188863000000000118e-06
3.196314000000000175e-06
3.196314000000000175e-06
3.188863000000000118e-06
3.188863000000000118e-06
3.188863000000000118e-06
3.188863000000000118e-06
3.188863000000000118e-06
3.196314000000000175e-06
3.196314000000000175e-06
3.196314000000000175e-06
3.196314000000000175e-06
3.203763999999999994e-06
3.203763999999999994e-06
3.203763999999999994e-06
3.211215000000000052e-06
3.211215000000000052e-06
3.211215000000000052e-06
3.211215000000000052e-06
3.211215000000000052e-06
3.211215000000000052e-06
3.211215000000000052e-06
3.211215000000000052e-06
3.211215000000000052e-06
3.211215000000000052e-06
3.211215000000000052e-06
3.211215000000000052e-06
3.211215000000000052e-06
3.203763999999999994e-06
3.203763999999999994e-06
3.196314000000000175e-06
3.188863000000000118e-06
3.188863000000000118e-06
3.181412000000000060e-06
3.181412000000000060e-06
3.173961999999999818e-06
3.173961999999999818e-06
3.173961999999999818e-06
3.166511000000000183e-06
3.166511000000000183e-06
3.166511000000000183e-06
3.166511000000000183e-06
3.166511000000000183e-06
3.166511000000000183e-06
3.166511000000000183e-06
3.166511000000000183e-06
3.159060999999999941e-06
3.159060999999999941e-06
3.159060999999999941e-06
3.159060999999999941e-06
3.159060999999999941e-06
3.159060999999999941e-06
3.159060999999999941e-06
3.159060999999999941e-06
3.166511000000000183e-06
3.166511000000000183e-06
3.166511000000000183e-06
3.166511000000000183e-06
3.173961999999999818e-06
3.173961999999999818e-06
3.181412000000000060e-06
3.181412000000000060e-06
3.181412000000000060e-06
3.181412000000000060e-06
3.181412000000000060e-06
3.181412000000000060e-06
3.181412000000000060e-06
3.181412000000000060e-06
3.173961999999999818e-06
3.173961999999999818e-06
3.173961999999999818e-06
3.173961999999999818e-06
3.173961999999999818e-06
3.181412000000000060e-06
3.181412000000000060e-06
3.181412000000000060e-06
3.181412000000000060e-06
3.181412000000000060e-06
3.181412000000000060e-06
3.188863000000000118e-06
3.188863000000000118e-06
3.188863000000000118e-06
3.188863000000000118e-06
3.188863000000000118e-06
3.188863000000000118e-06
3.188863000000000118e-06
3.188863000000000118e-06
3.188863000000000118e-06
3.188863000000000118e-06
3.188863000000000118e-06
3.188863000000000118e-06
3.188863000000000118e-06
3.188863000000000118e-06
3.188863000000000118e-06
3.196314000000000175e-06
3.196314000000000175e-06
3.196314000000000175e-06
3.188863000000000118e-06
3.188863000000000118e-06
3.188863000000000118e-06
3.188863000000000118e-06
3.188863000000000118e-06
3.188863000000000118e-06
3.181412000000000060e-06
3.181412000000000060e-06
3.181412000000000060e-06
3.181412000000000060e-06
3.181412000000000060e-06
3.181412000000000060e-06
3.173961999999999818e-06
3.173961999999999818e-06
3.173961999999999818e-06
3.173961999999999818e-06
3.166511000000000183e-06
3.166511000000000183e-06
3.166511000000000183e-06
3.166511000000000183e-06
3.166511000000000183e-06
3.166511000000000183e-06
3.166511000000000183e-06
3.166511000000000183e-06
3.166511000000000183e-06
3.166511000000000183e-06
3.166511000000000183e-06
3.166511000000000183e-06
3.166511000000000183e-06
3.166511000000000183e-06
3.166511000000000183e-06
3.166511000000000183e-06
3.166511000000000183e-06
3.166511000000000183e-06
3.166511000000000183e-06
3.166511000000000183e-06
3.166511000000000183e-06
3.166511000000000183e-06
3.166511000000000183e-06
3.166511000000000183e-06
3.166511000000000183e-06
3.166511000000000183e-06
3.166511000000000183e-06
3.166511000000000183e-06
3.166511000000000183e-06
3.166511000000000183e-06
3.166511000000000183e-06
3.166511000000000183e-06
3.166511000000000183e-06
3.173961999999999818e-06
3.173961999999999818e-06
3.173961999999999818e-06
3.173961999999999818e-06
3.173961999999999818e-06
3.181412000000000060e-06
3.181412000000000060e-06
3.181412000000000060e-06
3.188863000000000118e-06
3.188863000000000118e-06
3.188863000000000118e-06
3.188863000000000118e-06
3.188863000000000118e-06
3.188863000000000118e-06
3.188863000000000118e-06
3.188863000000000118e-06
3.181412000000000060e-06
3.181412000000000060e-06
3.181412000000000060e-06
3.181412000000000060e-06
3.181412000000000060e-06
3.181412000000000060e-06
3.181412000000000060e-06
3.181412000000000060e-06
3.181412000000000060e-06
3.181412000000000060e-06
3.188863000000000118e-06
3.188863000000000118e-06
3.188863000000000118e-06
3.196314000000000175e-06
3.196314000000000175e-06
3.196314000000000175e-06
3.196314000000000175e-06
3.196314000000000175e-06
3.196314000000000175e-06
3.196314000000000175e-06
3.196314000000000175e-06
3.203763999999999994e-06
3.203763999999999994e-06
3.203763999999999994e-06
3.203763999999999994e-06
3.196314000000000175e-06
3.196314000000000175e-06
3.196314000000000175e-06
3.196314000000000175e-06
3.196314000000000175e-06
3.196314000000000175e-06
3.196314000000000175e-06
3.188863000000000118e-06
3.188863000000000118e-06
3.188863000000000118e-06
3.188863000000000118e-06
3.188863000000000118e-06
3.188863000000000118e-06
3.188863000000000118e-06
3.188863000000000118e-06
3.188863000000000118e-06
3.196314000000000175e-06
3.196314000000000175e-06
3.196314000000000175e-06
3.203763999999999994e-06
3.203763999999999994e-06
3.211215000000000052e-06
3.218664999999999870e-06
3.218664999999999870e-06
3.226115999999999928e-06
3.226115999999999928e-06
3.226115999999999928e-06
3.233566999999999986e-06
3.233566999999999986e-06
3.241016999999999805e-06
3.241016999999999805e-06
3.241016999999999805e-06
3.248467999999999863e-06
3.248467999999999863e-06
3.248467999999999863e-06
3.248467999999999863e-06
3.248467999999999863e-06
3.248467999999999863e-06
3.255918000000000105e-06
3.255918000000000105e-06
3.255918000000000105e-06
3.263369000000000163e-06
3.263369000000000163e-06
3.263369000000000163e-06
3.270818999999999981e-06
3.270818999999999981e-06
3.278270000000000039e-06
3.278270000000000039e-06
3.278270000000000039e-06
3.278270000000000039e-06
3.278270000000000039e-06
3.270818999999999981e-06
3.270818999999999981e-06
3.263369000000000163e-06
3.263369000000000163e-06
3.255918000000000105e-06
3.255918000000000105e-06
3.248467999999999863e-06
3.248467999999999863e-06
3.241016999999999805e-06
3.241016999999999805e-06
3.241016999999999805e-06
3.233566999999999986e-06
3.233566999999999986e-06
3.233566999999999986e-06
3.233566999999999986e-06
3.226115999999999928e-06
3.226115999999999928e-06
3.226115999999999928e-06
3.226115999999999928e-06
3.226115999999999928e-06
3.226115999999999928e-06
3.226115999999999928e-06
3.226115999999999928e-06
3.226115999999999928e-06
3.226115999999999928e-06
3.226115999999999928e-06
3.233566999999999986e-06
3.233566999999999986e-06
3.233566999999999986e-06
3.233566999999999986e-06
3.226115999999999928e-06
3.226115999999999928e-06
3.226115999999999928e-06
3.226115999999999928e-06
3.226115999999999928e-06
3.226115999999999928e-06
3.226115999999999928e-06
3.226115999999999928e-06
3.226115999999999928e-06
3.226115999999999928e-06
3.226115999999999928e-06
3.233566999999999986e-06
3.233566999999999986e-06
3.241016999999999805e-06
3.241016999999999805e-06
3.241016999999999805e-06
3.241016999999999805e-06
3.241016999999999805e-06
3.241016999999999805e-06
3.241016999999999805e-06
3.233566999999999986e-06
3.226115999999999928e-06
3.226115999999999928e-06
3.226115999999999928e-06
3.218664999999999870e-06
3.211215000000000052e-06
3.211215000000000052e-06
3.203763999999999994e-06
3.203763999999999994e-06
3.203763999999999994e-06
3.203763999999999994e-06
3.203763999999999994e-06
