-3.499999999999999964e-04
-3.499999999999999964e-04
1.969999999999999963e-03
3.989999999999999623e-03
7.049999999999999843e-03
9.129999999999999227e-03
1.221999999999999996e-02
1.421000000000000041e-02
1.736000000000000043e-02
1.942999999999999935e-02
2.247999999999999998e-02
2.452999999999999972e-02
2.751999999999999932e-02
2.956999999999999906e-02
3.264999999999999847e-02
3.472999999999999698e-02
3.778999999999999720e-02
3.982999999999999735e-02
4.293999999999999900e-02
4.494000000000000078e-02
4.800000000000000100e-02
5.002999999999999808e-02
5.296000000000000013e-02
5.501999999999999946e-02
5.809000000000000274e-02
6.011999999999999983e-02
6.317000000000000393e-02
6.529000000000000081e-02
6.836000000000000409e-02
7.040000000000000424e-02
7.345000000000000140e-02
7.543999999999999317e-02
7.850000000000000033e-02
8.056000000000000660e-02
8.365999999999999825e-02
8.568000000000000616e-02
8.876000000000000556e-02
9.077999999999999958e-02
9.384000000000000674e-02
9.590999999999999526e-02
9.893000000000000405e-02
1.009899999999999964e-01
1.040800000000000058e-01
1.061300000000000021e-01
1.092199999999999976e-01
1.112400000000000055e-01
1.143499999999999933e-01
1.164099999999999996e-01
1.194899999999999990e-01
1.215200000000000030e-01
1.245099999999999957e-01
1.265600000000000058e-01
1.296299999999999952e-01
1.317200000000000037e-01
1.347700000000000009e-01
1.368099999999999872e-01
1.398999999999999966e-01
1.419100000000000084e-01
1.449900000000000078e-01
1.470200000000000118e-01
1.501099999999999934e-01
1.521699999999999997e-01
1.552300000000000069e-01
1.572699999999999931e-01
1.603300000000000003e-01
1.624200000000000088e-01
1.654700000000000060e-01
1.675300000000000122e-01
1.704100000000000059e-01
1.723899999999999877e-01
1.754600000000000048e-01
1.775200000000000111e-01
1.806099999999999928e-01
1.826299999999999868e-01
1.857000000000000040e-01
1.877500000000000002e-01
1.908100000000000074e-01
1.928499999999999936e-01
1.958600000000000063e-01
1.979200000000000126e-01
2.010099999999999942e-01
2.030599999999999905e-01
2.061499999999999999e-01
2.081600000000000117e-01
2.112799999999999956e-01
2.133400000000000019e-01
2.164300000000000113e-01
2.184399999999999953e-01
2.214500000000000079e-01
2.235000000000000042e-01
2.265699999999999936e-01
2.286700000000000121e-01
2.316999999999999893e-01
2.337599999999999956e-01
2.368300000000000127e-01
2.388500000000000068e-01
2.419199999999999962e-01
2.439500000000000002e-01
2.470400000000000096e-01
2.490999999999999881e-01
2.521800000000000153e-01
2.542300000000000115e-01
2.572800000000000087e-01
2.593699999999999894e-01
2.624199999999999866e-01
2.644799999999999929e-01
2.675199999999999800e-01
2.695199999999999818e-01
2.726000000000000090e-01
2.746199999999999752e-01
2.777200000000000224e-01
2.797600000000000087e-01
2.826400000000000023e-01
2.847100000000000186e-01
2.877700000000000258e-01
2.897899999999999920e-01
2.928100000000000147e-01
2.948899999999999855e-01
2.979800000000000226e-01
3.000499999999999834e-01
3.031200000000000006e-01
3.051200000000000023e-01
3.082400000000000140e-01
3.103000000000000203e-01
3.133699999999999819e-01
3.153900000000000037e-01
3.184299999999999908e-01
3.204699999999999771e-01
3.235399999999999943e-01
3.255899999999999905e-01
3.286499999999999977e-01
3.307100000000000040e-01
3.337899999999999756e-01
3.358099999999999974e-01
3.388700000000000045e-01
3.408900000000000263e-01
3.439800000000000080e-01
3.460300000000000042e-01
3.491299999999999959e-01
3.511699999999999822e-01
3.542199999999999793e-01
3.562899999999999956e-01
3.593299999999999828e-01
3.613899999999999890e-01
3.644399999999999862e-01
3.664499999999999980e-01
3.695300000000000251e-01
3.715499999999999914e-01
3.746300000000000185e-01
3.766700000000000048e-01
3.797499999999999765e-01
3.818099999999999827e-01
3.848599999999999799e-01
3.868699999999999917e-01
3.898800000000000043e-01
3.919900000000000051e-01
3.950899999999999967e-01
3.971399999999999930e-01
4.000600000000000267e-01
4.020599999999999730e-01
4.051799999999999846e-01
4.072399999999999909e-01
4.103100000000000080e-01
4.123299999999999743e-01
4.153600000000000070e-01
4.174200000000000133e-01
4.204700000000000104e-01
4.225499999999999812e-01
4.255999999999999783e-01
4.276800000000000046e-01
4.307500000000000218e-01
4.327799999999999980e-01
4.358400000000000052e-01
4.378299999999999970e-01
4.409399999999999986e-01
4.430000000000000049e-01
4.460999999999999965e-01
4.481299999999999728e-01
4.512100000000000000e-01
4.532499999999999862e-01
4.563099999999999934e-01
4.583900000000000197e-01
4.614199999999999968e-01
4.634400000000000186e-01
4.665199999999999902e-01
4.685300000000000020e-01
4.716000000000000192e-01
4.736500000000000155e-01
4.767600000000000171e-01
4.787899999999999934e-01
4.818500000000000005e-01
4.838799999999999768e-01
4.868799999999999795e-01
4.889800000000000257e-01
4.920700000000000074e-01
4.941300000000000137e-01
4.971999999999999753e-01
4.992199999999999971e-01
5.023400000000000087e-01
5.043600000000000305e-01
5.074499999999999567e-01
5.094800000000000439e-01
5.125100000000000211e-01
5.145800000000000374e-01
5.176199999999999690e-01
5.195100000000000273e-01
5.225499999999999590e-01
5.246399999999999952e-01
5.276999999999999469e-01
5.297399999999999887e-01
5.328000000000000513e-01
5.347899999999999876e-01
5.378899999999999793e-01
5.399699999999999500e-01
5.430500000000000327e-01
5.451000000000000290e-01
5.481500000000000261e-01
5.501899999999999569e-01
5.532599999999999740e-01
5.553399999999999448e-01
5.583799999999999875e-01
5.603799999999999892e-01
5.634599999999999609e-01
5.654799999999999827e-01
5.685499999999999998e-01
5.705900000000000416e-01
5.736799999999999677e-01
5.757299999999999640e-01
5.787799999999999612e-01
5.807900000000000285e-01
5.838299999999999601e-01
5.859100000000000419e-01
5.889799999999999480e-01
5.910499999999999643e-01
5.941100000000000270e-01
5.961600000000000232e-01
5.992499999999999494e-01
6.012800000000000367e-01
6.043600000000000083e-01
6.064000000000000501e-01
6.094399999999999817e-01
6.114899999999999780e-01
6.145599999999999952e-01
6.166099999999999914e-01
6.196300000000000141e-01
6.217399999999999594e-01
6.248000000000000220e-01
6.268299999999999983e-01
6.298899999999999499e-01
6.318799999999999972e-01
6.348300000000000054e-01
6.368899999999999562e-01
6.399899999999999478e-01
6.420299999999999896e-01
6.450799999999999867e-01
6.471299999999999830e-01
6.501900000000000457e-01
6.522700000000000164e-01
6.552900000000000391e-01
6.572999999999999954e-01
6.603900000000000325e-01
6.624299999999999633e-01
6.654999999999999805e-01
6.675200000000000022e-01
6.706199999999999939e-01
6.726699999999999902e-01
6.756999999999999673e-01
6.777400000000000091e-01
6.807900000000000063e-01
6.828499999999999570e-01
6.859199999999999742e-01
6.879999999999999449e-01
6.910600000000000076e-01
6.931300000000000239e-01
6.962099999999999955e-01
6.982300000000000173e-01
7.013099999999999890e-01
7.033399999999999652e-01
7.063800000000000079e-01
7.084300000000000042e-01
7.115099999999999758e-01
7.135399999999999521e-01
7.165799999999999947e-01
7.186900000000000510e-01
7.217200000000000282e-01
7.237599999999999589e-01
7.268200000000000216e-01
7.288200000000000234e-01
7.319499999999999895e-01
7.339900000000000313e-01
7.370799999999999574e-01
7.390900000000000247e-01
7.421799999999999509e-01
7.442499999999999671e-01
7.473100000000000298e-01
7.491799999999999571e-01
7.522100000000000453e-01
7.542100000000000470e-01
7.572999999999999732e-01
7.593499999999999694e-01
7.624199999999999866e-01
7.644300000000000539e-01
7.675199999999999800e-01
7.695699999999999763e-01
7.726100000000000190e-01
7.746499999999999497e-01
7.776999999999999469e-01
7.797699999999999632e-01
7.828399999999999803e-01
7.849099999999999966e-01
7.879800000000000137e-01
7.900399999999999645e-01
7.931300000000000017e-01
7.951500000000000234e-01
7.982299999999999951e-01
8.002700000000000369e-01
8.032899999999999485e-01
8.053700000000000303e-01
8.084500000000000020e-01
8.104900000000000437e-01
8.135299999999999754e-01
8.156200000000000117e-01
8.186600000000000543e-01
8.207200000000000051e-01
8.237600000000000477e-01
8.257700000000000040e-01
8.288900000000000157e-01
8.309400000000000119e-01
8.340199999999999836e-01
8.360699999999999799e-01
8.391600000000000170e-01
8.412199999999999678e-01
8.442899999999999849e-01
8.463100000000000067e-01
8.493300000000000294e-01
8.513600000000000056e-01
8.544599999999999973e-01
8.565000000000000391e-01
8.595699999999999452e-01
8.615599999999999925e-01
8.646700000000000497e-01
8.667200000000000459e-01
8.697899999999999521e-01
8.718200000000000394e-01
8.748599999999999710e-01
8.769400000000000528e-01
8.799799999999999844e-01
8.820799999999999752e-01
8.849700000000000344e-01
8.870400000000000507e-01
8.901299999999999768e-01
8.921299999999999786e-01
8.952099999999999502e-01
8.972499999999999920e-01
9.002799999999999692e-01
9.023400000000000309e-01
9.054299999999999571e-01
9.074600000000000444e-01
9.104900000000000215e-01
9.125699999999999923e-01
9.156400000000000095e-01
9.176999999999999602e-01
9.207300000000000484e-01
9.227699999999999791e-01
9.258499999999999508e-01
9.278800000000000381e-01
9.309699999999999642e-01
9.330199999999999605e-01
9.361099999999999977e-01
9.381800000000000139e-01
9.412300000000000111e-01
9.432399999999999674e-01
9.462899999999999645e-01
9.483399999999999608e-01
9.513899999999999579e-01
9.534599999999999742e-01
9.565000000000000169e-01
9.585099999999999731e-01
9.616099999999999648e-01
9.636599999999999611e-01
9.667299999999999782e-01
9.687599999999999545e-01
9.718099999999999516e-01
9.738599999999999479e-01
9.769299999999999651e-01
9.789999999999999813e-01
9.820400000000000240e-01
9.841299999999999493e-01
9.871999999999999664e-01
9.892300000000000537e-01
9.923100000000000254e-01
9.943300000000000471e-01
9.972199999999999953e-01
9.992699999999999916e-01
1.002350000000000074e+00
1.004389999999999894e+00
1.007439999999999891e+00
1.009500000000000064e+00
1.012550000000000061e+00
1.014620000000000077e+00
1.017660000000000009e+00
1.019700000000000051e+00
1.022799999999999931e+00
1.024829999999999908e+00
1.027910000000000101e+00
1.029959999999999987e+00
1.033050000000000024e+00
1.035099999999999909e+00
1.038149999999999906e+00
1.040189999999999948e+00
1.043220000000000036e+00
1.045269999999999921e+00
1.048349999999999893e+00
1.050400000000000000e+00
1.053449999999999998e+00
1.055469999999999908e+00
1.058570000000000011e+00
1.060610000000000053e+00
1.063669999999999893e+00
1.065690000000000026e+00
1.068759999999999932e+00
1.070810000000000040e+00
1.073909999999999920e+00
1.075960000000000027e+00
1.079010000000000025e+00
1.081090000000000106e+00
1.084149999999999947e+00
1.086209999999999898e+00
1.089280000000000026e+00
1.091269999999999962e+00
1.094319999999999959e+00
1.096379999999999910e+00
1.099469999999999947e+00
1.101509999999999989e+00
1.104570000000000052e+00
1.106440000000000090e+00
1.109499999999999931e+00
1.111569999999999947e+00
1.114589999999999970e+00
1.116630000000000011e+00
1.119739999999999958e+00
1.121769999999999934e+00
1.124849999999999905e+00
1.126889999999999947e+00
1.129999999999999893e+00
1.132039999999999935e+00
1.135089999999999932e+00
1.137119999999999909e+00
1.140160000000000062e+00
1.142200000000000104e+00
1.145250000000000101e+00
1.147299999999999986e+00
1.150379999999999958e+00
1.152409999999999934e+00
1.155499999999999972e+00
1.157529999999999948e+00
1.160590000000000011e+00
1.162609999999999921e+00
1.165689999999999893e+00
1.167759999999999909e+00
1.170840000000000103e+00
1.172879999999999923e+00
1.175929999999999920e+00
1.178020000000000067e+00
1.181100000000000039e+00
1.183159999999999989e+00
1.186220000000000052e+00
1.188220000000000054e+00
1.191270000000000051e+00
1.193330000000000002e+00
1.196420000000000039e+00
1.198460000000000081e+00
1.201529999999999987e+00
1.203570000000000029e+00
1.206630000000000091e+00
1.208700000000000108e+00
1.211729999999999974e+00
1.213770000000000016e+00
1.216869999999999896e+00
1.218909999999999938e+00
1.221999999999999975e+00
1.223840000000000039e+00
1.226949999999999985e+00
1.229009999999999936e+00
1.232080000000000064e+00
1.234110000000000040e+00
1.237130000000000063e+00
1.239179999999999948e+00
1.242220000000000102e+00
1.244289999999999896e+00
1.247360000000000024e+00
1.249400000000000066e+00
1.252480000000000038e+00
1.254499999999999948e+00
1.257570000000000077e+00
1.259600000000000053e+00
1.262669999999999959e+00
1.264739999999999975e+00
1.267819999999999947e+00
1.269870000000000054e+00
1.271910000000000096e+00
1.274999999999999911e+00
1.277220000000000022e+00
1.280299999999999994e+00
1.282329999999999970e+00
1.285349999999999993e+00
1.287390000000000034e+00
1.290470000000000006e+00
1.292519999999999891e+00
1.295400000000000107e+00
1.297430000000000083e+00
1.300529999999999964e+00
1.302570000000000006e+00
1.305620000000000003e+00
1.307660000000000045e+00
1.310740000000000016e+00
1.312799999999999967e+00
1.315870000000000095e+00
1.317930000000000046e+00
1.320959999999999912e+00
1.323039999999999994e+00
1.326109999999999900e+00
1.328170000000000073e+00
1.331229999999999913e+00
1.333220000000000072e+00
1.336260000000000003e+00
1.338330000000000020e+00
1.341409999999999991e+00
1.343450000000000033e+00
1.346510000000000096e+00
1.348549999999999915e+00
1.351580000000000004e+00
1.353660000000000085e+00
1.356710000000000083e+00
1.358740000000000059e+00
1.361830000000000096e+00
1.363860000000000072e+00
1.366959999999999953e+00
1.368989999999999929e+00
1.372090000000000032e+00
1.374139999999999917e+00
1.377220000000000111e+00
1.379259999999999931e+00
1.382270000000000110e+00
1.384309999999999929e+00
1.387380000000000058e+00
1.389450000000000074e+00
1.392500000000000071e+00
1.394549999999999956e+00
1.397650000000000059e+00
1.399650000000000061e+00
1.402719999999999967e+00
1.404770000000000074e+00
1.407850000000000046e+00
1.409920000000000062e+00
1.412989999999999968e+00
1.415000000000000036e+00
1.418060000000000098e+00
1.420160000000000089e+00
1.423049999999999926e+00
1.425100000000000033e+00
1.428150000000000031e+00
1.430150000000000032e+00
1.433189999999999964e+00
1.435270000000000046e+00
1.438360000000000083e+00
1.440379999999999994e+00
1.443449999999999900e+00
1.445489999999999942e+00
1.448530000000000095e+00
1.450609999999999955e+00
1.453640000000000043e+00
1.455689999999999928e+00
1.458779999999999966e+00
1.460820000000000007e+00
1.463899999999999979e+00
1.465929999999999955e+00
1.469039999999999901e+00
1.471090000000000009e+00
1.474169999999999980e+00
1.476210000000000022e+00
1.479200000000000070e+00
1.481249999999999956e+00
1.484329999999999927e+00
1.486390000000000100e+00
1.489449999999999941e+00
1.491500000000000048e+00
1.494580000000000020e+00
1.496590000000000087e+00
1.499670000000000059e+00
1.501700000000000035e+00
1.504780000000000006e+00
1.506839999999999957e+00
1.509910000000000085e+00
1.511929999999999996e+00
1.514999999999999902e+00
1.517099999999999893e+00
1.520159999999999956e+00
1.522199999999999998e+00
1.525249999999999995e+00
1.527249999999999996e+00
1.530299999999999994e+00
1.532359999999999944e+00
1.535269999999999913e+00
1.537300000000000111e+00
1.540380000000000082e+00
1.542399999999999993e+00
1.545469999999999899e+00
1.547530000000000072e+00
1.550559999999999938e+00
1.552570000000000006e+00
1.555639999999999912e+00
1.557690000000000019e+00
1.560789999999999900e+00
1.562810000000000032e+00
1.565909999999999913e+00
1.567970000000000086e+00
1.571059999999999901e+00
1.573090000000000099e+00
1.576109999999999900e+00
1.578140000000000098e+00
1.581220000000000070e+00
1.583290000000000086e+00
1.586330000000000018e+00
1.588389999999999969e+00
1.591490000000000071e+00
1.593499999999999917e+00
1.596580000000000110e+00
1.598610000000000086e+00
1.601699999999999902e+00
1.603739999999999943e+00
1.606810000000000072e+00
1.608859999999999957e+00
1.611920000000000019e+00
1.614009999999999945e+00
1.617070000000000007e+00
1.619110000000000049e+00
1.622179999999999955e+00
1.624179999999999957e+00
1.627250000000000085e+00
1.629299999999999971e+00
1.632370000000000099e+00
1.634409999999999918e+00
1.637480000000000047e+00
1.639529999999999932e+00
1.642609999999999904e+00
1.644630000000000036e+00
1.647650000000000059e+00
1.649739999999999984e+00
1.652819999999999956e+00
1.654879999999999907e+00
1.657780000000000031e+00
1.659799999999999942e+00
1.662900000000000045e+00
1.664959999999999996e+00
1.668020000000000058e+00
1.670069999999999943e+00
1.673089999999999966e+00
1.675130000000000008e+00
1.678199999999999914e+00
1.680279999999999996e+00
1.683310000000000084e+00
1.685380000000000100e+00
1.688460000000000072e+00
1.690479999999999983e+00
1.693550000000000111e+00
1.695570000000000022e+00
1.698660000000000059e+00
1.700709999999999944e+00
1.703799999999999981e+00
1.705840000000000023e+00
1.708909999999999929e+00
1.710979999999999945e+00
1.714020000000000099e+00
1.716069999999999984e+00
1.719130000000000047e+00
1.721139999999999892e+00
1.724229999999999929e+00
1.726239999999999997e+00
1.729319999999999968e+00
1.731360000000000010e+00
1.734439999999999982e+00
1.736499999999999932e+00
1.739549999999999930e+00
1.741570000000000062e+00
1.744590000000000085e+00
1.746650000000000036e+00
1.749759999999999982e+00
1.751829999999999998e+00
1.754899999999999904e+00
1.756899999999999906e+00
1.760010000000000074e+00
1.762070000000000025e+00
1.765130000000000088e+00
1.767169999999999908e+00
1.770189999999999930e+00
1.772250000000000103e+00
1.775300000000000100e+00
1.777360000000000051e+00
1.780419999999999892e+00
1.782499999999999973e+00
1.785400000000000098e+00
1.787430000000000074e+00
1.790480000000000071e+00
1.792510000000000048e+00
1.795600000000000085e+00
1.797649999999999970e+00
1.800729999999999942e+00
1.802789999999999893e+00
1.805849999999999955e+00
1.807909999999999906e+00
1.810959999999999903e+00
1.813029999999999919e+00
1.816079999999999917e+00
1.818089999999999984e+00
1.821159999999999890e+00
1.823169999999999957e+00
1.826270000000000060e+00
1.828310000000000102e+00
1.831399999999999917e+00
1.833439999999999959e+00
1.836510000000000087e+00
1.838529999999999998e+00
1.841529999999999889e+00
1.843630000000000102e+00
1.846719999999999917e+00
1.848789999999999933e+00
1.851849999999999996e+00
1.853869999999999907e+00
1.856970000000000010e+00
1.859029999999999960e+00
1.862100000000000088e+00
1.864130000000000065e+00
1.867159999999999931e+00
1.869210000000000038e+00
1.872270000000000101e+00
1.874319999999999986e+00
1.877369999999999983e+00
1.879450000000000065e+00
1.882509999999999906e+00
1.884560000000000013e+00
1.887620000000000076e+00
1.889610000000000012e+00
1.892709999999999892e+00
1.894779999999999909e+00
1.897869999999999946e+00
1.899909999999999988e+00
1.902970000000000050e+00
1.905000000000000027e+00
1.908069999999999933e+00
1.909969999999999946e+00
1.913019999999999943e+00
1.915030000000000010e+00
1.918099999999999916e+00
1.920109999999999983e+00
1.923200000000000021e+00
1.925240000000000062e+00
1.928330000000000100e+00
1.930369999999999919e+00
1.933440000000000047e+00
1.935449999999999893e+00
1.938490000000000046e+00
1.940579999999999972e+00
1.943670000000000009e+00
1.945719999999999894e+00
1.948790000000000022e+00
1.950830000000000064e+00
1.953920000000000101e+00
1.955969999999999986e+00
1.959039999999999893e+00
1.961070000000000091e+00
1.964110000000000023e+00
1.966169999999999973e+00
1.969230000000000036e+00
1.971279999999999921e+00
1.974320000000000075e+00
1.976420000000000066e+00
1.979470000000000063e+00
1.981510000000000105e+00
1.984590000000000076e+00
1.986580000000000013e+00
1.989679999999999893e+00
1.991749999999999909e+00
1.994839999999999947e+00
1.996869999999999923e+00
1.999940000000000051e+00
2.001980000000000093e+00
2.005059999999999842e+00
2.007130000000000081e+00
2.010170000000000012e+00
2.012160000000000171e+00
2.015249999999999986e+00
2.017279999999999962e+00
2.020360000000000156e+00
2.022380000000000067e+00
2.025319999999999787e+00
2.027350000000000207e+00
2.030400000000000205e+00
2.032439999999999802e+00
2.035499999999999865e+00
2.037560000000000038e+00
2.040649999999999853e+00
2.042699999999999960e+00
2.045760000000000023e+00
2.047820000000000196e+00
2.050910000000000011e+00
2.052929999999999922e+00
2.056010000000000115e+00
2.058040000000000092e+00
2.061090000000000089e+00
2.063140000000000196e+00
2.066199999999999815e+00
2.068229999999999791e+00
2.071279999999999788e+00
2.073389999999999844e+00
2.076430000000000220e+00
2.078469999999999818e+00
2.081539999999999946e+00
2.083549999999999791e+00
2.086660000000000181e+00
2.088709999999999845e+00
2.089249999999999829e+00
2.089259999999999895e+00
2.089900000000000091e+00
2.091959999999999820e+00
2.094980000000000064e+00
2.097049999999999859e+00
2.100150000000000183e+00
2.102180000000000160e+00
2.105239999999999778e+00
2.107250000000000068e+00
2.110289999999999999e+00
2.112359999999999793e+00
2.115429999999999922e+00
2.117480000000000029e+00
2.120530000000000026e+00
2.122580000000000133e+00
2.125609999999999999e+00
2.127679999999999794e+00
2.130739999999999856e+00
2.132760000000000211e+00
2.135850000000000026e+00
2.137880000000000003e+00
2.140950000000000131e+00
2.143019999999999925e+00
2.146110000000000184e+00
2.148159999999999847e+00
2.151240000000000041e+00
2.153259999999999952e+00
2.156270000000000131e+00
2.158339999999999925e+00
2.161239999999999828e+00
2.163300000000000001e+00
2.166360000000000063e+00
2.168369999999999909e+00
2.171460000000000168e+00
2.173519999999999897e+00
2.176600000000000090e+00
2.178630000000000067e+00
2.181700000000000195e+00
2.183739999999999792e+00
2.186819999999999986e+00
2.188870000000000093e+00
2.191910000000000025e+00
2.193999999999999950e+00
2.197080000000000144e+00
2.199120000000000186e+00
2.202179999999999804e+00
2.204169999999999963e+00
2.207230000000000025e+00
2.209299999999999820e+00
2.212380000000000013e+00
2.214409999999999989e+00
2.217470000000000052e+00
2.219520000000000159e+00
2.222560000000000091e+00
2.224629999999999885e+00
2.227679999999999882e+00
2.229729999999999990e+00
2.232819999999999805e+00
2.234840000000000160e+00
2.237929999999999975e+00
2.239970000000000017e+00
2.243069999999999897e+00
2.245120000000000005e+00
2.248180000000000067e+00
2.250210000000000043e+00
2.253229999999999844e+00
2.255279999999999951e+00
2.258360000000000145e+00
2.260419999999999874e+00
2.263479999999999936e+00
2.265509999999999913e+00
2.268600000000000172e+00
2.270449999999999857e+00
2.273530000000000051e+00
2.275570000000000093e+00
2.278630000000000155e+00
2.280689999999999884e+00
2.283770000000000078e+00
2.285820000000000185e+00
2.288850000000000051e+00
2.290950000000000042e+00
2.294010000000000105e+00
2.296060000000000212e+00
2.299100000000000144e+00
2.301109999999999989e+00
2.304180000000000117e+00
2.306229999999999780e+00
2.309299999999999908e+00
2.311339999999999950e+00
2.314410000000000078e+00
2.316440000000000055e+00
2.319490000000000052e+00
2.321569999999999911e+00
2.324600000000000222e+00
2.326659999999999950e+00
2.329730000000000079e+00
2.331760000000000055e+00
2.334870000000000001e+00
2.336920000000000108e+00
2.340009999999999923e+00
2.342060000000000031e+00
2.345130000000000159e+00
2.347170000000000201e+00
2.350179999999999936e+00
2.352230000000000043e+00
2.355290000000000106e+00
2.357369999999999965e+00
2.360419999999999963e+00
2.362470000000000070e+00
2.365569999999999951e+00
2.367579999999999796e+00
2.370649999999999924e+00
2.372700000000000031e+00
2.375760000000000094e+00
2.377819999999999823e+00
2.380900000000000016e+00
2.382940000000000058e+00
2.385990000000000055e+00
2.388079999999999981e+00
2.390979999999999883e+00
2.393019999999999925e+00
2.396069999999999922e+00
2.398089999999999833e+00
2.401139999999999830e+00
2.403200000000000003e+00
2.406260000000000066e+00
2.408300000000000107e+00
2.411389999999999922e+00
2.413429999999999964e+00
2.416490000000000027e+00
2.418550000000000200e+00
2.421580000000000066e+00
2.423649999999999860e+00
2.426709999999999923e+00
2.428760000000000030e+00
2.431859999999999911e+00
2.433879999999999821e+00
2.436980000000000146e+00
2.439020000000000188e+00
2.442110000000000003e+00
2.444150000000000045e+00
2.447169999999999845e+00
2.449199999999999822e+00
2.452259999999999884e+00
2.454330000000000123e+00
2.457370000000000054e+00
2.459439999999999849e+00
2.462530000000000108e+00
2.464539999999999953e+00
2.467610000000000081e+00
2.469650000000000123e+00
2.472729999999999873e+00
2.474790000000000045e+00
2.477860000000000174e+00
2.479909999999999837e+00
2.482950000000000212e+00
2.485020000000000007e+00
2.488080000000000069e+00
2.490139999999999798e+00
2.493199999999999861e+00
2.495220000000000216e+00
2.498279999999999834e+00
2.500319999999999876e+00
2.503369999999999873e+00
2.505430000000000046e+00
2.508519999999999861e+00
2.510569999999999968e+00
2.513440000000000119e+00
2.515480000000000160e+00
2.518520000000000092e+00
2.520579999999999821e+00
2.523649999999999949e+00
2.525710000000000122e+00
2.528789999999999871e+00
2.530800000000000161e+00
2.533900000000000041e+00
2.535940000000000083e+00
2.539039999999999964e+00
2.541069999999999940e+00
2.544109999999999872e+00
2.546120000000000161e+00
2.549189999999999845e+00
2.551270000000000149e+00
2.554310000000000080e+00
2.556379999999999875e+00
2.559460000000000068e+00
2.561490000000000045e+00
2.564540000000000042e+00
2.566570000000000018e+00
2.569679999999999964e+00
2.571730000000000071e+00
2.574800000000000200e+00
2.576849999999999863e+00
2.579899999999999860e+00
2.581970000000000098e+00
2.585020000000000095e+00
2.587089999999999890e+00
2.590149999999999952e+00
2.592150000000000176e+00
2.595219999999999860e+00
2.597230000000000150e+00
2.600330000000000030e+00
2.602370000000000072e+00
2.605459999999999887e+00
2.607520000000000060e+00
2.610570000000000057e+00
2.612589999999999968e+00
2.615610000000000213e+00
2.617719999999999825e+00
2.620789999999999953e+00
2.622850000000000126e+00
2.625919999999999810e+00
2.627930000000000099e+00
2.631029999999999980e+00
2.633090000000000153e+00
2.636159999999999837e+00
2.638199999999999878e+00
2.641220000000000123e+00
2.643250000000000099e+00
2.646150000000000002e+00
2.648219999999999796e+00
2.651269999999999794e+00
2.653340000000000032e+00
2.656410000000000160e+00
2.658440000000000136e+00
2.661480000000000068e+00
2.663520000000000110e+00
2.666619999999999990e+00
2.668680000000000163e+00
2.671739999999999782e+00
2.673779999999999824e+00
2.676860000000000017e+00
2.678910000000000124e+00
2.681960000000000122e+00
2.684029999999999916e+00
2.687079999999999913e+00
2.689099999999999824e+00
2.692159999999999886e+00
2.694170000000000176e+00
2.697270000000000056e+00
2.699310000000000098e+00
2.702389999999999848e+00
2.704439999999999955e+00
2.707500000000000018e+00
2.709529999999999994e+00
2.712559999999999860e+00
2.714659999999999851e+00
2.717740000000000045e+00
2.719790000000000152e+00
2.722850000000000215e+00
2.724880000000000191e+00
2.727980000000000071e+00
2.730039999999999800e+00
2.733119999999999994e+00
2.735160000000000036e+00
2.738160000000000149e+00
2.740209999999999813e+00
2.743300000000000072e+00
2.745340000000000114e+00
2.748400000000000176e+00
2.750469999999999970e+00
2.753530000000000033e+00
2.755570000000000075e+00
2.758640000000000203e+00
2.760650000000000048e+00
2.763749999999999929e+00
2.765800000000000036e+00
2.768870000000000164e+00
2.770929999999999893e+00
2.774010000000000087e+00
2.776050000000000129e+00
2.778939999999999966e+00
2.780990000000000073e+00
2.784040000000000070e+00
2.786230000000000206e+00
2.789120000000000044e+00
2.791150000000000020e+00
2.794239999999999835e+00
2.796289999999999942e+00
2.799380000000000202e+00
2.801410000000000178e+00
2.804489999999999927e+00
2.806519999999999904e+00
2.809550000000000214e+00
2.811640000000000139e+00
2.814690000000000136e+00
2.816749999999999865e+00
2.819809999999999928e+00
2.821860000000000035e+00
2.824959999999999916e+00
2.826999999999999957e+00
2.830080000000000151e+00
2.832110000000000127e+00
2.835129999999999928e+00
2.837190000000000101e+00
2.840259999999999785e+00
2.842290000000000205e+00
2.845340000000000202e+00
2.847420000000000062e+00
2.850470000000000059e+00
2.852539999999999853e+00
2.855609999999999982e+00
2.857619999999999827e+00
2.860710000000000086e+00
2.862750000000000128e+00
2.865829999999999878e+00
2.867879999999999985e+00
2.870960000000000178e+00
2.872990000000000155e+00
2.876050000000000217e+00
2.878109999999999946e+00
2.881170000000000009e+00
2.883179999999999854e+00
2.886249999999999982e+00
2.888290000000000024e+00
2.891360000000000152e+00
2.893400000000000194e+00
2.896469999999999878e+00
2.898519999999999985e+00
2.901600000000000179e+00
2.903630000000000155e+00
2.906499999999999861e+00
2.908560000000000034e+00
2.911620000000000097e+00
2.913689999999999891e+00
2.916749999999999954e+00
2.918810000000000127e+00
2.921899999999999942e+00
2.923919999999999852e+00
2.926979999999999915e+00
2.929009999999999891e+00
2.932069999999999954e+00
2.934120000000000061e+00
2.937180000000000124e+00
2.939229999999999787e+00
2.942270000000000163e+00
2.944360000000000088e+00
2.947420000000000151e+00
2.949479999999999880e+00
2.952539999999999942e+00
2.954549999999999788e+00
2.957650000000000112e+00
2.959690000000000154e+00
2.962779999999999969e+00
2.964809999999999945e+00
2.967909999999999826e+00
2.969939999999999802e+00
2.972999999999999865e+00
2.975049999999999972e+00
2.978110000000000035e+00
2.980109999999999815e+00
2.983190000000000008e+00
2.985230000000000050e+00
2.988309999999999800e+00
2.990330000000000155e+00
2.993419999999999970e+00
2.995470000000000077e+00
2.998549999999999827e+00
3.000570000000000181e+00
3.003629999999999800e+00
3.005660000000000220e+00
3.008729999999999905e+00
3.010819999999999830e+00
3.013889999999999958e+00
3.015950000000000131e+00
3.019010000000000193e+00
3.021049999999999791e+00
3.023940000000000072e+00
3.025980000000000114e+00
3.029020000000000046e+00
3.031070000000000153e+00
3.034139999999999837e+00
3.036160000000000192e+00
3.039239999999999942e+00
3.041310000000000180e+00
3.044369999999999798e+00
3.046429999999999971e+00
3.049469999999999903e+00
3.051499999999999879e+00
3.054570000000000007e+00
3.056630000000000180e+00
3.059719999999999995e+00
3.061760000000000037e+00
3.064839999999999787e+00
3.066889999999999894e+00
3.069949999999999957e+00
3.071989999999999998e+00
3.075039999999999996e+00
3.077059999999999906e+00
3.080140000000000100e+00
3.082180000000000142e+00
3.085240000000000204e+00
3.087250000000000050e+00
3.090359999999999996e+00
3.092420000000000169e+00
3.095479999999999787e+00
3.097529999999999895e+00
3.100540000000000074e+00
3.102559999999999985e+00
3.105640000000000178e+00
3.107720000000000038e+00
3.110770000000000035e+00
3.112839999999999829e+00
3.115920000000000023e+00
3.117939999999999934e+00
3.121020000000000127e+00
3.123060000000000169e+00
3.126100000000000101e+00
3.128150000000000208e+00
3.131219999999999892e+00
3.133249999999999869e+00
3.136319999999999997e+00
3.138380000000000170e+00
3.141449999999999854e+00
3.143499999999999961e+00
3.146560000000000024e+00
3.148600000000000065e+00
3.151670000000000194e+00
3.153709999999999791e+00
3.156800000000000050e+00
3.158859999999999779e+00
3.161939999999999973e+00
3.163969999999999949e+00
3.167060000000000208e+00
3.168919999999999959e+00
3.171959999999999891e+00
3.173989999999999867e+00
3.177049999999999930e+00
3.179110000000000102e+00
3.182170000000000165e+00
3.184190000000000076e+00
3.187289999999999957e+00
3.189340000000000064e+00
3.192400000000000126e+00
3.194440000000000168e+00
3.197499999999999787e+00
3.199549999999999894e+00
3.201789999999999914e+00
3.204860000000000042e+00
3.206910000000000149e+00
3.209979999999999833e+00
3.212029999999999941e+00
3.215090000000000003e+00
3.217150000000000176e+00
3.220190000000000108e+00
3.222199999999999953e+00
3.225290000000000212e+00
3.227329999999999810e+00
3.230399999999999938e+00
3.232429999999999914e+00
3.235520000000000174e+00
3.237579999999999902e+00
3.240639999999999965e+00
3.242680000000000007e+00
3.245740000000000069e+00
3.247609999999999886e+00
3.250680000000000014e+00
3.252749999999999808e+00
3.255809999999999871e+00
3.257880000000000109e+00
3.260940000000000172e+00
3.262960000000000083e+00
3.266039999999999832e+00
3.268079999999999874e+00
3.271110000000000184e+00
3.273149999999999782e+00
3.276240000000000041e+00
3.278270000000000017e+00
3.281330000000000080e+00
3.283399999999999874e+00
3.286459999999999937e+00
3.288510000000000044e+00
3.291549999999999976e+00
3.293569999999999887e+00
3.296670000000000211e+00
3.298709999999999809e+00
3.301790000000000003e+00
3.303819999999999979e+00
3.306929999999999925e+00
3.308980000000000032e+00
3.312030000000000030e+00
3.314080000000000137e+00
3.317130000000000134e+00
3.319139999999999979e+00
3.322210000000000107e+00
3.324269999999999836e+00
3.327339999999999964e+00
3.329359999999999875e+00
3.332460000000000200e+00
3.334509999999999863e+00
3.337569999999999926e+00
3.339609999999999967e+00
3.342670000000000030e+00
3.344730000000000203e+00
3.347789999999999822e+00
3.349860000000000060e+00
3.352889999999999926e+00
3.354969999999999786e+00
3.358039999999999914e+00
3.360090000000000021e+00
3.363160000000000149e+00
3.365200000000000191e+00
3.368219999999999992e+00
3.370260000000000034e+00
3.373359999999999914e+00
3.375379999999999825e+00
3.378280000000000172e+00
3.380329999999999835e+00
3.383389999999999898e+00
3.385440000000000005e+00
3.388500000000000068e+00
3.390540000000000109e+00
3.393629999999999924e+00
3.395659999999999901e+00
3.398740000000000094e+00
3.400770000000000071e+00
3.403880000000000017e+00
3.405940000000000190e+00
3.409009999999999874e+00
3.411029999999999784e+00
3.414079999999999782e+00
3.416110000000000202e+00
3.419160000000000199e+00
3.421219999999999928e+00
3.424290000000000056e+00
3.426320000000000032e+00
3.429419999999999913e+00
3.431459999999999955e+00
3.434520000000000017e+00
3.436560000000000059e+00
3.439620000000000122e+00
3.441679999999999851e+00
3.444739999999999913e+00
3.446800000000000086e+00
3.449840000000000018e+00
3.451929999999999943e+00
3.455000000000000071e+00
3.457040000000000113e+00
3.460109999999999797e+00
3.462120000000000086e+00
3.465160000000000018e+00
3.467210000000000125e+00
3.470289999999999875e+00
3.472339999999999982e+00
3.475389999999999979e+00
3.477440000000000087e+00
3.480500000000000149e+00
3.482549999999999812e+00
3.485619999999999941e+00
3.487670000000000048e+00
3.490759999999999863e+00
3.492789999999999839e+00
3.495849999999999902e+00
3.497900000000000009e+00
3.501020000000000021e+00
3.502889999999999837e+00
3.505970000000000031e+00
3.507979999999999876e+00
3.511039999999999939e+00
3.513240000000000141e+00
3.516300000000000203e+00
3.518359999999999932e+00
3.521430000000000060e+00
3.523280000000000189e+00
3.526359999999999939e+00
3.528389999999999915e+00
3.531489999999999796e+00
3.533529999999999838e+00
3.536599999999999966e+00
3.538650000000000073e+00
3.541720000000000201e+00
3.543759999999999799e+00
3.546800000000000175e+00
3.548900000000000166e+00
3.551959999999999784e+00
3.554019999999999957e+00
3.557080000000000020e+00
3.559079999999999799e+00
3.562139999999999862e+00
3.564200000000000035e+00
3.567270000000000163e+00
3.569310000000000205e+00
3.572379999999999889e+00
3.574409999999999865e+00
3.577469999999999928e+00
3.579520000000000035e+00
3.582590000000000163e+00
3.584649999999999892e+00
3.587720000000000020e+00
3.589739999999999931e+00
3.592820000000000125e+00
3.594879999999999853e+00
3.597980000000000178e+00
3.600010000000000154e+00
3.603079999999999838e+00
3.605109999999999815e+00
3.608150000000000190e+00
3.610189999999999788e+00
3.613259999999999916e+00
3.615310000000000024e+00
3.618370000000000086e+00
3.620439999999999880e+00
3.623489999999999878e+00
3.625529999999999919e+00
3.628600000000000048e+00
3.630650000000000155e+00
3.633719999999999839e+00
3.635769999999999946e+00
3.638860000000000205e+00
3.640890000000000182e+00
3.643930000000000113e+00
3.646020000000000039e+00
3.649090000000000167e+00
3.651139999999999830e+00
3.654180000000000206e+00
3.656200000000000117e+00
3.659079999999999888e+00
3.661140000000000061e+00
3.664210000000000189e+00
3.666259999999999852e+00
3.669319999999999915e+00
3.671370000000000022e+00
3.674420000000000019e+00
3.676499999999999879e+00
3.679530000000000189e+00
3.681569999999999787e+00
3.684629999999999850e+00
3.686679999999999957e+00
3.689770000000000216e+00
3.691809999999999814e+00
3.694910000000000139e+00
3.696950000000000180e+00
3.700009999999999799e+00
3.702059999999999906e+00
3.705090000000000217e+00
3.707120000000000193e+00
3.710170000000000190e+00
3.712239999999999984e+00
3.715300000000000047e+00
3.717350000000000154e+00
3.720439999999999969e+00
3.722469999999999946e+00
3.725550000000000139e+00
3.727590000000000181e+00
3.730649999999999800e+00
3.732699999999999907e+00
3.735780000000000101e+00
3.737820000000000142e+00
3.740880000000000205e+00
3.742960000000000065e+00
3.746020000000000127e+00
3.748060000000000169e+00
3.751129999999999853e+00
3.753150000000000208e+00
3.756200000000000205e+00
3.758239999999999803e+00
3.761309999999999931e+00
3.763339999999999907e+00
3.766449999999999854e+00
3.768499999999999961e+00
3.771549999999999958e+00
3.773590000000000000e+00
3.776650000000000063e+00
3.778709999999999791e+00
3.781750000000000167e+00
3.783640000000000114e+00
3.786719999999999864e+00
3.788749999999999840e+00
3.791840000000000099e+00
3.793880000000000141e+00
3.796969999999999956e+00
3.799030000000000129e+00
3.802049999999999930e+00
3.804069999999999840e+00
3.807129999999999903e+00
3.809190000000000076e+00
3.812250000000000139e+00
3.814309999999999867e+00
3.817390000000000061e+00
3.819420000000000037e+00
3.822480000000000100e+00
3.824530000000000207e+00
3.827599999999999891e+00
3.829660000000000064e+00
3.832739999999999814e+00
3.834769999999999790e+00
3.837829999999999853e+00
3.839900000000000091e+00
3.842950000000000088e+00
3.845000000000000195e+00
3.848069999999999879e+00
3.850099999999999856e+00
3.853149999999999853e+00
3.855179999999999829e+00
3.858249999999999957e+00
3.860300000000000065e+00
3.863389999999999880e+00
3.865429999999999922e+00
3.868510000000000115e+00
3.870519999999999960e+00
3.873569999999999958e+00
3.875649999999999817e+00
3.878719999999999946e+00
3.880780000000000118e+00
3.883849999999999802e+00
3.885879999999999779e+00
3.888949999999999907e+00
3.890989999999999949e+00
3.894099999999999895e+00
3.896139999999999937e+00
3.899160000000000181e+00
3.901190000000000158e+00
3.904250000000000220e+00
3.906320000000000014e+00
3.909370000000000012e+00
3.911439999999999806e+00
3.914509999999999934e+00
3.916539999999999910e+00
3.919439999999999813e+00
3.921479999999999855e+00
3.924560000000000048e+00
3.926620000000000221e+00
3.929689999999999905e+00
3.931729999999999947e+00
3.934790000000000010e+00
3.936859999999999804e+00
3.939909999999999801e+00
3.941969999999999974e+00
3.945030000000000037e+00
3.947070000000000078e+00
3.950120000000000076e+00
3.952129999999999921e+00
3.955220000000000180e+00
3.957260000000000222e+00
3.960350000000000037e+00
3.962410000000000210e+00
3.965460000000000207e+00
3.967480000000000118e+00
3.970530000000000115e+00
3.972609999999999975e+00
3.975690000000000168e+00
3.977759999999999962e+00
3.980809999999999960e+00
3.982819999999999805e+00
3.985920000000000130e+00
3.987969999999999793e+00
3.991039999999999921e+00
3.993100000000000094e+00
3.996109999999999829e+00
3.998149999999999871e+00
4.001219999999999999e+00
4.003289999999999793e+00
4.006330000000000169e+00
4.008399999999999963e+00
4.011470000000000091e+00
4.013519999999999754e+00
4.016560000000000130e+00
4.018600000000000172e+00
4.021690000000000431e+00
4.023740000000000094e+00
4.026819999999999844e+00
4.028859999999999886e+00
4.031950000000000145e+00
4.033970000000000056e+00
4.036870000000000402e+00
4.038929999999999687e+00
4.041990000000000194e+00
4.044010000000000105e+00
4.047049999999999592e+00
4.049070000000000391e+00
4.052170000000000272e+00
4.054210000000000313e+00
4.057310000000000194e+00
4.059359999999999857e+00
4.062420000000000364e+00
4.064449999999999896e+00
4.067499999999999893e+00
4.069549999999999557e+00
4.072619999999999685e+00
4.074670000000000236e+00
4.077729999999999855e+00
4.079760000000000275e+00
4.082860000000000156e+00
4.084909999999999819e+00
4.087989999999999569e+00
4.090029999999999610e+00
4.093040000000000234e+00
4.095080000000000275e+00
4.098160000000000025e+00
4.100209999999999688e+00
4.103259999999999685e+00
4.105330000000000368e+00
4.108399999999999608e+00
4.110459999999999781e+00
4.113509999999999778e+00
4.115540000000000198e+00
4.118619999999999948e+00
4.120669999999999611e+00
4.123730000000000118e+00
4.125790000000000290e+00
4.128879999999999661e+00
4.130910000000000082e+00
4.133980000000000210e+00
4.136040000000000383e+00
4.139100000000000001e+00
4.141099999999999781e+00
4.144160000000000288e+00
4.146200000000000330e+00
4.149280000000000079e+00
4.151320000000000121e+00
4.154230000000000089e+00
4.156279999999999752e+00
4.159349999999999881e+00
4.161389999999999922e+00
4.164460000000000051e+00
4.166509999999999714e+00
4.169579999999999842e+00
4.171630000000000393e+00
4.174680000000000391e+00
4.176730000000000054e+00
4.179820000000000313e+00
4.181860000000000355e+00
4.184940000000000104e+00
4.186969999999999636e+00
4.189989999999999881e+00
4.192040000000000433e+00
4.195129999999999804e+00
4.197149999999999714e+00
4.200199999999999712e+00
4.202280000000000015e+00
4.205330000000000013e+00
4.207410000000000316e+00
4.210469999999999935e+00
4.212500000000000355e+00
4.215569999999999595e+00
4.217629999999999768e+00
4.220699999999999896e+00
4.222730000000000317e+00
4.225830000000000197e+00
4.227879999999999860e+00
4.230909999999999727e+00
4.232980000000000409e+00
4.236049999999999649e+00
4.238039999999999807e+00
4.241119999999999557e+00
4.243159999999999599e+00
4.246229999999999727e+00
4.248269999999999769e+00
4.250350000000000072e+00
4.253379999999999939e+00
4.255440000000000111e+00
4.258530000000000371e+00
4.260559999999999903e+00
4.263630000000000031e+00
4.265679999999999694e+00
4.268760000000000332e+00
4.270819999999999617e+00
4.273889999999999745e+00
4.275929999999999787e+00
4.278979999999999784e+00
4.281060000000000088e+00
4.284089999999999954e+00
4.286109999999999864e+00
4.289189999999999614e+00
4.291220000000000034e+00
4.294290000000000163e+00
4.296330000000000204e+00
4.299430000000000085e+00
4.301470000000000127e+00
4.304540000000000255e+00
4.306580000000000297e+00
4.309630000000000294e+00
4.311689999999999579e+00
4.314580000000000304e+00
4.316620000000000346e+00
4.319700000000000095e+00
4.321760000000000268e+00
4.324840000000000018e+00
4.326880000000000059e+00
4.329959999999999809e+00
4.332139999999999880e+00
4.335189999999999877e+00
4.337240000000000428e+00
4.340300000000000047e+00
4.342329999999999579e+00
4.345390000000000086e+00
4.347459999999999880e+00
4.350530000000000008e+00
4.352420000000000400e+00
4.355480000000000018e+00
4.357520000000000060e+00
4.360570000000000057e+00
4.362619999999999720e+00
4.365719999999999601e+00
4.367759999999999643e+00
4.370849999999999902e+00
4.372880000000000322e+00
4.375939999999999941e+00
4.378009999999999735e+00
4.381050000000000111e+00
4.383070000000000022e+00
4.386140000000000150e+00
4.388180000000000192e+00
4.391239999999999810e+00
4.393279999999999852e+00
4.396379999999999733e+00
4.398419999999999774e+00
4.401489999999999903e+00
4.403539999999999566e+00
4.406589999999999563e+00
4.408649999999999736e+00
4.411699999999999733e+00
4.413770000000000415e+00
4.416820000000000412e+00
4.418899999999999828e+00
4.421960000000000335e+00
4.423989999999999867e+00
4.427059999999999995e+00
4.429109999999999658e+00
4.432150000000000034e+00
4.434190000000000076e+00
4.437260000000000204e+00
4.439280000000000115e+00
4.442339999999999733e+00
4.444420000000000037e+00
4.447490000000000165e+00
4.449539999999999829e+00
4.452609999999999957e+00
4.454629999999999868e+00
4.457679999999999865e+00
4.459740000000000038e+00
4.462810000000000166e+00
4.464870000000000339e+00
4.467950000000000088e+00
4.469979999999999620e+00
4.472879999999999967e+00
4.474949999999999761e+00
4.478010000000000268e+00
4.480010000000000048e+00
4.483069999999999666e+00
4.485129999999999839e+00
4.488170000000000215e+00
4.490210000000000257e+00
4.493319999999999759e+00
4.495370000000000310e+00
4.498420000000000307e+00
4.500449999999999839e+00
4.503549999999999720e+00
4.505580000000000140e+00
4.508639999999999759e+00
4.510710000000000441e+00
4.513760000000000439e+00
4.515830000000000233e+00
4.518900000000000361e+00
4.520909999999999762e+00
4.524009999999999643e+00
4.526049999999999685e+00
4.529080000000000439e+00
4.531139999999999723e+00
4.534200000000000230e+00
4.536229999999999762e+00
4.539290000000000269e+00
4.541360000000000063e+00
4.544430000000000192e+00
4.546479999999999855e+00
4.549520000000000231e+00
4.551560000000000272e+00
4.554649999999999643e+00
4.556700000000000195e+00
4.559770000000000323e+00
4.561810000000000365e+00
4.564899999999999736e+00
4.566950000000000287e+00
4.570020000000000415e+00
4.572049999999999947e+00
4.575129999999999697e+00
4.577119999999999855e+00
4.580199999999999605e+00
4.582250000000000156e+00
4.585309999999999775e+00
4.587340000000000195e+00
4.590419999999999945e+00
4.592480000000000118e+00
4.595550000000000246e+00
4.597590000000000288e+00
4.600509999999999877e+00
4.602549999999999919e+00
4.605599999999999916e+00
4.607829999999999870e+00
4.610899999999999999e+00
4.612969999999999793e+00
4.615850000000000009e+00
4.617880000000000429e+00
4.620969999999999800e+00
4.623009999999999842e+00
4.626050000000000217e+00
4.628079999999999750e+00
4.631170000000000009e+00
4.633200000000000429e+00
4.636260000000000048e+00
4.638340000000000352e+00
4.641390000000000349e+00
4.643449999999999633e+00
4.646480000000000388e+00
4.648550000000000182e+00
4.651620000000000310e+00
4.653649999999999842e+00
4.656749999999999723e+00
4.658750000000000391e+00
4.661850000000000271e+00
4.663909999999999556e+00
4.666970000000000063e+00
4.669010000000000105e+00
4.672060000000000102e+00
4.674080000000000013e+00
4.677139999999999631e+00
4.679199999999999804e+00
4.682280000000000442e+00
4.684300000000000352e+00
4.687369999999999592e+00
4.689429999999999765e+00
4.692499999999999893e+00
4.694549999999999557e+00
4.697630000000000194e+00
4.699659999999999727e+00
4.702729999999999855e+00
4.704780000000000406e+00
4.707849999999999646e+00
4.709900000000000198e+00
4.712970000000000326e+00
4.715019999999999989e+00
4.718079999999999607e+00
4.720139999999999780e+00
4.723139999999999894e+00
4.725189999999999557e+00
4.728279999999999816e+00
4.730330000000000368e+00
4.733399999999999608e+00
4.735430000000000028e+00
4.738339999999999996e+00
4.740380000000000038e+00
4.743439999999999657e+00
4.745490000000000208e+00
4.748579999999999579e+00
4.750609999999999999e+00
4.753669999999999618e+00
4.755720000000000169e+00
4.758820000000000050e+00
4.760860000000000092e+00
4.763930000000000220e+00
4.765959999999999752e+00
4.769029999999999880e+00
4.771040000000000170e+00
4.774099999999999788e+00
4.776150000000000340e+00
4.779219999999999580e+00
4.781259999999999621e+00
4.784340000000000259e+00
4.786389999999999922e+00
4.789460000000000051e+00
4.791500000000000092e+00
4.794579999999999842e+00
4.796619999999999884e+00
4.799680000000000391e+00
4.801720000000000432e+00
4.804780000000000051e+00
4.806849999999999845e+00
4.809929999999999595e+00
4.811969999999999636e+00
4.815050000000000274e+00
4.817079999999999806e+00
4.820100000000000051e+00
4.822149999999999714e+00
4.825219999999999843e+00
4.827289999999999637e+00
4.830370000000000275e+00
4.832390000000000185e+00
4.835429999999999673e+00
4.837519999999999598e+00
4.840580000000000105e+00
4.842629999999999768e+00
4.845679999999999765e+00
4.847540000000000404e+00
4.850579999999999892e+00
4.852649999999999686e+00
4.855749999999999567e+00
4.857789999999999608e+00
4.860870000000000246e+00
4.862879999999999647e+00
4.865960000000000285e+00
4.867980000000000196e+00
4.871030000000000193e+00
4.873079999999999856e+00
4.876149999999999984e+00
4.878199999999999648e+00
4.881249999999999645e+00
4.883300000000000196e+00
4.886400000000000077e+00
4.888449999999999740e+00
4.891519999999999868e+00
4.893559999999999910e+00
4.896620000000000417e+00
4.898649999999999949e+00
4.901720000000000077e+00
4.903780000000000250e+00
4.906859999999999999e+00
4.908909999999999663e+00
4.911979999999999791e+00
4.913990000000000080e+00
4.917040000000000077e+00
4.919080000000000119e+00
4.922159999999999869e+00
4.924220000000000041e+00
4.927290000000000170e+00
4.929319999999999702e+00
4.932380000000000209e+00
4.934450000000000003e+00
4.937500000000000000e+00
4.939569999999999794e+00
4.942639999999999922e+00
4.944659999999999833e+00
4.947729999999999961e+00
4.949790000000000134e+00
4.952880000000000393e+00
4.954930000000000057e+00
4.957980000000000054e+00
4.959830000000000183e+00
4.962909999999999933e+00
4.964920000000000222e+00
4.967990000000000350e+00
4.970040000000000013e+00
4.973099999999999632e+00
4.975159999999999805e+00
4.978220000000000312e+00
4.980269999999999975e+00
4.983349999999999724e+00
4.985389999999999766e+00
4.988450000000000273e+00
4.990490000000000315e+00
4.993590000000000195e+00
4.995619999999999727e+00
4.998680000000000234e+00
5.000029999999999752e+00
5.000040000000000262e+00
5.000049999999999883e+00
5.000040000000000262e+00
5.000049999999999883e+00
5.000049999999999883e+00
5.000049999999999883e+00
5.000049999999999883e+00
5.000049999999999883e+00
5.000049999999999883e+00
5.000049999999999883e+00
5.000049999999999883e+00
5.000049999999999883e+00
5.000049999999999883e+00
5.000049999999999883e+00
5.000049999999999883e+00
5.000049999999999883e+00
5.000049999999999883e+00
5.000049999999999883e+00
5.000049999999999883e+00
5.000049999999999883e+00
5.000049999999999883e+00
5.000049999999999883e+00
5.000049999999999883e+00
5.000049999999999883e+00
5.000049999999999883e+00
5.000049999999999883e+00
5.000049999999999883e+00
5.000049999999999883e+00
5.000049999999999883e+00
5.000049999999999883e+00
5.000049999999999883e+00
5.000049999999999883e+00
5.000049999999999883e+00
5.000049999999999883e+00
5.000049999999999883e+00
