5.546981000000000280e-05
5.545862999999999997e-05
5.544744999999999714e-05
5.544373000000000118e-05
5.543628000000000179e-05
5.542883000000000239e-05
5.542509999999999896e-05
5.542138000000000300e-05
5.541764999999999956e-05
5.541764999999999956e-05
5.541764999999999956e-05
5.541764999999999956e-05
5.541764999999999956e-05
5.541764999999999956e-05
5.541020000000000017e-05
5.540275000000000077e-05
5.539530000000000138e-05
5.538411999999999854e-05
5.536549999999999702e-05
5.534687000000000157e-05
5.532078999999999995e-05
5.529471999999999903e-05
5.526118999999999801e-05
5.522765999999999700e-05
5.519413000000000276e-05
5.515316000000000305e-05
5.510844999999999920e-05
5.506746999999999879e-05
5.502649999999999908e-05
5.498179000000000201e-05
5.494081000000000160e-05
5.489610999999999845e-05
5.485141000000000208e-05
5.481043000000000167e-05
5.476200000000000187e-05
5.471729999999999872e-05
5.466886999999999891e-05
5.461671000000000245e-05
5.456455999999999991e-05
5.450868000000000071e-05
5.445280000000000151e-05
5.440064999999999896e-05
5.434476999999999976e-05
5.429261000000000330e-05
5.424417999999999672e-05
5.419575999999999761e-05
5.414732999999999780e-05
5.409889999999999800e-05
5.405046999999999819e-05
5.399832000000000243e-05
5.394615999999999919e-05
5.389772999999999938e-05
5.384185000000000018e-05
5.379714999999999703e-05
5.374500000000000127e-05
5.370028999999999742e-05
5.365559000000000105e-05
5.361088999999999791e-05
5.356990999999999749e-05
5.352147999999999769e-05
5.347304999999999788e-05
5.342090000000000212e-05
5.336502000000000292e-05
5.331285999999999968e-05
5.326442999999999987e-05
5.321227999999999733e-05
5.316758000000000096e-05
5.312286999999999711e-05
5.308188999999999670e-05
5.304091999999999699e-05
5.300739000000000275e-05
5.297013999999999900e-05
5.292543000000000193e-05
5.288445000000000152e-05
5.284348000000000181e-05
5.279505000000000200e-05
5.275407000000000159e-05
5.271309000000000118e-05
5.267211000000000077e-05
5.263113000000000036e-05
5.259388000000000339e-05
5.255290000000000298e-05
5.250819999999999983e-05
5.246721999999999942e-05
5.242252000000000305e-05
5.237780999999999920e-05
5.232939000000000010e-05
5.228468000000000303e-05
5.224370000000000262e-05
5.219899999999999947e-05
5.215430000000000310e-05
5.210213999999999986e-05
5.205371000000000005e-05
5.200155999999999751e-05
5.195686000000000114e-05
5.190843000000000133e-05
5.186371999999999749e-05
5.181529999999999838e-05
5.176686999999999858e-05
5.171471000000000211e-05
5.166255999999999957e-05
5.161040000000000311e-05
5.155452999999999783e-05
5.150609999999999802e-05
5.145394000000000156e-05
5.140178999999999902e-05
5.134963000000000255e-05
5.129748000000000001e-05
5.123787999999999807e-05
5.117454999999999948e-05
5.111122000000000088e-05
5.104789000000000229e-05
5.098455999999999691e-05
5.092495000000000105e-05
5.086534999999999912e-05
5.080202000000000052e-05
5.073869000000000193e-05
5.067536000000000333e-05
5.060457999999999856e-05
5.053752000000000331e-05
5.046302000000000258e-05
5.038851000000000115e-05
5.031773000000000316e-05
5.024694999999999840e-05
5.017617000000000041e-05
5.010165999999999898e-05
5.003460999999999765e-05
4.995638000000000026e-05
4.988186999999999884e-05
4.980364000000000145e-05
4.972168000000000063e-05
4.963973000000000051e-05
4.955776999999999969e-05
4.947580999999999886e-05
4.939385999999999874e-05
4.930818000000000196e-05
4.922993999999999710e-05
4.914798999999999698e-05
4.905857999999999676e-05
4.897289999999999998e-05
4.889093999999999916e-05
4.880153999999999964e-05
4.871585000000000216e-05
4.863390000000000204e-05
4.854821999999999848e-05
4.846998000000000040e-05
4.838803000000000028e-05
4.830234999999999672e-05
4.821666999999999994e-05
4.813098000000000246e-05
4.804158000000000294e-05
4.795588999999999869e-05
4.787021000000000190e-05
4.778452999999999835e-05
4.769140000000000217e-05
4.760571999999999861e-05
4.752004000000000183e-05
4.743063000000000162e-05
4.734122000000000140e-05
4.724808999999999845e-05
4.715867999999999823e-05
4.706927999999999872e-05
4.697614000000000184e-05
4.688300999999999889e-05
4.678988000000000271e-05
4.669674999999999976e-05
4.660361000000000288e-05
4.651047999999999993e-05
4.641734999999999698e-05
4.632048999999999737e-05
4.622736000000000119e-05
4.612677999999999885e-05
4.603365000000000267e-05
4.593679000000000306e-05
4.584366000000000011e-05
4.575052000000000323e-05
4.565739000000000028e-05
4.556425999999999733e-05
4.546739999999999772e-05
4.537427000000000154e-05
4.527741000000000193e-05
4.518055000000000232e-05
4.508369999999999663e-05
4.498683999999999702e-05
4.488626000000000145e-05
4.478940000000000184e-05
4.468881999999999949e-05
4.459195999999999988e-05
4.449510000000000027e-05
4.440196999999999731e-05
4.430510999999999770e-05
4.420824999999999809e-05
4.411139999999999918e-05
4.401826000000000230e-05
4.392512999999999935e-05
4.382826999999999974e-05
4.373513999999999679e-05
4.363827999999999718e-05
4.354142999999999826e-05
4.344829000000000139e-05
4.335515999999999844e-05
4.326203000000000226e-05
4.317262000000000204e-05
4.307948999999999909e-05
4.298636000000000292e-05
4.289695000000000270e-05
4.280754000000000248e-05
4.271814000000000297e-05
4.262499999999999932e-05
4.253559999999999980e-05
4.244246999999999685e-05
4.235677999999999937e-05
4.226737999999999985e-05
4.217796999999999963e-05
4.208855999999999942e-05
4.199915999999999990e-05
4.190974999999999968e-05
4.182407000000000290e-05
4.173466000000000269e-05
4.164897999999999913e-05
4.156330000000000235e-05
4.147761999999999879e-05
4.138820999999999857e-05
4.130624999999999775e-05
4.122429999999999763e-05
4.113488999999999742e-05
4.105293000000000337e-05
4.097098000000000325e-05
4.088528999999999899e-05
4.080333999999999887e-05
4.072137999999999805e-05
4.064315000000000066e-05
4.056118999999999984e-05
4.047923999999999972e-05
4.040101000000000233e-05
4.031905000000000151e-05
4.024081999999999735e-05
4.015886000000000331e-05
4.008062999999999914e-05
3.999495000000000236e-05
3.991671999999999820e-05
3.983475999999999738e-05
3.974908000000000060e-05
3.967085000000000321e-05
3.958889000000000239e-05
3.951065999999999823e-05
3.943243000000000084e-05
3.935791999999999942e-05
3.927969000000000203e-05
3.920145999999999787e-05
3.912695999999999714e-05
3.905617999999999915e-05
3.898166999999999773e-05
3.891088999999999974e-05
3.884011000000000174e-05
3.876560000000000032e-05
3.869482000000000233e-05
3.862777000000000100e-05
3.855699000000000301e-05
3.848620999999999824e-05
3.841169999999999681e-05
3.834465000000000226e-05
3.827386999999999749e-05
3.820307999999999880e-05
3.813230000000000081e-05
3.806152000000000282e-05
3.799447000000000149e-05
3.792368999999999672e-05
3.785290999999999873e-05
3.778213000000000074e-05
3.771506999999999871e-05
3.764801999999999737e-05
3.758096000000000212e-05
3.751391000000000079e-05
3.744684999999999876e-05
3.737979999999999743e-05
3.731274000000000217e-05
3.724940999999999680e-05
3.718607999999999820e-05
3.712648000000000304e-05
3.706687000000000041e-05
3.700726999999999847e-05
3.694766000000000261e-05
3.689177999999999663e-05
3.683218000000000147e-05
3.677630000000000227e-05
3.672413999999999903e-05
3.666827000000000053e-05
3.661984000000000072e-05
3.657141000000000092e-05
3.651924999999999768e-05
3.647455000000000131e-05
3.642612000000000150e-05
3.638141999999999835e-05
3.633671000000000128e-05
3.629200999999999814e-05
3.625102999999999773e-05
3.621004999999999732e-05
3.616907999999999761e-05
3.613181999999999993e-05
3.609457000000000296e-05
3.605359000000000255e-05
3.602006000000000153e-05
3.598280999999999778e-05
3.594927999999999676e-05
3.591202999999999979e-05
3.587849999999999877e-05
3.584497999999999846e-05
3.581517000000000018e-05
3.578164999999999986e-05
3.575184000000000158e-05
3.572203999999999722e-05
3.569223999999999964e-05
3.566615999999999802e-05
3.564008999999999710e-05
3.561772999999999822e-05
3.559165999999999730e-05
3.556558000000000245e-05
3.554322999999999749e-05
3.552460000000000204e-05
3.549852000000000042e-05
3.547989999999999890e-05
3.546126999999999667e-05
3.544264000000000122e-05
3.542401999999999969e-05
3.540167000000000151e-05
3.538677000000000272e-05
3.537186000000000323e-05
3.535695999999999766e-05
3.533834000000000291e-05
3.532716000000000008e-05
3.530852999999999786e-05
3.529736000000000250e-05
3.527873000000000028e-05
3.527128000000000088e-05
3.525638000000000209e-05
3.524519999999999926e-05
3.523402999999999713e-05
3.522285000000000108e-05
3.521167999999999895e-05
3.519678000000000016e-05
3.518187000000000067e-05
3.517069999999999854e-05
3.515579999999999975e-05
3.514461999999999691e-05
3.512600000000000216e-05
3.511481999999999933e-05
3.509618999999999711e-05
3.508128999999999832e-05
3.505894000000000013e-05
3.504404000000000134e-05
3.502540999999999912e-05
3.500678999999999759e-05
3.499187999999999810e-05
3.496952999999999992e-05
3.495090999999999839e-05
3.492854999999999951e-05
3.490620000000000132e-05
3.488385000000000314e-05
3.486149999999999818e-05
3.483542000000000333e-05
3.481306999999999837e-05
3.478698999999999675e-05
3.476092000000000260e-05
3.473484000000000098e-05
3.470503999999999663e-05
3.467522999999999835e-05
3.464543000000000077e-05
3.461563000000000319e-05
3.458582999999999883e-05
3.455229999999999782e-05
3.452250000000000024e-05
3.449270000000000265e-05
3.445917000000000164e-05
3.442936999999999728e-05
3.439210999999999961e-05
3.435858999999999929e-05
3.432133000000000162e-05
3.428035000000000121e-05
3.423564999999999806e-05
3.419466999999999765e-05
3.414997000000000128e-05
3.410526999999999813e-05
3.406056000000000106e-05
3.401213000000000126e-05
3.396742999999999811e-05
3.391899999999999831e-05
3.387056999999999850e-05
3.381842000000000273e-05
3.376999000000000293e-05
3.372156000000000312e-05
3.366567999999999715e-05
3.361353000000000138e-05
3.356510000000000158e-05
3.350922000000000237e-05
3.345334000000000317e-05
3.339745999999999720e-05
3.334531000000000143e-05
3.328569999999999880e-05
3.322981999999999959e-05
3.317394000000000039e-05
3.311806000000000119e-05
3.305845999999999926e-05
3.300630000000000279e-05
3.295042999999999751e-05
3.289082000000000165e-05
3.283121999999999972e-05
3.277160999999999708e-05
3.270827999999999849e-05
3.264122999999999715e-05
3.257417000000000190e-05
3.250712000000000057e-05
3.244005999999999854e-05
3.237300999999999720e-05
3.230595000000000195e-05
3.223516999999999718e-05
3.216811000000000193e-05
3.209361000000000120e-05
3.202283000000000321e-05
3.195204999999999844e-05
3.188127000000000045e-05
3.181049000000000246e-05
3.174343000000000043e-05
3.168010000000000184e-05
3.161677000000000324e-05
3.155717000000000130e-05
3.149755999999999867e-05
3.144167999999999947e-05
3.138207999999999753e-05
3.132619999999999833e-05
3.127031999999999913e-05
3.121071000000000327e-05
3.115483999999999799e-05
3.109523000000000213e-05
3.103563000000000019e-05
3.097601999999999756e-05
3.091642000000000240e-05
3.085680999999999976e-05
3.080093000000000056e-05
3.074132999999999862e-05
3.067800000000000003e-05
3.061838999999999739e-05
3.055505999999999880e-05
3.049161999999999928e-05
3.042456000000000064e-05
3.036122999999999866e-05
3.029790000000000006e-05
3.023457000000000146e-05
3.017496999999999953e-05
3.011536000000000028e-05
3.005203000000000168e-05
2.999242999999999975e-05
2.992910000000000115e-05
2.986948999999999851e-05
2.980988999999999997e-05
2.974656000000000137e-05
2.968322999999999939e-05
2.961990000000000079e-05
2.955656999999999881e-05
2.948951000000000016e-05
2.942618000000000157e-05
2.936284999999999958e-05
2.930325000000000104e-05
2.923991999999999905e-05
2.918032000000000050e-05
2.912444000000000130e-05
2.906855999999999871e-05
2.900894999999999947e-05
2.895307000000000027e-05
2.890092000000000111e-05
2.884503999999999852e-05
2.878542999999999928e-05
2.872583000000000073e-05
2.866622999999999879e-05
2.860661999999999954e-05
2.854329000000000095e-05
2.847995999999999896e-05
2.841663000000000037e-05
2.835329999999999838e-05
2.828996999999999979e-05
2.823037000000000124e-05
2.816703999999999925e-05
2.810743000000000001e-05
2.805155000000000081e-05
2.799194999999999887e-05
2.793606999999999967e-05
2.788019000000000047e-05
2.782803000000000061e-05
2.777215999999999873e-05
2.771627999999999952e-05
2.766040000000000032e-05
2.760824000000000047e-05
2.755236000000000127e-05
2.749647999999999868e-05
2.744432999999999953e-05
2.739218000000000037e-05
2.733257000000000113e-05
2.728414000000000132e-05
2.723198999999999878e-05
2.717982999999999893e-05
2.713140999999999982e-05
2.708298000000000001e-05
2.703826999999999956e-05
2.698983999999999975e-05
2.694513999999999999e-05
2.690044000000000023e-05
2.685945999999999982e-05
2.681847999999999941e-05
2.677749999999999900e-05
2.673651999999999859e-05
2.669554999999999888e-05
2.666202000000000125e-05
2.662477000000000089e-05
2.658379000000000048e-05
2.655025999999999946e-05
2.651300999999999910e-05
2.647575000000000143e-05
2.644223000000000111e-05
2.640870000000000009e-05
2.637144999999999973e-05
2.633418999999999867e-05
2.629694000000000169e-05
2.625969000000000133e-05
2.621871000000000092e-05
2.618517999999999990e-05
2.615164999999999889e-05
2.611439999999999852e-05
2.608460000000000094e-05
2.605479999999999998e-05
2.602871999999999836e-05
2.600264000000000012e-05
2.598028999999999855e-05
2.596165999999999971e-05
2.594304000000000157e-05
2.592440999999999935e-05
2.590206000000000116e-05
2.588342999999999894e-05
2.586481000000000080e-05
2.583872999999999918e-05
2.581265000000000095e-05
2.578658000000000003e-05
2.576049999999999841e-05
2.573442000000000017e-05
2.570833999999999855e-05
2.568227000000000102e-05
2.565991999999999945e-05
2.563756000000000056e-05
2.561893999999999904e-05
2.559659000000000085e-05
2.557422999999999858e-05
2.555188000000000039e-05
2.552580999999999947e-05
2.550345000000000059e-05
2.547737999999999967e-05
2.545130000000000143e-05
2.542521999999999981e-05
2.539914999999999889e-05
2.537679000000000001e-05
2.535071999999999909e-05
2.533209000000000025e-05
2.530973999999999868e-05
2.529483999999999989e-05
2.527621000000000105e-05
2.526503999999999892e-05
2.525385999999999948e-05
2.524268000000000003e-05
2.523523000000000064e-05
2.522405999999999851e-05
2.520915999999999972e-05
2.520171000000000032e-05
2.519053000000000088e-05
2.517562999999999870e-05
2.516444999999999926e-05
2.514955000000000047e-05
2.514210000000000107e-05
2.513092000000000163e-05
2.511974999999999950e-05
2.511230000000000011e-05
2.510857000000000006e-05
2.510112000000000066e-05
2.508994999999999853e-05
2.508249999999999914e-05
2.507504999999999974e-05
2.506387000000000030e-05
2.505269000000000086e-05
2.504524000000000146e-05
2.503033999999999928e-05
2.501917000000000054e-05
2.501172000000000115e-05
2.500053999999999832e-05
2.498935999999999887e-05
2.498190999999999948e-05
2.497446000000000008e-05
2.496329000000000134e-05
2.495583999999999856e-05
2.495210999999999851e-05
2.494465999999999912e-05
2.493720999999999972e-05
2.493347999999999967e-05
2.492603000000000028e-05
2.492231000000000093e-05
2.491113000000000149e-05
2.490367999999999871e-05
2.489250999999999996e-05
2.488506000000000057e-05
2.487761000000000117e-05
2.486642999999999834e-05
2.485897999999999895e-05
2.485524999999999890e-05
2.484408000000000016e-05
2.483663000000000076e-05
2.483290000000000071e-05
2.482918000000000137e-05
2.482545000000000132e-05
2.482545000000000132e-05
2.482172999999999858e-05
2.482172999999999858e-05
2.482172999999999858e-05
2.482172999999999858e-05
2.482545000000000132e-05
2.482545000000000132e-05
2.482918000000000137e-05
2.483290000000000071e-05
2.484035000000000011e-05
2.484779999999999950e-05
2.485152999999999955e-05
2.485524999999999890e-05
2.485897999999999895e-05
2.486270000000000168e-05
2.486270000000000168e-05
2.487015000000000108e-05
2.487388000000000112e-05
2.487388000000000112e-05
2.487761000000000117e-05
2.488133000000000052e-05
2.488877999999999991e-05
2.488877999999999991e-05
2.489250999999999996e-05
2.489622999999999931e-05
2.489995999999999936e-05
2.489995999999999936e-05
2.490740999999999875e-05
2.491113000000000149e-05
2.491486000000000154e-05
2.492231000000000093e-05
2.492231000000000093e-05
2.492976000000000033e-05
2.493720999999999972e-05
2.494465999999999912e-05
2.495210999999999851e-05
2.495583999999999856e-05
2.496329000000000134e-05
2.497074000000000074e-05
2.497819000000000013e-05
2.498563999999999953e-05
2.498935999999999887e-05
2.499308999999999892e-05
2.499681000000000166e-05
2.500053999999999832e-05
2.500426000000000105e-05
2.500426000000000105e-05
2.500799000000000110e-05
2.501172000000000115e-05
2.501172000000000115e-05
2.501544000000000049e-05
2.501544000000000049e-05
2.501544000000000049e-05
2.501917000000000054e-05
2.501917000000000054e-05
2.501544000000000049e-05
2.501544000000000049e-05
2.501544000000000049e-05
2.501172000000000115e-05
2.500426000000000105e-05
2.500053999999999832e-05
2.499681000000000166e-05
2.499308999999999892e-05
2.499308999999999892e-05
2.499308999999999892e-05
2.498935999999999887e-05
2.498935999999999887e-05
2.498935999999999887e-05
2.498935999999999887e-05
2.498563999999999953e-05
2.498563999999999953e-05
2.498190999999999948e-05
2.497446000000000008e-05
2.496701000000000069e-05
2.495583999999999856e-05
2.494838999999999916e-05
2.493347999999999967e-05
2.492231000000000093e-05
2.490740999999999875e-05
2.489250999999999996e-05
2.488133000000000052e-05
2.486642999999999834e-05
2.485524999999999890e-05
2.484035000000000011e-05
2.482545000000000132e-05
2.481054999999999914e-05
2.479565000000000035e-05
2.478447000000000091e-05
2.476584999999999938e-05
2.475095000000000059e-05
2.473231999999999837e-05
2.471368999999999953e-05
2.469879000000000074e-05
2.467643999999999917e-05
2.466154000000000038e-05
2.463918999999999880e-05
2.462429000000000001e-05
2.460566000000000118e-05
2.458330999999999960e-05
2.456468000000000076e-05
2.454604999999999854e-05
2.452743000000000040e-05
2.450880000000000156e-05
2.448271999999999994e-05
2.446409999999999842e-05
2.444546999999999958e-05
2.441939000000000135e-05
2.440076999999999982e-05
2.438214000000000098e-05
2.435978999999999941e-05
2.434116000000000057e-05
2.431880999999999900e-05
2.430019000000000086e-05
2.428155999999999864e-05
2.425548000000000040e-05
2.423685999999999888e-05
2.421449999999999999e-05
2.419214999999999842e-05
2.416607000000000019e-05
2.414371999999999862e-05
2.411765000000000108e-05
2.408783999999999941e-05
2.406176999999999849e-05
2.403569000000000026e-05
2.400215999999999925e-05
2.397236000000000167e-05
2.394256000000000070e-05
2.391647999999999908e-05
2.389040000000000084e-05
2.386804999999999927e-05
2.384197000000000104e-05
2.381590000000000012e-05
2.378608999999999845e-05
2.376002000000000092e-05
2.373393999999999930e-05
2.370786000000000106e-05
2.367806000000000010e-05
2.365570999999999852e-05
2.362591000000000094e-05
2.360355999999999937e-05
2.357748000000000114e-05
2.355139999999999952e-05
2.352905000000000133e-05
2.350296999999999971e-05
2.348062000000000153e-05
2.345453999999999990e-05
2.342846999999999898e-05
2.339866000000000070e-05
2.336885999999999974e-05
2.333532999999999872e-05
2.330553000000000114e-05
2.327573000000000017e-05
2.324964999999999855e-05
2.321985000000000097e-05
2.319376999999999935e-05
2.316396999999999838e-05
2.313789000000000015e-05
2.310808999999999918e-05
2.307829000000000160e-05
2.304849000000000063e-05
2.301868999999999966e-05
2.298888000000000138e-05
2.296652999999999981e-05
2.293672999999999884e-05
2.291065000000000061e-05
2.287711999999999960e-05
2.284359999999999928e-05
2.280634000000000160e-05
2.276909000000000124e-05
2.273556000000000023e-05
2.269830999999999986e-05
2.266105999999999950e-05
2.262752999999999848e-05
2.259400000000000086e-05
2.256046999999999984e-05
2.252321999999999948e-05
2.248968999999999846e-05
2.245244000000000149e-05
2.241891000000000047e-05
2.238539000000000015e-05
2.235185999999999914e-05
2.231833000000000151e-05
2.228853000000000054e-05
2.225499999999999953e-05
2.222519999999999856e-05
2.219167000000000093e-05
2.215813999999999992e-05
2.212088999999999955e-05
2.208363999999999919e-05
2.204265999999999878e-05
2.200540999999999842e-05
2.196070000000000135e-05
2.191600000000000159e-05
2.187875000000000122e-05
2.183404000000000077e-05
2.178934000000000101e-05
2.174836000000000060e-05
2.170738000000000019e-05
2.166268000000000043e-05
2.162543000000000006e-05
2.158071999999999961e-05
2.153973999999999920e-05
2.149876999999999949e-05
2.145405999999999903e-05
2.140935999999999927e-05
2.136837999999999886e-05
2.132367999999999910e-05
2.127896999999999864e-05
2.123799999999999893e-05
2.119701999999999852e-05
2.115604000000000150e-05
2.111879000000000113e-05
2.107781000000000072e-05
2.104056000000000036e-05
2.099957999999999995e-05
2.096231999999999889e-05
2.092879999999999857e-05
2.089154000000000090e-05
2.085429000000000053e-05
2.082075999999999952e-05
2.078350999999999915e-05
2.074998000000000153e-05
2.071273000000000116e-05
2.067920000000000015e-05
2.064567999999999983e-05
2.061214999999999882e-05
2.058235000000000124e-05
2.054882000000000022e-05
2.051901999999999925e-05
2.048921000000000097e-05
2.046314000000000005e-05
2.043332999999999838e-05
2.040353000000000080e-05
2.036999999999999979e-05
2.033647999999999947e-05
2.029921999999999841e-05
2.026570000000000148e-05
2.022844000000000042e-05
2.019119000000000005e-05
2.015393999999999969e-05
2.011667999999999863e-05
2.007570999999999892e-05
2.004218000000000129e-05
2.000865000000000027e-05
1.997139999999999991e-05
1.993413999999999885e-05
1.989316999999999914e-05
1.985591000000000146e-05
1.982239000000000115e-05
1.978513000000000008e-05
1.975160999999999977e-05
1.971807999999999875e-05
1.968082999999999839e-05
1.964730000000000076e-05
1.961003999999999970e-05
1.957278999999999933e-05
1.953553999999999897e-05
1.949455999999999856e-05
1.945731000000000159e-05
1.942005000000000052e-05
1.938280000000000016e-05
1.934554999999999980e-05
1.931201999999999878e-05
1.927849000000000115e-05
1.924497000000000084e-05
1.921143999999999982e-05
1.918163999999999885e-05
1.915183000000000057e-05
1.912202999999999960e-05
1.909222999999999864e-05
1.905498000000000166e-05
1.901772000000000060e-05
1.898047000000000024e-05
1.893948999999999982e-05
1.890223999999999946e-05
1.886870999999999845e-05
1.883518000000000082e-05
1.880166000000000050e-05
1.876812999999999949e-05
1.873459999999999847e-05
1.869735000000000150e-05
1.866755000000000053e-05
1.863401999999999951e-05
1.860794000000000128e-05
1.858185999999999966e-05
1.855578999999999874e-05
1.853715999999999990e-05
1.851480999999999833e-05
1.849246000000000014e-05
1.846265999999999917e-05
1.843285000000000089e-05
1.840304999999999993e-05
1.837324999999999896e-05
1.834345000000000138e-05
1.831736999999999976e-05
1.829502000000000157e-05
1.827267000000000000e-05
1.825031000000000111e-05
1.823168999999999959e-05
1.820561000000000136e-05
1.818325999999999978e-05
1.816091000000000160e-05
1.813854999999999932e-05
1.811993000000000119e-05
1.810129999999999896e-05
1.809013000000000022e-05
1.807895000000000078e-05
1.807522000000000073e-05
1.806777000000000133e-05
1.805659999999999920e-05
1.804914999999999981e-05
1.803425000000000102e-05
1.801561999999999879e-05
1.798954000000000056e-05
1.796346999999999964e-05
1.793366000000000136e-05
1.790386000000000039e-05
1.787405999999999942e-05
1.784425999999999845e-05
1.782191000000000027e-05
1.780328000000000143e-05
1.779209999999999860e-05
1.778092999999999986e-05
1.777348000000000046e-05
1.776975000000000042e-05
1.776230000000000102e-05
1.776230000000000102e-05
1.775485000000000163e-05
1.773994999999999945e-05
1.772505000000000066e-05
1.769896999999999904e-05
1.766917000000000146e-05
1.764308999999999984e-05
1.761701000000000160e-05
1.759466000000000003e-05
1.757230999999999846e-05
1.755367999999999962e-05
1.754251000000000088e-05
1.752387999999999865e-05
1.751270999999999991e-05
1.750153000000000047e-05
1.748663000000000168e-05
1.747172999999999950e-05
1.745310000000000066e-05
1.743074999999999909e-05
1.740095000000000151e-05
1.737115000000000054e-05
1.733761999999999952e-05
1.729663999999999911e-05
1.725565999999999870e-05
1.721840999999999834e-05
1.717370000000000127e-05
1.712900000000000151e-05
1.709175000000000115e-05
1.705077000000000074e-05
1.701352000000000037e-05
1.697625999999999931e-05
1.694645999999999834e-05
1.692411000000000016e-05
1.690548000000000132e-05
1.689430999999999919e-05
1.688685999999999979e-05
1.689057999999999914e-05
1.690175999999999858e-05
1.691666000000000076e-05
1.693528999999999960e-05
1.694645999999999834e-05
1.696509000000000057e-05
1.697998999999999936e-05
1.699862000000000158e-05
1.700979000000000033e-05
1.702468999999999912e-05
1.703213999999999851e-05
1.703586999999999856e-05
1.703586999999999856e-05
1.703213999999999851e-05
1.702468999999999912e-05
1.701723999999999972e-05
1.700234000000000093e-05
1.698370999999999871e-05
1.696136000000000052e-05
1.693528999999999960e-05
1.690175999999999858e-05
1.687196000000000100e-05
1.684214999999999934e-05
1.681234999999999837e-05
1.679000000000000018e-05
1.676391999999999856e-05
1.674157000000000038e-05
1.671176999999999941e-05
1.668196999999999844e-05
1.665216000000000016e-05
1.662235999999999919e-05
1.659256000000000161e-05
1.655903000000000060e-05
1.652549999999999958e-05
1.649569999999999861e-05
1.646217000000000099e-05
1.642865000000000067e-05
1.639883999999999900e-05
1.636904000000000142e-05
1.633924000000000045e-05
1.632061000000000162e-05
1.630570999999999944e-05
1.629081000000000065e-05
1.629081000000000065e-05
1.629454000000000069e-05
1.630199000000000009e-05
1.630943999999999948e-05
1.632806000000000101e-05
1.634668999999999985e-05
1.635786999999999929e-05
1.636158999999999864e-05
1.636531999999999869e-05
1.636531999999999869e-05
1.636158999999999864e-05
1.635786999999999929e-05
1.635786999999999929e-05
1.635041999999999990e-05
1.633924000000000045e-05
1.632806000000000101e-05
1.632061000000000162e-05
1.630570999999999944e-05
1.627963999999999852e-05
1.624611000000000089e-05
1.621630999999999992e-05
1.620513000000000048e-05
1.620513000000000048e-05
1.621257999999999987e-05
1.620513000000000048e-05
1.618277999999999890e-05
1.615298000000000132e-05
1.613434999999999910e-05
1.613434999999999910e-05
1.614925000000000128e-05
1.617159999999999946e-05
1.617904999999999886e-05
1.616043000000000072e-05
1.611945000000000031e-05
1.606357000000000111e-05
1.601514000000000130e-05
1.598534000000000033e-05
1.598534000000000033e-05
1.602632000000000075e-05
1.610827000000000087e-05
1.622375999999999932e-05
1.637277000000000147e-05
1.654040999999999907e-05
1.671921999999999880e-05
1.690548000000000132e-05
1.708429999999999836e-05
1.725938999999999875e-05
1.742701999999999904e-05
1.757976000000000124e-05
1.772877000000000001e-05
1.785916000000000063e-05
1.798209000000000116e-05
1.809757999999999961e-05
1.820561000000000136e-05
1.830247000000000097e-05
1.839187000000000048e-05
1.846637999999999852e-05
1.852599000000000116e-05
1.856696000000000087e-05
1.858931999999999975e-05
1.858558999999999971e-05
1.855951000000000147e-05
1.851108000000000167e-05
1.843658000000000094e-05
1.834345000000000138e-05
1.823913999999999898e-05
1.811993000000000119e-05
1.800072000000000000e-05
1.788523999999999886e-05
1.777719999999999981e-05
1.768778999999999959e-05
1.761701000000000160e-05
1.757230999999999846e-05
1.754251000000000088e-05
1.752387999999999865e-05
1.750897999999999986e-05
1.747917999999999889e-05
1.742329999999999969e-05
1.732644000000000008e-05
1.718116000000000136e-05
1.697998999999999936e-05
1.673785000000000103e-05
1.645845000000000164e-05
1.617159999999999946e-05
1.588848000000000072e-05
1.563515999999999956e-05
1.542281999999999882e-05
1.525891000000000126e-05
1.512474000000000048e-05
1.500552999999999929e-05
1.489004000000000084e-05
1.478201000000000080e-05
1.467770000000000009e-05
1.458830000000000058e-05
1.450260999999999971e-05
1.441692999999999954e-05
1.433124999999999937e-05
1.424929000000000024e-05
1.418224000000000061e-05
1.411145999999999923e-05
1.404067999999999954e-05
1.397361999999999921e-05
1.391774000000000000e-05
1.386186000000000080e-05
1.380597999999999991e-05
1.375383000000000076e-05
1.370912999999999930e-05
1.365325000000000010e-05
1.360482000000000030e-05
1.355639000000000049e-05
1.351169000000000073e-05
1.346698000000000028e-05
1.342972999999999991e-05
1.339247999999999955e-05
1.335895000000000023e-05
1.332914999999999926e-05
1.331052000000000042e-05
1.329561999999999994e-05
1.328444000000000049e-05
1.327327000000000006e-05
1.326209000000000062e-05
1.325092000000000018e-05
1.324719000000000013e-05
1.323601000000000069e-05
1.321366000000000081e-05
1.319503999999999928e-05
1.316522999999999931e-05
1.312798000000000064e-05
1.309073000000000028e-05
1.304974999999999987e-05
1.301249999999999950e-05
1.297152000000000079e-05
1.293054000000000038e-05
1.288584000000000062e-05
1.285230999999999960e-05
1.282251000000000033e-05
1.279643000000000040e-05
1.278152999999999992e-05
1.276662999999999943e-05
1.275544999999999999e-05
1.274054999999999951e-05
1.272192000000000067e-05
1.269584999999999975e-05
1.266976999999999982e-05
1.263997000000000055e-05
1.260643999999999953e-05
1.256918999999999917e-05
1.252821000000000045e-05
1.248351000000000069e-05
1.243880000000000024e-05
1.239037000000000043e-05
1.234567000000000067e-05
1.229723999999999917e-05
1.225253999999999941e-05
1.221901000000000009e-05
1.218548000000000077e-05
1.215567999999999980e-05
1.212588000000000053e-05
1.210725000000000000e-05
1.208863000000000017e-05
1.206999999999999963e-05
1.205510000000000084e-05
1.204020000000000036e-05
1.202901999999999922e-05
1.201039000000000039e-05
1.199921999999999995e-05
1.198431999999999946e-05
1.196942000000000067e-05
1.195450999999999949e-05
1.193588999999999966e-05
1.192098999999999917e-05
1.190609000000000038e-05
1.189490999999999925e-05
1.188001000000000046e-05
1.187255999999999937e-05
1.186137999999999993e-05
1.185020999999999949e-05
1.184276000000000010e-05
1.183158000000000065e-05
1.182412999999999956e-05
1.181295000000000012e-05
1.180550000000000073e-05
1.179804999999999964e-05
1.178687999999999920e-05
1.177942999999999981e-05
1.176825000000000036e-05
1.175334999999999988e-05
1.174590000000000048e-05
1.173100000000000000e-05
1.171609999999999952e-05
1.170120000000000073e-05
1.168257000000000019e-05
1.166766999999999971e-05
1.165276999999999923e-05
1.163414000000000039e-05
1.161923999999999990e-05
1.159689000000000002e-05
1.157825999999999949e-05
1.155590999999999961e-05
1.153355999999999974e-05
1.151492999999999920e-05
1.149257999999999932e-05
1.147022999999999945e-05
1.144787999999999957e-05
1.142552000000000068e-05
1.140317000000000080e-05
1.138454999999999928e-05
1.136592000000000044e-05
1.135101999999999995e-05
1.133611999999999947e-05
1.131749000000000063e-05
1.130259000000000015e-05
1.128395999999999962e-05
1.126533999999999979e-05
1.125043000000000030e-05
1.123925999999999986e-05
1.122435999999999938e-05
1.120946000000000059e-05
1.120200999999999950e-05
1.119083000000000005e-05
1.117592999999999957e-05
1.116848000000000017e-05
1.116103000000000078e-05
1.114984999999999964e-05
1.114613000000000030e-05
1.113494999999999916e-05
1.112378000000000042e-05
1.111259999999999928e-05
1.109770000000000049e-05
1.108280000000000001e-05
1.107535000000000061e-05
1.106416999999999947e-05
1.105672000000000008e-05
1.104927000000000068e-05
1.104554000000000064e-05
1.104181999999999959e-05
1.103437000000000020e-05
1.103064000000000015e-05
1.101946999999999972e-05
1.101573999999999967e-05
1.100829000000000027e-05
1.099711999999999984e-05
1.098594000000000039e-05
1.098221000000000035e-05
1.097475999999999926e-05
1.096730999999999986e-05
1.096359000000000051e-05
1.095986000000000047e-05
1.095986000000000047e-05
1.096359000000000051e-05
1.096730999999999986e-05
1.096730999999999986e-05
1.097103999999999991e-05
1.097475999999999926e-05
1.097475999999999926e-05
1.097475999999999926e-05
1.097475999999999926e-05
1.097475999999999926e-05
1.097475999999999926e-05
1.097103999999999991e-05
1.096730999999999986e-05
1.096730999999999986e-05
1.096730999999999986e-05
1.096730999999999986e-05
1.096730999999999986e-05
1.096730999999999986e-05
1.096730999999999986e-05
1.096730999999999986e-05
1.097103999999999991e-05
1.097103999999999991e-05
1.097475999999999926e-05
1.097848999999999930e-05
1.098221000000000035e-05
1.098594000000000039e-05
1.098594000000000039e-05
1.098594000000000039e-05
1.098594000000000039e-05
1.098965999999999974e-05
1.098965999999999974e-05
1.099338999999999979e-05
1.099338999999999979e-05
1.100083999999999918e-05
1.100829000000000027e-05
1.101573999999999967e-05
1.101946999999999972e-05
1.102692000000000080e-05
1.103437000000000020e-05
1.104181999999999959e-05
1.104927000000000068e-05
1.105672000000000008e-05
1.106045000000000013e-05
1.106789999999999952e-05
1.107535000000000061e-05
1.108280000000000001e-05
1.109024999999999940e-05
1.109770000000000049e-05
1.110886999999999923e-05
1.111632000000000032e-05
1.112378000000000042e-05
1.113494999999999916e-05
1.114613000000000030e-05
1.114984999999999964e-05
1.115357999999999969e-05
1.116103000000000078e-05
1.116848000000000017e-05
1.117219999999999952e-05
1.117592999999999957e-05
1.118338000000000066e-05
1.119456000000000010e-05
1.120573000000000054e-05
1.121690999999999998e-05
1.122808000000000042e-05
1.124297999999999921e-05
1.125789000000000039e-05
1.127278999999999918e-05
1.128395999999999962e-05
1.129886000000000010e-05
1.131003999999999954e-05
1.132122000000000068e-05
1.133611999999999947e-05
1.134357000000000056e-05
1.135473999999999930e-05
1.136592000000000044e-05
1.137708999999999918e-05
1.139571999999999971e-05
1.140689999999999916e-05
1.142552000000000068e-05
1.144041999999999947e-05
1.146278000000000005e-05
1.148139999999999988e-05
1.150003000000000041e-05
1.152611000000000034e-05
1.154846000000000022e-05
1.157081000000000010e-05
1.158944000000000063e-05
1.161923999999999990e-05
1.163787000000000044e-05
1.166393999999999966e-05
1.168257000000000019e-05
1.170865000000000012e-05
1.172726999999999995e-05
1.174961999999999983e-05
1.177198000000000041e-05
1.179060000000000024e-05
1.181295000000000012e-05
1.183531000000000070e-05
1.185393000000000053e-05
1.187628000000000041e-05
1.189863999999999930e-05
1.192471000000000022e-05
1.194706000000000010e-05
1.196942000000000067e-05
1.199548999999999990e-05
1.201412000000000043e-05
1.203274999999999927e-05
1.204764999999999975e-05
1.206626999999999959e-05
1.208117000000000007e-05
1.209607999999999956e-05
1.210725000000000000e-05
1.212588000000000053e-05
1.214077999999999932e-05
1.215940999999999985e-05
1.217802999999999968e-05
1.220037999999999956e-05
1.222274000000000014e-05
1.225253999999999941e-05
1.228234000000000038e-05
1.231213999999999966e-05
1.234567000000000067e-05
1.237919999999999999e-05
1.241272999999999932e-05
1.244253000000000028e-05
1.247232999999999956e-05
1.250213000000000053e-05
1.253192999999999980e-05
1.255429000000000038e-05
1.257664000000000026e-05
1.259899000000000014e-05
1.261762000000000067e-05
1.263251999999999946e-05
1.265486999999999934e-05
1.267349999999999987e-05
1.269584999999999975e-05
1.271819999999999963e-05
1.273683000000000016e-05
1.276289999999999939e-05
1.279270999999999936e-05
1.282251000000000033e-05
1.285603999999999965e-05
1.288584000000000062e-05
1.292308999999999929e-05
1.296033999999999965e-05
1.300132000000000006e-05
1.304230000000000047e-05
1.307582999999999979e-05
1.311308000000000016e-05
1.314660999999999948e-05
1.318014000000000049e-05
1.321366000000000081e-05
1.323974000000000074e-05
1.326954000000000001e-05
1.330306999999999933e-05
1.333287000000000030e-05
1.336639999999999962e-05
1.339993000000000064e-05
1.343345999999999996e-05
1.346698000000000028e-05
1.350050999999999960e-05
1.353031000000000057e-05
1.356010999999999984e-05
1.358991999999999981e-05
1.361599000000000073e-05
1.364580000000000071e-05
1.366815000000000059e-05
1.369423000000000051e-05
1.372029999999999974e-05
1.374637999999999967e-05
1.377618000000000064e-05
1.380597999999999991e-05
1.383950999999999923e-05
1.387304000000000025e-05
1.391029000000000061e-05
1.395126999999999933e-05
1.399224999999999974e-05
1.402950000000000010e-05
1.407048000000000051e-05
1.410772999999999918e-05
1.413753000000000015e-05
1.417105999999999947e-05
1.420459000000000049e-05
1.423438999999999976e-05
1.427165000000000082e-05
1.430889999999999949e-05
1.434243000000000051e-05
1.438340000000000022e-05
1.442438000000000063e-05
1.446535999999999935e-05
1.450260999999999971e-05
1.453614000000000072e-05
1.456967000000000005e-05
1.460319999999999937e-05
1.463671999999999968e-05
1.466652999999999966e-05
1.469260000000000058e-05
1.472241000000000055e-05
1.475220999999999983e-05
1.478201000000000080e-05
1.480809000000000072e-05
1.483415999999999995e-05
1.486396999999999992e-05
1.489749000000000024e-05
1.493101999999999956e-05
1.496455000000000058e-05
1.500179999999999924e-05
1.503906000000000031e-05
1.508003000000000002e-05
1.512101000000000043e-05
1.516571999999999919e-05
1.520669000000000060e-05
1.525139999999999936e-05
1.529616000000000162e-05
1.534086000000000138e-05
1.538929000000000119e-05
1.543399000000000095e-05
1.548242000000000075e-05
1.552713000000000121e-05
1.557183000000000097e-05
1.561653000000000073e-05
1.566124000000000118e-05
1.570594000000000094e-05
1.574692000000000135e-05
1.578789999999999838e-05
1.582887000000000148e-05
1.586612999999999915e-05
1.590337999999999951e-05
1.594807999999999927e-05
1.598905999999999968e-05
1.603377000000000014e-05
1.607846999999999990e-05
1.612316999999999966e-05
1.617159999999999946e-05
1.621630999999999992e-05
1.626100999999999968e-05
1.630570999999999944e-05
1.634668999999999985e-05
1.638767000000000026e-05
1.642865000000000067e-05
1.646217000000000099e-05
1.649569999999999861e-05
1.652922999999999963e-05
1.656647999999999999e-05
1.660001000000000101e-05
1.663726000000000137e-05
1.667078999999999900e-05
1.670432000000000001e-05
1.674157000000000038e-05
1.677882000000000074e-05
1.681234999999999837e-05
1.685332999999999878e-05
1.689430999999999919e-05
1.693155999999999955e-05
1.697253999999999996e-05
1.700607000000000098e-05
1.704332000000000134e-05
1.708056999999999832e-05
1.711782999999999938e-05
1.715507999999999974e-05
1.718861000000000076e-05
1.722586000000000112e-05
1.725938999999999875e-05
1.730035999999999846e-05
1.734133999999999887e-05
1.738231999999999928e-05
1.742701999999999904e-05
1.747544999999999885e-05
1.752387999999999865e-05
1.757230999999999846e-05
1.762446000000000100e-05
1.767662000000000085e-05
1.772877000000000001e-05
1.777348000000000046e-05
1.781818000000000022e-05
1.785916000000000063e-05
1.790014000000000104e-05
1.794484000000000080e-05
1.798582000000000121e-05
1.802307000000000158e-05
1.806404999999999860e-05
1.810874999999999836e-05
1.814227999999999937e-05
1.818325999999999978e-05
1.822795999999999954e-05
1.826893999999999995e-05
1.831363999999999971e-05
1.835835000000000017e-05
1.840304999999999993e-05
1.844774999999999968e-05
1.849246000000000014e-05
1.853715999999999990e-05
1.858185999999999966e-05
1.862284000000000007e-05
1.866382000000000048e-05
1.870852000000000024e-05
1.874578000000000130e-05
1.879048000000000106e-05
1.883146000000000147e-05
1.887243999999999849e-05
1.891714000000000164e-05
1.896184000000000140e-05
1.900654999999999847e-05
1.905125000000000161e-05
1.909222999999999864e-05
1.914065999999999844e-05
1.918536000000000159e-05
1.922260999999999856e-05
1.926731999999999902e-05
1.931201999999999878e-05
1.935299999999999919e-05
1.939769999999999895e-05
1.944240999999999941e-05
1.947965999999999977e-05
1.952808999999999958e-05
1.956906999999999999e-05
1.961003999999999970e-05
1.965475000000000016e-05
1.969573000000000057e-05
1.974043000000000032e-05
1.978141000000000074e-05
1.982239000000000115e-05
1.986336000000000086e-05
1.990061999999999853e-05
1.994159999999999894e-05
1.997884999999999931e-05
2.001238000000000032e-05
2.005335000000000003e-05
2.009433000000000044e-05
2.013531000000000085e-05
2.017256000000000122e-05
2.021727000000000168e-05
2.026197000000000143e-05
2.030294999999999846e-05
2.034765000000000160e-05
2.039235999999999867e-05
2.043705999999999843e-05
2.048176000000000158e-05
2.052646999999999865e-05
2.057489000000000114e-05
2.061587000000000155e-05
2.066430000000000136e-05
2.070900999999999843e-05
2.075371000000000157e-05
2.079841000000000133e-05
2.084311999999999840e-05
2.089154000000000090e-05
2.093252000000000131e-05
2.097722999999999838e-05
2.102193000000000152e-05
2.106290999999999855e-05
2.110761000000000169e-05
2.115231000000000145e-05
2.118956999999999913e-05
2.123426999999999888e-05
2.127896999999999864e-05
2.131994999999999905e-05
2.136465999999999951e-05
2.140935999999999927e-05
2.145778999999999907e-05
2.150248999999999883e-05
2.155091999999999864e-05
2.159561999999999840e-05
2.164032999999999885e-05
2.168875999999999866e-05
2.173345999999999842e-05
2.177816000000000157e-05
2.182286999999999864e-05
2.187129999999999844e-05
2.191227000000000154e-05
2.195697999999999861e-05
2.200540999999999842e-05
2.204638000000000151e-05
2.209481000000000132e-05
2.213578999999999834e-05
2.218049000000000149e-05
2.222146999999999851e-05
2.226244999999999892e-05
2.229969999999999929e-05
2.234067999999999970e-05
2.238166000000000011e-05
2.242264000000000052e-05
2.246362000000000093e-05
2.250832000000000069e-05
2.254930000000000110e-05
2.259400000000000086e-05
2.263871000000000131e-05
2.267968000000000102e-05
2.272811000000000083e-05
2.277282000000000129e-05
2.282124000000000039e-05
2.286595000000000085e-05
2.291438000000000066e-05
2.295908000000000042e-05
2.300378000000000017e-05
2.305220999999999998e-05
2.309319000000000039e-05
2.313789000000000015e-05
2.318260000000000061e-05
2.323103000000000041e-05
2.327573000000000017e-05
2.332787999999999932e-05
2.337258999999999978e-05
2.342473999999999894e-05
2.347316999999999874e-05
2.352905000000000133e-05
2.357748000000000114e-05
2.362591000000000094e-05
2.367806000000000010e-05
2.372648999999999990e-05
2.377863999999999905e-05
2.382706999999999886e-05
2.387549999999999867e-05
2.392765999999999852e-05
2.397608000000000101e-05
2.402824000000000087e-05
2.407667000000000067e-05
2.412881999999999983e-05
2.417353000000000028e-05
2.422567999999999944e-05
2.427410999999999924e-05
2.432253999999999905e-05
2.437469000000000159e-05
2.442312000000000140e-05
2.447527000000000055e-05
2.452370000000000035e-05
2.457213000000000016e-05
2.462429000000000001e-05
2.467270999999999912e-05
2.472486999999999897e-05
2.477329999999999878e-05
2.482545000000000132e-05
2.487761000000000117e-05
2.492603000000000028e-05
2.498190999999999948e-05
2.503033999999999928e-05
2.507876999999999909e-05
2.512719999999999890e-05
2.517562999999999870e-05
2.522032999999999846e-05
2.526503999999999892e-05
2.530973999999999868e-05
2.536189000000000122e-05
2.540660000000000168e-05
2.545875000000000083e-05
2.551089999999999998e-05
2.556305999999999984e-05
2.561893999999999904e-05
2.567482000000000163e-05
2.573070000000000083e-05
2.578658000000000003e-05
2.584245999999999923e-05
2.590206000000000116e-05
2.595421000000000032e-05
2.601008999999999952e-05
2.606596999999999872e-05
2.612185000000000131e-05
2.617773000000000051e-05
2.623360999999999971e-05
2.628948999999999891e-05
2.634909000000000085e-05
2.640870000000000009e-05
2.646829999999999864e-05
2.652791000000000128e-05
2.658750999999999983e-05
2.665083999999999842e-05
2.671045000000000106e-05
2.676633000000000026e-05
2.682592999999999881e-05
2.688554000000000144e-05
2.694142000000000065e-05
2.699729999999999985e-05
2.705316999999999835e-05
2.710533000000000159e-05
2.715748000000000074e-05
2.720964000000000059e-05
2.726178999999999975e-05
2.731021999999999955e-05
2.736236999999999871e-05
2.741452999999999856e-05
2.746295999999999837e-05
2.751884000000000095e-05
2.757099000000000011e-05
2.762313999999999926e-05
2.767529999999999911e-05
2.773490000000000105e-05
2.779078000000000025e-05
2.784665999999999945e-05
2.790253999999999865e-05
2.796215000000000129e-05
2.802547999999999988e-05
2.808134999999999839e-05
2.814468000000000037e-05
2.820428999999999962e-05
2.826762000000000160e-05
2.832722000000000015e-05
2.839054999999999875e-05
2.845016000000000138e-05
2.851348999999999998e-05
2.857308999999999853e-05
2.863270000000000116e-05
2.869602999999999976e-05
2.875562999999999831e-05
2.881896000000000029e-05
2.887856999999999954e-05
2.894190000000000152e-05
2.900523000000000012e-05
2.906855999999999871e-05
2.912816000000000065e-05
2.919148999999999925e-05
2.925109999999999849e-05
2.931070000000000043e-05
2.937030999999999968e-05
2.942991000000000162e-05
2.948951000000000016e-05
2.955283999999999876e-05
2.960872000000000135e-05
2.967204999999999994e-05
2.973165999999999919e-05
2.978753999999999839e-05
2.984714000000000033e-05
2.990301999999999953e-05
2.996262999999999878e-05
3.001851000000000137e-05
3.007810999999999992e-05
3.013398999999999912e-05
3.018614000000000166e-05
3.024202000000000086e-05
3.030163000000000011e-05
3.035750999999999931e-05
3.041338999999999851e-05
3.046554000000000105e-05
3.052526000000000122e-05
3.058486999999999708e-05
3.064075000000000305e-05
3.070034999999999821e-05
3.075622999999999741e-05
3.081582999999999935e-05
3.087544000000000199e-05
3.093503999999999715e-05
3.099464999999999978e-05
3.105425000000000172e-05
3.111385999999999758e-05
3.117345999999999952e-05
3.123307000000000215e-05
3.129266999999999731e-05
3.135600000000000268e-05
3.141933000000000128e-05
3.147893999999999714e-05
3.153853999999999908e-05
3.160186999999999767e-05
3.166520000000000304e-05
3.172853000000000164e-05
3.179186000000000024e-05
3.185518999999999883e-05
3.191851999999999743e-05
3.198185000000000280e-05
3.204518000000000140e-05
3.210478000000000333e-05
3.216811000000000193e-05
3.222771999999999779e-05
3.228731999999999972e-05
3.235064999999999832e-05
3.241397999999999692e-05
3.247358999999999955e-05
3.254064000000000088e-05
3.260396999999999948e-05
3.266729999999999808e-05
3.273062999999999667e-05
3.279023999999999931e-05
3.285356999999999790e-05
3.291316999999999984e-05
3.297278000000000248e-05
3.303237999999999764e-05
3.309199000000000027e-05
3.315531999999999887e-05
3.321492000000000080e-05
3.327452999999999666e-05
3.333041000000000264e-05
3.338628000000000114e-05
3.344216000000000034e-05
3.350177000000000298e-05
3.355765000000000218e-05
3.361353000000000138e-05
3.366941000000000058e-05
3.372901000000000252e-05
3.378861999999999838e-05
3.384449999999999758e-05
3.390409999999999952e-05
3.395997999999999872e-05
3.401958000000000065e-05
3.407919000000000329e-05
3.414623999999999784e-05
3.421702000000000261e-05
3.428780000000000060e-05
3.435858999999999929e-05
3.442191999999999789e-05
3.448896999999999922e-05
3.455229999999999782e-05
3.461563000000000319e-05
3.467522999999999835e-05
3.473855999999999694e-05
3.479444000000000292e-05
3.485032000000000212e-05
3.491365000000000072e-05
3.497326000000000335e-05
3.503285999999999851e-05
3.508502000000000175e-05
3.514461999999999691e-05
3.520422999999999955e-05
3.526010999999999875e-05
3.531971000000000069e-05
3.537931000000000262e-05
3.543891999999999848e-05
3.550224999999999708e-05
3.556558000000000245e-05
3.562891000000000105e-05
3.569596000000000238e-05
3.576301999999999763e-05
3.583380000000000240e-05
3.590830999999999705e-05
3.597535999999999838e-05
3.604614000000000315e-05
3.612437000000000054e-05
3.620259999999999792e-05
3.628084000000000278e-05
3.635162000000000077e-05
3.641867000000000211e-05
3.648572999999999736e-05
3.655277999999999869e-05
3.660865999999999789e-05
3.666827000000000053e-05
3.672413999999999903e-05
3.678001999999999823e-05
3.683218000000000147e-05
3.688806000000000067e-05
3.694021000000000321e-05
3.700354000000000181e-05
3.707059999999999707e-05
3.714509999999999779e-05
3.721215999999999982e-05
3.728666000000000055e-05
3.736862000000000137e-05
3.745429999999999815e-05
3.753253000000000231e-05
3.761449000000000314e-05
3.769272000000000052e-05
3.777839999999999730e-05
3.785663000000000146e-05
3.793485999999999885e-05
3.801309999999999694e-05
3.809504999999999706e-05
3.816955999999999848e-05
3.824405999999999921e-05
3.831483999999999720e-05
3.838562000000000197e-05
3.846012999999999662e-05
3.853463999999999804e-05
3.860913999999999877e-05
3.868365000000000020e-05
3.875815000000000092e-05
3.884011000000000174e-05
3.891833999999999913e-05
3.899657000000000329e-05
3.907480000000000068e-05
3.914931000000000210e-05
3.922381000000000283e-05
3.929459000000000082e-05
3.935791999999999942e-05
3.942124999999999801e-05
3.948086000000000065e-05
3.953673999999999985e-05
3.960006999999999845e-05
3.965967000000000038e-05
3.971928000000000302e-05
3.978632999999999757e-05
3.984966000000000295e-05
3.991299000000000154e-05
3.998004999999999680e-05
4.004709999999999813e-05
4.011416000000000016e-05
4.018493999999999815e-05
4.025198999999999948e-05
4.032277999999999817e-05
4.039356000000000294e-05
4.046805999999999689e-05
4.053884000000000166e-05
4.061706999999999904e-05
4.069158000000000047e-05
4.076980999999999785e-05
4.084804000000000202e-05
4.092254999999999667e-05
4.099333000000000143e-05
4.106783000000000216e-05
4.113488999999999742e-05
4.120938999999999814e-05
4.128389999999999957e-05
4.135467999999999756e-05
4.141801000000000293e-05
4.148879000000000092e-05
4.155585000000000295e-05
4.163034999999999690e-05
4.170113000000000167e-05
4.177190999999999966e-05
4.184268999999999765e-05
4.191347000000000242e-05
4.197307999999999828e-05
4.203268000000000022e-05
4.208483999999999668e-05
4.212953999999999983e-05
4.217052000000000024e-05
4.220031999999999782e-05
4.222639999999999944e-05
4.224502000000000096e-05
4.226737999999999985e-05
4.227855000000000198e-05
4.229345000000000077e-05
4.230462999999999682e-05
4.231208000000000300e-05
4.231953000000000239e-05
4.232325999999999905e-05
4.232698000000000179e-05
4.232698000000000179e-05
4.232325999999999905e-05
4.232325999999999905e-05
4.231953000000000239e-05
4.231953000000000239e-05
4.232325999999999905e-05
4.232325999999999905e-05
4.233070999999999844e-05
4.233815999999999784e-05
4.233815999999999784e-05
4.234932999999999997e-05
4.235305999999999663e-05
