6.668298999999999935e-06
6.672023999999999632e-06
6.675749000000000177e-06
6.679475000000000114e-06
6.683199999999999811e-06
6.686925000000000356e-06
6.690650000000000053e-06
6.694375999999999990e-06
6.694375999999999990e-06
6.694375999999999990e-06
6.694375999999999990e-06
6.694375999999999990e-06
6.694375999999999990e-06
6.694375999999999990e-06
6.694375999999999990e-06
6.694375999999999990e-06
6.694375999999999990e-06
6.698100999999999688e-06
6.705552000000000169e-06
6.709276999999999867e-06
6.713002000000000411e-06
6.724177999999999743e-06
6.735353999999999922e-06
6.746530000000000101e-06
6.761430999999999977e-06
6.776331999999999854e-06
6.798684000000000212e-06
6.813585000000000088e-06
6.835936999999999599e-06
6.850838000000000323e-06
6.865739000000000199e-06
6.873189999999999833e-06
6.884366000000000012e-06
6.891816000000000255e-06
6.899266999999999889e-06
6.902991999999999586e-06
6.906717000000000131e-06
6.914167999999999765e-06
6.921618000000000007e-06
6.932794000000000186e-06
6.940244999999999821e-06
6.947696000000000302e-06
6.955145999999999697e-06
6.962597000000000179e-06
6.966321999999999876e-06
6.970047000000000421e-06
6.973773000000000358e-06
6.981222999999999753e-06
6.984948000000000297e-06
6.988674000000000234e-06
6.992398999999999932e-06
6.996123999999999629e-06
6.999850000000000413e-06
7.011025000000000353e-06
7.022200999999999685e-06
7.029652000000000166e-06
7.040828000000000345e-06
7.048277999999999740e-06
7.059453999999999919e-06
7.063179999999999856e-06
7.070630000000000098e-06
7.078080999999999732e-06
7.085530999999999974e-06
7.092981999999999609e-06
7.100431999999999851e-06
7.107883000000000332e-06
7.119058999999999664e-06
7.122784000000000209e-06
7.133960000000000388e-06
7.141411000000000022e-06
7.148861000000000264e-06
7.156311999999999899e-06
7.160036999999999596e-06
7.167488000000000078e-06
7.174938000000000320e-06
7.182388999999999954e-06
7.189839000000000196e-06
7.197289999999999831e-06
7.208466000000000010e-06
7.215916000000000252e-06
7.219642000000000188e-06
7.227091999999999584e-06
7.234543000000000065e-06
7.241993000000000307e-06
7.249443999999999941e-06
7.260620000000000120e-06
7.271796000000000299e-06
7.282971999999999631e-06
7.290421999999999873e-06
7.301598000000000052e-06
7.312774000000000231e-06
7.320224999999999866e-06
7.331399999999999805e-06
7.346301999999999921e-06
7.353752000000000163e-06
7.364928000000000342e-06
7.376103999999999674e-06
7.387279999999999853e-06
7.398456000000000032e-06
7.409632000000000211e-06
7.420807000000000150e-06
7.439433999999999964e-06
7.450610000000000143e-06
7.469235999999999717e-06
7.480411999999999896e-06
7.499038000000000317e-06
7.510213999999999649e-06
7.525115999999999765e-06
7.540016999999999641e-06
7.554918000000000365e-06
7.569819000000000241e-06
7.592170999999999752e-06
7.607071999999999628e-06
7.625698000000000049e-06
7.636902999999999547e-06
7.655530000000000207e-06
7.670431000000000083e-06
7.685331999999999960e-06
7.700232999999999836e-06
7.715133999999999713e-06
7.733761000000000373e-06
7.752386999999999947e-06
7.771014000000000608e-06
7.789640000000000182e-06
7.811992000000000540e-06
7.830618000000000114e-06
7.849245000000000774e-06
7.867871000000000348e-06
7.886497999999999314e-06
7.908849999999999672e-06
7.927475999999999246e-06
7.949827999999999604e-06
7.975904999999999659e-06
8.001981999999999715e-06
8.028058999999999770e-06
8.050411000000000128e-06
8.076488000000000184e-06
8.106289999999999937e-06
8.132366999999999992e-06
8.158444000000000047e-06
8.188245999999999800e-06
8.214322999999999856e-06
8.244126000000000695e-06
8.273928000000000448e-06
8.303730000000000201e-06
8.329807000000000257e-06
8.359609999999999402e-06
8.389411999999999155e-06
8.415488999999999210e-06
8.441565999999999266e-06
8.467642999999999321e-06
8.493719999999999376e-06
8.523522000000000823e-06
8.549598999999999185e-06
8.579402000000000024e-06
8.601754000000000382e-06
8.624104999999999654e-06
8.650181999999999709e-06
8.676258999999999764e-06
8.702335999999999820e-06
8.724688000000000178e-06
8.747040000000000536e-06
8.769391999999999200e-06
8.795468999999999255e-06
8.814095000000000523e-06
8.836446999999999187e-06
8.862523999999999242e-06
8.884875999999999600e-06
8.910952999999999656e-06
8.933304000000000621e-06
8.959381000000000677e-06
8.989183999999999822e-06
9.015260999999999877e-06
9.045062999999999630e-06
9.071139999999999686e-06
9.097216999999999741e-06
9.127018999999999494e-06
9.153095999999999550e-06
9.182899000000000389e-06
9.212701000000000142e-06
9.242502999999999895e-06
9.268579999999999950e-06
9.298383000000000790e-06
9.324460000000000845e-06
9.350536999999999206e-06
9.380339000000000653e-06
9.406416000000000709e-06
9.436218999999999854e-06
9.466020999999999607e-06
9.492097999999999663e-06
9.518174999999999718e-06
9.544251999999999773e-06
9.570328999999999829e-06
9.592681000000000187e-06
9.626207999999999637e-06
9.648559999999999995e-06
9.674637000000000051e-06
9.700714000000000106e-06
9.726791000000000161e-06
9.752868000000000217e-06
9.782670999999999362e-06
9.812473000000000809e-06
9.842275000000000562e-06
9.868352000000000618e-06
9.898154999999999763e-06
9.927956999999999516e-06
9.954033999999999571e-06
9.983835999999999324e-06
1.001363999999999956e-05
1.004344000000000052e-05
1.006952000000000045e-05
1.009931999999999972e-05
1.013285000000000074e-05
1.016265000000000001e-05
1.019244999999999929e-05
1.022225000000000026e-05
1.024833000000000018e-05
1.028185999999999951e-05
1.030793999999999943e-05
1.033774000000000040e-05
1.036753999999999967e-05
1.039734000000000064e-05
1.042342000000000057e-05
1.045321999999999984e-05
1.047929999999999977e-05
1.050910000000000074e-05
1.053518000000000066e-05
1.056126000000000059e-05
1.058732999999999982e-05
1.060967999999999970e-05
1.063948999999999967e-05
1.066183999999999955e-05
1.068791999999999948e-05
1.071026999999999936e-05
1.073261999999999923e-05
1.075869999999999916e-05
1.078105000000000073e-05
1.080713000000000066e-05
1.082948000000000054e-05
1.085554999999999977e-05
1.087791000000000035e-05
1.090397999999999957e-05
1.092632999999999945e-05
1.095613999999999943e-05
1.097848999999999930e-05
1.100456999999999923e-05
1.103064000000000015e-05
1.105299000000000003e-05
1.107906999999999996e-05
1.110514999999999988e-05
1.112749999999999976e-05
1.114984999999999964e-05
1.117592999999999957e-05
1.120200999999999950e-05
1.122062999999999933e-05
1.124297999999999921e-05
1.126906000000000083e-05
1.129141000000000071e-05
1.131376000000000059e-05
1.133611999999999947e-05
1.136219000000000039e-05
1.138454999999999928e-05
1.141062000000000020e-05
1.143297000000000008e-05
1.145905000000000000e-05
1.147768000000000053e-05
1.149630000000000037e-05
1.151865999999999925e-05
1.153355999999999974e-05
1.155217999999999957e-05
1.156336000000000070e-05
1.158198999999999954e-05
1.159315999999999998e-05
1.160806000000000046e-05
1.161923999999999990e-05
1.163787000000000044e-05
1.165276999999999923e-05
1.166766999999999971e-05
1.168257000000000019e-05
1.170120000000000073e-05
1.171609999999999952e-05
1.173844999999999939e-05
1.175334999999999988e-05
1.177569999999999976e-05
1.179433000000000029e-05
1.181295000000000012e-05
1.183531000000000070e-05
1.185393000000000053e-05
1.187628000000000041e-05
1.189863999999999930e-05
1.191726000000000082e-05
1.193588999999999966e-05
1.195823999999999954e-05
1.197687000000000007e-05
1.199921999999999995e-05
1.201783999999999978e-05
1.203647000000000031e-05
1.205882000000000019e-05
1.207745000000000072e-05
1.209607999999999956e-05
1.211469999999999939e-05
1.213332999999999992e-05
1.215567999999999980e-05
1.217431000000000033e-05
1.219293000000000017e-05
1.221529000000000074e-05
1.223391000000000058e-05
1.225253999999999941e-05
1.227115999999999925e-05
1.228978999999999978e-05
1.231213999999999966e-05
1.232704000000000014e-05
1.234940000000000072e-05
1.236802000000000055e-05
1.238664999999999939e-05
1.240526999999999922e-05
1.242389999999999975e-05
1.244253000000000028e-05
1.246115000000000012e-05
1.247978000000000065e-05
1.250213000000000053e-05
1.252075999999999936e-05
1.253938999999999989e-05
1.256173999999999977e-05
1.258035999999999961e-05
1.260272000000000018e-05
1.262134000000000002e-05
1.263997000000000055e-05
1.266232000000000043e-05
1.268094999999999926e-05
1.269584999999999975e-05
1.271446999999999958e-05
1.273310000000000011e-05
1.275173000000000064e-05
1.276662999999999943e-05
1.278524999999999927e-05
1.280387999999999980e-05
1.282251000000000033e-05
1.283741000000000081e-05
1.285603999999999965e-05
1.287094000000000013e-05
1.288955999999999997e-05
1.290819000000000050e-05
1.292308999999999929e-05
1.294543999999999917e-05
1.296033999999999965e-05
1.297897000000000018e-05
1.299760000000000071e-05
1.301249999999999950e-05
1.303111999999999934e-05
1.304974999999999987e-05
1.306838000000000040e-05
1.308700000000000023e-05
1.310563000000000076e-05
1.312425999999999960e-05
1.313916000000000008e-05
1.315777999999999992e-05
1.317641000000000045e-05
1.319503999999999928e-05
1.320993999999999977e-05
1.323228999999999965e-05
1.325092000000000018e-05
1.326582000000000066e-05
1.328817000000000054e-05
1.330679999999999938e-05
1.332541999999999921e-05
1.334404999999999974e-05
1.336639999999999962e-05
1.339247999999999955e-05
1.341109999999999938e-05
1.343345999999999996e-05
1.345580999999999984e-05
1.348188000000000076e-05
1.350423999999999964e-05
1.352285999999999948e-05
1.354520999999999936e-05
1.356756999999999993e-05
1.358618999999999977e-05
1.360482000000000030e-05
1.362344000000000013e-05
1.364580000000000071e-05
1.366442000000000054e-05
1.368304999999999938e-05
1.370167999999999991e-05
1.372029999999999974e-05
1.374264999999999962e-05
1.376128000000000015e-05
1.378363000000000003e-05
1.380597999999999991e-05
1.382461000000000044e-05
1.384696000000000032e-05
1.386931000000000020e-05
1.388794000000000073e-05
1.391029000000000061e-05
1.393264000000000049e-05
1.395126999999999933e-05
1.396989999999999986e-05
1.398851999999999969e-05
1.400715000000000022e-05
1.402950000000000010e-05
1.405184999999999998e-05
1.407048000000000051e-05
1.409283000000000039e-05
1.411891000000000032e-05
1.413753000000000015e-05
1.415989000000000073e-05
1.418595999999999995e-05
1.420832000000000053e-05
1.423067000000000041e-05
1.425302000000000029e-05
1.427910000000000022e-05
1.429772000000000005e-05
1.432006999999999993e-05
1.434243000000000051e-05
1.436105000000000034e-05
1.438340000000000022e-05
1.440576000000000080e-05
1.442811000000000068e-05
1.445417999999999990e-05
1.447654000000000048e-05
1.450260999999999971e-05
1.453241999999999968e-05
1.455849000000000060e-05
1.458457000000000053e-05
1.461436999999999980e-05
1.464417000000000077e-05
1.467398000000000075e-05
1.470378000000000002e-05
1.472985999999999995e-05
1.475965999999999922e-05
1.478946000000000019e-05
1.481925999999999946e-05
1.484906999999999944e-05
1.487514000000000036e-05
1.490122000000000029e-05
1.493101999999999956e-05
1.496082000000000053e-05
1.499063000000000050e-05
1.502042999999999978e-05
1.505023000000000074e-05
1.508003000000000002e-05
1.510610999999999995e-05
1.513590999999999922e-05
1.516199000000000084e-05
1.518807000000000077e-05
1.521413999999999999e-05
1.524021999999999992e-05
1.526636000000000066e-05
1.529243000000000158e-05
1.532223999999999986e-05
1.535204000000000082e-05
1.538183999999999840e-05
1.541163999999999937e-05
1.544144000000000034e-05
1.547124999999999862e-05
1.550104999999999959e-05
1.553085000000000056e-05
1.555692999999999879e-05
1.558672999999999976e-05
1.561653000000000073e-05
1.564633999999999901e-05
1.567240999999999993e-05
1.570594000000000094e-05
1.573573999999999852e-05
1.576553999999999949e-05
1.579162000000000111e-05
1.581769999999999934e-05
1.584378000000000096e-05
1.586612999999999915e-05
1.589220000000000007e-05
1.591455999999999896e-05
1.593691000000000053e-05
1.595925999999999871e-05
1.598534000000000033e-05
1.600395999999999847e-05
1.603004000000000009e-05
1.605239000000000167e-05
1.607846999999999990e-05
1.610455000000000152e-05
1.613061999999999905e-05
1.615670000000000067e-05
1.618277999999999890e-05
1.621257999999999987e-05
1.624238000000000084e-05
1.626845999999999907e-05
1.629454000000000069e-05
1.632434000000000166e-05
1.635041999999999990e-05
1.637649000000000082e-05
1.640256999999999905e-05
1.643237000000000002e-05
1.645472000000000159e-05
1.647708000000000047e-05
1.650315000000000140e-05
1.652922999999999963e-05
1.655158000000000120e-05
1.657392999999999939e-05
1.659628000000000096e-05
1.662235999999999919e-05
1.664471000000000077e-05
1.666333999999999960e-05
1.668942000000000122e-05
1.671548999999999876e-05
1.673785000000000103e-05
1.676019999999999921e-05
1.678255000000000079e-05
1.680489999999999897e-05
1.682353000000000120e-05
1.684587999999999938e-05
1.686823000000000096e-05
1.688685999999999979e-05
1.690921000000000137e-05
1.692784000000000020e-05
1.694273999999999899e-05
1.696509000000000057e-05
1.697998999999999936e-05
1.700234000000000093e-05
1.702468999999999912e-05
1.704704000000000069e-05
1.706939999999999957e-05
1.709547000000000050e-05
1.712154999999999873e-05
1.714390000000000030e-05
1.716624999999999849e-05
1.719233000000000011e-05
1.721840999999999834e-05
1.724448999999999996e-05
1.726684000000000153e-05
1.728918999999999972e-05
1.731899000000000069e-05
1.734506999999999892e-05
1.736742000000000049e-05
1.739349999999999872e-05
1.741956999999999965e-05
1.744565000000000127e-05
1.747172999999999950e-05
1.749780000000000042e-05
1.752015999999999930e-05
1.754251000000000088e-05
1.756485999999999906e-05
1.758349000000000129e-05
1.760210999999999943e-05
1.762074000000000165e-05
1.763937000000000049e-05
1.765798999999999863e-05
1.767662000000000085e-05
1.769896999999999904e-05
1.772132000000000061e-05
1.773994999999999945e-05
1.776230000000000102e-05
1.778837999999999925e-05
1.781073000000000083e-05
1.782935999999999966e-05
1.785543000000000058e-05
1.787777999999999877e-05
1.790386000000000039e-05
1.792248999999999923e-05
1.794857000000000085e-05
1.797091999999999903e-05
1.799327000000000061e-05
1.801561999999999879e-05
1.803797000000000037e-05
1.805659999999999920e-05
1.807895000000000078e-05
1.809757999999999961e-05
1.811620000000000114e-05
1.813854999999999932e-05
1.815718000000000155e-05
1.817581000000000039e-05
1.819815999999999857e-05
1.821679000000000080e-05
1.823913999999999898e-05
1.825776000000000051e-05
1.827638999999999935e-05
1.830247000000000097e-05
1.832108999999999910e-05
1.834345000000000138e-05
1.836579999999999956e-05
1.838815000000000114e-05
1.840677999999999997e-05
1.842913000000000155e-05
1.845519999999999908e-05
1.847383000000000130e-05
1.849617999999999949e-05
1.852226000000000111e-05
1.854088999999999995e-05
1.855951000000000147e-05
1.858185999999999966e-05
1.860421999999999854e-05
1.862284000000000007e-05
1.864519000000000164e-05
1.866755000000000053e-05
1.868989999999999871e-05
1.871596999999999963e-05
1.874205000000000125e-05
1.876439999999999944e-05
1.879048000000000106e-05
1.881655999999999929e-05
1.883891000000000087e-05
1.886870999999999845e-05
1.889479000000000007e-05
1.891714000000000164e-05
1.894321999999999987e-05
1.896557000000000145e-05
1.899536999999999903e-05
1.902145000000000065e-05
1.904752999999999888e-05
1.907359999999999980e-05
1.909968000000000142e-05
1.912575999999999965e-05
1.915556000000000062e-05
1.918536000000000159e-05
1.921143999999999982e-05
1.923752000000000144e-05
1.926358999999999897e-05
1.928967000000000060e-05
1.931574999999999883e-05
1.934181999999999975e-05
1.936790000000000137e-05
1.939397999999999960e-05
1.942005000000000052e-05
1.944612999999999875e-05
1.947221000000000038e-05
1.949828999999999861e-05
1.952064000000000018e-05
1.954671000000000110e-05
1.956906999999999999e-05
1.959514000000000091e-05
1.961749999999999979e-05
1.963985000000000137e-05
1.966591999999999890e-05
1.969573000000000057e-05
1.971807999999999875e-05
1.974414999999999967e-05
1.976650999999999856e-05
1.978886000000000013e-05
1.981493999999999836e-05
1.983728999999999994e-05
1.986336000000000086e-05
1.988571999999999974e-05
1.991179000000000066e-05
1.993786999999999890e-05
1.996395000000000052e-05
1.999375000000000148e-05
2.001982999999999972e-05
2.004590000000000064e-05
2.007570999999999892e-05
2.010177999999999984e-05
2.012786000000000146e-05
2.015393999999999969e-05
2.017629000000000126e-05
2.020236999999999950e-05
2.022472000000000107e-05
2.024706999999999926e-05
2.026570000000000148e-05
2.029176999999999901e-05
2.031040000000000124e-05
2.033274999999999942e-05
2.035883000000000104e-05
2.038117999999999923e-05
2.040353000000000080e-05
2.042215999999999964e-05
2.044823000000000056e-05
2.047058999999999945e-05
2.048921000000000097e-05
2.051528999999999920e-05
2.053764000000000078e-05
2.055998999999999896e-05
2.058235000000000124e-05
2.061214999999999882e-05
2.063821999999999974e-05
2.066430000000000136e-05
2.069409999999999894e-05
2.072018000000000056e-05
2.074998000000000153e-05
2.077605999999999976e-05
2.080214000000000138e-05
2.083193999999999896e-05
2.085802000000000058e-05
2.088036999999999877e-05
2.090645000000000039e-05
2.093252000000000131e-05
2.096231999999999889e-05
2.098468000000000116e-05
2.101074999999999869e-05
2.103683000000000031e-05
2.106290999999999855e-05
2.108897999999999947e-05
2.111879000000000113e-05
2.114485999999999867e-05
2.117094000000000029e-05
2.120074000000000126e-05
2.122681999999999949e-05
2.125290000000000111e-05
2.127896999999999864e-05
2.130878000000000031e-05
2.133112999999999849e-05
2.135348000000000007e-05
2.137210999999999891e-05
2.139817999999999983e-05
2.141680999999999866e-05
2.143916000000000024e-05
2.146150999999999842e-05
2.148759000000000004e-05
2.150994000000000162e-05
2.153228999999999980e-05
2.156210000000000147e-05
2.158816999999999900e-05
2.161053000000000127e-05
2.163659999999999881e-05
2.165895000000000038e-05
2.168875999999999866e-05
2.171111000000000023e-05
2.173718999999999847e-05
2.175954000000000004e-05
2.178561000000000096e-05
2.181168999999999919e-05
2.183777000000000081e-05
2.186384999999999905e-05
2.188620000000000062e-05
2.191600000000000159e-05
2.194579999999999917e-05
2.197188000000000079e-05
2.199795999999999902e-05
2.202402999999999994e-05
2.204638000000000151e-05
2.206874000000000040e-05
2.208735999999999854e-05
2.210599000000000076e-05
2.212833999999999895e-05
2.214697000000000117e-05
2.216558999999999931e-05
2.218422000000000154e-05
2.219912000000000033e-05
2.221774999999999916e-05
2.223265000000000134e-05
2.225128000000000018e-05
2.226989999999999832e-05
2.229224999999999989e-05
2.230714999999999868e-05
2.232578000000000091e-05
2.234812999999999909e-05
2.236303000000000127e-05
2.238539000000000015e-05
2.240773999999999834e-05
2.243008999999999991e-05
2.245244000000000149e-05
2.247478999999999967e-05
2.249714000000000124e-05
2.251577000000000008e-05
2.253812000000000166e-05
2.255675000000000049e-05
2.257909999999999868e-05
2.259773000000000090e-05
2.262007999999999909e-05
2.264243000000000066e-05
2.266477999999999885e-05
2.269086000000000047e-05
2.270948999999999930e-05
2.273556000000000023e-05
2.276163999999999846e-05
2.278399000000000003e-05
2.280261999999999887e-05
2.282497000000000044e-05
2.284359999999999928e-05
2.286222000000000081e-05
2.288084999999999964e-05
2.289947999999999848e-05
2.292183000000000005e-05
2.294418000000000163e-05
2.296652999999999981e-05
2.298888000000000138e-05
2.301122999999999957e-05
2.302985999999999841e-05
2.305220999999999998e-05
2.307456000000000155e-05
2.309692000000000044e-05
2.312299000000000136e-05
2.314906999999999959e-05
2.317887000000000056e-05
2.320867000000000153e-05
2.323474999999999976e-05
2.325710000000000133e-05
2.328317999999999957e-05
2.330553000000000114e-05
2.332787999999999932e-05
2.335024000000000160e-05
2.337258999999999978e-05
2.339866000000000070e-05
2.342101999999999959e-05
2.344337000000000116e-05
2.346571999999999935e-05
2.349180000000000097e-05
2.351041999999999911e-05
2.353278000000000138e-05
2.355884999999999891e-05
2.358493000000000053e-05
2.360727999999999872e-05
2.363707999999999968e-05
2.366689000000000135e-05
2.369668999999999893e-05
2.372648999999999990e-05
2.375629000000000087e-05
2.378608999999999845e-05
2.381217000000000007e-05
2.384197000000000104e-05
2.386432999999999992e-05
2.389040000000000084e-05
2.390902999999999968e-05
2.393511000000000130e-05
2.395745999999999949e-05
2.397608000000000101e-05
2.400215999999999925e-05
2.402451000000000082e-05
2.405058999999999905e-05
2.406922000000000128e-05
2.409901999999999886e-05
2.412137000000000043e-05
2.414371999999999862e-05
2.416980000000000024e-05
2.419587999999999847e-05
2.422567999999999944e-05
2.425176000000000106e-05
2.427782999999999859e-05
2.430391000000000021e-05
2.432625999999999840e-05
2.435234000000000002e-05
2.437096999999999885e-05
2.438959000000000038e-05
2.440821999999999922e-05
2.442684000000000074e-05
2.444546999999999958e-05
2.446782000000000115e-05
2.448644999999999999e-05
2.450880000000000156e-05
2.453487999999999980e-05
2.456096000000000142e-05
2.458702999999999895e-05
2.461311000000000057e-05
2.464664000000000159e-05
2.467643999999999917e-05
2.470997000000000018e-05
2.474349000000000050e-05
2.477702000000000151e-05
2.481054999999999914e-05
2.484408000000000016e-05
2.488133000000000052e-05
2.491113000000000149e-05
2.494465999999999912e-05
2.497446000000000008e-05
2.500799000000000110e-05
2.503778999999999868e-05
2.507131999999999970e-05
2.510485000000000071e-05
2.513465000000000168e-05
2.517189999999999865e-05
2.520171000000000032e-05
2.523523000000000064e-05
2.526503999999999892e-05
2.529855999999999923e-05
2.533209000000000025e-05
2.535816999999999848e-05
2.538796999999999945e-05
2.541777000000000042e-05
2.544384999999999865e-05
2.547737999999999967e-05
2.550718000000000063e-05
2.554071000000000165e-05
2.557422999999999858e-05
2.560775999999999959e-05
2.563756000000000056e-05
2.566736999999999884e-05
2.569716999999999981e-05
2.572325000000000143e-05
2.574931999999999896e-05
2.577540000000000058e-05
2.580147999999999882e-05
2.582754999999999974e-05
2.584990999999999862e-05
2.587226000000000020e-05
2.590206000000000116e-05
2.592813999999999940e-05
2.595794000000000036e-05
2.599147000000000138e-05
2.602498999999999831e-05
2.605851999999999932e-05
2.608832000000000029e-05
2.611439999999999852e-05
2.614419999999999949e-05
2.616655999999999838e-05
2.619635999999999935e-05
2.622243000000000027e-05
2.625223999999999855e-05
2.627459000000000012e-05
2.630066999999999835e-05
2.631928999999999988e-05
2.634537000000000150e-05
2.636400000000000034e-05
2.638261999999999847e-05
2.640497000000000005e-05
2.643105000000000167e-05
2.646084999999999925e-05
2.649438000000000026e-05
2.653536000000000067e-05
2.656889000000000169e-05
2.660613999999999866e-05
2.664338999999999903e-05
2.667319000000000000e-05
2.670672000000000101e-05
2.673651999999999859e-05
2.677377999999999965e-05
2.680731000000000067e-05
2.684083000000000099e-05
2.687808999999999866e-05
2.690788999999999963e-05
2.693769000000000060e-05
2.696376999999999883e-05
2.698612000000000040e-05
2.701219999999999864e-05
2.703826999999999956e-05
2.706435000000000118e-05
2.709042999999999941e-05
2.712767999999999977e-05
2.716493000000000014e-05
2.720219000000000120e-05
2.725061000000000031e-05
2.729532000000000076e-05
2.734002000000000052e-05
2.738845000000000033e-05
2.743688000000000013e-05
2.748530999999999994e-05
2.753000999999999970e-05
2.757099000000000011e-05
2.761197000000000052e-05
2.764550000000000153e-05
2.767529999999999911e-05
2.770883000000000013e-05
2.772745000000000166e-05
2.774235000000000045e-05
2.775352999999999989e-05
2.775352999999999989e-05
2.775352999999999989e-05
2.775352999999999989e-05
2.776470999999999933e-05
2.777215999999999873e-05
2.779078000000000025e-05
2.780940999999999909e-05
2.783176000000000066e-05
2.785783999999999889e-05
2.788763999999999986e-05
2.792117000000000088e-05
2.795096999999999846e-05
2.797705000000000008e-05
2.799940000000000165e-05
2.801801999999999979e-05
2.802547999999999988e-05
2.803292999999999928e-05
2.803292999999999928e-05
2.803292999999999928e-05
2.803292999999999928e-05
2.802919999999999923e-05
2.802919999999999923e-05
2.803292999999999928e-05
2.804410000000000141e-05
2.805900000000000020e-05
2.808507999999999843e-05
2.810743000000000001e-05
2.814096000000000102e-05
2.817075999999999860e-05
2.820055999999999957e-05
2.823409000000000059e-05
2.826389000000000155e-05
2.828996999999999979e-05
2.831232000000000136e-05
2.833466999999999955e-05
2.835329999999999838e-05
2.837564999999999996e-05
2.839800000000000153e-05
2.842780999999999981e-05
2.845761000000000078e-05
2.849113999999999840e-05
2.852838999999999877e-05
2.856191999999999978e-05
2.859544000000000010e-05
2.862897000000000112e-05
2.865876999999999870e-05
2.868858000000000036e-05
2.871465000000000128e-05
2.873328000000000012e-05
2.875190999999999896e-05
2.875562999999999831e-05
2.876681000000000114e-05
2.877426000000000053e-05
2.878542999999999928e-05
2.879660999999999872e-05
2.881524000000000094e-05
2.883385999999999908e-05
2.884876000000000126e-05
2.887112000000000014e-05
2.888228999999999889e-05
2.890092000000000111e-05
2.891581999999999990e-05
2.893071999999999869e-05
2.894190000000000152e-05
2.895307000000000027e-05
2.896796999999999906e-05
2.897914999999999850e-05
2.900150000000000007e-05
2.902758000000000169e-05
2.905737999999999927e-05
2.909462999999999963e-05
2.913189000000000070e-05
2.916541000000000101e-05
2.919521999999999929e-05
2.922873999999999961e-05
2.924736999999999845e-05
2.926600000000000067e-05
2.928834999999999886e-05
2.930325000000000104e-05
2.932187999999999987e-05
2.933677999999999866e-05
2.935540000000000019e-05
2.937402999999999903e-05
2.939638000000000060e-05
2.942991000000000162e-05
2.947088999999999864e-05
2.950813999999999900e-05
2.954538999999999936e-05
2.958636999999999978e-05
2.962735000000000019e-05
2.966460000000000055e-05
2.970186000000000161e-05
2.974283000000000132e-05
2.978008999999999900e-05
2.980988999999999997e-05
2.984714000000000033e-05
2.989185000000000079e-05
2.993655000000000055e-05
2.997008000000000156e-05
2.998498000000000035e-05
2.998498000000000035e-05
2.998869999999999970e-05
2.999987999999999914e-05
3.001478000000000132e-05
3.002223000000000071e-05
3.001851000000000137e-05
2.999987999999999914e-05
2.998498000000000035e-05
2.998498000000000035e-05
3.000732999999999854e-05
3.005203000000000168e-05
3.010046000000000149e-05
3.013770999999999846e-05
3.014889000000000129e-05
3.013770999999999846e-05
3.009673999999999875e-05
3.004085999999999955e-05
2.998125000000000030e-05
2.992537000000000110e-05
2.988812000000000074e-05
2.986948999999999851e-05
2.989185000000000079e-05
2.994399999999999994e-05
3.003341000000000016e-05
3.014889000000000129e-05
3.029418000000000071e-05
3.045809000000000165e-05
3.063329000000000296e-05
3.081210999999999661e-05
3.099464999999999978e-05
3.116228999999999739e-05
3.130757000000000288e-05
3.141933000000000128e-05
3.149010999999999927e-05
3.152364000000000029e-05
3.150874000000000150e-05
3.144541000000000290e-05
3.133737000000000046e-05
3.119209000000000174e-05
3.101327000000000131e-05
3.080465999999999722e-05
3.057369000000000102e-05
3.032770000000000103e-05
3.007066000000000052e-05
2.981733999999999936e-05
2.956402000000000159e-05
2.932187999999999987e-05
2.910207999999999903e-05
2.890092000000000111e-05
2.873701000000000017e-05
2.862151999999999833e-05
2.855818999999999974e-05
2.855818999999999974e-05
2.862151999999999833e-05
2.875190999999999896e-05
2.895307000000000027e-05
2.920266999999999869e-05
2.948951000000000016e-05
2.979499000000000118e-05
3.008928999999999936e-05
3.035750999999999931e-05
3.057369000000000102e-05
3.073015000000000257e-05
3.081956000000000279e-05
3.086054000000000320e-05
3.086425999999999916e-05
3.086054000000000320e-05
3.087170999999999855e-05
3.089779000000000017e-05
3.092758999999999775e-05
3.095366999999999937e-05
3.097230000000000160e-05
3.099837000000000252e-05
3.102818000000000080e-05
3.105797999999999838e-05
3.108406000000000000e-05
3.110268000000000153e-05
3.112876000000000315e-05
3.116228999999999739e-05
3.119580999999999770e-05
3.123307000000000215e-05
3.127776999999999852e-05
3.132247000000000167e-05
3.136717999999999874e-05
3.141188000000000189e-05
3.145657999999999826e-05
3.150129000000000210e-05
3.154227000000000251e-05
3.157951999999999949e-05
3.161677000000000324e-05
3.163912000000000142e-05
3.166148000000000031e-05
3.167265000000000244e-05
3.168755000000000123e-05
3.169872999999999728e-05
3.172108000000000225e-05
3.173970999999999769e-05
3.176206000000000266e-05
3.179186000000000024e-05
3.182165999999999782e-05
3.185518999999999883e-05
3.189244000000000258e-05
3.194087000000000239e-05
3.198185000000000280e-05
3.203028000000000261e-05
3.207871000000000241e-05
3.212714000000000222e-05
3.217183999999999859e-05
3.221654000000000173e-05
3.225379999999999941e-05
3.228359999999999699e-05
3.230595000000000195e-05
3.233202999999999679e-05
3.234319999999999893e-05
3.236183000000000115e-05
3.237300999999999720e-05
3.238791000000000277e-05
3.239907999999999813e-05
3.241026000000000096e-05
3.242515999999999975e-05
3.243634000000000258e-05
3.245124000000000137e-05
3.246240999999999672e-05
3.248103999999999895e-05
3.249967000000000117e-05
3.252201999999999936e-05
3.254809000000000028e-05
3.257044999999999916e-05
3.259279999999999735e-05
3.261886999999999827e-05
3.264868000000000333e-05
3.267474999999999747e-05
3.270082999999999909e-05
3.272691000000000071e-05
3.275299000000000233e-05
3.277906000000000325e-05
3.280886000000000083e-05
3.283866999999999911e-05
3.286846999999999669e-05
3.289827000000000105e-05
3.292806999999999863e-05
3.295787999999999691e-05
3.298394999999999783e-05
3.301002999999999945e-05
3.303611000000000107e-05
3.305845999999999926e-05
3.308454000000000088e-05
3.310688999999999906e-05
3.312923999999999725e-05
3.315531999999999887e-05
3.317766999999999705e-05
3.320002000000000201e-05
3.321864999999999746e-05
3.324471999999999838e-05
3.326335000000000061e-05
3.328198000000000284e-05
3.330804999999999698e-05
3.333041000000000264e-05
3.335276000000000083e-05
3.337510999999999901e-05
3.339745999999999720e-05
3.341981000000000216e-05
3.343843999999999761e-05
3.346451999999999923e-05
3.348314000000000075e-05
3.350548999999999894e-05
3.352784999999999782e-05
3.355020000000000278e-05
3.357255000000000097e-05
3.359863000000000259e-05
3.362098000000000078e-05
3.364705000000000170e-05
3.367685999999999998e-05
3.370293000000000090e-05
3.373273999999999918e-05
3.376253999999999676e-05
3.379234000000000111e-05
3.382587000000000213e-05
3.385940000000000314e-05
3.388920000000000073e-05
3.392644999999999770e-05
3.396370000000000145e-05
3.400095999999999913e-05
3.403821000000000288e-05
3.407173999999999712e-05
3.410526999999999813e-05
3.413878999999999845e-05
3.416859999999999673e-05
3.420585000000000048e-05
3.423938000000000150e-05
3.427290000000000181e-05
3.430643000000000283e-05
3.433623000000000041e-05
3.436603999999999869e-05
3.439210999999999961e-05
3.442191999999999789e-05
3.444798999999999881e-05
3.447407000000000043e-05
3.450386999999999801e-05
3.452994999999999963e-05
3.455974999999999721e-05
3.458955000000000157e-05
3.461935999999999985e-05
3.464915999999999743e-05
3.468268999999999844e-05
3.471249000000000280e-05
3.474601999999999704e-05
3.477582000000000139e-05
3.480189000000000232e-05
3.483170000000000060e-05
3.485404999999999878e-05
3.488013000000000040e-05
3.490620000000000132e-05
3.493228000000000294e-05
3.496208000000000052e-05
3.499187999999999810e-05
3.502540999999999912e-05
3.505520999999999670e-05
3.508873999999999771e-05
3.511854000000000207e-05
3.514835000000000035e-05
3.517814999999999793e-05
3.520422999999999955e-05
3.522657999999999774e-05
3.524893000000000270e-05
3.527500999999999754e-05
3.529736000000000250e-05
3.531597999999999725e-05
3.533834000000000291e-05
3.536814000000000049e-05
3.539422000000000211e-05
3.542029000000000304e-05
3.544636999999999788e-05
3.547617000000000224e-05
3.550224999999999708e-05
3.553205000000000144e-05
3.556184999999999902e-05
3.559165999999999730e-05
3.562146000000000165e-05
3.564754000000000327e-05
3.567360999999999742e-05
3.569968999999999904e-05
3.572577000000000066e-05
3.575184000000000158e-05
3.577792000000000320e-05
3.580027000000000139e-05
3.582261999999999957e-05
3.584497999999999846e-05
3.586732999999999664e-05
3.588968000000000160e-05
3.591202999999999979e-05
3.593437999999999797e-05
3.595673000000000293e-05
3.597909000000000182e-05
3.600516000000000274e-05
3.603123999999999758e-05
3.605731999999999920e-05
3.608339000000000013e-05
3.610947000000000175e-05
3.613926999999999933e-05
3.616535000000000095e-05
3.619514999999999853e-05
3.622495999999999681e-05
3.625847999999999712e-05
3.628829000000000218e-05
3.631436000000000310e-05
3.634416000000000068e-05
3.637024000000000230e-05
3.639631999999999714e-05
3.641867000000000211e-05
3.644846999999999969e-05
3.647081999999999787e-05
3.649317999999999676e-05
3.651924999999999768e-05
3.654532999999999930e-05
3.657512999999999688e-05
3.660120999999999850e-05
3.662355999999999668e-05
3.664963999999999830e-05
3.667199000000000327e-05
3.670179000000000085e-05
3.673159999999999913e-05
3.676139999999999671e-05
3.678746999999999763e-05
3.681728000000000268e-05
3.684334999999999683e-05
3.687316000000000188e-05
3.689923000000000280e-05
3.692904000000000108e-05
3.695883999999999866e-05
3.698864000000000302e-05
3.701844000000000060e-05
3.705197000000000162e-05
3.708176999999999920e-05
3.711530000000000021e-05
3.714883000000000123e-05
3.718236000000000224e-05
3.721215999999999982e-05
3.724569000000000084e-05
3.727548999999999842e-05
3.730529000000000278e-05
3.733509000000000036e-05
3.736488999999999794e-05
3.739096999999999956e-05
3.741705000000000118e-05
3.744313000000000280e-05
3.747293000000000038e-05
3.749900000000000130e-05
3.752880999999999958e-05
3.756232999999999989e-05
3.759213999999999817e-05
3.762939000000000193e-05
3.766292000000000294e-05
3.770016999999999992e-05
3.773741999999999689e-05
3.777839999999999730e-05
3.781192999999999832e-05
3.785290999999999873e-05
3.789016000000000248e-05
3.792740999999999945e-05
3.796466999999999713e-05
3.799818999999999745e-05
3.803171999999999846e-05
3.806152000000000282e-05
3.809504999999999706e-05
3.812485000000000141e-05
3.815093000000000303e-05
3.818073000000000061e-05
3.820681000000000223e-05
3.823288999999999708e-05
3.825895999999999800e-05
3.828503999999999962e-05
3.830367000000000185e-05
3.832229000000000337e-05
3.834836999999999822e-05
3.837072000000000318e-05
3.839679999999999802e-05
3.842287999999999964e-05
3.844895000000000056e-05
3.847875999999999884e-05
3.850856000000000320e-05
3.854208999999999744e-05
3.857560999999999775e-05
3.860913999999999877e-05
3.864639000000000252e-05
3.867991999999999676e-05
3.871344999999999778e-05
3.873952999999999940e-05
3.876932999999999698e-05
3.879540999999999860e-05
3.882147999999999952e-05
3.884382999999999770e-05
3.886245999999999993e-05
3.888480999999999811e-05
3.890344000000000034e-05
3.892578999999999853e-05
3.894813999999999671e-05
3.897421999999999833e-05
3.900402000000000269e-05
3.903009999999999753e-05
3.905990000000000189e-05
3.909343000000000290e-05
3.912695999999999714e-05
3.916421000000000089e-05
3.919774000000000191e-05
3.923126000000000223e-05
3.926107000000000051e-05
3.929086999999999809e-05
3.931694999999999971e-05
3.934302000000000063e-05
3.936910000000000225e-05
3.939517999999999709e-05
3.942498000000000145e-05
3.945106000000000307e-05
3.948086000000000065e-05
3.951065999999999823e-05
3.954418999999999925e-05
3.958144000000000300e-05
3.961496999999999724e-05
3.965594999999999765e-05
3.968947999999999866e-05
3.972673000000000241e-05
3.975652999999999999e-05
3.978632999999999757e-05
3.981614000000000263e-05
3.983849000000000082e-05
3.986456000000000174e-05
3.988318999999999719e-05
3.989809000000000275e-05
3.992044000000000094e-05
3.993907000000000316e-05
3.996142000000000135e-05
3.998750000000000297e-05
4.000985000000000115e-05
4.003964999999999873e-05
4.007317999999999975e-05
4.011042999999999672e-05
4.014769000000000118e-05
4.018493999999999815e-05
4.022591999999999856e-05
4.026689999999999897e-05
4.030786999999999868e-05
4.034139999999999970e-05
4.037493000000000071e-05
4.040846000000000173e-05
4.044198000000000205e-05
4.047551000000000306e-05
4.050903999999999730e-05
4.054256999999999832e-05
4.057982000000000207e-05
4.061335000000000308e-05
4.064687999999999732e-05
4.068413000000000107e-05
4.071766000000000209e-05
4.075118000000000241e-05
4.078099000000000069e-05
4.080706000000000161e-05
4.083314000000000323e-05
4.085176999999999868e-05
4.087783999999999960e-05
4.089647000000000182e-05
4.091509999999999727e-05
4.094116999999999819e-05
4.095980000000000042e-05
4.098588000000000204e-05
4.101195000000000296e-05
4.104176000000000124e-05
4.107155999999999882e-05
4.110508999999999984e-05
4.114233999999999681e-05
4.117586999999999783e-05
4.121683999999999754e-05
4.125410000000000199e-05
4.129134999999999896e-05
4.132487999999999998e-05
4.136212999999999695e-05
4.139938000000000071e-05
4.143291000000000172e-05
4.146270999999999930e-05
4.149624000000000032e-05
4.152977000000000133e-05
4.156330000000000235e-05
4.159682000000000266e-05
4.163034999999999690e-05
4.166015000000000126e-05
4.168623000000000288e-05
4.170858000000000107e-05
4.173092999999999925e-05
4.174956000000000148e-05
4.176818999999999693e-05
4.178680999999999845e-05
4.180544000000000068e-05
4.182778999999999886e-05
4.184642000000000109e-05
4.186505000000000331e-05
4.188740000000000150e-05
4.190602000000000302e-05
4.192838000000000191e-05
4.195445000000000283e-05
4.197680000000000102e-05
4.200288000000000264e-05
4.202150999999999808e-05
4.204386000000000305e-05
4.206621000000000123e-05
4.208855999999999942e-05
4.211464000000000104e-05
4.213698999999999922e-05
4.216307000000000084e-05
4.218915000000000246e-05
4.221895000000000004e-05
4.224502000000000096e-05
4.227482999999999924e-05
4.230462999999999682e-05
4.233815999999999784e-05
4.236796000000000220e-05
4.240149000000000321e-05
4.243129000000000079e-05
4.245737000000000241e-05
4.248344000000000333e-05
4.250951999999999818e-05
4.253559999999999980e-05
4.256167000000000072e-05
4.259147999999999900e-05
4.262128000000000336e-05
4.265108000000000094e-05
4.267716000000000256e-05
4.270323999999999740e-05
4.273304000000000176e-05
4.275538999999999994e-05
4.278147000000000156e-05
4.280009000000000309e-05
4.281871999999999854e-05
4.283735000000000076e-05
4.285224999999999955e-05
4.286714999999999834e-05
4.288204999999999713e-05
4.290440000000000210e-05
4.292675000000000028e-05
4.294909999999999847e-05
4.297518000000000009e-05
4.300126000000000171e-05
4.303479000000000272e-05
4.306459000000000030e-05
4.309438999999999788e-05
4.312419000000000224e-05
4.315400000000000052e-05
4.318752000000000083e-05
4.321732999999999911e-05
4.325084999999999943e-05
4.328065999999999771e-05
4.331046000000000207e-05
4.334025999999999965e-05
4.337005999999999723e-05
4.340358999999999824e-05
4.343339000000000260e-05
4.346691999999999684e-05
4.349672000000000119e-05
4.352651999999999877e-05
4.355260000000000040e-05
4.358239999999999798e-05
4.360847999999999960e-05
4.363456000000000122e-05
4.366809000000000223e-05
4.369044000000000042e-05
4.371651000000000134e-05
4.373887000000000022e-05
4.376494000000000114e-05
4.379474999999999942e-05
4.382082000000000034e-05
4.385061999999999792e-05
4.387669999999999955e-05
4.390649999999999713e-05
4.394002999999999814e-05
4.397355999999999916e-05
4.400709000000000017e-05
4.404061000000000049e-05
4.407041999999999877e-05
4.410022000000000312e-05
4.412629999999999797e-05
4.415610000000000233e-05
4.418217999999999717e-05
4.420824999999999809e-05
4.423806000000000315e-05
4.426412999999999729e-05
4.429020999999999891e-05
4.431255999999999710e-05
4.434236000000000145e-05
4.436844000000000307e-05
4.439824000000000065e-05
4.442803999999999823e-05
4.445785000000000329e-05
4.448765000000000087e-05
4.451373000000000249e-05
4.454353000000000007e-05
4.456587999999999826e-05
4.458823000000000322e-05
4.461803000000000080e-05
4.464038999999999968e-05
4.466273999999999787e-05
4.468509000000000283e-05
4.471116999999999767e-05
4.473352000000000263e-05
4.475587000000000082e-05
4.478195000000000244e-05
4.480802000000000336e-05
4.483783000000000164e-05
4.486762999999999922e-05
4.489371000000000084e-05
4.492350999999999842e-05
4.495331000000000278e-05
4.498311000000000036e-05
4.501291999999999864e-05
4.504272000000000299e-05
4.506878999999999714e-05
4.509860000000000220e-05
4.512839999999999978e-05
4.515819999999999736e-05
4.518800000000000171e-05
4.521408000000000333e-05
4.524388000000000091e-05
4.526996000000000253e-05
4.529976000000000011e-05
4.532956999999999839e-05
4.535937000000000275e-05
4.538543999999999689e-05
4.541151999999999851e-05
4.544132000000000287e-05
4.546739999999999772e-05
4.549347999999999934e-05
4.551955000000000026e-05
4.554190999999999914e-05
4.556798000000000006e-05
4.559778999999999834e-05
4.562014000000000330e-05
4.564620999999999745e-05
4.566857000000000311e-05
4.569463999999999725e-05
4.571700000000000291e-05
4.573561999999999766e-05
4.575797000000000263e-05
4.577659999999999808e-05
4.579895000000000304e-05
4.582130000000000122e-05
4.584366000000000011e-05
4.586600999999999829e-05
4.588836000000000325e-05
4.591443999999999810e-05
4.594050999999999902e-05
4.596659000000000064e-05
4.599267000000000226e-05
4.601874000000000318e-05
4.604855000000000146e-05
4.607834999999999904e-05
4.610814999999999662e-05
4.613795000000000098e-05
4.617148000000000199e-05
4.619755999999999684e-05
4.622736000000000119e-05
4.625715999999999877e-05
4.628324000000000039e-05
4.630932000000000201e-05
4.633539000000000294e-05
4.636146999999999778e-05
4.638754999999999940e-05
4.640989999999999759e-05
4.643597999999999921e-05
4.646205000000000013e-05
4.648813000000000175e-05
4.651047999999999993e-05
4.653656000000000155e-05
4.655890999999999974e-05
4.658125999999999792e-05
4.660733999999999954e-05
4.662968999999999773e-05
4.665576999999999935e-05
4.668185000000000097e-05
4.670792000000000189e-05
4.673399999999999674e-05
4.676380000000000109e-05
4.678988000000000271e-05
4.681595999999999756e-05
4.684202999999999848e-05
4.686811000000000010e-05
4.689419000000000172e-05
4.692026000000000264e-05
4.694262000000000152e-05
4.696496999999999971e-05
4.698731999999999789e-05
4.700967000000000286e-05
4.703202000000000104e-05
4.705436999999999923e-05
4.707672999999999811e-05
4.709534999999999964e-05
4.712143000000000126e-05
4.714377999999999944e-05
4.716241000000000167e-05
4.718475999999999985e-05
4.720710999999999804e-05
4.722574000000000026e-05
4.724808999999999845e-05
4.727417000000000007e-05
4.729651999999999825e-05
4.732259999999999988e-05
4.734867000000000080e-05
4.737475000000000242e-05
4.740455000000000000e-05
4.743808000000000101e-05
4.746416000000000263e-05
4.749396000000000021e-05
4.752004000000000183e-05
4.754611000000000275e-05
4.757218999999999760e-05
4.759826999999999922e-05
4.762806999999999680e-05
4.765787000000000116e-05
4.769140000000000217e-05
4.772119999999999975e-05
4.775099999999999733e-05
4.778081000000000239e-05
4.781060999999999997e-05
4.784414000000000098e-05
4.787393999999999856e-05
4.790374000000000292e-05
4.793354000000000050e-05
4.796334999999999878e-05
4.799315000000000314e-05
4.801921999999999728e-05
4.804529999999999890e-05
4.807138000000000052e-05
4.809746000000000214e-05
4.811981000000000033e-05
4.814215999999999851e-05
4.816450999999999670e-05
4.818686000000000166e-05
4.820548999999999711e-05
4.822411999999999933e-05
4.823901999999999812e-05
4.826137000000000309e-05
4.827627000000000188e-05
4.829489999999999733e-05
4.831725000000000229e-05
4.833586999999999704e-05
4.835449999999999926e-05
4.838058000000000088e-05
4.840292999999999907e-05
4.842901000000000069e-05
4.845508000000000161e-05
4.848116000000000323e-05
4.851096000000000081e-05
4.854076999999999909e-05
4.857056999999999667e-05
4.860409999999999769e-05
4.863761999999999800e-05
4.866743000000000306e-05
4.870468000000000003e-05
4.873447999999999761e-05
4.876800999999999863e-05
4.879781000000000298e-05
4.883133999999999722e-05
4.886114000000000158e-05
4.889467000000000260e-05
4.892819999999999684e-05
4.895800000000000119e-05
4.899153000000000221e-05
4.902132999999999979e-05
4.905486000000000080e-05
4.908465999999999838e-05
4.911446000000000274e-05
4.914053999999999758e-05
4.917034000000000194e-05
4.919269000000000013e-05
4.921503999999999831e-05
4.924111999999999993e-05
4.926720000000000155e-05
4.928954999999999974e-05
4.931189999999999792e-05
4.933797999999999954e-05
4.935660000000000107e-05
4.937895999999999995e-05
4.940130999999999814e-05
4.943111000000000249e-05
4.945346000000000068e-05
4.947954000000000230e-05
4.950561999999999714e-05
4.953168999999999807e-05
4.956149000000000242e-05
4.959130000000000070e-05
4.962109999999999828e-05
4.965090000000000264e-05
4.968070000000000022e-05
4.970678000000000184e-05
4.973285999999999668e-05
4.976266000000000104e-05
4.978874000000000266e-05
4.981480999999999681e-05
4.984462000000000186e-05
4.987069000000000278e-05
4.989676999999999763e-05
4.992284999999999925e-05
4.995264999999999683e-05
4.997872999999999845e-05
5.000853000000000280e-05
5.003833000000000038e-05
5.006812999999999796e-05
5.009794000000000302e-05
5.012774000000000060e-05
5.016127000000000162e-05
5.019106999999999920e-05
5.022460000000000021e-05
5.025812000000000053e-05
5.029165000000000154e-05
5.032518000000000256e-05
5.035870999999999680e-05
5.038851000000000115e-05
5.042204000000000217e-05
5.045183999999999975e-05
5.048163999999999733e-05
5.050771999999999895e-05
5.054124999999999997e-05
5.056732000000000089e-05
5.059712999999999917e-05
5.063064999999999948e-05
5.066045999999999776e-05
5.069397999999999808e-05
5.072750999999999909e-05
5.075730999999999668e-05
5.078712000000000173e-05
5.081691999999999931e-05
5.084299000000000023e-05
5.086907000000000185e-05
5.089514999999999670e-05
5.092122999999999832e-05
5.095103000000000267e-05
5.097710999999999752e-05
5.100317999999999844e-05
5.102926000000000006e-05
5.105534000000000168e-05
5.108513999999999926e-05
5.111122000000000088e-05
5.113729000000000180e-05
5.115963999999999999e-05
5.118199999999999887e-05
5.120806999999999979e-05
5.123415000000000141e-05
5.125649999999999960e-05
5.128629999999999718e-05
5.131237999999999880e-05
5.133846000000000042e-05
5.136825999999999800e-05
5.139806000000000236e-05
5.142787000000000064e-05
5.146139000000000095e-05
5.149492000000000197e-05
5.152845000000000298e-05
5.156569999999999996e-05
5.160294999999999693e-05
5.164392999999999734e-05
5.168119000000000180e-05
5.172216000000000151e-05
5.176314000000000192e-05
5.180412000000000233e-05
5.184136999999999930e-05
5.187862999999999698e-05
5.191959999999999669e-05
5.195686000000000114e-05
5.199783000000000085e-05
5.203136000000000187e-05
5.206489000000000288e-05
5.209841999999999712e-05
5.212448999999999804e-05
5.215430000000000310e-05
5.217291999999999785e-05
5.219899999999999947e-05
5.222508000000000109e-05
5.225115000000000201e-05
5.227351000000000089e-05
5.230330999999999847e-05
5.232939000000000010e-05
5.235173999999999828e-05
5.237780999999999920e-05
5.240761999999999748e-05
5.242997000000000244e-05
5.245604999999999729e-05
5.247840000000000225e-05
5.250447000000000317e-05
5.252683000000000205e-05
5.254918000000000024e-05
5.257152999999999842e-05
5.259761000000000004e-05
5.261623000000000157e-05
5.263113000000000036e-05
5.265721000000000198e-05
5.268700999999999956e-05
5.271309000000000118e-05
5.274288999999999876e-05
5.277641999999999978e-05
5.281366999999999675e-05
5.285093000000000120e-05
5.288817999999999818e-05
5.292915999999999859e-05
5.297013999999999900e-05
5.301110999999999871e-05
5.305582000000000256e-05
5.309680000000000297e-05
5.313404999999999994e-05
5.317129999999999692e-05
5.321600000000000007e-05
5.325325999999999774e-05
5.329051000000000149e-05
5.332775999999999847e-05
5.336502000000000292e-05
5.339854000000000323e-05
5.342461999999999808e-05
5.345069999999999970e-05
5.347304999999999788e-05
5.349168000000000011e-05
5.351030000000000164e-05
5.352147999999999769e-05
5.353638000000000326e-05
5.354755999999999931e-05
5.356245999999999810e-05
5.357363000000000023e-05
5.358481000000000306e-05
5.359971000000000185e-05
5.361088999999999791e-05
5.362578999999999670e-05
5.364440999999999822e-05
5.366304000000000045e-05
5.368912000000000207e-05
5.371891999999999965e-05
5.375245000000000066e-05
5.378597000000000098e-05
5.382322999999999865e-05
5.386048000000000241e-05
5.389772999999999938e-05
5.393498999999999706e-05
5.397224000000000081e-05
5.400948999999999778e-05
5.403556999999999940e-05
5.405791999999999759e-05
5.408399999999999921e-05
5.409889999999999800e-05
5.411751999999999952e-05
5.413987999999999841e-05
5.415849999999999994e-05
5.418084999999999812e-05
5.421066000000000318e-05
5.423301000000000136e-05
5.425535999999999955e-05
5.427770999999999773e-05
5.429633999999999996e-05
5.431123999999999875e-05
5.432987000000000097e-05
5.435221999999999916e-05
5.437084000000000068e-05
5.439692000000000230e-05
5.441927000000000049e-05
5.444162999999999937e-05
5.446770000000000030e-05
5.449004999999999848e-05
5.450868000000000071e-05
5.453102999999999889e-05
5.455337999999999708e-05
5.457574000000000274e-05
5.460180999999999688e-05
5.463162000000000194e-05
5.466141999999999952e-05
5.469121999999999710e-05
5.472474999999999811e-05
5.475826999999999843e-05
5.479179999999999945e-05
5.482159999999999703e-05
5.485141000000000208e-05
5.487748000000000300e-05
5.489610999999999845e-05
5.491474000000000068e-05
5.492963999999999947e-05
5.494453999999999826e-05
5.495943999999999705e-05
5.497061999999999988e-05
5.497806999999999927e-05
5.498924000000000140e-05
5.499669000000000080e-05
5.500414000000000019e-05
5.500786999999999685e-05
5.501158999999999959e-05
5.501904999999999968e-05
5.502277000000000242e-05
5.502649999999999908e-05
5.502649999999999908e-05
5.502649999999999908e-05
5.502649999999999908e-05
5.502277000000000242e-05
5.501904999999999968e-05
5.501532000000000302e-05
5.501158999999999959e-05
5.500786999999999685e-05
5.500786999999999685e-05
5.500786999999999685e-05
5.500786999999999685e-05
5.500786999999999685e-05
