6.416859000000000018e-05
6.417232000000000361e-05
6.417604000000000635e-05
6.417604000000000635e-05
6.417976999999999623e-05
6.418348999999999897e-05
6.418722000000000240e-05
6.418722000000000240e-05
6.418722000000000240e-05
6.418348999999999897e-05
6.417976999999999623e-05
6.417232000000000361e-05
6.415742000000000482e-05
6.414251000000000533e-05
6.411270999999999420e-05
6.407546000000000400e-05
6.403075999999999408e-05
6.397114999999999822e-05
6.390409999999999689e-05
6.383331000000000497e-05
6.375136000000000485e-05
6.366940000000000403e-05
6.358372000000000047e-05
6.349059000000000430e-05
6.339373000000000469e-05
6.329315000000000234e-05
6.318511000000000667e-05
6.308081000000000159e-05
6.296905000000000319e-05
6.285729000000000479e-05
6.274180000000000295e-05
6.263005000000000525e-05
6.251456000000000341e-05
6.240280000000000501e-05
6.228732000000000387e-05
6.216810999999999930e-05
6.205635000000000090e-05
6.194086999999999976e-05
6.182911000000000136e-05
6.171735000000000296e-05
6.160187000000000182e-05
6.149011000000000342e-05
6.137089999999999885e-05
6.125168999999999427e-05
6.113248000000000325e-05
6.101304000000000292e-05
6.088637999999999895e-05
6.076343999999999772e-05
6.063305999999999779e-05
6.050640000000000060e-05
6.037600999999999997e-05
6.024935000000000278e-05
6.011897000000000286e-05
5.999603000000000162e-05
5.987310000000000109e-05
5.975389000000000330e-05
5.964212999999999812e-05
5.953410000000000315e-05
5.942978999999999737e-05
5.932921000000000180e-05
5.923235000000000219e-05
5.913921999999999923e-05
5.904608000000000236e-05
5.895668000000000284e-05
5.886727000000000263e-05
5.878158999999999907e-05
5.869962999999999825e-05
5.861395000000000147e-05
5.853571999999999730e-05
5.845748999999999992e-05
5.837552999999999910e-05
5.829730000000000171e-05
5.821534000000000089e-05
5.813710999999999673e-05
5.805516000000000338e-05
5.798065000000000196e-05
5.789869000000000114e-05
5.782419000000000041e-05
5.774967999999999898e-05
5.767890000000000099e-05
5.761557000000000240e-05
5.755597000000000046e-05
5.750009000000000126e-05
5.744421000000000206e-05
5.739205999999999952e-05
5.734735000000000245e-05
5.730637000000000204e-05
5.727285000000000172e-05
5.723932000000000070e-05
5.721323999999999908e-05
5.719089000000000090e-05
5.716854000000000271e-05
5.715363999999999715e-05
5.713127999999999826e-05
5.711637999999999947e-05
5.709775999999999795e-05
5.707913000000000250e-05
5.705677999999999754e-05
5.703070000000000269e-05
5.700834999999999773e-05
5.698227000000000289e-05
5.695620000000000197e-05
5.693012000000000034e-05
5.690032000000000276e-05
5.687050999999999771e-05
5.683698999999999739e-05
5.679600999999999698e-05
5.674757999999999718e-05
5.670288000000000081e-05
5.664700000000000161e-05
5.658738999999999897e-05
5.652406000000000037e-05
5.646073000000000178e-05
5.638994999999999701e-05
5.632290000000000246e-05
5.625584000000000042e-05
5.618506000000000243e-05
5.611801000000000110e-05
5.605094999999999907e-05
5.598389999999999774e-05
5.591310999999999905e-05
5.583860999999999832e-05
5.576409999999999690e-05
5.568214999999999677e-05
5.560019000000000273e-05
5.551078000000000251e-05
5.541764999999999956e-05
5.532078999999999995e-05
5.522020999999999760e-05
5.511589999999999860e-05
5.501158999999999959e-05
5.491100999999999724e-05
5.480669999999999824e-05
5.470612000000000266e-05
5.460554000000000032e-05
5.450868000000000071e-05
5.440809999999999836e-05
5.431123999999999875e-05
5.421437999999999914e-05
5.411379999999999679e-05
5.400948999999999778e-05
5.390146000000000282e-05
5.379714999999999703e-05
5.368538999999999863e-05
5.357363000000000023e-05
5.345442000000000243e-05
5.333520999999999786e-05
5.321600000000000007e-05
5.309680000000000297e-05
5.297386000000000174e-05
5.285093000000000120e-05
5.272798999999999997e-05
5.260878000000000218e-05
5.249330000000000104e-05
5.237409000000000324e-05
5.225487999999999867e-05
5.213567000000000087e-05
5.202018999999999974e-05
5.190098000000000194e-05
5.178549000000000010e-05
5.167373000000000170e-05
5.155825000000000056e-05
5.144649000000000216e-05
5.133101000000000102e-05
5.120806999999999979e-05
5.108886000000000200e-05
5.096219999999999803e-05
5.082809000000000144e-05
5.069397999999999808e-05
5.055242000000000210e-05
5.041085999999999934e-05
5.025439999999999779e-05
5.010165999999999898e-05
4.994147000000000077e-05
4.978129000000000327e-05
4.961364999999999889e-05
4.944228999999999855e-05
4.927465000000000095e-05
4.910701000000000334e-05
4.893936999999999897e-05
4.877545999999999802e-05
4.861154999999999708e-05
4.845508000000000161e-05
4.829862000000000006e-05
4.814588000000000125e-05
4.799315000000000314e-05
4.784414000000000098e-05
4.769140000000000217e-05
4.754983999999999941e-05
4.740455000000000000e-05
4.726298999999999724e-05
4.712515999999999792e-05
4.699104000000000063e-05
4.685692999999999727e-05
4.672654999999999734e-05
4.659989000000000015e-05
4.647694999999999892e-05
4.635401999999999838e-05
4.623481000000000059e-05
4.611188000000000006e-05
4.599267000000000226e-05
4.587718000000000042e-05
4.576169999999999929e-05
4.565366999999999754e-05
4.554563000000000188e-05
4.544132000000000287e-05
4.533329000000000113e-05
4.522153000000000273e-05
4.511350000000000099e-05
4.500545999999999854e-05
4.489742999999999680e-05
4.478940000000000184e-05
4.468135999999999939e-05
4.458077999999999705e-05
4.447646999999999804e-05
4.437216999999999973e-05
4.427157999999999669e-05
4.417472999999999777e-05
4.407786999999999816e-05
4.398100999999999855e-05
4.389159999999999834e-05
4.379847000000000216e-05
4.371278999999999860e-05
4.362711000000000182e-05
4.353770000000000161e-05
4.344829000000000139e-05
4.335515999999999844e-05
4.326203000000000226e-05
4.316517000000000265e-05
4.306459000000000030e-05
4.296028000000000130e-05
4.285224999999999955e-05
4.274420999999999711e-05
4.262873000000000275e-05
4.251325000000000161e-05
4.239031000000000038e-05
4.226737999999999985e-05
4.213698999999999922e-05
4.201033000000000203e-05
4.188366999999999806e-05
4.176446000000000027e-05
4.164152999999999973e-05
4.152977000000000133e-05
4.141801000000000293e-05
4.130998000000000119e-05
4.119822000000000279e-05
4.109390999999999700e-05
4.098959999999999800e-05
4.088157000000000303e-05
4.078470999999999665e-05
4.068039999999999764e-05
4.058354999999999873e-05
4.048668999999999912e-05
4.038982999999999950e-05
4.029670000000000333e-05
4.020729000000000311e-05
4.011416000000000016e-05
4.002474999999999994e-05
3.993161999999999699e-05
3.984594000000000021e-05
3.976025999999999665e-05
3.967830000000000261e-05
3.959261999999999905e-05
3.951810999999999762e-05
3.943988000000000024e-05
3.936165000000000285e-05
3.929086999999999809e-05
3.921264000000000070e-05
3.913812999999999927e-05
3.905617999999999915e-05
3.898166999999999773e-05
3.890344000000000034e-05
3.882521000000000295e-05
3.875442999999999819e-05
3.867991999999999676e-05
3.860913999999999877e-05
3.853836000000000078e-05
3.847130999999999945e-05
3.840424999999999742e-05
3.834091999999999882e-05
3.827386999999999749e-05
3.821053999999999889e-05
3.815465999999999969e-05
3.809504999999999706e-05
3.803916999999999786e-05
3.799447000000000149e-05
3.794976999999999834e-05
3.790878999999999793e-05
3.787525999999999691e-05
3.784173000000000267e-05
3.780820000000000166e-05
3.776723000000000195e-05
3.772251999999999810e-05
3.767782000000000173e-05
3.762194000000000253e-05
3.756978999999999999e-05
3.751391000000000079e-05
3.745803000000000159e-05
3.740586999999999835e-05
3.736117000000000198e-05
3.731274000000000217e-05
3.727176000000000176e-05
3.723823000000000074e-05
3.720471000000000043e-05
3.717117999999999941e-05
3.714138000000000183e-05
3.711156999999999678e-05
3.708921999999999859e-05
3.707431999999999980e-05
3.705942000000000101e-05
3.704823999999999818e-05
3.704452000000000222e-05
3.704078999999999879e-05
3.704452000000000222e-05
3.704823999999999818e-05
3.705942000000000101e-05
3.706687000000000041e-05
3.707805000000000324e-05
3.708550000000000263e-05
3.708921999999999859e-05
3.708176999999999920e-05
3.707431999999999980e-05
3.705569999999999828e-05
3.704452000000000222e-05
3.702589000000000000e-05
3.700726999999999847e-05
3.698118999999999685e-05
3.694393999999999987e-05
3.689177999999999663e-05
3.682844999999999804e-05
3.674649999999999792e-05
3.666081000000000043e-05
3.657512999999999688e-05
3.648945000000000010e-05
3.641122000000000271e-05
3.632926000000000189e-05
3.624357999999999833e-05
3.616162999999999821e-05
3.607966999999999739e-05
3.600516000000000274e-05
3.594182999999999737e-05
3.588594999999999817e-05
3.583380000000000240e-05
3.577792000000000320e-05
3.571832000000000126e-05
3.565499000000000267e-05
3.560282999999999943e-05
3.556184999999999902e-05
3.553205000000000144e-05
3.551715000000000265e-05
3.550970000000000325e-05
3.549852000000000042e-05
3.549107000000000103e-05
3.547989999999999890e-05
3.547244999999999950e-05
3.547244999999999950e-05
3.547989999999999890e-05
3.549852000000000042e-05
3.552832999999999870e-05
3.556184999999999902e-05
3.560656000000000286e-05
3.565499000000000267e-05
3.571087000000000187e-05
3.576301999999999763e-05
3.581517000000000018e-05
3.585242999999999785e-05
3.587849999999999877e-05
3.588968000000000160e-05
3.587849999999999877e-05
3.584870000000000119e-05
3.580027000000000139e-05
3.573694000000000279e-05
3.566244000000000206e-05
3.559165999999999730e-05
3.552460000000000204e-05
3.545755000000000071e-05
3.540167000000000151e-05
3.534950999999999827e-05
3.530852999999999786e-05
3.526755999999999815e-05
3.522285000000000108e-05
3.517442000000000127e-05
3.511109000000000268e-05
3.502540999999999912e-05
3.492482999999999677e-05
3.480561999999999897e-05
3.467896000000000178e-05
3.454484999999999842e-05
3.441445999999999779e-05
3.429152999999999726e-05
3.417976999999999886e-05
3.407919000000000329e-05
3.398978000000000307e-05
3.390037000000000286e-05
3.381097000000000334e-05
3.371038000000000029e-05
3.360234999999999855e-05
3.350177000000000298e-05
3.339745999999999720e-05
3.330804999999999698e-05
3.322609999999999686e-05
3.315904000000000160e-05
3.310688999999999906e-05
3.305845999999999926e-05
3.301002999999999945e-05
3.296159999999999965e-05
3.290199999999999771e-05
3.283866999999999911e-05
3.277534000000000052e-05
3.270827999999999849e-05
3.264494999999999989e-05
3.258534999999999795e-05
3.252574000000000209e-05
3.246614000000000016e-05
3.240281000000000156e-05
3.233202999999999679e-05
3.226869999999999820e-05
3.219418999999999677e-05
3.211969000000000282e-05
3.203773000000000200e-05
3.194832000000000178e-05
3.185518999999999883e-05
3.176577999999999862e-05
3.167637999999999910e-05
3.158324000000000222e-05
3.149384000000000271e-05
3.140069999999999906e-05
3.130385000000000014e-05
3.120325999999999710e-05
3.109895999999999879e-05
3.099092000000000312e-05
3.087170999999999855e-05
3.074877999999999802e-05
3.062212000000000083e-05
3.049161999999999928e-05
3.035750999999999931e-05
3.022711999999999868e-05
3.009673999999999875e-05
2.997008000000000156e-05
2.984342000000000098e-05
2.972420999999999980e-05
2.960872000000000135e-05
2.950068999999999961e-05
2.939638000000000060e-05
2.929952000000000099e-05
2.920639000000000142e-05
2.911698999999999852e-05
2.902758000000000169e-05
2.893817000000000148e-05
2.884876000000000126e-05
2.875190999999999896e-05
2.865876999999999870e-05
2.856563999999999913e-05
2.847250999999999957e-05
2.837938000000000000e-05
2.829369999999999983e-05
2.821173999999999901e-05
2.812978000000000158e-05
2.805528000000000085e-05
2.797705000000000008e-05
2.790253999999999865e-05
2.783176000000000066e-05
2.775352999999999989e-05
2.767529999999999911e-05
2.759706999999999834e-05
2.751884000000000095e-05
2.744805999999999958e-05
2.737355000000000154e-05
2.729532000000000076e-05
2.722080999999999934e-05
2.713885999999999922e-05
2.706435000000000118e-05
2.698239000000000036e-05
2.690415999999999958e-05
2.682220999999999946e-05
2.672906999999999920e-05
2.663593999999999963e-05
2.653536000000000067e-05
2.642359999999999888e-05
2.630439000000000109e-05
2.617773000000000051e-05
2.604735000000000058e-05
2.590951000000000056e-05
2.577167000000000054e-05
2.563384000000000121e-05
2.549600000000000119e-05
2.536562000000000127e-05
2.523896000000000069e-05
2.511601999999999945e-05
2.500426000000000105e-05
2.489250999999999996e-05
2.479192000000000030e-05
2.469507000000000139e-05
2.460566000000000118e-05
2.451625000000000096e-05
2.443430000000000084e-05
2.435234000000000002e-05
2.425921000000000045e-05
2.416235000000000084e-05
2.406176999999999849e-05
2.394628000000000004e-05
2.381961999999999947e-05
2.368550999999999949e-05
2.354023000000000077e-05
2.339494000000000136e-05
2.324219999999999916e-05
2.308947000000000104e-05
2.294418000000000163e-05
2.279888999999999882e-05
2.266105999999999950e-05
2.252694999999999952e-05
2.240028999999999894e-05
2.228480000000000050e-05
2.216931999999999936e-05
2.206874000000000040e-05
2.197188000000000079e-05
2.188991999999999997e-05
2.182286999999999864e-05
2.176698999999999943e-05
2.172227999999999898e-05
2.168875999999999866e-05
2.166639999999999978e-05
2.164405000000000159e-05
2.162543000000000006e-05
2.159934999999999844e-05
2.157327000000000021e-05
2.153973999999999920e-05
2.149876999999999949e-05
2.145778999999999907e-05
2.140935999999999927e-05
2.136092999999999946e-05
2.130878000000000031e-05
2.124917000000000106e-05
2.119328999999999847e-05
2.113740999999999927e-05
2.108526000000000012e-05
2.102938000000000092e-05
2.098468000000000116e-05
2.094742000000000010e-05
2.091761999999999913e-05
2.089899000000000029e-05
2.088409000000000150e-05
2.088409000000000150e-05
2.089527000000000094e-05
2.091016999999999973e-05
2.092879999999999857e-05
2.095486999999999949e-05
2.097349999999999833e-05
2.098840000000000051e-05
2.099584999999999990e-05
2.099584999999999990e-05
2.099213000000000055e-05
2.097349999999999833e-05
2.095486999999999949e-05
2.093252000000000131e-05
2.091761999999999913e-05
2.089899000000000029e-05
2.089154000000000090e-05
2.088409000000000150e-05
2.088036999999999877e-05
2.087663999999999872e-05
2.087663999999999872e-05
2.088409000000000150e-05
2.089154000000000090e-05
2.089527000000000094e-05
2.089527000000000094e-05
2.089527000000000094e-05
2.088782000000000155e-05
2.088036999999999877e-05
2.086546999999999998e-05
2.084311999999999840e-05
2.082075999999999952e-05
2.079841000000000133e-05
2.077234000000000041e-05
2.074998000000000153e-05
2.073880999999999940e-05
2.073880999999999940e-05
2.074625999999999879e-05
2.076861000000000036e-05
2.079468999999999860e-05
2.082448999999999956e-05
2.085802000000000058e-05
2.088409000000000150e-05
2.090272000000000034e-05
2.091389999999999978e-05
2.091761999999999913e-05
2.091761999999999913e-05
2.090645000000000039e-05
2.089154000000000090e-05
2.086546999999999998e-05
2.083566999999999901e-05
2.080214000000000138e-05
2.075743000000000092e-05
2.070900999999999843e-05
2.065684999999999857e-05
2.060469999999999942e-05
2.054509000000000017e-05
2.048549000000000162e-05
2.042215999999999964e-05
2.035883000000000104e-05
2.029921999999999841e-05
2.023961999999999986e-05
2.019119000000000005e-05
2.014276000000000025e-05
2.010550999999999989e-05
2.007570999999999892e-05
2.004590000000000064e-05
2.001982999999999972e-05
1.999002000000000144e-05
1.996395000000000052e-05
1.993786999999999890e-05
1.991179000000000066e-05
1.988571999999999974e-05
1.985591000000000146e-05
1.982611000000000049e-05
1.979257999999999948e-05
1.975532999999999911e-05
1.971434999999999870e-05
1.966964999999999895e-05
1.962866999999999854e-05
1.958396999999999878e-05
1.953925999999999832e-05
1.950201000000000134e-05
1.946103000000000093e-05
1.942378000000000057e-05
1.938653000000000021e-05
1.935299999999999919e-05
1.931947000000000156e-05
1.929338999999999994e-05
1.926731999999999902e-05
1.924869000000000018e-05
1.923006000000000135e-05
1.921515999999999917e-05
1.919654000000000103e-05
1.917790999999999881e-05
1.915556000000000062e-05
1.912575999999999965e-05
1.909222999999999864e-05
1.905125000000000161e-05
1.900654999999999847e-05
1.896929000000000079e-05
1.893577000000000048e-05
1.890223999999999946e-05
1.887989000000000128e-05
1.886498999999999910e-05
1.885009000000000031e-05
1.883891000000000087e-05
1.883518000000000082e-05
1.883146000000000147e-05
1.882773000000000142e-05
1.882400999999999869e-05
1.881282999999999924e-05
1.879793000000000045e-05
1.877557999999999888e-05
1.873459999999999847e-05
1.868244999999999932e-05
1.861167000000000133e-05
1.851480999999999833e-05
1.839187000000000048e-05
1.824658999999999838e-05
1.807522000000000073e-05
1.788523999999999886e-05
1.767662000000000085e-05
1.746055000000000006e-05
1.724448999999999996e-05
1.703213999999999851e-05
1.683469999999999994e-05
1.665960999999999956e-05
1.651060000000000079e-05
1.639511999999999965e-05
1.629826000000000004e-05
1.622375999999999932e-05
1.617159999999999946e-05
1.612689999999999970e-05
1.609336999999999869e-05
1.605984000000000106e-05
1.602632000000000075e-05
1.598905999999999968e-05
1.595552999999999867e-05
1.591082999999999891e-05
1.586239999999999910e-05
1.581769999999999934e-05
1.576553999999999949e-05
1.571712000000000039e-05
1.567240999999999993e-05
1.563515999999999956e-05
1.560162999999999855e-05
1.556438000000000157e-05
1.553085000000000056e-05
1.549360000000000019e-05
1.545634999999999983e-05
1.541908999999999877e-05
1.537438999999999901e-05
1.532595999999999920e-05
1.527008000000000000e-05
1.521413999999999999e-05
1.515453999999999975e-05
1.508747999999999941e-05
1.502415000000000082e-05
1.496082000000000053e-05
1.490122000000000029e-05
1.484906999999999944e-05
1.480063999999999963e-05
1.476338000000000026e-05
1.473730999999999934e-05
1.472241000000000055e-05
1.472241000000000055e-05
1.472985999999999995e-05
1.474103000000000038e-05
1.475592999999999917e-05
1.476338000000000026e-05
1.477455999999999971e-05
1.478201000000000080e-05
1.478574000000000084e-05
1.477828000000000075e-05
1.476711000000000031e-05
1.475220999999999983e-05
1.472985999999999995e-05
1.470378000000000002e-05
1.467398000000000075e-05
1.464044999999999973e-05
1.459946999999999932e-05
1.454732000000000017e-05
1.448025999999999983e-05
1.440576000000000080e-05
1.431262000000000053e-05
1.421203999999999988e-05
1.409656000000000044e-05
1.397734999999999925e-05
1.384696000000000032e-05
1.371658000000000039e-05
1.358247000000000042e-05
1.344463000000000040e-05
1.330679999999999938e-05
1.316895999999999936e-05
1.302739999999999999e-05
1.288584000000000062e-05
1.274054999999999951e-05
1.259899000000000014e-05
1.245370000000000072e-05
1.231959000000000075e-05
1.219666000000000021e-05
1.208863000000000017e-05
1.199548999999999990e-05
1.190980999999999973e-05
1.183903000000000005e-05
1.177569999999999976e-05
1.171609999999999952e-05
1.165649000000000027e-05
1.160806000000000046e-05
1.155590999999999961e-05
1.150374999999999976e-05
1.144787999999999957e-05
1.139200000000000037e-05
1.133611999999999947e-05
1.127278999999999918e-05
1.122062999999999933e-05
1.116848000000000017e-05
1.111259999999999928e-05
1.105299000000000003e-05
1.098594000000000039e-05
1.091888000000000006e-05
1.084437999999999933e-05
1.076615000000000025e-05
1.069164000000000052e-05
1.061713999999999979e-05
1.054636000000000011e-05
1.047929999999999977e-05
1.041596999999999948e-05
1.036009000000000028e-05
1.030420999999999938e-05
1.025206000000000023e-05
1.019617999999999934e-05
1.013657000000000009e-05
1.008068999999999919e-05
1.001736000000000060e-05
9.957758999999999269e-06
9.898154999999999763e-06
9.838549999999999170e-06
9.775220000000000575e-06
9.708165000000000587e-06
9.626207999999999637e-06
9.529350999999999897e-06
9.417591999999999194e-06
9.298383000000000790e-06
9.160547000000000031e-06
9.018985999999999575e-06
8.866249000000000634e-06
8.702335999999999820e-06
8.523522000000000823e-06
8.337258000000000738e-06
8.143543000000000171e-06
7.946102000000000514e-06
7.756113000000000731e-06
7.573543999999999939e-06
7.409632000000000211e-06
7.256895000000000423e-06
7.130234999999999843e-06
7.018475999999999987e-06
6.917893000000000310e-06
6.828485999999999965e-06
6.742805000000000403e-06
6.657122999999999756e-06
6.567716000000000257e-06
6.474584000000000215e-06
6.370275999999999993e-06
6.258517000000000137e-06
6.139308000000000039e-06
6.016373000000000004e-06
5.889713000000000271e-06
5.759327999999999994e-06
5.625216999999999780e-06
5.494832000000000350e-06
5.360722000000000375e-06
5.230337000000000098e-06
5.099951999999999821e-06
4.977016999999999786e-06
4.861533000000000232e-06
4.764675000000000252e-06
4.682719000000000388e-06
4.619389000000000099e-06
4.567234999999999988e-06
4.537433000000000235e-06
4.522532000000000358e-06
4.526257000000000056e-06
4.552334000000000111e-06
4.593312000000000043e-06
4.652916999999999789e-06
4.719971999999999776e-06
4.790752000000000308e-06
4.865257999999999929e-06
4.932312999999999917e-06
4.991917999999999662e-06
5.036622000000000378e-06
5.073874000000000373e-06
5.096225999999999884e-06
5.099951999999999821e-06
5.096225999999999884e-06
5.070148999999999828e-06
5.032895999999999594e-06
4.984468000000000267e-06
4.921137999999999977e-06
4.850357000000000053e-06
4.775850999999999584e-06
4.686444000000000086e-06
4.593312000000000043e-06
4.496454000000000064e-06
4.399597000000000323e-06
4.306465000000000281e-06
4.194705999999999577e-06
4.075497000000000326e-06
3.948836999999999747e-06
3.810986999999999872e-06
3.676876000000000082e-06
3.546490999999999804e-06
3.419831000000000072e-06
3.293170999999999916e-06
3.166511000000000183e-06
3.036125999999999906e-06
2.887115000000000055e-06
2.726927000000000209e-06
2.551838000000000063e-06
2.358122999999999919e-06
2.156957999999999957e-06
1.952067000000000059e-06
1.739717999999999909e-06
1.534827000000000010e-06
1.329935999999999899e-06
1.139946000000000088e-06
9.574068999999999729e-07
7.897652000000000156e-07
6.370282999999999551e-07
5.029177999999999666e-07
3.799813999999999882e-07
2.756732999999999860e-07
1.788147999999999926e-07
8.568212999999999433e-08
-7.450637000000000107e-09
-1.005832999999999978e-07
-1.937160000000000122e-07
-2.831239000000000223e-07
-3.725308000000000048e-07
-4.544871999999999962e-07
-5.327202000000000059e-07
-6.035007000000000222e-07
-6.668305999999999493e-07
-7.264352000000000435e-07
-7.785892999999999877e-07
-8.344686999999999765e-07
-8.903480000000000261e-07
-9.462274000000000149e-07
-1.009561000000000023e-06
-1.080340999999999920e-06
-1.162298000000000023e-06
-1.259154999999999975e-06
-1.363464000000000012e-06
-1.482672999999999899e-06
-1.601881999999999997e-06
-1.721091000000000095e-06
-1.840301000000000009e-06
-1.963242999999999814e-06
-2.078726999999999791e-06
-2.194211000000000192e-06
-2.313419999999999867e-06
-2.440080000000000023e-06
-2.563013999999999818e-06
-2.685948999999999853e-06
-2.816334000000000131e-06
-2.946718999999999984e-06
-3.084554999999999896e-06
-3.222390999999999807e-06
-3.352776000000000084e-06
-3.475709999999999880e-06
-3.587469000000000160e-06
-3.691776999999999958e-06
-3.784909000000000001e-06
-3.870605999999999580e-06
-3.956286999999999989e-06
-4.030792999999999610e-06
-4.101574000000000382e-06
-4.164903999999999824e-06
-4.224508000000000177e-06
-4.276662000000000288e-06
-4.321366000000000157e-06
-4.366068999999999786e-06
-4.407047999999999958e-06
-4.448025999999999890e-06
-4.489003999999999822e-06
-4.526257000000000056e-06
-4.559784000000000353e-06
-4.593312000000000043e-06
-4.626839999999999733e-06
-4.667817999999999665e-06
-4.716247000000000078e-06
-4.768401000000000189e-06
-4.824279999999999998e-06
-4.883884999999999743e-06
-4.954665000000000275e-06
-5.021720000000000262e-06
-5.096225999999999884e-06
-5.163280999999999871e-06
-5.234061999999999795e-06
-5.308568000000000264e-06
-5.383073999999999886e-06
-5.453854000000000418e-06
-5.532084999999999737e-06
-5.606591000000000206e-06
-5.681096999999999828e-06
-5.759327999999999994e-06
-5.833833999999999616e-06
-5.912064999999999782e-06
-5.986571000000000251e-06
-6.061075999999999633e-06
-6.139308000000000039e-06
-6.213813000000000268e-06
-6.295770000000000371e-06
-6.385176999999999869e-06
-6.489485000000000091e-06
-6.604968999999999645e-06
-6.724177999999999743e-06
-6.850838000000000323e-06
-6.970047000000000421e-06
-7.078080999999999732e-06
-7.171212999999999775e-06
-7.249443999999999941e-06
-7.301598000000000052e-06
-7.338851000000000287e-06
-7.357476999999999861e-06
-7.361202999999999798e-06
-7.361202999999999798e-06
-7.353752000000000163e-06
-7.353752000000000163e-06
-7.364928000000000342e-06
-7.379829000000000219e-06
-7.391005000000000398e-06
-7.409632000000000211e-06
-7.424533000000000087e-06
-7.439433999999999964e-06
-7.450610000000000143e-06
-7.461786000000000322e-06
-7.472961000000000261e-06
-7.480411999999999896e-06
-7.499038000000000317e-06
-7.513939999999999586e-06
-7.540016999999999641e-06
-7.577269999999999875e-06
-7.629453000000000151e-06
-7.696508000000000139e-06
-7.785915000000000484e-06
-7.886497999999999314e-06
-8.009432000000000804e-06
-8.139818000000000473e-06
-8.273928000000000448e-06
-8.419214000000000602e-06
-8.560774999999999364e-06
-8.709787000000000301e-06
-8.851348000000000757e-06
-8.996633999999999217e-06
-9.141921000000000457e-06
-9.283481999999999219e-06
-9.425042999999999675e-06
-9.566604000000000131e-06
-9.704438999999999803e-06
-9.849725999999999349e-06
-9.991286999999999806e-06
-1.013657000000000009e-05
-1.028185999999999951e-05
-1.041596999999999948e-05
-1.053890000000000001e-05
-1.064694000000000076e-05
-1.075124999999999977e-05
-1.084810000000000037e-05
-1.093751000000000059e-05
-1.102692000000000080e-05
-1.111632000000000032e-05
-1.120573000000000054e-05
-1.129514000000000075e-05
-1.138454999999999928e-05
-1.147768000000000053e-05
-1.157454000000000015e-05
-1.167884000000000015e-05
-1.178314999999999915e-05
-1.188001000000000046e-05
-1.197314000000000002e-05
-1.205510000000000084e-05
-1.212959999999999988e-05
-1.219293000000000017e-05
-1.224880999999999937e-05
-1.230469000000000026e-05
-1.236429999999999951e-05
-1.242389999999999975e-05
-1.248723000000000004e-05
-1.254310999999999924e-05
-1.259899000000000014e-05
-1.265113999999999929e-05
-1.270702000000000019e-05
-1.276662999999999943e-05
-1.283741000000000081e-05
-1.291935999999999924e-05
-1.301249999999999950e-05
-1.311308000000000016e-05
-1.321366000000000081e-05
-1.332169999999999986e-05
-1.342228000000000052e-05
-1.351541000000000008e-05
-1.359736999999999921e-05
-1.367559999999999998e-05
-1.374637999999999967e-05
-1.381342999999999930e-05
-1.387304000000000025e-05
-1.391774000000000000e-05
-1.396616999999999981e-05
-1.401459999999999962e-05
-1.406675000000000046e-05
-1.413008000000000075e-05
-1.420459000000000049e-05
-1.427910000000000022e-05
-1.434987999999999990e-05
-1.442438000000000063e-05
-1.449516000000000031e-05
-1.456967000000000005e-05
-1.464417000000000077e-05
-1.472241000000000055e-05
-1.480063999999999963e-05
-1.488631999999999980e-05
-1.497944999999999937e-05
-1.508376000000000007e-05
-1.519179000000000011e-05
-1.529616000000000162e-05
-1.540047000000000063e-05
-1.548987000000000015e-05
-1.557183000000000097e-05
-1.563888999999999961e-05
-1.569103999999999876e-05
-1.573201999999999918e-05
-1.576553999999999949e-05
-1.579907000000000051e-05
-1.584005000000000092e-05
-1.590337999999999951e-05
-1.598905999999999968e-05
-1.608964999999999934e-05
-1.621630999999999992e-05
-1.636158999999999864e-05
-1.651433000000000084e-05
-1.667451999999999905e-05
-1.683469999999999994e-05
-1.698743999999999875e-05
-1.713273000000000156e-05
-1.726684000000000153e-05
-1.738604999999999933e-05
-1.749035000000000102e-05
-1.757976000000000124e-05
-1.764681999999999988e-05
-1.769896999999999904e-05
-1.774366999999999880e-05
-1.779209999999999860e-05
-1.785171000000000124e-05
-1.792620999999999858e-05
-1.801934999999999884e-05
-1.811620000000000114e-05
-1.822424000000000019e-05
-1.833226999999999855e-05
-1.843285000000000089e-05
-1.852599000000000116e-05
-1.861539000000000067e-05
-1.869735000000000150e-05
-1.878303000000000166e-05
-1.886498999999999910e-05
-1.894321999999999987e-05
-1.901772000000000060e-05
-1.907732999999999985e-05
-1.912947999999999900e-05
-1.917418999999999946e-05
-1.920770999999999977e-05
-1.924124000000000079e-05
-1.928222000000000120e-05
-1.931947000000000156e-05
-1.935299999999999919e-05
-1.939397999999999960e-05
-1.944612999999999875e-05
-1.949083999999999921e-05
-1.953180999999999892e-05
-1.956906999999999999e-05
-1.960259000000000030e-05
-1.962494999999999919e-05
-1.963612000000000132e-05
-1.965475000000000016e-05
-1.968828000000000117e-05
-1.973298000000000093e-05
-1.979257999999999948e-05
-1.987081000000000025e-05
-1.995650000000000112e-05
-2.004218000000000129e-05
-2.012413000000000141e-05
-2.020981999999999889e-05
-2.029921999999999841e-05
-2.038117999999999923e-05
-2.045569000000000066e-05
-2.052273999999999860e-05
-2.058235000000000124e-05
-2.062705000000000099e-05
-2.066803000000000140e-05
-2.070154999999999833e-05
-2.073136000000000000e-05
-2.076116000000000097e-05
-2.078723999999999920e-05
-2.080959000000000077e-05
-2.083566999999999901e-05
-2.085057000000000119e-05
-2.085802000000000058e-05
-2.086546999999999998e-05
-2.086546999999999998e-05
-2.086173999999999993e-05
-2.086173999999999993e-05
-2.086918999999999932e-05
-2.089527000000000094e-05
-2.093252000000000131e-05
-2.099584999999999990e-05
-2.108153000000000007e-05
-2.117094000000000029e-05
-2.126779999999999990e-05
-2.137583000000000164e-05
-2.148759000000000004e-05
-2.159934999999999844e-05
-2.172600999999999902e-05
-2.184893999999999956e-05
-2.197188000000000079e-05
-2.207618999999999979e-05
-2.216558999999999931e-05
-2.224382000000000009e-05
-2.231460999999999878e-05
-2.236676000000000132e-05
-2.240028999999999894e-05
-2.240773999999999834e-05
-2.240028999999999894e-05
-2.237794000000000076e-05
-2.232951000000000095e-05
-2.225499999999999953e-05
-2.215442000000000057e-05
-2.204638000000000151e-05
-2.193834999999999977e-05
-2.182659000000000137e-05
-2.171111000000000023e-05
-2.159934999999999844e-05
-2.151367000000000166e-05
-2.145033999999999968e-05
-2.140562999999999922e-05
-2.137583000000000164e-05
-2.137210999999999891e-05
-2.138701000000000108e-05
-2.141308999999999932e-05
-2.145405999999999903e-05
-2.150621999999999888e-05
-2.156582000000000082e-05
-2.162543000000000006e-05
-2.166268000000000043e-05
-2.169248000000000140e-05
-2.171111000000000023e-05
-2.171855999999999963e-05
-2.170738000000000019e-05
-2.167012999999999982e-05
-2.161798000000000067e-05
-2.154346999999999924e-05
-2.145405999999999903e-05
-2.135721000000000012e-05
-2.126779999999999990e-05
-2.118211999999999973e-05
-2.110388999999999896e-05
-2.104056000000000036e-05
-2.098840000000000051e-05
-2.093252000000000131e-05
-2.088036999999999877e-05
-2.082820999999999891e-05
-2.076488000000000032e-05
-2.067920000000000015e-05
-2.058607000000000058e-05
-2.048176000000000158e-05
-2.036999999999999979e-05
-2.025078999999999860e-05
-2.012413000000000141e-05
-2.000120000000000088e-05
-1.988943999999999909e-05
-1.977768000000000069e-05
-1.966219999999999955e-05
-1.953180999999999892e-05
-1.940142999999999900e-05
-1.928594000000000055e-05
-1.917790999999999881e-05
-1.907732999999999985e-05
-1.899164999999999968e-05
-1.893577000000000048e-05
-1.890595999999999881e-05
-1.890595999999999881e-05
-1.892087000000000169e-05
-1.894693999999999922e-05
-1.899164999999999968e-05
-1.905498000000000166e-05
-1.913692999999999840e-05
-1.923752000000000144e-05
-1.934926999999999914e-05
-1.946476000000000098e-05
-1.956162000000000059e-05
-1.963612000000000132e-05
-1.966219999999999955e-05
-1.964730000000000076e-05
-1.959887000000000096e-05
-1.952435999999999953e-05
-1.944985999999999880e-05
-1.939024999999999955e-05
-1.936790000000000137e-05
-1.938653000000000021e-05
-1.945358000000000154e-05
-1.956533999999999994e-05
-1.969573000000000057e-05
-1.983355999999999989e-05
-1.996022000000000047e-05
-2.006825999999999952e-05
-2.014276000000000025e-05
-2.019863999999999945e-05
-2.022844000000000042e-05
-2.023961999999999986e-05
-2.024706999999999926e-05
-2.025451999999999865e-05
-2.026942000000000083e-05
-2.029549999999999906e-05
-2.034019999999999882e-05
-2.041098000000000020e-05
-2.050410999999999976e-05
-2.061960000000000160e-05
-2.075743000000000092e-05
-2.091016999999999973e-05
-2.107781000000000072e-05
-2.124917000000000106e-05
-2.142426000000000145e-05
-2.160307000000000118e-05
-2.178934000000000101e-05
-2.197560000000000014e-05
-2.214324000000000113e-05
-2.229969999999999929e-05
-2.243008999999999991e-05
-2.251205000000000073e-05
-2.253439999999999892e-05
-2.248596999999999911e-05
-2.237421000000000071e-05
-2.219167000000000093e-05
-2.194952999999999921e-05
-2.165150000000000099e-05
-2.131249999999999966e-05
-2.093252000000000131e-05
-2.052273999999999860e-05
-2.008688000000000105e-05
-1.963612000000000132e-05
-1.918163999999999885e-05
-1.874578000000000130e-05
-1.834345000000000138e-05
-1.799698999999999995e-05
-1.772132000000000061e-05
-1.753133000000000143e-05
-1.741956999999999965e-05
-1.737859999999999993e-05
-1.738604999999999933e-05
-1.742329999999999969e-05
-1.746428000000000010e-05
-1.749408000000000107e-05
-1.751642999999999926e-05
-1.753878000000000083e-05
-1.756858999999999911e-05
-1.760583999999999947e-05
-1.764681999999999988e-05
-1.768407000000000025e-05
-1.770269999999999908e-05
-1.769151999999999964e-05
-1.766171999999999867e-05
-1.762819000000000105e-05
-1.759094000000000068e-05
-1.753506000000000148e-05
-1.745310000000000066e-05
-1.734879000000000165e-05
-1.722586000000000112e-05
-1.709547000000000050e-05
-1.696509000000000057e-05
-1.682725000000000055e-05
-1.667823999999999839e-05
-1.651060000000000079e-05
-1.633924000000000045e-05
-1.616415000000000007e-05
-1.599278999999999973e-05
-1.581769999999999934e-05
-1.563888999999999961e-05
-1.546379999999999923e-05
-1.530733000000000037e-05
-1.517317000000000028e-05
-1.505023000000000074e-05
-1.492730000000000021e-05
-1.481181000000000007e-05
-1.470004999999999997e-05
-1.459574999999999997e-05
-1.449516000000000031e-05
-1.440203000000000075e-05
-1.430889999999999949e-05
-1.420832000000000053e-05
-1.410772999999999918e-05
-1.400342000000000017e-05
-1.390283999999999952e-05
-1.380597999999999991e-05
-1.370539999999999926e-05
-1.361226999999999969e-05
-1.352285999999999948e-05
-1.342972999999999991e-05
-1.333660000000000035e-05
-1.324719000000000013e-05
-1.316522999999999931e-05
-1.309073000000000028e-05
-1.302739999999999999e-05
-1.296779000000000074e-05
-1.291190999999999985e-05
-1.285976000000000069e-05
-1.281132999999999919e-05
-1.276289999999999939e-05
-1.272565000000000072e-05
-1.267721999999999922e-05
-1.263624000000000050e-05
-1.258035999999999961e-05
-1.251330999999999997e-05
-1.243135000000000084e-05
-1.232332000000000079e-05
-1.220037999999999956e-05
-1.206626999999999959e-05
-1.190980999999999973e-05
-1.174590000000000048e-05
-1.157081000000000010e-05
-1.139571999999999971e-05
-1.122062999999999933e-05
-1.106416999999999947e-05
-1.092261000000000010e-05
-1.079967000000000057e-05
-1.069537000000000057e-05
-1.060596000000000035e-05
-1.052399999999999953e-05
-1.045321999999999984e-05
-1.038244000000000016e-05
-1.031166000000000047e-05
-1.023342999999999970e-05
-1.014774999999999953e-05
-1.005833999999999931e-05
-9.957758999999999269e-06
-9.849725999999999349e-06
-9.726791000000000161e-06
-9.596405999999999884e-06
-9.458570000000000820e-06
-9.313284000000000666e-06
-9.153095999999999550e-06
-8.996633999999999217e-06
-8.836446999999999187e-06
-8.676258999999999764e-06
-8.527247999999999913e-06
-8.389411999999999155e-06
-8.255301999999999180e-06
-8.124915999999999511e-06
-7.994530999999999233e-06
-7.875322000000000829e-06
-7.763563000000000126e-06
-7.666706000000000386e-06
-7.573543999999999939e-06
-7.495312999999999772e-06
-7.424533000000000087e-06
-7.368653000000000040e-06
-7.312774000000000231e-06
-7.256895000000000423e-06
-7.201015000000000375e-06
-7.148861000000000264e-06
-7.100431999999999851e-06
-7.063179999999999856e-06
-7.033376999999999864e-06
-7.014751000000000290e-06
-7.007299999999999808e-06
-7.011025000000000353e-06
-7.025926999999999622e-06
-7.033376999999999864e-06
-7.052003999999999677e-06
-7.063179999999999856e-06
-7.081806000000000277e-06
-7.096707000000000153e-06
-7.122784000000000209e-06
-7.145135999999999720e-06
-7.167488000000000078e-06
-7.189839000000000196e-06
-7.197289999999999831e-06
-7.197289999999999831e-06
-7.189839000000000196e-06
-7.160036999999999596e-06
-7.115333999999999967e-06
-7.048277999999999740e-06
-6.966321999999999876e-06
-6.865739000000000199e-06
-6.757706000000000280e-06
-6.645946999999999577e-06
-6.526738000000000326e-06
-6.400077999999999746e-06
-6.273418000000000013e-06
-6.146758000000000281e-06
-6.016373000000000004e-06
-5.889713000000000271e-06
-5.766778000000000236e-06
-5.647569000000000138e-06
-5.532084999999999737e-06
-5.412875999999999639e-06
-5.293667000000000388e-06
-5.174457000000000050e-06
-5.051523000000000254e-06
-4.928588000000000219e-06
-4.805653999999999577e-06
-4.686444000000000086e-06
-4.570959999999999685e-06
-4.466652000000000311e-06
-4.377244999999999965e-06
-4.302739000000000344e-06
-4.235684000000000356e-06
-4.179804999999999701e-06
-4.120199999999999956e-06
-4.060595999999999603e-06
-3.993540000000000223e-06
-3.919033999999999754e-06
-3.833353000000000193e-06
-3.740205999999999948e-06
-3.643347999999999968e-06
-3.535315000000000049e-06
-3.427282000000000130e-06
-3.319247999999999971e-06
-3.207489000000000115e-06
-3.106906999999999830e-06
-3.010048999999999851e-06
-2.920641999999999929e-06
-2.834960000000000128e-06
-2.745554000000000022e-06
-2.648696000000000043e-06
-2.536937000000000186e-06
-2.417728000000000088e-06
-2.283618000000000114e-06
-2.127154999999999965e-06
-1.966967999999999935e-06
-1.788146999999999898e-06
-1.609333000000000055e-06
-1.426793000000000063e-06
-1.244254000000000098e-06
-1.072891000000000101e-06
-9.052491999999999928e-07
-7.562375999999999769e-07
-6.109511999999999604e-07
-4.768408000000000171e-07
-3.427285000000000107e-07
-2.123424999999999971e-07
-7.823155000000000413e-08
5.215428999999999816e-08
1.862654000000000024e-07
3.166515000000000082e-07
4.470367000000000050e-07
5.848742000000000109e-07
7.189846999999999993e-07
8.568203999999999873e-07
1.002109999999999965e-06
1.143670999999999998e-06
1.285232000000000030e-06
1.423067999999999942e-06
1.557178999999999944e-06
1.683838000000000073e-06
1.806772999999999896e-06
1.929715000000000124e-06
2.041473999999999980e-06
2.149506999999999900e-06
2.250090000000000000e-06
2.346947000000000164e-06
2.432628999999999965e-06
2.507135000000000010e-06
2.574189999999999997e-06
2.641244999999999985e-06
2.704574999999999851e-06
2.767905000000000141e-06
2.834960000000000128e-06
2.898289999999999994e-06
2.972796000000000040e-06
3.058477999999999840e-06
3.162786000000000062e-06
3.281995000000000160e-06
3.419831000000000072e-06
3.576292999999999981e-06
3.751382000000000127e-06
3.941386000000000112e-06
4.138826999999999769e-06
4.336267000000000033e-06
4.537433000000000235e-06
4.734872999999999652e-06
4.928588000000000219e-06
5.107402000000000063e-06
5.267590000000000332e-06
5.409150999999999941e-06
5.528360000000000039e-06
5.625216999999999780e-06
5.707173999999999883e-06
5.781680000000000352e-06
5.848735000000000339e-06
5.912064999999999782e-06
5.975395000000000072e-06
6.042450000000000059e-06
6.109505000000000046e-06
6.187736000000000213e-06
6.273418000000000013e-06
6.362825000000000359e-06
6.459682000000000099e-06
6.545363999999999900e-06
6.623595000000000066e-06
6.694375999999999990e-06
6.753980000000000343e-06
6.813585000000000088e-06
6.884366000000000012e-06
6.966321999999999876e-06
7.059453999999999919e-06
7.178664000000000257e-06
7.312774000000000231e-06
7.469235999999999717e-06
7.629453000000000151e-06
7.789640000000000182e-06
7.953552999999999302e-06
8.106289999999999937e-06
8.232950000000000516e-06
8.352159000000000614e-06
8.452741999999999445e-06
8.553324999999999969e-06
8.657633000000000191e-06
8.769391999999999200e-06
8.896051000000000387e-06
9.041337999999999933e-06
9.197800000000000265e-06
9.372888999999999564e-06
9.559152999999999650e-06
9.749143000000000519e-06
9.942857999999999392e-06
1.014030000000000014e-05
1.033028999999999931e-05
1.051283000000000079e-05
1.067674000000000003e-05
1.082948000000000054e-05
1.096359000000000051e-05
1.109024999999999940e-05
1.121317999999999993e-05
1.133611999999999947e-05
1.144414999999999952e-05
1.155217999999999957e-05
1.164531999999999983e-05
1.173471999999999935e-05
1.182412999999999956e-05
1.191353999999999978e-05
1.200293999999999930e-05
1.209980000000000060e-05
1.220037999999999956e-05
1.231213999999999966e-05
1.243135000000000084e-05
1.255800999999999973e-05
1.268840000000000035e-05
1.281878000000000028e-05
1.294171999999999982e-05
1.304601999999999982e-05
1.314660999999999948e-05
1.323974000000000074e-05
1.332541999999999921e-05
1.340738000000000003e-05
1.348188000000000076e-05
1.354520999999999936e-05
1.359736999999999921e-05
1.363090000000000022e-05
1.364207000000000066e-05
1.363090000000000022e-05
1.360109000000000025e-05
1.355266000000000044e-05
1.348933000000000015e-05
1.342599999999999986e-05
1.336639999999999962e-05
1.332541999999999921e-05
1.329561999999999994e-05
1.328071999999999945e-05
1.328071999999999945e-05
1.329561999999999994e-05
1.332169999999999986e-05
1.335895000000000023e-05
1.340364999999999999e-05
1.346325999999999923e-05
1.353031000000000057e-05
1.360853999999999965e-05
1.369050000000000047e-05
1.378363000000000003e-05
1.388421999999999969e-05
1.399224999999999974e-05
1.409656000000000044e-05
1.420832000000000053e-05
1.431262000000000053e-05
1.441321000000000019e-05
1.451006000000000080e-05
1.459574999999999997e-05
1.468514999999999949e-05
1.476338000000000026e-05
1.483789000000000000e-05
1.490122000000000029e-05
1.494965000000000009e-05
1.499434999999999985e-05
1.502787999999999917e-05
1.505396000000000079e-05
1.507631000000000067e-05
1.510239000000000060e-05
1.513963999999999927e-05
1.519552000000000016e-05
1.526636000000000066e-05
1.535576000000000017e-05
1.545261999999999978e-05
1.556810000000000092e-05
1.569849000000000155e-05
1.584378000000000096e-05
1.601141000000000126e-05
1.618650000000000164e-05
1.638022000000000086e-05
1.658510999999999883e-05
1.679000000000000018e-05
1.699862000000000158e-05
1.719606000000000015e-05
1.738231999999999928e-05
1.754251000000000088e-05
1.768034000000000020e-05
1.779582999999999865e-05
1.788150999999999882e-05
1.794857000000000085e-05
1.800072000000000000e-05
1.804541999999999976e-05
1.809013000000000022e-05
1.814227999999999937e-05
1.820561000000000136e-05
1.827638999999999935e-05
1.835462000000000012e-05
1.843285000000000089e-05
1.850735999999999893e-05
1.858185999999999966e-05
1.864892000000000169e-05
1.871596999999999963e-05
1.877930000000000162e-05
1.883891000000000087e-05
1.890223999999999946e-05
1.897302000000000084e-05
1.904379999999999883e-05
1.911831000000000026e-05
1.918536000000000159e-05
1.924869000000000018e-05
1.929711999999999999e-05
1.933810000000000040e-05
1.936790000000000137e-05
1.938653000000000021e-05
1.940142999999999900e-05
1.940514999999999834e-05
1.940514999999999834e-05
1.939769999999999895e-05
1.938653000000000021e-05
1.937535000000000076e-05
1.935671999999999854e-05
1.934181999999999975e-05
1.932692000000000096e-05
1.931574999999999883e-05
1.931201999999999878e-05
1.931574999999999883e-05
1.932692000000000096e-05
1.934926999999999914e-05
1.939024999999999955e-05
1.944612999999999875e-05
1.952064000000000018e-05
1.961376999999999975e-05
1.972553000000000153e-05
1.985964000000000151e-05
2.001238000000000032e-05
2.017629000000000126e-05
2.035510000000000100e-05
2.053764000000000078e-05
2.072391000000000061e-05
2.092134999999999918e-05
2.111879000000000113e-05
2.132367999999999910e-05
2.153228999999999980e-05
2.173718999999999847e-05
2.194207999999999982e-05
2.213206999999999900e-05
2.231087999999999873e-05
2.247478999999999967e-05
2.262752999999999848e-05
2.276909000000000124e-05
2.290693000000000126e-05
2.303731000000000119e-05
2.316396999999999838e-05
2.328690999999999961e-05
2.340984000000000015e-05
2.353278000000000138e-05
2.365943999999999857e-05
2.378608999999999845e-05
2.391274999999999903e-05
2.404313999999999966e-05
2.417353000000000028e-05
2.430764000000000026e-05
2.443802000000000019e-05
2.456468000000000076e-05
2.468761999999999861e-05
2.479565000000000035e-05
2.489250999999999996e-05
2.498190999999999948e-05
2.505269000000000086e-05
2.512346999999999885e-05
2.519425000000000023e-05
2.526130999999999887e-05
2.532091000000000081e-05
2.537679000000000001e-05
2.542894999999999986e-05
2.547364999999999962e-05
2.551834999999999938e-05
2.556677999999999918e-05
2.561893999999999904e-05
2.568599000000000037e-05
2.576422000000000114e-05
2.585736000000000141e-05
2.596538999999999976e-05
2.608460000000000094e-05
2.620753000000000148e-05
2.633046999999999932e-05
2.644968000000000050e-05
2.656143999999999891e-05
2.666574000000000060e-05
2.675888000000000086e-05
2.684456000000000103e-05
2.691905999999999837e-05
2.698612000000000040e-05
2.704199999999999960e-05
2.710160000000000154e-05
2.715003000000000135e-05
2.719473999999999842e-05
2.724316000000000091e-05
2.730277000000000016e-05
2.737355000000000154e-05
2.745550999999999897e-05
2.754490999999999849e-05
2.764177000000000149e-05
2.773863000000000110e-05
2.783549000000000071e-05
2.793233999999999962e-05
2.803292999999999928e-05
2.813723000000000097e-05
2.824527000000000003e-05
2.834957999999999903e-05
2.845016000000000138e-05
2.854702000000000099e-05
2.864015000000000056e-05
2.872210000000000068e-05
2.881524000000000094e-05
2.890464000000000046e-05
2.899405000000000068e-05
2.909091000000000029e-05
2.918776999999999990e-05
2.928089999999999946e-05
2.936657999999999963e-05
2.944481000000000041e-05
2.950441999999999965e-05
2.954911999999999941e-05
2.958265000000000043e-05
2.960872000000000135e-05
2.961617000000000074e-05
2.961617000000000074e-05
2.961617000000000074e-05
2.962735000000000019e-05
2.964969999999999837e-05
2.969440999999999883e-05
2.976146000000000016e-05
2.983224000000000154e-05
2.991791999999999832e-05
2.999987999999999914e-05
3.008183999999999996e-05
3.015262000000000134e-05
3.022339999999999933e-05
3.028673000000000132e-05
3.034632999999999986e-05
3.039848999999999972e-05
3.045063999999999887e-05
3.049533999999999863e-05
3.054016000000000001e-05
3.058858999999999981e-05
3.064820000000000245e-05
3.071524999999999700e-05
3.079720999999999782e-05
3.088289000000000138e-05
3.097975000000000099e-05
3.107659999999999991e-05
3.116973999999999678e-05
3.125542000000000034e-05
3.132619999999999833e-05
3.137835000000000087e-05
3.140443000000000249e-05
3.140443000000000249e-05
3.138207999999999753e-05
3.134855000000000329e-05
3.130011999999999671e-05
3.124052000000000155e-05
3.117345999999999952e-05
3.109895999999999879e-05
3.102073000000000140e-05
3.093877000000000058e-05
3.085680999999999976e-05
3.077858000000000238e-05
3.070408000000000165e-05
3.063701999999999962e-05
3.057741999999999768e-05
3.052526000000000122e-05
3.048788999999999923e-05
3.045436000000000161e-05
3.042829000000000069e-05
3.040220999999999907e-05
3.038358000000000023e-05
3.036868000000000144e-05
3.035377999999999926e-05
3.034632999999999986e-05
3.034632999999999986e-05
3.034632999999999986e-05
3.035750999999999931e-05
3.036868000000000144e-05
3.039848999999999972e-05
3.044690999999999882e-05
3.051024000000000081e-05
3.058858999999999981e-05
3.068544999999999942e-05
3.080465999999999722e-05
3.093132000000000119e-05
3.106915000000000051e-05
3.121817000000000336e-05
3.137835000000000087e-05
3.154598999999999847e-05
3.173225999999999830e-05
3.192970000000000026e-05
3.214204000000000101e-05
3.236554999999999711e-05
3.260024999999999674e-05
3.284611999999999851e-05
3.309571000000000301e-05
3.334902999999999739e-05
3.359863000000000259e-05
3.383332000000000152e-05
3.405683999999999833e-05
3.426545000000000242e-05
3.445917000000000164e-05
3.463053000000000198e-05
3.476837000000000200e-05
3.487268000000000101e-05
3.494345999999999900e-05
3.499187999999999810e-05
3.501051000000000033e-05
3.501423999999999699e-05
3.500306000000000093e-05
3.498442999999999871e-05
3.495835999999999779e-05
3.493228000000000294e-05
3.490620000000000132e-05
3.488013000000000040e-05
3.484287000000000273e-05
3.480189000000000232e-05
3.474973999999999977e-05
3.469386000000000057e-05
3.463425999999999864e-05
3.457093000000000004e-05
3.451131999999999740e-05
3.446662000000000103e-05
3.444798999999999881e-05
3.445543999999999820e-05
3.449641999999999861e-05
3.457465000000000278e-05
3.467896000000000178e-05
3.481680000000000180e-05
3.498071000000000275e-05
3.516697000000000188e-05
3.537186000000000323e-05
3.558793000000000064e-05
3.581144999999999744e-05
3.603497000000000102e-05
3.625847999999999712e-05
3.647827999999999797e-05
3.668689000000000206e-05
3.687687999999999784e-05
3.704452000000000222e-05
3.718607999999999820e-05
3.730901999999999943e-05
3.742076999999999714e-05
3.752508000000000292e-05
3.761820999999999909e-05
3.771506999999999871e-05
3.780447999999999892e-05
3.789016000000000248e-05
3.797957000000000270e-05
3.807269999999999887e-05
3.816955999999999848e-05
3.826640999999999739e-05
3.836700000000000044e-05
3.847503000000000218e-05
3.858679000000000059e-05
3.871344999999999778e-05
3.885128999999999780e-05
3.900402000000000269e-05
3.916421000000000089e-05
3.933184999999999850e-05
3.951065999999999823e-05
3.968947999999999866e-05
3.987573999999999779e-05
4.005083000000000156e-05
4.017748999999999876e-05
4.021474000000000251e-05
4.015140999999999713e-05
3.996887000000000074e-05
3.967085000000000321e-05
3.925733999999999707e-05
3.873952999999999940e-05
3.813975000000000020e-05
3.747293000000000038e-05
3.676511999999999944e-05
3.603868999999999698e-05
3.530852999999999786e-05
3.458210000000000217e-05
3.388175000000000133e-05
3.321119999999999807e-05
3.258534999999999795e-05
3.200420000000000099e-05
3.146776000000000109e-05
3.097975000000000099e-05
3.053643999999999727e-05
3.013398999999999912e-05
2.976519000000000021e-05
2.941127999999999939e-05
2.906855999999999871e-05
2.872956000000000077e-05
2.840545000000000092e-05
2.808880999999999848e-05
2.779078000000000025e-05
2.751139000000000156e-05
2.725434000000000035e-05
2.701965000000000142e-05
2.681847999999999941e-05
2.663966999999999968e-05
2.650182999999999966e-05
2.639007000000000126e-05
2.631184000000000048e-05
2.625596000000000128e-05
2.622243000000000027e-05
2.620380999999999874e-05
2.619635999999999935e-05
2.619635999999999935e-05
2.620753000000000148e-05
2.622243000000000027e-05
2.624478999999999915e-05
2.626341000000000068e-05
2.628948999999999891e-05
2.632301999999999993e-05
2.637144999999999973e-05
2.644223000000000111e-05
2.653536000000000067e-05
2.665456999999999847e-05
2.679613000000000123e-05
2.696376999999999883e-05
2.714257999999999856e-05
