5.406910000000000042e-05
5.406910000000000042e-05
5.406910000000000042e-05
5.406910000000000042e-05
5.406910000000000042e-05
5.406910000000000042e-05
5.406536999999999698e-05
5.406536999999999698e-05
5.406165000000000102e-05
5.405420000000000163e-05
5.405046999999999819e-05
5.402439000000000335e-05
5.392753999999999766e-05
5.370028999999999742e-05
5.329423999999999815e-05
5.269445999999999896e-05
5.190098000000000194e-05
5.093984999999999984e-05
4.984462000000000186e-05
4.865997000000000296e-05
4.742318000000000222e-05
4.617520999999999865e-05
4.494959000000000004e-05
4.376866999999999780e-05
4.265480999999999759e-05
4.162663000000000094e-05
4.069158000000000047e-05
3.985711000000000234e-05
3.911950999999999775e-05
3.848620999999999824e-05
3.794604000000000168e-05
3.749155000000000190e-05
3.711902999999999687e-05
3.682473000000000208e-05
3.658630999999999971e-05
3.640377000000000332e-05
3.626965999999999995e-05
3.616907999999999761e-05
3.609829999999999962e-05
3.605359000000000255e-05
3.602006000000000153e-05
3.599771000000000334e-05
3.597164000000000242e-05
3.594182999999999737e-05
3.590830999999999705e-05
3.587478000000000281e-05
3.583380000000000240e-05
3.579282000000000199e-05
3.575184000000000158e-05
3.571832000000000126e-05
3.568105999999999681e-05
3.564380999999999984e-05
3.561401000000000226e-05
3.558048000000000124e-05
3.555067999999999689e-05
3.552087999999999931e-05
3.548734999999999829e-05
3.545010000000000132e-05
3.540538999999999747e-05
3.535695999999999766e-05
3.529362999999999907e-05
3.522285000000000108e-05
3.514835000000000035e-05
3.507757000000000236e-05
3.500678999999999759e-05
3.494345999999999900e-05
3.488757999999999980e-05
3.483170000000000060e-05
3.478698999999999675e-05
3.473855999999999694e-05
3.469013999999999784e-05
3.464170999999999803e-05
3.459327999999999823e-05
3.454112000000000176e-05
3.448525000000000326e-05
3.442191999999999789e-05
3.435486000000000263e-05
3.428780000000000060e-05
3.422447000000000201e-05
3.416113999999999663e-05
3.410154000000000147e-05
3.404193999999999954e-05
3.397861000000000094e-05
3.391899999999999831e-05
3.386311999999999910e-05
3.381097000000000334e-05
3.376253999999999676e-05
3.372901000000000252e-05
3.369920999999999816e-05
3.368058000000000271e-05
3.366567999999999715e-05
3.366196000000000119e-05
3.365822999999999775e-05
3.365822999999999775e-05
3.365822999999999775e-05
3.366196000000000119e-05
3.366196000000000119e-05
3.365822999999999775e-05
3.365451000000000179e-05
3.364705000000000170e-05
3.363960000000000230e-05
3.363587999999999957e-05
3.363215000000000291e-05
3.363215000000000291e-05
3.363215000000000291e-05
3.362843000000000017e-05
3.362469999999999674e-05
3.360979999999999795e-05
3.359118000000000320e-05
3.356510000000000158e-05
3.352784999999999782e-05
3.348686999999999741e-05
3.343843999999999761e-05
3.339000999999999780e-05
3.333412999999999860e-05
3.327080000000000001e-05
3.320002000000000201e-05
3.312178999999999785e-05
3.304356000000000047e-05
3.295415000000000025e-05
3.285729000000000064e-05
3.276044000000000173e-05
3.265613000000000272e-05
3.254809000000000028e-05
3.244005999999999854e-05
3.232830000000000014e-05
3.221654000000000173e-05
3.210850999999999999e-05
3.200792999999999764e-05
3.190361999999999864e-05
3.181049000000000246e-05
3.172853000000000164e-05
3.165029999999999748e-05
3.158696999999999888e-05
3.153108999999999968e-05
3.148265999999999988e-05
3.143795999999999673e-05
3.139698000000000310e-05
3.135227999999999995e-05
3.130385000000000014e-05
3.124423999999999751e-05
3.117719000000000295e-05
3.110268000000000153e-05
3.102444999999999736e-05
3.093877000000000058e-05
3.084936000000000037e-05
3.076367999999999681e-05
3.067800000000000003e-05
3.058858999999999981e-05
3.050652000000000146e-05
3.042829000000000069e-05
3.034632999999999986e-05
3.026809999999999909e-05
3.018614000000000166e-05
3.010419000000000154e-05
3.002596000000000076e-05
2.995144999999999934e-05
2.988067000000000135e-05
2.980988999999999997e-05
2.974283000000000132e-05
2.967577999999999999e-05
2.960872000000000135e-05
2.953793999999999997e-05
2.945970999999999920e-05
2.938147999999999842e-05
2.929207000000000159e-05
2.920639000000000142e-05
2.910952999999999843e-05
2.901267999999999951e-05
2.891208999999999985e-05
2.880406000000000150e-05
2.869602999999999976e-05
2.858799000000000070e-05
2.847623999999999961e-05
2.836820000000000056e-05
2.824898999999999938e-05
2.813723000000000097e-05
2.801801999999999979e-05
2.789508999999999926e-05
2.776470999999999933e-05
2.763058999999999866e-05
2.749647999999999868e-05
2.736982000000000149e-05
2.724689000000000096e-05
2.713140999999999982e-05
2.702337000000000077e-05
2.691905999999999837e-05
2.682220999999999946e-05
2.672534999999999985e-05
2.662849000000000024e-05
2.653536000000000067e-05
2.644223000000000111e-05
2.635282000000000089e-05
2.626714000000000072e-05
2.618146000000000056e-05
2.609576999999999969e-05
2.601753999999999891e-05
2.593558999999999879e-05
2.584990999999999862e-05
2.576422000000000114e-05
2.567854000000000097e-05
2.559286000000000080e-05
2.550718000000000063e-05
2.541777000000000042e-05
2.532464000000000085e-05
2.522032999999999846e-05
2.511230000000000011e-05
2.500426000000000105e-05
2.488877999999999991e-05
2.476956999999999873e-05
2.465409000000000098e-05
2.453487999999999980e-05
2.441193999999999856e-05
2.428901000000000142e-05
2.416235000000000084e-05
2.403940999999999961e-05
2.390902999999999968e-05
2.378236999999999910e-05
2.365570999999999852e-05
2.352905000000000133e-05
2.341728999999999954e-05
2.330926000000000119e-05
2.321240000000000158e-05
2.311553999999999858e-05
2.302613999999999906e-05
2.294418000000000163e-05
2.286222000000000081e-05
2.279143999999999943e-05
2.272066000000000144e-05
2.265732999999999945e-05
2.260145000000000025e-05
2.254930000000000110e-05
2.250460000000000134e-05
2.245244000000000149e-05
2.240401000000000168e-05
2.235185999999999914e-05
2.229224999999999989e-05
2.223265000000000134e-05
2.217303999999999871e-05
2.210971000000000011e-05
2.203892999999999873e-05
2.196443000000000139e-05
2.188620000000000062e-05
2.180796999999999985e-05
2.172972999999999837e-05
2.165523000000000103e-05
2.158816999999999900e-05
2.152484000000000041e-05
2.146896000000000121e-05
2.142053999999999871e-05
2.137583000000000164e-05
2.133112999999999849e-05
2.127896999999999864e-05
2.122681999999999949e-05
2.116722000000000094e-05
2.110761000000000169e-05
2.104427999999999971e-05
2.097722999999999838e-05
2.090645000000000039e-05
2.083566999999999901e-05
2.076116000000000097e-05
2.067548000000000080e-05
2.059725000000000003e-05
2.050783999999999981e-05
2.041842999999999959e-05
2.032903000000000008e-05
2.025078999999999860e-05
2.018001000000000061e-05
2.011667999999999863e-05
2.006079999999999943e-05
2.001238000000000032e-05
1.996766999999999986e-05
1.993041999999999950e-05
1.990061999999999853e-05
1.987454000000000030e-05
1.985218999999999873e-05
1.984473999999999933e-05
1.984845999999999868e-05
1.985964000000000151e-05
1.988571999999999974e-05
1.991924000000000006e-05
1.996766999999999986e-05
2.001982999999999972e-05
2.007570999999999892e-05
2.013904000000000090e-05
2.019863999999999945e-05
2.025451999999999865e-05
2.030294999999999846e-05
2.034392999999999887e-05
2.036999999999999979e-05
2.038862999999999862e-05
2.039981000000000146e-05
2.039981000000000146e-05
2.039235999999999867e-05
2.038862999999999862e-05
2.038117999999999923e-05
2.038862999999999862e-05
2.040353000000000080e-05
2.043332999999999838e-05
2.048176000000000158e-05
2.052646999999999865e-05
2.056371999999999901e-05
2.059725000000000003e-05
2.060841999999999877e-05
2.060096999999999937e-05
2.058235000000000124e-05
2.055998999999999896e-05
2.051901999999999925e-05
2.048549000000000162e-05
2.044078000000000117e-05
2.039235999999999867e-05
2.034765000000000160e-05
2.032903000000000008e-05
2.032903000000000008e-05
2.032903000000000008e-05
2.034019999999999882e-05
2.037744999999999918e-05
2.043332999999999838e-05
2.048921000000000097e-05
2.051901999999999925e-05
2.050410999999999976e-05
2.047058999999999945e-05
2.044823000000000056e-05
2.045569000000000066e-05
2.048549000000000162e-05
2.051901999999999925e-05
2.051528999999999920e-05
2.045196000000000061e-05
2.031412000000000059e-05
2.012413000000000141e-05
1.991179000000000066e-05
1.972553000000000153e-05
1.959887000000000096e-05
1.953925999999999832e-05
1.953925999999999832e-05
1.956162000000000059e-05
1.958396999999999878e-05
1.961749999999999979e-05
1.969573000000000057e-05
1.982239000000000115e-05
1.999747000000000083e-05
2.018001000000000061e-05
2.032903000000000008e-05
2.042215999999999964e-05
2.045569000000000066e-05
2.045941000000000000e-05
2.048176000000000158e-05
2.054137000000000083e-05
2.064567999999999983e-05
2.078350999999999915e-05
2.090645000000000039e-05
2.099213000000000055e-05
2.104056000000000036e-05
2.108153000000000007e-05
2.114858999999999871e-05
2.126779999999999990e-05
2.145405999999999903e-05
2.171482999999999958e-05
2.204265999999999878e-05
2.243380999999999926e-05
2.287340000000000025e-05
2.334651000000000155e-05
2.383825000000000169e-05
2.431880999999999900e-05
2.476584999999999938e-05
2.514583000000000112e-05
2.542894999999999986e-05
2.558914000000000146e-05
2.561893999999999904e-05
2.551834999999999938e-05
2.530228999999999928e-05
2.500799000000000110e-05
2.465781000000000033e-05
2.429646000000000082e-05
2.395745999999999949e-05
2.368179000000000014e-05
2.347689999999999879e-05
2.336141000000000034e-05
2.332415999999999998e-05
2.333905999999999877e-05
2.336514000000000039e-05
2.335024000000000160e-05
2.325337999999999860e-05
2.305965999999999938e-05
2.277282000000000129e-05
2.241891000000000047e-05
2.202775999999999999e-05
2.163659999999999881e-05
2.128642999999999874e-05
2.101074999999999869e-05
2.081704000000000017e-05
2.068664999999999954e-05
2.058235000000000124e-05
2.044823000000000056e-05
2.026197000000000143e-05
2.000865000000000027e-05
1.971807999999999875e-05
1.943496000000000001e-05
1.919654000000000103e-05
1.904752999999999888e-05
1.899909999999999907e-05
1.905125000000000161e-05
1.917045999999999941e-05
1.931947000000000156e-05
1.944985999999999880e-05
1.952064000000000018e-05
1.950574000000000139e-05
1.941260000000000113e-05
1.927103999999999837e-05
1.911831000000000026e-05
1.899536999999999903e-05
1.891714000000000164e-05
1.886498999999999910e-05
1.880910999999999990e-05
1.873087999999999912e-05
1.864892000000000169e-05
1.858931999999999975e-05
1.855951000000000147e-05
1.854833999999999934e-05
1.853715999999999990e-05
1.854833999999999934e-05
1.858931999999999975e-05
1.867499999999999992e-05
1.876812999999999949e-05
1.886125999999999905e-05
1.896184000000000140e-05
1.905125000000000161e-05
1.912575999999999965e-05
1.920026000000000038e-05
1.925613999999999958e-05
1.928222000000000120e-05
1.928222000000000120e-05
1.928222000000000120e-05
1.927849000000000115e-05
1.925242000000000023e-05
1.921888999999999922e-05
1.918163999999999885e-05
1.913692999999999840e-05
1.907359999999999980e-05
1.900281999999999842e-05
1.891341999999999890e-05
1.880910999999999990e-05
1.869735000000000150e-05
1.856696000000000087e-05
1.844403000000000034e-05
1.831736999999999976e-05
1.820188000000000131e-05
1.808640000000000017e-05
1.798209000000000116e-05
1.787405999999999942e-05
1.776230000000000102e-05
1.766544000000000141e-05
1.756485999999999906e-05
1.746799999999999945e-05
1.738231999999999928e-05
1.730035999999999846e-05
1.722958000000000047e-05
1.716624999999999849e-05
1.711409999999999933e-05
1.706566999999999953e-05
1.702096999999999977e-05
1.697253999999999996e-05
1.692038000000000011e-05
1.686451000000000161e-05
1.680489999999999897e-05
1.674530000000000042e-05
1.667823999999999839e-05
1.660746000000000040e-05
1.653667999999999902e-05
1.646590000000000103e-05
1.638394000000000021e-05
1.630199000000000009e-05
1.621630999999999992e-05
1.613061999999999905e-05
1.604121999999999954e-05
1.593691000000000053e-05
1.582514999999999874e-05
1.570594000000000094e-05
1.557556000000000102e-05
1.544517000000000039e-05
1.530733000000000037e-05
1.517317000000000028e-05
1.504277999999999966e-05
1.491985000000000082e-05
1.480436000000000067e-05
1.469260000000000058e-05
1.458830000000000058e-05
1.449143999999999927e-05
1.440576000000000080e-05
1.432379999999999998e-05
1.425673999999999964e-05
1.419713999999999940e-05
1.414870999999999959e-05
1.411145999999999923e-05
1.408537999999999930e-05
1.406675000000000046e-05
1.405929999999999937e-05
1.405929999999999937e-05
1.405929999999999937e-05
1.406675000000000046e-05
1.408165999999999995e-05
1.409283000000000039e-05
1.411145999999999923e-05
1.413008000000000075e-05
1.414870999999999959e-05
1.416361000000000008e-05
1.417478999999999952e-05
1.418595999999999995e-05
1.418595999999999995e-05
1.418969000000000000e-05
1.419340999999999935e-05
1.419340999999999935e-05
1.419340999999999935e-05
1.419340999999999935e-05
1.418595999999999995e-05
1.418224000000000061e-05
1.417478999999999952e-05
1.416361000000000008e-05
1.415243999999999964e-05
1.413753000000000015e-05
1.412262999999999966e-05
1.410400999999999983e-05
1.408910999999999935e-05
1.406675000000000046e-05
1.404440000000000058e-05
1.401832999999999966e-05
1.398851999999999969e-05
1.395126999999999933e-05
1.391029000000000061e-05
1.386558999999999916e-05
1.381342999999999930e-05
1.376501000000000020e-05
1.370912999999999930e-05
1.364952000000000006e-05
1.359736999999999921e-05
1.354520999999999936e-05
1.349677999999999955e-05
1.345580999999999984e-05
1.342599999999999986e-05
1.339620000000000059e-05
1.337758000000000076e-05
1.336266999999999957e-05
1.334777000000000078e-05
1.333660000000000035e-05
1.332914999999999926e-05
1.332914999999999926e-05
1.332541999999999921e-05
1.331796999999999982e-05
1.329933999999999929e-05
1.327698999999999941e-05
1.324719000000000013e-05
1.320993999999999977e-05
1.317268000000000040e-05
1.313171000000000069e-05
1.309444999999999963e-05
1.305347999999999991e-05
1.301249999999999950e-05
1.297524000000000013e-05
1.294171999999999982e-05
1.290819000000000050e-05
1.287838999999999953e-05
1.284486000000000021e-05
1.281505999999999924e-05
1.278524999999999927e-05
1.275173000000000064e-05
1.271446999999999958e-05
1.267349999999999987e-05
1.263251999999999946e-05
1.259154000000000074e-05
1.255429000000000038e-05
1.251330999999999997e-05
1.247605999999999961e-05
1.244253000000000028e-05
1.240899999999999927e-05
1.237546999999999995e-05
1.234567000000000067e-05
1.231586999999999970e-05
1.230096999999999922e-05
1.228607000000000043e-05
1.228607000000000043e-05
1.229351999999999982e-05
1.230842000000000031e-05
1.231959000000000075e-05
1.233821999999999958e-05
1.234940000000000072e-05
1.234940000000000072e-05
1.234567000000000067e-05
1.232704000000000014e-05
1.230096999999999922e-05
1.225999000000000050e-05
1.221901000000000009e-05
1.217058000000000029e-05
1.212215000000000048e-05
1.207745000000000072e-05
1.204764999999999975e-05
1.202529999999999988e-05
1.201039000000000039e-05
1.199921999999999995e-05
1.199548999999999990e-05
1.199177000000000055e-05
1.198804000000000051e-05
1.198431999999999946e-05
1.198431999999999946e-05
1.198431999999999946e-05
1.199177000000000055e-05
1.199921999999999995e-05
1.201783999999999978e-05
1.204020000000000036e-05
1.206626999999999959e-05
1.209607999999999956e-05
1.212588000000000053e-05
1.214823000000000041e-05
1.215940999999999985e-05
1.215940999999999985e-05
1.215196000000000046e-05
1.213332999999999992e-05
1.211469999999999939e-05
1.209234999999999951e-05
1.206255000000000024e-05
1.203274999999999927e-05
1.199921999999999995e-05
1.196569000000000063e-05
1.193215999999999961e-05
1.189863999999999930e-05
1.186882999999999932e-05
1.183903000000000005e-05
1.180923000000000077e-05
1.177569999999999976e-05
1.173844999999999939e-05
1.170492000000000007e-05
1.166766999999999971e-05
1.163041000000000034e-05
1.158944000000000063e-05
1.155217999999999957e-05
1.150747999999999981e-05
1.145905000000000000e-05
1.140317000000000080e-05
1.134728999999999991e-05
1.129141000000000071e-05
1.122808000000000042e-05
1.116475000000000013e-05
1.109770000000000049e-05
1.101946999999999972e-05
1.094495999999999998e-05
1.086299999999999916e-05
1.078105000000000073e-05
1.069537000000000057e-05
1.060967999999999970e-05
1.053145000000000062e-05
1.045694999999999989e-05
1.039734000000000064e-05
1.035263999999999919e-05
1.031910999999999987e-05
1.030049000000000004e-05
1.029304000000000064e-05
1.030049000000000004e-05
1.031539000000000052e-05
1.033028999999999931e-05
1.035263999999999919e-05
1.037499000000000076e-05
1.040479000000000004e-05
1.044204999999999941e-05
1.048674999999999916e-05
1.053890000000000001e-05
1.060596000000000035e-05
1.067674000000000003e-05
1.076242000000000020e-05
1.084810000000000037e-05
1.093751000000000059e-05
1.102319000000000076e-05
1.110886999999999923e-05
1.117592999999999957e-05
1.123181000000000046e-05
1.127278999999999918e-05
1.130259000000000015e-05
1.131376000000000059e-05
1.131376000000000059e-05
1.130259000000000015e-05
1.128024000000000027e-05
1.125043000000000030e-05
1.121317999999999993e-05
1.117592999999999957e-05
1.112749999999999976e-05
1.108280000000000001e-05
1.102692000000000080e-05
1.097103999999999991e-05
1.090770999999999962e-05
1.083319999999999989e-05
1.074380000000000037e-05
1.063948999999999967e-05
1.052028000000000018e-05
1.038617000000000021e-05
1.024833000000000018e-05
1.009931999999999972e-05
9.950308999999999874e-06
9.816198000000000507e-06
9.696989000000000408e-06
9.592681000000000187e-06
9.499548000000000752e-06
9.428767999999999373e-06
9.369163000000000474e-06
9.317009000000000364e-06
9.283481999999999219e-06
9.261130000000000555e-06
9.249954000000000376e-06
9.242502999999999895e-06
9.235053000000000500e-06
9.231328000000000802e-06
9.223877000000000321e-06
9.212701000000000142e-06
9.205251000000000747e-06
9.194075000000000568e-06
9.182899000000000389e-06
9.164271999999999729e-06
9.141921000000000457e-06
9.112117999999999618e-06
9.074864999999999383e-06
9.030161999999999754e-06
8.981732999999999341e-06
8.937029999999999711e-06
8.903501999999999174e-06
8.873699999999999421e-06
8.851348000000000757e-06
8.832721999999999489e-06
8.810370000000000826e-06
8.791743000000000165e-06
8.765666000000000110e-06
8.728412999999999875e-06
8.676258999999999764e-06
8.612928999999999475e-06
8.527247999999999913e-06
8.422939999999999692e-06
8.296280000000000806e-06
8.150992999999999566e-06
7.990805999999999536e-06
7.819442999999999327e-06
7.636902999999999547e-06
7.458060000000000385e-06
7.282971999999999631e-06
7.115333999999999967e-06
6.962597000000000179e-06
6.828485999999999965e-06
6.713002000000000411e-06
6.619870000000000368e-06
6.541639000000000202e-06
6.474584000000000215e-06
6.418704000000000167e-06
6.362825000000000359e-06
6.310671000000000248e-06
6.258517000000000137e-06
6.206363000000000026e-06
6.150482999999999978e-06
6.083427999999999991e-06
6.005196999999999825e-06
5.912064999999999782e-06
5.804030999999999623e-06
5.688547000000000070e-06
5.573062999999999669e-06
5.446404000000000176e-06
5.316017999999999659e-06
5.174457000000000050e-06
5.032895999999999594e-06
4.880158999999999806e-06
4.734872999999999652e-06
4.600762999999999678e-06
4.477827999999999643e-06
4.373520000000000268e-06
4.291564000000000404e-06
4.224508000000000177e-06
4.172354000000000067e-06
4.127650999999999590e-06
4.090398000000000203e-06
4.064321000000000147e-06
4.038244000000000092e-06
4.015891999999999734e-06
3.982364000000000044e-06
3.933935999999999870e-06
3.874331000000000125e-06
3.796085000000000180e-06
3.688051999999999837e-06
3.553941000000000047e-06
3.397479000000000137e-06
3.222390999999999807e-06
3.036125999999999906e-06
2.838686000000000065e-06
2.641244999999999985e-06
2.440080000000000023e-06
2.242638999999999942e-06
2.048923999999999799e-06
1.866378000000000065e-06
1.698739999999999977e-06
1.549728000000000098e-06
1.430519000000000000e-06
1.337385999999999929e-06
1.270330999999999942e-06
1.229353000000000010e-06
1.210727000000000013e-06
1.207001000000000076e-06
1.225628000000000101e-06
1.251704999999999944e-06
1.285232000000000030e-06
1.326210999999999990e-06
1.359738000000000075e-06
1.396991000000000098e-06
1.423067999999999942e-06
1.441694999999999967e-06
1.456596000000000055e-06
1.460320999999999964e-06
1.467772000000000022e-06
1.475222000000000053e-06
1.486398000000000020e-06
1.493849000000000078e-06
1.497573999999999987e-06
1.497573999999999987e-06
1.482672999999999899e-06
1.460320999999999964e-06
1.437969000000000030e-06
1.419343000000000032e-06
1.408167000000000065e-06
1.408167000000000065e-06
1.419343000000000032e-06
1.441694999999999967e-06
1.471496999999999932e-06
1.512475000000000075e-06
1.564628999999999974e-06
1.624233999999999931e-06
1.691288999999999919e-06
1.773244999999999994e-06
1.855202000000000097e-06
1.937166000000000182e-06
2.026571999999999864e-06
2.104803999999999847e-06
2.186760000000000134e-06
2.268715999999999998e-06
2.350673000000000101e-06
2.436354000000000086e-06
2.514586000000000068e-06
2.592816999999999811e-06
2.663596999999999919e-06
2.723202000000000088e-06
2.764180000000000020e-06
2.790257000000000075e-06
2.801432999999999831e-06
2.805157999999999952e-06
2.801432999999999831e-06
2.801432999999999831e-06
2.812609000000000010e-06
2.823785000000000189e-06
2.834960000000000128e-06
2.842411000000000186e-06
2.827509999999999886e-06
2.793982000000000196e-06
2.741828000000000085e-06
2.674773000000000098e-06
2.596541999999999932e-06
2.514586000000000068e-06
2.425179000000000146e-06
2.328321000000000167e-06
2.216561999999999887e-06
2.089902000000000154e-06
1.944616000000000001e-06
1.784420999999999961e-06
1.609333000000000055e-06
1.423067999999999942e-06
1.233077999999999919e-06
1.050538999999999955e-06
8.754468999999999986e-07
7.115341000000000160e-07
5.699730999999999834e-07
4.470367000000000050e-07
3.464538000000000023e-07
2.644974000000000110e-07
1.899906999999999941e-07
1.229354999999999959e-07
5.587957999999999989e-08
-2.235185999999999895e-08
-1.043086000000000027e-07
-1.974413000000000039e-07
-2.980249999999999969e-07
-3.986078999999999995e-07
-4.954671999999999833e-07
-5.923247999999999942e-07
-6.854570999999999606e-07
-7.785892999999999877e-07
-8.717215999999999540e-07
-9.611321999999999116e-07
-1.054264000000000076e-06
-1.139946000000000088e-06
-1.214451999999999922e-06
-1.288957999999999967e-06
-1.356012999999999954e-06
-1.411891999999999975e-06
-1.464046000000000085e-06
-1.519925999999999921e-06
-1.575804999999999942e-06
-1.635409999999999899e-06
-1.706190000000000007e-06
-1.780696000000000052e-06
-1.866378000000000065e-06
-1.952067000000000059e-06
-2.037748000000000043e-06
-2.134606000000000023e-06
-2.231463000000000187e-06
-2.339496999999999922e-06
-2.451256000000000202e-06
-2.566740000000000179e-06
-2.693399000000000096e-06
-2.823785000000000189e-06
-2.957895000000000163e-06
-3.095731000000000075e-06
-3.233566999999999986e-06
-3.367676999999999961e-06
-3.494337000000000117e-06
-3.609821000000000094e-06
-3.706677999999999835e-06
-3.781183999999999880e-06
-3.844529000000000372e-06
-3.896682999999999636e-06
-3.945112000000000049e-06
-3.989814999999999678e-06
-4.027067999999999913e-06
-4.060595999999999603e-06
-4.090398000000000203e-06
-4.120199999999999956e-06
-4.150001999999999709e-06
-4.187254999999999943e-06
-4.239409000000000054e-06
-4.302739000000000344e-06
-4.373520000000000268e-06
-4.448025999999999890e-06
-4.522532000000000358e-06
-4.597036999999999741e-06
-4.678993999999999844e-06
-4.768401000000000189e-06
-4.868983999999999866e-06
-4.977016999999999786e-06
-5.099951999999999821e-06
-5.222885999999999616e-06
-5.345820999999999651e-06
-5.457579000000000115e-06
-5.554437000000000095e-06
-5.636392999999999959e-06
-5.688547000000000070e-06
-5.725800000000000304e-06
-5.748151999999999815e-06
-5.763052999999999691e-06
-5.774228999999999870e-06
-5.796581000000000228e-06
-5.822658000000000284e-06
-5.867360999999999913e-06
-5.926965999999999658e-06
-6.012648000000000306e-06
-6.113229999999999744e-06
-6.228714000000000145e-06
-6.355373999999999877e-06
-6.493209999999999789e-06
-6.642221999999999879e-06
-6.791232999999999730e-06
-6.936520000000000123e-06
-7.081806000000000277e-06
-7.219642000000000188e-06
-7.350026999999999619e-06
-7.476687000000000198e-06
-7.603346999999999931e-06
-7.730036000000000676e-06
-7.856695000000000169e-06
-7.983355000000000749e-06
-8.102565000000000239e-06
-8.221774000000000337e-06
-8.340983000000000435e-06
-8.460192000000000534e-06
-8.583126999999999722e-06
-8.706062000000000604e-06
-8.810370000000000826e-06
-8.899776999999999477e-06
-8.966831999999999464e-06
-9.015260999999999877e-06
-9.033886999999999451e-06
-9.037612000000000843e-06
-9.030161999999999754e-06
-9.022710999999999272e-06
-9.015260999999999877e-06
-9.011535000000000788e-06
-9.007809999999999396e-06
-9.011535000000000788e-06
-9.026437000000000056e-06
-9.059963999999999507e-06
-9.112117999999999618e-06
-9.186624000000000086e-06
-9.290932000000000308e-06
-9.421317000000000585e-06
-9.566604000000000131e-06
-9.726791000000000161e-06
-9.901879999999999460e-06
-1.008814000000000028e-05
-1.028558000000000055e-05
-1.049047999999999921e-05
-1.070653999999999931e-05
-1.092632999999999945e-05
-1.114984999999999964e-05
-1.136592000000000044e-05
-1.157454000000000015e-05
-1.177942999999999981e-05
-1.195823999999999954e-05
-1.211842999999999944e-05
-1.225253999999999941e-05
-1.235312000000000007e-05
-1.243507999999999919e-05
-1.249467999999999944e-05
-1.253938999999999989e-05
-1.256546000000000082e-05
-1.258781000000000070e-05
-1.260643999999999953e-05
-1.263251999999999946e-05
-1.264741999999999994e-05
-1.266976999999999982e-05
-1.268467000000000031e-05
-1.269957000000000079e-05
-1.271446999999999958e-05
-1.273310000000000011e-05
-1.275918000000000004e-05
-1.279270999999999936e-05
-1.282995999999999972e-05
-1.286721000000000009e-05
-1.290073999999999941e-05
-1.292681999999999933e-05
-1.294916999999999921e-05
-1.296779000000000074e-05
-1.299014999999999962e-05
-1.301995000000000059e-05
-1.306838000000000040e-05
-1.312425999999999960e-05
-1.319130999999999924e-05
-1.325463999999999953e-05
-1.332169999999999986e-05
-1.339247999999999955e-05
-1.345580999999999984e-05
-1.351541000000000008e-05
-1.357501999999999933e-05
-1.363090000000000022e-05
-1.367931999999999933e-05
-1.371658000000000039e-05
-1.375383000000000076e-05
-1.378363000000000003e-05
-1.381342999999999930e-05
-1.384696000000000032e-05
-1.388794000000000073e-05
-1.394008999999999988e-05
-1.400715000000000022e-05
-1.407792999999999991e-05
-1.416734000000000012e-05
-1.427165000000000082e-05
-1.438713000000000027e-05
-1.451379000000000085e-05
-1.463671999999999968e-05
-1.475592999999999917e-05
-1.485279000000000048e-05
-1.494220000000000070e-05
-1.501669999999999973e-05
-1.508747999999999941e-05
-1.516199000000000084e-05
-1.524021999999999992e-05
-1.532968999999999925e-05
-1.542654000000000155e-05
-1.553085000000000056e-05
-1.564633999999999901e-05
-1.575809000000000010e-05
-1.586612999999999915e-05
-1.597044000000000154e-05
-1.608218999999999925e-05
-1.619023000000000169e-05
-1.631315999999999883e-05
-1.645472000000000159e-05
-1.660001000000000101e-05
-1.675646999999999917e-05
-1.692411000000000016e-05
-1.710291999999999989e-05
-1.727801000000000028e-05
-1.744938000000000131e-05
-1.761328999999999887e-05
-1.776603000000000107e-05
-1.792620999999999858e-05
-1.808268000000000082e-05
-1.823913999999999898e-05
-1.839187000000000048e-05
-1.854088999999999995e-05
-1.868616999999999867e-05
-1.882773000000000142e-05
-1.896557000000000145e-05
-1.908849999999999859e-05
-1.918909000000000164e-05
-1.925242000000000023e-05
-1.927103999999999837e-05
-1.925242000000000023e-05
-1.921143999999999982e-05
-1.915556000000000062e-05
-1.910341000000000147e-05
-1.905498000000000166e-05
-1.900281999999999842e-05
-1.895811999999999866e-05
-1.890595999999999881e-05
-1.884636000000000026e-05
-1.879793000000000045e-05
-1.874578000000000130e-05
-1.870480000000000089e-05
-1.870107000000000084e-05
-1.872714999999999908e-05
-1.879048000000000106e-05
-1.889106000000000002e-05
-1.900654999999999847e-05
-1.913320999999999905e-05
-1.927849000000000115e-05
-1.941260000000000113e-05
-1.955044000000000115e-05
-1.969944999999999991e-05
-1.986336000000000086e-05
-2.001609999999999967e-05
-2.018374000000000066e-05
-2.038117999999999923e-05
-2.058607000000000058e-05
-2.077605999999999976e-05
-2.096977999999999898e-05
-2.117467000000000034e-05
-2.136465999999999951e-05
-2.151367000000000166e-05
-2.164032999999999885e-05
-2.178189000000000161e-05
-2.191600000000000159e-05
-2.204638000000000151e-05
-2.218422000000000154e-05
-2.234067999999999970e-05
-2.248968999999999846e-05
-2.262752999999999848e-05
-2.277282000000000129e-05
-2.293672999999999884e-05
-2.309692000000000044e-05
-2.323847999999999981e-05
-2.337258999999999978e-05
-2.352159999999999855e-05
-2.365570999999999852e-05
-2.378608999999999845e-05
-2.392020999999999912e-05
-2.405058999999999905e-05
-2.418469999999999903e-05
-2.429646000000000082e-05
-2.438959000000000038e-05
-2.448271999999999994e-05
-2.454977999999999859e-05
-2.457957999999999955e-05
-2.457957999999999955e-05
-2.456096000000000142e-05
-2.451253000000000161e-05
-2.445664999999999902e-05
-2.440448999999999917e-05
-2.435605999999999936e-05
-2.430391000000000021e-05
-2.427782999999999859e-05
-2.428901000000000142e-05
-2.432253999999999905e-05
-2.436723999999999881e-05
-2.445291999999999898e-05
-2.457586000000000021e-05
-2.471368999999999953e-05
-2.485152999999999955e-05
-2.500799000000000110e-05
-2.516444999999999926e-05
-2.529483999999999989e-05
-2.538796999999999945e-05
-2.547737999999999967e-05
-2.558914000000000146e-05
-2.570088999999999916e-05
-2.577913000000000063e-05
-2.581638000000000099e-05
-2.584617999999999858e-05
-2.589833000000000112e-05
-2.594676000000000092e-05
-2.597283999999999915e-05
-2.596538999999999976e-05
-2.596165999999999971e-05
-2.599892000000000078e-05
-2.606596999999999872e-05
-2.613675000000000010e-05
-2.621498000000000087e-05
-2.631557000000000053e-05
-2.644223000000000111e-05
-2.656143999999999891e-05
-2.665829000000000121e-05
-2.676260000000000021e-05
-2.688554000000000144e-05
-2.698983999999999975e-05
-2.707553000000000062e-05
-2.716493000000000014e-05
-2.727296999999999919e-05
-2.737727000000000089e-05
-2.746295999999999837e-05
-2.754863999999999853e-05
-2.766784999999999972e-05
-2.782058000000000122e-05
-2.796587000000000064e-05
-2.807389999999999899e-05
-2.816330999999999921e-05
-2.823409000000000059e-05
-2.826389000000000155e-05
-2.827880000000000104e-05
-2.828996999999999979e-05
-2.829369999999999983e-05
-2.828252000000000039e-05
-2.827880000000000104e-05
-2.828252000000000039e-05
-2.827507000000000100e-05
-2.827134000000000095e-05
-2.828252000000000039e-05
-2.830486999999999858e-05
-2.829741999999999918e-05
-2.826016999999999882e-05
-2.821918999999999841e-05
-2.817821000000000139e-05
-2.812232999999999880e-05
-2.805155000000000081e-05
-2.799194999999999887e-05
-2.795842000000000124e-05
-2.793233999999999962e-05
-2.786901000000000103e-05
-2.776097999999999928e-05
-2.763058999999999866e-05
-2.749275999999999933e-05
-2.733630000000000117e-05
-2.714257999999999856e-05
-2.690415999999999958e-05
-2.667692000000000004e-05
-2.649811000000000031e-05
-2.636771999999999968e-05
-2.625969000000000133e-05
-2.617401000000000116e-05
-2.613303000000000075e-05
-2.616655999999999838e-05
-2.628575999999999886e-05
-2.646457999999999929e-05
-2.665829000000000121e-05
-2.682592999999999881e-05
-2.692278999999999842e-05
-2.691905999999999837e-05
-2.679240000000000118e-05
-2.655398999999999951e-05
-2.624105999999999910e-05
-2.590579000000000121e-05
-2.562638999999999843e-05
-2.545875000000000083e-05
-2.543266999999999921e-05
-2.557795999999999863e-05
-2.586481000000000080e-05
-2.625969000000000133e-05
-2.670672000000000101e-05
-2.713885999999999922e-05
-2.748902999999999929e-05
-2.772745000000000166e-05
-2.782803000000000061e-05
-2.780567999999999904e-05
-2.769765000000000069e-05
-2.754863999999999853e-05
-2.740334999999999912e-05
-2.732511999999999834e-05
-2.734746999999999992e-05
-2.751139000000000156e-05
-2.782431000000000127e-05
-2.829369999999999983e-05
-2.890464000000000046e-05
-2.963108000000000023e-05
-3.045436000000000161e-05
-3.135227999999999995e-05
-3.229476999999999912e-05
-3.326707999999999727e-05
-3.424683000000000089e-05
-3.521167999999999895e-05
-3.615045000000000216e-05
-3.704823999999999818e-05
-3.787153000000000025e-05
-3.859051999999999724e-05
-3.917538999999999695e-05
-3.958516999999999966e-05
-3.980123000000000314e-05
-3.979006000000000101e-05
-3.955908999999999804e-05
-3.912323000000000048e-05
-3.850482999999999976e-05
-3.771880000000000214e-05
-3.681354999999999925e-05
-3.580772000000000078e-05
-3.472739000000000159e-05
-3.360608000000000199e-05
-3.247731000000000229e-05
-3.137835000000000087e-05
-3.036122999999999866e-05
-2.948579000000000082e-05
-2.880406000000000150e-05
-2.835702999999999843e-05
-2.815585999999999981e-05
-2.819311000000000018e-05
-2.843152999999999916e-05
-2.879288999999999937e-05
-2.919893999999999864e-05
-2.956775000000000164e-05
-2.985458999999999972e-05
-3.005948000000000108e-05
-3.022711999999999868e-05
-3.039848999999999972e-05
-3.060722000000000204e-05
-3.084563999999999763e-05
-3.108033000000000334e-05
-3.125914000000000307e-05
-3.136345000000000208e-05
-3.140443000000000249e-05
-3.142678000000000068e-05
-3.146402999999999765e-05
-3.150129000000000210e-05
-3.150874000000000150e-05
-3.147148999999999775e-05
-3.141188000000000189e-05
-3.135972999999999934e-05
-3.133737000000000046e-05
-3.132247000000000167e-05
-3.128521999999999792e-05
-3.119954000000000114e-05
-3.111013000000000092e-05
-3.104307999999999959e-05
-3.100582000000000191e-05
-3.097230000000000160e-05
-3.093877000000000058e-05
-3.090897000000000300e-05
-3.092013999999999836e-05
-3.099092000000000312e-05
-3.109523000000000213e-05
-3.120325999999999710e-05
-3.132247000000000167e-05
-3.147148999999999775e-05
-3.162794999999999929e-05
-3.179558999999999690e-05
-3.198557999999999946e-05
-3.219792000000000021e-05
-3.240652999999999752e-05
-3.261886999999999827e-05
-3.283494000000000245e-05
-3.303611000000000107e-05
-3.322609999999999686e-05
-3.340491000000000337e-05
-3.355391999999999874e-05
-3.368430999999999937e-05
-3.379234000000000111e-05
-3.386311999999999910e-05
-3.391899999999999831e-05
-3.395997999999999872e-05
-3.398978000000000307e-05
-3.402330999999999731e-05
-3.404938999999999893e-05
-3.408290999999999925e-05
-3.412762000000000309e-05
-3.419095000000000169e-05
-3.427662999999999847e-05
-3.438838999999999687e-05
-3.451505000000000084e-05
-3.464915999999999743e-05
-3.479444000000000292e-05
-3.493228000000000294e-05
-3.506266999999999679e-05
-3.517814999999999793e-05
-3.527128000000000088e-05
-3.533834000000000291e-05
-3.537558999999999989e-05
-3.538677000000000272e-05
-3.536069000000000110e-05
-3.531226000000000129e-05
-3.524519999999999926e-05
-3.517069999999999854e-05
-3.510364000000000328e-05
-3.504404000000000134e-05
-3.499933999999999820e-05
-3.496208000000000052e-05
-3.493228000000000294e-05
-3.490620000000000132e-05
-3.489875000000000193e-05
-3.491365000000000072e-05
-3.493973000000000234e-05
-3.497697999999999931e-05
-3.502169000000000316e-05
-3.507012000000000296e-05
-3.512226999999999873e-05
-3.517814999999999793e-05
-3.523402999999999713e-05
-3.529362999999999907e-05
-3.534579000000000231e-05
-3.539793999999999807e-05
-3.544264000000000122e-05
-3.549107000000000103e-05
-3.553205000000000144e-05
-3.557675999999999851e-05
-3.562891000000000105e-05
-3.568105999999999681e-05
-3.573322000000000005e-05
-3.578537000000000260e-05
-3.583380000000000240e-05
-3.588223000000000221e-05
-3.591576000000000322e-05
-3.595301000000000020e-05
-3.597535999999999838e-05
-3.598654000000000121e-05
-3.599399000000000061e-05
-3.600144000000000000e-05
-3.601261000000000213e-05
-3.604242000000000041e-05
-3.608711999999999678e-05
-3.614300000000000276e-05
-3.622495999999999681e-05
-3.633671000000000128e-05
-3.648572999999999736e-05
-3.667944000000000266e-05
-3.691413000000000159e-05
-3.717862999999999881e-05
-3.746548000000000098e-05
-3.775978000000000255e-05
-3.805780000000000008e-05
-3.834091999999999882e-05
-3.860542000000000281e-05
-3.883637999999999831e-05
-3.904128000000000036e-05
-3.920890999999999726e-05
-3.935047000000000002e-05
-3.946596000000000186e-05
-3.956653999999999743e-05
-3.966711999999999978e-05
-3.976771000000000282e-05
-3.987201000000000113e-05
-3.997259999999999740e-05
-4.007317999999999975e-05
-4.017003999999999936e-05
-4.025198999999999948e-05
-4.030786999999999868e-05
-4.033395000000000030e-05
-4.032277999999999817e-05
-4.028179999999999776e-05
-4.021846999999999917e-05
-4.012533000000000229e-05
-4.002848000000000338e-05
-3.990926999999999881e-05
-3.977887999999999818e-05
-3.964104999999999886e-05
-3.949949000000000288e-05
-3.936165000000000285e-05
-3.922009000000000010e-05
-3.908969999999999947e-05
-3.896676999999999894e-05
-3.885873999999999719e-05
-3.876560000000000032e-05
-3.868737000000000293e-05
-3.861658999999999817e-05
-3.855325999999999957e-05
-3.849365999999999763e-05
-3.843405000000000177e-05
-3.837072000000000318e-05
-3.830738999999999781e-05
-3.824034000000000325e-05
-3.817328000000000122e-05
-3.810622999999999989e-05
-3.803916999999999786e-05
-3.798328999999999866e-05
-3.793485999999999885e-05
-3.789761000000000187e-05
-3.786780999999999752e-05
-3.784918000000000207e-05
-3.784545999999999933e-05
-3.784918000000000207e-05
-3.787153000000000025e-05
-3.790506000000000127e-05
-3.795349000000000108e-05
-3.800563999999999684e-05
-3.806152000000000282e-05
-3.809878000000000049e-05
-3.812112999999999868e-05
-3.811740000000000202e-05
-3.808759999999999766e-05
-3.803171999999999846e-05
-3.794976999999999834e-05
-3.784545999999999933e-05
-3.771135000000000275e-05
-3.755488000000000050e-05
-3.737979999999999743e-05
-3.718981000000000164e-05
-3.699981999999999907e-05
-3.682099999999999864e-05
-3.664963999999999830e-05
-3.649689999999999949e-05
-3.636651999999999956e-05
-3.626221000000000056e-05
-3.617652999999999700e-05
-3.610947000000000175e-05
-3.605731999999999920e-05
-3.600516000000000274e-05
-3.594556000000000080e-05
-3.588223000000000221e-05
-3.581144999999999744e-05
-3.572203999999999722e-05
-3.562146000000000165e-05
-3.550970000000000325e-05
-3.539793999999999807e-05
-3.527873000000000028e-05
-3.517069999999999854e-05
-3.507012000000000296e-05
-3.498442999999999871e-05
-3.490992999999999798e-05
-3.484659999999999939e-05
-3.480561999999999897e-05
-3.477953999999999735e-05
-3.477582000000000139e-05
-3.479072000000000018e-05
-3.482425000000000120e-05
-3.487268000000000101e-05
-3.492854999999999951e-05
-3.496952999999999992e-05
-3.500306000000000093e-05
-3.500678999999999759e-05
-3.498071000000000275e-05
-3.492110000000000011e-05
-3.483170000000000060e-05
-3.471249000000000280e-05
-3.457465000000000278e-05
-3.442564000000000062e-05
-3.427290000000000181e-05
-3.413878999999999845e-05
-3.401585999999999792e-05
-3.391154999999999891e-05
-3.381468999999999930e-05
-3.372156000000000312e-05
-3.363215000000000291e-05
-3.355020000000000278e-05
-3.347569000000000136e-05
-3.341608999999999942e-05
-3.337510999999999901e-05
-3.334902999999999739e-05
-3.332667999999999921e-05
-3.331550000000000315e-05
-3.330804999999999698e-05
-3.331550000000000315e-05
-3.331922999999999981e-05
-3.333412999999999860e-05
-3.335647999999999679e-05
-3.339000999999999780e-05
-3.343098999999999821e-05
-3.347941999999999802e-05
-3.353901999999999995e-05
-3.361353000000000138e-05
-3.370665999999999756e-05
-3.381097000000000334e-05
-3.392273000000000174e-05
-3.403821000000000288e-05
-3.413878999999999845e-05
-3.422074999999999927e-05
-3.428407999999999787e-05
-3.432505999999999828e-05
-3.433623000000000041e-05
-3.432878000000000101e-05
-3.431015999999999949e-05
-3.427290000000000181e-05
-3.422074999999999927e-05
-3.415368999999999724e-05
-3.407173999999999712e-05
-3.398232999999999690e-05
-3.388175000000000133e-05
-3.376999000000000293e-05
-3.365451000000000179e-05
-3.352412000000000116e-05
-3.337883000000000175e-05
-3.321492000000000080e-05
-3.303611000000000107e-05
-3.284984000000000124e-05
-3.267474999999999747e-05
-3.251084000000000330e-05
-3.237300999999999720e-05
-3.226124999999999880e-05
-3.217557000000000202e-05
-3.210478000000000333e-05
-3.204890999999999805e-05
-3.198930000000000219e-05
-3.191106999999999803e-05
-3.180675999999999903e-05
-3.167265000000000244e-05
-3.152364000000000029e-05
-3.136717999999999874e-05
-3.123678999999999811e-05
-3.113247999999999911e-05
-3.106915000000000051e-05
-3.102444999999999736e-05
-3.099837000000000252e-05
-3.097975000000000099e-05
-3.097230000000000160e-05
-3.097230000000000160e-05
-3.097230000000000160e-05
-3.095740000000000281e-05
-3.092013999999999836e-05
-3.084936000000000037e-05
-3.075622999999999741e-05
-3.064075000000000305e-05
-3.051024000000000081e-05
-3.037613000000000083e-05
-3.024575000000000091e-05
-3.011164000000000093e-05
-2.998869999999999970e-05
-2.986948999999999851e-05
-2.977263999999999960e-05
-2.969067999999999878e-05
-2.963479999999999958e-05
-2.960499999999999861e-05
-2.962362000000000014e-05
-2.969813000000000156e-05
-2.982851999999999880e-05
-3.000732999999999854e-05
-3.022711999999999868e-05
-3.046927000000000110e-05
-3.071898000000000044e-05
-3.097230000000000160e-05
-3.121817000000000336e-05
-3.146031000000000169e-05
-3.169500000000000063e-05
-3.192596999999999682e-05
-3.215321000000000314e-05
-3.238417999999999934e-05
-3.260396999999999948e-05
-3.280513999999999810e-05
-3.298394999999999783e-05
-3.312923999999999725e-05
-3.324100000000000242e-05
-3.331550000000000315e-05
-3.335276000000000083e-05
-3.336021000000000022e-05
-3.334157999999999800e-05
-3.330059999999999759e-05
-3.323726999999999899e-05
-3.315904000000000160e-05
-3.309199000000000027e-05
-3.303611000000000107e-05
-3.300258000000000006e-05
-3.300630000000000279e-05
-3.303982999999999703e-05
-3.309571000000000301e-05
-3.316276999999999826e-05
-3.324100000000000242e-05
-3.331550000000000315e-05
-3.338628000000000114e-05
-3.344960999999999974e-05
-3.351293999999999833e-05
-3.358000000000000037e-05
-3.365077999999999836e-05
-3.371784000000000039e-05
-3.378116999999999898e-05
-3.383703999999999748e-05
-3.388920000000000073e-05
-3.394507999999999993e-05
-3.400840999999999852e-05
-3.409409000000000208e-05
-3.419466999999999765e-05
-3.429897999999999666e-05
-3.441074000000000183e-05
-3.452250000000000024e-05
-3.464170999999999803e-05
-3.475718999999999917e-05
-3.486894999999999757e-05
-3.496208000000000052e-05
-3.504030999999999791e-05
-3.510736999999999994e-05
-3.516324999999999914e-05
-3.521912999999999834e-05
-3.528245999999999694e-05
-3.536440999999999706e-05
-3.546872000000000284e-05
-3.560282999999999943e-05
-3.576674000000000037e-05
-3.595301000000000020e-05
-3.616535000000000095e-05
-3.639259000000000049e-05
-3.663473999999999951e-05
-3.688061000000000128e-05
-3.713393000000000244e-05
-3.738352000000000016e-05
-3.762194000000000253e-05
-3.784173000000000267e-05
-3.802800000000000250e-05
-3.817700999999999788e-05
-3.828877000000000306e-05
-3.838189999999999923e-05
-3.844522999999999783e-05
-3.848620999999999824e-05
-3.851972999999999855e-05
-3.854953999999999683e-05
-3.857934000000000119e-05
-3.861287000000000221e-05
-3.865384000000000192e-05
-3.870227000000000172e-05
-3.876187999999999758e-05
-3.882147999999999952e-05
-3.889225999999999751e-05
-3.898166999999999773e-05
-3.908969999999999947e-05
-3.923872000000000232e-05
-3.941753000000000205e-05
-3.961870000000000067e-05
-3.984966000000000295e-05
-4.008807999999999854e-05
-4.033767999999999696e-05
-4.059099999999999812e-05
-4.085176999999999868e-05
-4.111253999999999923e-05
-4.137330999999999978e-05
-4.162663000000000094e-05
-4.187250000000000271e-05
-4.211090999999999760e-05
-4.233815999999999784e-05
-4.255422000000000132e-05
-4.276283999999999934e-05
-4.296028000000000130e-05
-4.314281999999999769e-05
-4.329556000000000328e-05
-4.341848999999999703e-05
-4.349299999999999846e-05
-4.353025000000000221e-05
-4.354142999999999826e-05
-4.353025000000000221e-05
-4.351161999999999998e-05
-4.350044999999999785e-05
-4.349299999999999846e-05
-4.350044999999999785e-05
-4.351906999999999938e-05
-4.355632999999999705e-05
-4.359358000000000081e-05
-4.361221000000000303e-05
-4.359730999999999746e-05
-4.354515000000000100e-05
-4.346691999999999684e-05
-4.335889000000000187e-05
-4.323595000000000064e-05
-4.310557000000000071e-05
-4.296773000000000069e-05
-4.282244000000000127e-05
-4.268832999999999791e-05
-4.255794999999999798e-05
-4.243500999999999675e-05
-4.232698000000000179e-05
-4.221895000000000004e-05
-4.211835999999999700e-05
-4.203268000000000022e-05
-4.195445000000000283e-05
-4.187995000000000210e-05
-4.181661999999999673e-05
-4.177190999999999966e-05
-4.174583999999999874e-05
-4.175328999999999814e-05
-4.177564000000000310e-05
-4.182407000000000290e-05
-4.188740000000000150e-05
-4.195817999999999949e-05
-4.203640999999999687e-05
-4.211835999999999700e-05
-4.219660000000000186e-05
-4.226737999999999985e-05
-4.232698000000000179e-05
-4.238286000000000099e-05
-4.243500999999999675e-05
-4.249089000000000273e-05
-4.256167000000000072e-05
-4.265853000000000033e-05
-4.278518999999999752e-05
-4.294538000000000251e-05
-4.315026999999999708e-05
-4.338868999999999945e-05
-4.366064000000000284e-05
-4.395121000000000097e-05
-4.425296000000000194e-05
-4.456216000000000230e-05
-4.487135000000000196e-05
-4.516193000000000079e-05
-4.543015000000000074e-05
-4.567228999999999907e-05
-4.588836000000000325e-05
-4.607834999999999904e-05
-4.622736000000000119e-05
-4.634656999999999899e-05
-4.642852999999999981e-05
-4.648813000000000175e-05
-4.650675999999999720e-05
-4.649558000000000114e-05
-4.645832999999999739e-05
-4.638754999999999940e-05
-4.628696000000000313e-05
-4.616029999999999916e-05
-4.601502000000000044e-05
-4.586600999999999829e-05
-4.571326999999999948e-05
-4.556798000000000006e-05
-4.543015000000000074e-05
-4.531839000000000234e-05
-4.523270999999999878e-05
-4.518800000000000171e-05
-4.517682999999999958e-05
-4.519917999999999777e-05
-4.524760999999999757e-05
-4.531839000000000234e-05
-4.541525000000000195e-05
-4.553073000000000309e-05
-4.566483999999999967e-05
-4.580267999999999970e-05
-4.595540999999999781e-05
-4.610814999999999662e-05
-4.624970999999999938e-05
-4.637637000000000335e-05
-4.648813000000000175e-05
-4.657380999999999853e-05
-4.662968999999999773e-05
-4.664831999999999995e-05
-4.662223999999999833e-05
-4.655518999999999700e-05
-4.645087999999999800e-05
-4.630558999999999858e-05
-4.614167999999999764e-05
-4.595169000000000185e-05
-4.575797000000000263e-05
-4.555308000000000127e-05
-4.534818999999999992e-05
-4.515819999999999736e-05
-4.498683999999999702e-05
-4.483783000000000164e-05
-4.470371999999999828e-05
-4.458077999999999705e-05
-4.446530000000000268e-05
-4.436470999999999964e-05
-4.427903000000000286e-05
-4.423060000000000305e-05
-4.421943000000000092e-05
-4.425296000000000194e-05
-4.434236000000000145e-05
-4.448765000000000087e-05
-4.467018999999999726e-05
-4.487135000000000196e-05
-4.507624999999999723e-05
-4.528113999999999859e-05
-4.547858000000000055e-05
-4.567228999999999907e-05
-4.586600999999999829e-05
-4.604855000000000146e-05
-4.621246000000000240e-05
-4.637265000000000061e-05
-4.654027999999999751e-05
-4.671164999999999855e-05
-4.689045999999999828e-05
-4.709162999999999690e-05
-4.730769000000000039e-05
-4.753866000000000336e-05
-4.778081000000000239e-05
-4.802667999999999738e-05
-4.826882000000000248e-05
-4.850351000000000141e-05
-4.872330000000000156e-05
-4.893936999999999897e-05
-4.914426000000000032e-05
-4.934915000000000167e-05
-4.954287000000000090e-05
-4.972168000000000063e-05
-4.987069000000000278e-05
-4.997500000000000179e-05
-5.004951000000000321e-05
-5.010165999999999898e-05
-5.013146000000000334e-05
-5.015753999999999818e-05
-5.018734000000000254e-05
-5.021715000000000082e-05
-5.025067000000000113e-05
-5.028047999999999941e-05
-5.029910000000000094e-05
-5.030655000000000033e-05
-5.029537999999999820e-05
-5.026556999999999992e-05
-5.020596999999999799e-05
-5.012400999999999717e-05
-5.000853000000000280e-05
-4.987441999999999944e-05
-4.972168000000000063e-05
-4.956895000000000252e-05
-4.942366000000000310e-05
-4.929699999999999913e-05
-4.920013999999999952e-05
-4.913308999999999819e-05
-4.909955999999999717e-05
-4.910701000000000334e-05
-4.914053999999999758e-05
-4.920387000000000296e-05
-4.928210000000000034e-05
-4.937523000000000329e-05
-4.948325999999999826e-05
-4.959501999999999666e-05
-4.971423000000000123e-05
-4.983717000000000247e-05
-4.996755000000000239e-05
-5.010910999999999837e-05
-5.025812000000000053e-05
-5.041085999999999934e-05
-5.056359999999999815e-05
-5.070887999999999687e-05
-5.085417000000000306e-05
-5.098827999999999965e-05
-5.111493999999999684e-05
-5.123787999999999807e-05
-5.134963000000000255e-05
-5.146511999999999761e-05
-5.158804999999999814e-05
-5.172216000000000151e-05
-5.186745000000000092e-05
-5.200900999999999691e-05
-5.215056999999999966e-05
-5.228840999999999968e-05
-5.242997000000000244e-05
-5.257152999999999842e-05
-5.270936999999999845e-05
-5.284348000000000181e-05
-5.295522999999999951e-05
-5.304837000000000316e-05
-5.311170000000000176e-05
-5.315267000000000147e-05
-5.316758000000000096e-05
-5.316013000000000156e-05
-5.313777000000000268e-05
-5.310051999999999893e-05
-5.304837000000000316e-05
-5.299248999999999719e-05
-5.293288000000000133e-05
-5.286955000000000273e-05
-5.279876999999999796e-05
-5.273171999999999663e-05
-5.266466000000000138e-05
-5.260133000000000278e-05
-5.254544999999999680e-05
-5.250447000000000317e-05
-5.247466999999999881e-05
-5.245604999999999729e-05
-5.244858999999999719e-05
-5.245232000000000063e-05
-5.246349999999999668e-05
-5.248585000000000164e-05
-5.251564999999999922e-05
-5.253428000000000145e-05
-5.253054999999999801e-05
-5.249330000000000104e-05
-5.241134000000000022e-05
-5.226606000000000150e-05
-5.205743999999999671e-05
-5.178549000000000010e-05
-5.146511999999999761e-05
-5.110748999999999745e-05
-5.073124000000000253e-05
-5.035498000000000014e-05
-4.998245000000000118e-05
-4.963599999999999707e-05
-4.931934999999999732e-05
-4.904367999999999797e-05
-4.880898999999999904e-05
-4.861154999999999708e-05
-4.844763000000000221e-05
-4.831351999999999885e-05
-4.821666999999999994e-05
-4.815705999999999730e-05
-4.812725999999999972e-05
-4.811981000000000033e-05
-4.812725999999999972e-05
-4.814215999999999851e-05
-4.816450999999999670e-05
-4.819058999999999832e-05
-4.822039000000000268e-05
-4.825763999999999965e-05
-4.830606999999999946e-05
-4.836568000000000209e-05
-4.843272999999999665e-05
-4.850723999999999807e-05
-4.858173999999999880e-05
-4.865625000000000023e-05
-4.871957999999999882e-05
-4.876428000000000197e-05
-4.877545999999999802e-05
-4.876428000000000197e-05
-4.871212999999999943e-05
-4.863761999999999800e-05
-4.854076999999999909e-05
-4.842527999999999725e-05
-4.829489999999999733e-05
-4.813843000000000185e-05
-4.796707000000000152e-05
-4.778452999999999835e-05
-4.759081999999999982e-05
-4.737846999999999838e-05
-4.715867999999999823e-05
-4.693143999999999869e-05
-4.668556999999999693e-05
-4.642852999999999981e-05
-4.615284999999999977e-05
-4.586973000000000103e-05
-4.557542999999999946e-05
-4.527741000000000193e-05
-4.496821000000000157e-05
-4.465156000000000181e-05
