-3.499999999999999964e-04
-1.000000000000000082e-05
1.940000000000000101e-03
5.000000000000000104e-03
7.029999999999999791e-03
1.009999999999999960e-02
1.221999999999999996e-02
1.524000000000000007e-02
1.734000000000000125e-02
2.041000000000000106e-02
2.246000000000000080e-02
2.549999999999999836e-02
2.751999999999999932e-02
3.058999999999999914e-02
3.262000000000000316e-02
3.572999999999999787e-02
3.776999999999999802e-02
4.084999999999999742e-02
4.290000000000000063e-02
4.596000000000000085e-02
4.798999999999999794e-02
5.100999999999999979e-02
5.310999999999999749e-02
5.618999999999999689e-02
5.825000000000000316e-02
6.131000000000000338e-02
6.331000000000000516e-02
6.643999999999999906e-02
6.850000000000000533e-02
7.158000000000000473e-02
7.359999999999999876e-02
7.660000000000000142e-02
7.865999999999999381e-02
8.172000000000000097e-02
8.379999999999999949e-02
8.683000000000000440e-02
8.888999999999999679e-02
9.196000000000000008e-02
9.397999999999999410e-02
9.705999999999999350e-02
9.905999999999999528e-02
1.021699999999999969e-01
1.042399999999999993e-01
1.071499999999999952e-01
1.093599999999999989e-01
1.124499999999999944e-01
1.143200000000000049e-01
1.173899999999999944e-01
1.194500000000000006e-01
1.224999999999999978e-01
1.244999999999999996e-01
1.275900000000000090e-01
1.296200000000000130e-01
1.327099999999999946e-01
1.347500000000000087e-01
1.378300000000000081e-01
1.398899999999999866e-01
1.429400000000000115e-01
1.449699999999999878e-01
1.479699999999999904e-01
1.500799999999999912e-01
1.531700000000000006e-01
1.552199999999999969e-01
1.582800000000000040e-01
1.602899999999999880e-01
1.634200000000000097e-01
1.654599999999999960e-01
1.685200000000000031e-01
1.705399999999999971e-01
1.735700000000000021e-01
1.756300000000000083e-01
1.786899999999999877e-01
1.807499999999999940e-01
1.837799999999999989e-01
1.858499999999999874e-01
1.889099999999999946e-01
1.909500000000000086e-01
1.940099999999999880e-01
1.959899999999999975e-01
1.990699999999999970e-01
2.011499999999999955e-01
2.042499999999999871e-01
2.063000000000000111e-01
2.093700000000000006e-01
2.114199999999999968e-01
2.144800000000000040e-01
2.165600000000000025e-01
2.195999999999999897e-01
2.215999999999999914e-01
2.247099999999999931e-01
2.267200000000000049e-01
2.298099999999999865e-01
2.318500000000000005e-01
2.347700000000000065e-01
2.368099999999999927e-01
2.398800000000000099e-01
2.419000000000000039e-01
2.449300000000000088e-01
2.470199999999999896e-01
2.500899999999999790e-01
2.521599999999999953e-01
2.552300000000000124e-01
2.572499999999999787e-01
2.603699999999999903e-01
2.624000000000000221e-01
2.654500000000000193e-01
2.674900000000000055e-01
2.705199999999999827e-01
2.725899999999999990e-01
2.756500000000000061e-01
2.776799999999999824e-01
2.807200000000000251e-01
2.828100000000000058e-01
2.858700000000000130e-01
2.879099999999999993e-01
2.909599999999999964e-01
2.929499999999999882e-01
2.960499999999999798e-01
2.981199999999999961e-01
3.012299999999999978e-01
3.032900000000000040e-01
3.063500000000000112e-01
3.083899999999999975e-01
3.114299999999999846e-01
3.135200000000000209e-01
3.165499999999999980e-01
3.185600000000000098e-01
3.216600000000000015e-01
3.236800000000000233e-01
3.267700000000000049e-01
3.287900000000000267e-01
3.318900000000000183e-01
3.339300000000000046e-01
3.370000000000000218e-01
3.390299999999999980e-01
3.420400000000000107e-01
3.441100000000000270e-01
3.471799999999999886e-01
3.492700000000000249e-01
3.523299999999999765e-01
3.542000000000000148e-01
3.573000000000000065e-01
3.593199999999999728e-01
3.623899999999999899e-01
3.644200000000000217e-01
3.674499999999999988e-01
3.695100000000000051e-01
3.725700000000000123e-01
3.745999999999999885e-01
3.776200000000000112e-01
3.797300000000000120e-01
3.827999999999999736e-01
3.848400000000000154e-01
3.878699999999999926e-01
3.898599999999999843e-01
3.929699999999999860e-01
3.950600000000000223e-01
3.981600000000000139e-01
4.002000000000000002e-01
4.032800000000000273e-01
4.053200000000000136e-01
4.083800000000000208e-01
4.104599999999999915e-01
4.134800000000000142e-01
4.155099999999999905e-01
4.185900000000000176e-01
4.206300000000000039e-01
4.237000000000000210e-01
4.257199999999999873e-01
4.288500000000000090e-01
4.308899999999999952e-01
4.339600000000000124e-01
4.359799999999999787e-01
4.390200000000000213e-01
4.410899999999999821e-01
4.441499999999999893e-01
4.462400000000000255e-01
4.492900000000000227e-01
4.513499999999999734e-01
4.544400000000000106e-01
4.564400000000000124e-01
4.595400000000000040e-01
4.615799999999999903e-01
4.646100000000000230e-01
4.666699999999999737e-01
4.697200000000000264e-01
4.717600000000000127e-01
4.747999999999999998e-01
4.768999999999999906e-01
4.799499999999999877e-01
4.818200000000000260e-01
4.848700000000000232e-01
4.868700000000000250e-01
4.899800000000000266e-01
4.920499999999999874e-01
4.951300000000000145e-01
4.971800000000000108e-01
5.002499999999999725e-01
5.022999999999999687e-01
5.053800000000000514e-01
5.074400000000000022e-01
5.104600000000000248e-01
5.124900000000000011e-01
5.155800000000000383e-01
5.176199999999999690e-01
5.206800000000000317e-01
5.226800000000000335e-01
5.258000000000000451e-01
5.278399999999999759e-01
5.309099999999999930e-01
5.329300000000000148e-01
5.359800000000000120e-01
5.380500000000000282e-01
5.411200000000000454e-01
5.432099999999999707e-01
5.462500000000000133e-01
5.483000000000000096e-01
5.513799999999999812e-01
5.533900000000000485e-01
5.564900000000000402e-01
5.584999999999999964e-01
5.615499999999999936e-01
5.635999999999999899e-01
5.666700000000000070e-01
5.687100000000000488e-01
5.717499999999999805e-01
5.738400000000000167e-01
5.768699999999999939e-01
5.789199999999999902e-01
5.819499999999999673e-01
5.839699999999999891e-01
5.870800000000000463e-01
5.891199999999999770e-01
5.922199999999999687e-01
5.940900000000000070e-01
5.971600000000000241e-01
5.992300000000000404e-01
6.022999999999999465e-01
6.043399999999999883e-01
6.073600000000000110e-01
6.093899999999999872e-01
6.124800000000000244e-01
6.145399999999999752e-01
6.176099999999999923e-01
6.196199999999999486e-01
6.227200000000000513e-01
6.247800000000000020e-01
6.278299999999999992e-01
6.298500000000000210e-01
6.329200000000000381e-01
6.349700000000000344e-01
6.380400000000000515e-01
6.401299999999999768e-01
6.431700000000000195e-01
6.452400000000000357e-01
6.483200000000000074e-01
6.503400000000000292e-01
6.534100000000000463e-01
6.554299999999999571e-01
6.584600000000000453e-01
6.605199999999999960e-01
6.636100000000000332e-01
6.656499999999999639e-01
6.687100000000000266e-01
6.707600000000000229e-01
6.737999999999999545e-01
6.758499999999999508e-01
6.788899999999999935e-01
6.809399999999999897e-01
6.840399999999999814e-01
6.860600000000000032e-01
6.891599999999999948e-01
6.911899999999999711e-01
6.943000000000000282e-01
6.963599999999999790e-01
6.994200000000000417e-01
7.014599999999999724e-01
7.044599999999999751e-01
7.065099999999999714e-01
7.094200000000000506e-01
7.114800000000000013e-01
7.145399999999999530e-01
7.165399999999999547e-01
7.196599999999999664e-01
7.217099999999999627e-01
7.247599999999999598e-01
7.267900000000000471e-01
7.298499999999999988e-01
7.319099999999999495e-01
7.349700000000000122e-01
7.370400000000000285e-01
7.400999999999999801e-01
7.421600000000000419e-01
7.452400000000000135e-01
7.472699999999999898e-01
7.503300000000000525e-01
7.523400000000000087e-01
7.553699999999999859e-01
7.574300000000000477e-01
7.605300000000000393e-01
7.625600000000000156e-01
7.656100000000000128e-01
7.676500000000000545e-01
7.707000000000000517e-01
7.727800000000000225e-01
7.758099999999999996e-01
7.778500000000000414e-01
7.809500000000000330e-01
7.829700000000000548e-01
7.860599999999999810e-01
7.881099999999999772e-01
7.912299999999999889e-01
7.932799999999999851e-01
7.963400000000000478e-01
7.983700000000000241e-01
8.013900000000000468e-01
8.034499999999999975e-01
8.065299999999999692e-01
8.085900000000000309e-01
8.116499999999999826e-01
8.136600000000000499e-01
8.167699999999999960e-01
8.188100000000000378e-01
8.217100000000000515e-01
8.237299999999999622e-01
8.268100000000000449e-01
8.288699999999999957e-01
8.319400000000000128e-01
8.339800000000000546e-01
8.370400000000000063e-01
8.391300000000000425e-01
8.421999999999999487e-01
8.442499999999999449e-01
8.473100000000000076e-01
8.493199999999999639e-01
8.523500000000000520e-01
8.544300000000000228e-01
8.575000000000000400e-01
8.595399999999999707e-01
8.626000000000000334e-01
8.646300000000000097e-01
8.677000000000000268e-01
8.697700000000000431e-01
8.728000000000000203e-01
8.748399999999999510e-01
8.779400000000000537e-01
8.799599999999999644e-01
8.830500000000000016e-01
8.850999999999999979e-01
8.882100000000000550e-01
8.902499999999999858e-01
8.933299999999999574e-01
8.953499999999999792e-01
8.983799999999999564e-01
9.004299999999999526e-01
9.034900000000000153e-01
9.055600000000000316e-01
9.086100000000000287e-01
9.106499999999999595e-01
9.137300000000000422e-01
9.157600000000000184e-01
9.188499999999999446e-01
9.208699999999999664e-01
9.239600000000000035e-01
9.260099999999999998e-01
9.290800000000000169e-01
9.311199999999999477e-01
9.341599999999999904e-01
9.362599999999999811e-01
9.393200000000000438e-01
9.413700000000000401e-01
9.442599999999999882e-01
9.462599999999999900e-01
9.493099999999999872e-01
9.513800000000000034e-01
9.544599999999999751e-01
9.565000000000000169e-01
9.595399999999999485e-01
9.615799999999999903e-01
9.646400000000000530e-01
9.667099999999999582e-01
9.697299999999999809e-01
9.717700000000000227e-01
9.748700000000000143e-01
9.768999999999999906e-01
9.799999999999999822e-01
9.820200000000000040e-01
9.851400000000000157e-01
9.871900000000000119e-01
9.902400000000000091e-01
9.922800000000000509e-01
9.953100000000000280e-01
9.973600000000000243e-01
1.000429999999999930e+00
1.002490000000000103e+00
1.005549999999999944e+00
1.007600000000000051e+00
1.010680000000000023e+00
1.012690000000000090e+00
1.015779999999999905e+00
1.017800000000000038e+00
1.020869999999999944e+00
1.022929999999999895e+00
1.026019999999999932e+00
1.028059999999999974e+00
1.031099999999999905e+00
1.033199999999999896e+00
1.036259999999999959e+00
1.038310000000000066e+00
1.041360000000000063e+00
1.043350000000000000e+00
1.046429999999999971e+00
1.048480000000000079e+00
1.051569999999999894e+00
1.053579999999999961e+00
1.056680000000000064e+00
1.058729999999999949e+00
1.061770000000000103e+00
1.063830000000000053e+00
1.066829999999999945e+00
1.068899999999999961e+00
1.071819999999999995e+00
1.073879999999999946e+00
1.076950000000000074e+00
1.078980000000000050e+00
1.082089999999999996e+00
1.084140000000000104e+00
1.087199999999999944e+00
1.089250000000000052e+00
1.092270000000000074e+00
1.094300000000000050e+00
1.097359999999999891e+00
1.099420000000000064e+00
1.102500000000000036e+00
1.104549999999999921e+00
1.107629999999999892e+00
1.109639999999999960e+00
1.112710000000000088e+00
1.114749999999999908e+00
1.117809999999999970e+00
1.119879999999999987e+00
1.122959999999999958e+00
1.125000000000000000e+00
1.128039999999999932e+00
1.130130000000000079e+00
1.133189999999999920e+00
1.135250000000000092e+00
1.138290000000000024e+00
1.140300000000000091e+00
1.143359999999999932e+00
1.145389999999999908e+00
1.148460000000000036e+00
1.150500000000000078e+00
1.153589999999999893e+00
1.155640000000000001e+00
1.158700000000000063e+00
1.160730000000000040e+00
1.163739999999999997e+00
1.165839999999999987e+00
1.168919999999999959e+00
1.170989999999999975e+00
1.174060000000000104e+00
1.176060000000000105e+00
1.179170000000000051e+00
1.181240000000000068e+00
1.184320000000000039e+00
1.186190000000000078e+00
1.189200000000000035e+00
1.191249999999999920e+00
1.194299999999999917e+00
1.196379999999999999e+00
1.199449999999999905e+00
1.201489999999999947e+00
1.204569999999999919e+00
1.206579999999999986e+00
1.209670000000000023e+00
1.211689999999999934e+00
1.214779999999999971e+00
1.216839999999999922e+00
1.219940000000000024e+00
1.221970000000000001e+00
1.225009999999999932e+00
1.227090000000000014e+00
1.230159999999999920e+00
1.232210000000000027e+00
1.235270000000000090e+00
1.237260000000000026e+00
1.240350000000000064e+00
1.242369999999999974e+00
1.245440000000000103e+00
1.247479999999999922e+00
1.250590000000000090e+00
1.252629999999999910e+00
1.255670000000000064e+00
1.257700000000000040e+00
1.260729999999999906e+00
1.262829999999999897e+00
1.265910000000000091e+00
1.267980000000000107e+00
1.271039999999999948e+00
1.273039999999999949e+00
1.276140000000000052e+00
1.278210000000000068e+00
1.281290000000000040e+00
1.283309999999999951e+00
1.286329999999999973e+00
1.288370000000000015e+00
1.291449999999999987e+00
1.293520000000000003e+00
1.296559999999999935e+00
1.298640000000000017e+00
1.301700000000000079e+00
1.303730000000000055e+00
1.306619999999999893e+00
1.308640000000000025e+00
1.311739999999999906e+00
1.313800000000000079e+00
1.316880000000000051e+00
1.318910000000000027e+00
1.321960000000000024e+00
1.324030000000000040e+00
1.327099999999999946e+00
1.329159999999999897e+00
1.332209999999999894e+00
1.334209999999999896e+00
1.337299999999999933e+00
1.339299999999999935e+00
1.342400000000000038e+00
1.344430000000000014e+00
1.347509999999999986e+00
1.349560000000000093e+00
1.352610000000000090e+00
1.354630000000000001e+00
1.357660000000000089e+00
1.359739999999999949e+00
1.362810000000000077e+00
1.364870000000000028e+00
1.367960000000000065e+00
1.369969999999999910e+00
1.373080000000000078e+00
1.375129999999999963e+00
1.378209999999999935e+00
1.380239999999999911e+00
1.383250000000000091e+00
1.385299999999999976e+00
1.388390000000000013e+00
1.390439999999999898e+00
1.393480000000000052e+00
1.395559999999999912e+00
1.398619999999999974e+00
1.400660000000000016e+00
1.403720000000000079e+00
1.405729999999999924e+00
1.408840000000000092e+00
1.410900000000000043e+00
1.413980000000000015e+00
1.416020000000000056e+00
1.419089999999999963e+00
1.420960000000000001e+00
1.424029999999999907e+00
1.426099999999999923e+00
1.429130000000000011e+00
1.431130000000000013e+00
1.434229999999999894e+00
1.436239999999999961e+00
1.439319999999999933e+00
1.441370000000000040e+00
1.444460000000000077e+00
1.446490000000000054e+00
1.449549999999999894e+00
1.451570000000000027e+00
1.454609999999999959e+00
1.456700000000000106e+00
1.459770000000000012e+00
1.461829999999999963e+00
1.464890000000000025e+00
1.466949999999999976e+00
1.470040000000000013e+00
1.472069999999999990e+00
1.475139999999999896e+00
1.477179999999999938e+00
1.480189999999999895e+00
1.482259999999999911e+00
1.485330000000000039e+00
1.487379999999999924e+00
1.490420000000000078e+00
1.492499999999999938e+00
1.495560000000000000e+00
1.497610000000000108e+00
1.500669999999999948e+00
1.502669999999999950e+00
1.505759999999999987e+00
1.507819999999999938e+00
1.510899999999999910e+00
1.512950000000000017e+00
1.516029999999999989e+00
1.518070000000000030e+00
1.521130000000000093e+00
1.523209999999999953e+00
1.526229999999999976e+00
1.528240000000000043e+00
1.531150000000000011e+00
1.533160000000000078e+00
1.536240000000000050e+00
1.538270000000000026e+00
1.541369999999999907e+00
1.543409999999999949e+00
1.546470000000000011e+00
1.548510000000000053e+00
1.551530000000000076e+00
1.553569999999999895e+00
1.556619999999999893e+00
1.558699999999999974e+00
1.561779999999999946e+00
1.563830000000000053e+00
1.566929999999999934e+00
1.568940000000000001e+00
1.572030000000000038e+00
1.574060000000000015e+00
1.577090000000000103e+00
1.579159999999999897e+00
1.582230000000000025e+00
1.584279999999999911e+00
1.587290000000000090e+00
1.589399999999999924e+00
1.592470000000000052e+00
1.594530000000000003e+00
1.597569999999999935e+00
1.599569999999999936e+00
1.602680000000000105e+00
1.604740000000000055e+00
1.607820000000000027e+00
1.609869999999999912e+00
1.612950000000000106e+00
1.614999999999999991e+00
1.618039999999999923e+00
1.620100000000000096e+00
1.623150000000000093e+00
1.625170000000000003e+00
1.628249999999999975e+00
1.630290000000000017e+00
1.633359999999999923e+00
1.635380000000000056e+00
1.638470000000000093e+00
1.640509999999999913e+00
1.643590000000000106e+00
1.645620000000000083e+00
1.648679999999999923e+00
1.650719999999999965e+00
1.653790000000000093e+00
1.655880000000000019e+00
1.658949999999999925e+00
1.661000000000000032e+00
1.664069999999999938e+00
1.666090000000000071e+00
1.669180000000000108e+00
1.671049999999999924e+00
1.674090000000000078e+00
1.676150000000000029e+00
1.679219999999999935e+00
1.681249999999999911e+00
1.684269999999999934e+00
1.686379999999999990e+00
1.689449999999999896e+00
1.691500000000000004e+00
1.694530000000000092e+00
1.696530000000000094e+00
1.699659999999999949e+00
1.701719999999999899e+00
1.704790000000000028e+00
1.706839999999999913e+00
1.709920000000000107e+00
1.711969999999999992e+00
1.715009999999999923e+00
1.717060000000000031e+00
1.720110000000000028e+00
1.722140000000000004e+00
1.725209999999999910e+00
1.727249999999999952e+00
1.730320000000000080e+00
1.732329999999999925e+00
1.735430000000000028e+00
1.737479999999999913e+00
1.740550000000000042e+00
1.742580000000000018e+00
1.745600000000000041e+00
1.747649999999999926e+00
1.750729999999999897e+00
1.752820000000000045e+00
1.755870000000000042e+00
1.757929999999999993e+00
1.761020000000000030e+00
1.763030000000000097e+00
1.766110000000000069e+00
1.768150000000000110e+00
1.771200000000000108e+00
1.773239999999999927e+00
1.776319999999999899e+00
1.778340000000000032e+00
1.781420000000000003e+00
1.783500000000000085e+00
1.786540000000000017e+00
1.788610000000000033e+00
1.791630000000000056e+00
1.793490000000000029e+00
1.796599999999999975e+00
1.798650000000000082e+00
1.801730000000000054e+00
1.803770000000000095e+00
1.806859999999999911e+00
1.808920000000000083e+00
1.811960000000000015e+00
1.814000000000000057e+00
1.817050000000000054e+00
1.819080000000000030e+00
1.822149999999999936e+00
1.824200000000000044e+00
1.827269999999999950e+00
1.829290000000000083e+00
1.832379999999999898e+00
1.834430000000000005e+00
1.837499999999999911e+00
1.839520000000000044e+00
1.842570000000000041e+00
1.844619999999999926e+00
1.847709999999999964e+00
1.849779999999999980e+00
1.852840000000000042e+00
1.854899999999999993e+00
1.857979999999999965e+00
1.860009999999999941e+00
1.863080000000000069e+00
1.865099999999999980e+00
1.868149999999999977e+00
1.870200000000000085e+00
1.873269999999999991e+00
1.875310000000000032e+00
1.878379999999999939e+00
1.880449999999999955e+00
1.883499999999999952e+00
1.885550000000000059e+00
1.888579999999999925e+00
1.890630000000000033e+00
1.893729999999999913e+00
1.895750000000000046e+00
1.898849999999999927e+00
1.900879999999999903e+00
1.903969999999999940e+00
1.906029999999999891e+00
1.909089999999999954e+00
1.911119999999999930e+00
1.914150000000000018e+00
1.916199999999999903e+00
1.919240000000000057e+00
1.921310000000000073e+00
1.924199999999999910e+00
1.926209999999999978e+00
1.929319999999999924e+00
1.931359999999999966e+00
1.934430000000000094e+00
1.936450000000000005e+00
1.939510000000000067e+00
1.941580000000000084e+00
1.944660000000000055e+00
1.946709999999999940e+00
1.949759999999999938e+00
1.951829999999999954e+00
1.954930000000000057e+00
1.956970000000000098e+00
1.960040000000000004e+00
1.962050000000000072e+00
1.965100000000000069e+00
1.967149999999999954e+00
1.970220000000000082e+00
1.972280000000000033e+00
1.975349999999999939e+00
1.977389999999999981e+00
1.980439999999999978e+00
1.982499999999999929e+00
1.985559999999999992e+00
1.987610000000000099e+00
1.990699999999999914e+00
1.992729999999999890e+00
1.995810000000000084e+00
1.997849999999999904e+00
2.000950000000000006e+00
2.003000000000000114e+00
2.006069999999999798e+00
2.008090000000000153e+00
2.011130000000000084e+00
2.013180000000000192e+00
2.016230000000000189e+00
2.018289999999999917e+00
2.021349999999999980e+00
2.023390000000000022e+00
2.026470000000000216e+00
2.028500000000000192e+00
2.031569999999999876e+00
2.033609999999999918e+00
2.036680000000000046e+00
2.038569999999999993e+00
2.041650000000000187e+00
2.043699999999999850e+00
2.046720000000000095e+00
2.048820000000000086e+00
2.051899999999999835e+00
2.053949999999999942e+00
2.057010000000000005e+00
2.059009999999999785e+00
2.062059999999999782e+00
2.064119999999999955e+00
2.067200000000000149e+00
2.069249999999999812e+00
2.072309999999999874e+00
2.074349999999999916e+00
2.077389999999999848e+00
2.079470000000000152e+00
2.082530000000000214e+00
2.084569999999999812e+00
2.087660000000000071e+00
2.089210000000000012e+00
2.089249999999999829e+00
2.089259999999999895e+00
2.089789999999999814e+00
2.091829999999999856e+00
2.094860000000000166e+00
2.096950000000000092e+00
2.100020000000000220e+00
2.102059999999999818e+00
2.105129999999999946e+00
2.107139999999999791e+00
2.110180000000000167e+00
2.112239999999999895e+00
2.115320000000000089e+00
2.117350000000000065e+00
2.120410000000000128e+00
2.122450000000000170e+00
2.125509999999999788e+00
2.127569999999999961e+00
2.130619999999999958e+00
2.132649999999999935e+00
2.135749999999999815e+00
2.137760000000000105e+00
2.140829999999999789e+00
2.142889999999999961e+00
2.145820000000000061e+00
2.147879999999999789e+00
2.150949999999999918e+00
2.152979999999999894e+00
2.156010000000000204e+00
2.158049999999999802e+00
2.161119999999999930e+00
2.163180000000000103e+00
2.166249999999999787e+00
2.168260000000000076e+00
2.171339999999999826e+00
2.173389999999999933e+00
2.176489999999999814e+00
2.178519999999999790e+00
2.181589999999999918e+00
2.183629999999999960e+00
2.186700000000000088e+00
2.188759999999999817e+00
2.191800000000000193e+00
2.193890000000000118e+00
2.196969999999999867e+00
2.198999999999999844e+00
2.202059999999999906e+00
2.204060000000000130e+00
2.207110000000000127e+00
2.209169999999999856e+00
2.212260000000000115e+00
2.214300000000000157e+00
2.217350000000000154e+00
2.219390000000000196e+00
2.222440000000000193e+00
2.224509999999999987e+00
2.227559999999999985e+00
2.229610000000000092e+00
2.232709999999999972e+00
2.234729999999999883e+00
2.237810000000000077e+00
2.239860000000000184e+00
2.242960000000000065e+00
2.245000000000000107e+00
2.248050000000000104e+00
2.250090000000000146e+00
2.253120000000000012e+00
2.255180000000000184e+00
2.258239999999999803e+00
2.260299999999999976e+00
2.263189999999999813e+00
2.265219999999999789e+00
2.268299999999999983e+00
2.270340000000000025e+00
2.273420000000000218e+00
2.275459999999999816e+00
2.278509999999999813e+00
2.280569999999999986e+00
2.283650000000000180e+00
2.285699999999999843e+00
2.288730000000000153e+00
2.290830000000000144e+00
2.293890000000000207e+00
2.295939999999999870e+00
2.298989999999999867e+00
2.301000000000000156e+00
2.304050000000000153e+00
2.306109999999999882e+00
2.309190000000000076e+00
2.311230000000000118e+00
2.314299999999999802e+00
2.316329999999999778e+00
2.319380000000000219e+00
2.321450000000000014e+00
2.324489999999999945e+00
2.326529999999999987e+00
2.329619999999999802e+00
2.331640000000000157e+00
2.334750000000000103e+00
2.336790000000000145e+00
2.339890000000000025e+00
2.341940000000000133e+00
2.345009999999999817e+00
2.347030000000000172e+00
2.350080000000000169e+00
2.352110000000000145e+00
2.355179999999999829e+00
2.357229999999999936e+00
2.360300000000000065e+00
2.362340000000000106e+00
2.365439999999999987e+00
2.367469999999999963e+00
2.370530000000000026e+00
2.372570000000000068e+00
2.375630000000000130e+00
2.377699999999999925e+00
2.380599999999999827e+00
2.382649999999999935e+00
2.385699999999999932e+00
2.387799999999999923e+00
2.390859999999999985e+00
2.392920000000000158e+00
2.395960000000000090e+00
2.397969999999999935e+00
2.401029999999999998e+00
2.403080000000000105e+00
2.406159999999999854e+00
2.408180000000000209e+00
2.411270000000000024e+00
2.413310000000000066e+00
2.416360000000000063e+00
2.418439999999999923e+00
2.421469999999999789e+00
2.423519999999999897e+00
2.426590000000000025e+00
2.428640000000000132e+00
2.431729999999999947e+00
2.433759999999999923e+00
2.436859999999999804e+00
2.438889999999999780e+00
2.441980000000000040e+00
2.444030000000000147e+00
2.447049999999999947e+00
2.449079999999999924e+00
2.452150000000000052e+00
2.454209999999999781e+00
2.457250000000000156e+00
2.459319999999999951e+00
2.462410000000000210e+00
2.464420000000000055e+00
2.467499999999999805e+00
2.469539999999999846e+00
2.472609999999999975e+00
2.474660000000000082e+00
2.477739999999999831e+00
2.479779999999999873e+00
2.482829999999999870e+00
2.484910000000000174e+00
2.487969999999999793e+00
2.490029999999999966e+00
2.493090000000000028e+00
2.495099999999999874e+00
2.498159999999999936e+00
2.500210000000000043e+00
2.503270000000000106e+00
2.505310000000000148e+00
2.508230000000000182e+00
2.510269999999999779e+00
2.513320000000000221e+00
2.515359999999999818e+00
2.518409999999999815e+00
2.520459999999999923e+00
2.523530000000000051e+00
2.525589999999999780e+00
2.528669999999999973e+00
2.530679999999999819e+00
2.533780000000000143e+00
2.535829999999999806e+00
2.538920000000000066e+00
2.540960000000000107e+00
2.543979999999999908e+00
2.546009999999999884e+00
2.549069999999999947e+00
2.551149999999999807e+00
2.554199999999999804e+00
2.556259999999999977e+00
2.559349999999999792e+00
2.561360000000000081e+00
2.564439999999999831e+00
2.566469999999999807e+00
2.569550000000000001e+00
2.571600000000000108e+00
2.574689999999999923e+00
2.576719999999999899e+00
2.579779999999999962e+00
2.581859999999999822e+00
2.584909999999999819e+00
2.586969999999999992e+00
2.590040000000000120e+00
2.592049999999999965e+00
2.595099999999999962e+00
2.597129999999999939e+00
2.600210000000000132e+00
2.602250000000000174e+00
2.605339999999999989e+00
2.607390000000000096e+00
2.610440000000000094e+00
2.612470000000000070e+00
2.615499999999999936e+00
2.617599999999999927e+00
2.620680000000000121e+00
2.622720000000000162e+00
2.625799999999999912e+00
2.627650000000000041e+00
2.630729999999999791e+00
2.632789999999999964e+00
2.635879999999999779e+00
2.637910000000000199e+00
2.640940000000000065e+00
2.642959999999999976e+00
2.646030000000000104e+00
2.648109999999999964e+00
2.651159999999999961e+00
2.653220000000000134e+00
2.656280000000000197e+00
2.658319999999999794e+00
2.661369999999999791e+00
2.663409999999999833e+00
2.666510000000000158e+00
2.668559999999999821e+00
2.671640000000000015e+00
2.673669999999999991e+00
2.676730000000000054e+00
2.678789999999999782e+00
2.681849999999999845e+00
2.683910000000000018e+00
2.686960000000000015e+00
2.688979999999999926e+00
2.692039999999999988e+00
2.694059999999999899e+00
2.697150000000000158e+00
2.699199999999999822e+00
2.702280000000000015e+00
2.704320000000000057e+00
2.707380000000000120e+00
2.709400000000000031e+00
2.712439999999999962e+00
2.714539999999999953e+00
2.717620000000000147e+00
2.719679999999999875e+00
2.722750000000000004e+00
2.724759999999999849e+00
2.727869999999999795e+00
2.729929999999999968e+00
2.732990000000000030e+00
2.735040000000000138e+00
2.738049999999999873e+00
2.740089999999999915e+00
2.743170000000000108e+00
2.745229999999999837e+00
2.748279999999999834e+00
2.750179999999999847e+00
2.753260000000000041e+00
2.755290000000000017e+00
2.758350000000000080e+00
2.760380000000000056e+00
2.763469999999999871e+00
2.765519999999999978e+00
2.768590000000000106e+00
2.770640000000000214e+00
2.773719999999999963e+00
2.775770000000000071e+00
2.778830000000000133e+00
2.780889999999999862e+00
2.783939999999999859e+00
2.785950000000000149e+00
2.789010000000000211e+00
2.791040000000000187e+00
2.794119999999999937e+00
2.796170000000000044e+00
2.799259999999999859e+00
2.801299999999999901e+00
2.804359999999999964e+00
2.806400000000000006e+00
2.809429999999999872e+00
2.811519999999999797e+00
2.814579999999999860e+00
2.816640000000000033e+00
2.819700000000000095e+00
2.821740000000000137e+00
2.824840000000000018e+00
2.826880000000000059e+00
2.829959999999999809e+00
2.831989999999999785e+00
2.834999999999999964e+00
2.837060000000000137e+00
2.840129999999999821e+00
2.842179999999999929e+00
2.845219999999999860e+00
2.847300000000000164e+00
2.850359999999999783e+00
2.852430000000000021e+00
2.855480000000000018e+00
2.857499999999999929e+00
2.860590000000000188e+00
2.862659999999999982e+00
2.865709999999999980e+00
2.867770000000000152e+00
2.870680000000000121e+00
2.872710000000000097e+00
2.875770000000000159e+00
2.877829999999999888e+00
2.880889999999999951e+00
2.882899999999999796e+00
2.885969999999999924e+00
2.887989999999999835e+00
2.891080000000000094e+00
2.893120000000000136e+00
2.896189999999999820e+00
2.898229999999999862e+00
2.901310000000000056e+00
2.903340000000000032e+00
2.906400000000000095e+00
2.908450000000000202e+00
2.911509999999999820e+00
2.913569999999999993e+00
2.916630000000000056e+00
2.918680000000000163e+00
2.921769999999999978e+00
2.923810000000000020e+00
2.926890000000000214e+00
2.928910000000000124e+00
2.931939999999999991e+00
2.934019999999999850e+00
2.937089999999999979e+00
2.939119999999999955e+00
2.942149999999999821e+00
2.944230000000000125e+00
2.947290000000000187e+00
2.949370000000000047e+00
2.952420000000000044e+00
2.954429999999999890e+00
2.957520000000000149e+00
2.959579999999999878e+00
2.962660000000000071e+00
2.964700000000000113e+00
2.967779999999999863e+00
2.969829999999999970e+00
2.972879999999999967e+00
2.974940000000000140e+00
2.977819999999999911e+00
2.979830000000000201e+00
2.982909999999999950e+00
2.984929999999999861e+00
2.988020000000000120e+00
2.990060000000000162e+00
2.993129999999999846e+00
2.995179999999999954e+00
2.998260000000000147e+00
3.000280000000000058e+00
3.003330000000000055e+00
3.005380000000000162e+00
3.008469999999999978e+00
3.010530000000000150e+00
3.013590000000000213e+00
3.015639999999999876e+00
3.018730000000000135e+00
3.020750000000000046e+00
3.023820000000000174e+00
3.025850000000000151e+00
3.028910000000000213e+00
3.030949999999999811e+00
3.034030000000000005e+00
3.036049999999999915e+00
3.039099999999999913e+00
3.041189999999999838e+00
3.044249999999999901e+00
3.046320000000000139e+00
3.049360000000000070e+00
3.051379999999999981e+00
3.054460000000000175e+00
3.056519999999999904e+00
3.059610000000000163e+00
3.061650000000000205e+00
3.064729999999999954e+00
3.066769999999999996e+00
3.069819999999999993e+00
3.071880000000000166e+00
3.074930000000000163e+00
3.076960000000000139e+00
3.080020000000000202e+00
3.082069999999999865e+00
3.085129999999999928e+00
3.087140000000000217e+00
3.090250000000000163e+00
3.092290000000000205e+00
3.095369999999999955e+00
3.097399999999999931e+00
3.100249999999999950e+00
3.102279999999999927e+00
3.105360000000000120e+00
3.107429999999999914e+00
3.110489999999999977e+00
3.112550000000000150e+00
3.115639999999999965e+00
3.117649999999999810e+00
3.120730000000000004e+00
3.122780000000000111e+00
3.125820000000000043e+00
3.127870000000000150e+00
3.130939999999999834e+00
3.132950000000000124e+00
3.136019999999999808e+00
3.138110000000000177e+00
3.141189999999999927e+00
3.143219999999999903e+00
3.146279999999999966e+00
3.148289999999999811e+00
3.151380000000000070e+00
3.153430000000000177e+00
3.156530000000000058e+00
3.158560000000000034e+00
3.161649999999999849e+00
3.163699999999999957e+00
3.166760000000000019e+00
3.168800000000000061e+00
3.171839999999999993e+00
3.173880000000000035e+00
3.176940000000000097e+00
3.178980000000000139e+00
3.182049999999999823e+00
3.184070000000000178e+00
3.187180000000000124e+00
3.189220000000000166e+00
3.192289999999999850e+00
3.194329999999999892e+00
3.197379999999999889e+00
3.199429999999999996e+00
3.202500000000000124e+00
3.204579999999999984e+00
3.207629999999999981e+00
3.209690000000000154e+00
3.212759999999999838e+00
3.214789999999999814e+00
3.217880000000000074e+00
3.219920000000000115e+00
3.222949999999999982e+00
3.225000000000000089e+00
3.228050000000000086e+00
3.230100000000000193e+00
3.233010000000000161e+00
3.235069999999999890e+00
3.238129999999999953e+00
3.240180000000000060e+00
3.243230000000000057e+00
3.245280000000000165e+00
3.248359999999999914e+00
3.250389999999999890e+00
3.253480000000000150e+00
3.255520000000000191e+00
3.258589999999999876e+00
3.260639999999999983e+00
3.263729999999999798e+00
3.265760000000000218e+00
3.268810000000000215e+00
3.270840000000000192e+00
3.273890000000000189e+00
3.275949999999999918e+00
3.279009999999999980e+00
3.281019999999999825e+00
3.284130000000000216e+00
3.286169999999999813e+00
3.289239999999999942e+00
3.291269999999999918e+00
3.294329999999999981e+00
3.296370000000000022e+00
3.299450000000000216e+00
3.301520000000000010e+00
3.304559999999999942e+00
3.306620000000000115e+00
3.309689999999999799e+00
3.311749999999999972e+00
3.314810000000000034e+00
3.316850000000000076e+00
3.319890000000000008e+00
3.321930000000000049e+00
3.325009999999999799e+00
3.327049999999999841e+00
3.330140000000000100e+00
3.332170000000000076e+00
3.335210000000000008e+00
3.337270000000000181e+00
3.340339999999999865e+00
3.342389999999999972e+00
3.345479999999999787e+00
3.347319999999999851e+00
3.350420000000000176e+00
3.352460000000000218e+00
3.355539999999999967e+00
3.357590000000000074e+00
3.360669999999999824e+00
3.362699999999999800e+00
3.365740000000000176e+00
3.367760000000000087e+00
3.370839999999999836e+00
3.372889999999999944e+00
3.375950000000000006e+00
3.377979999999999983e+00
3.381069999999999798e+00
3.383119999999999905e+00
3.386159999999999837e+00
3.388209999999999944e+00
3.391290000000000138e+00
3.393330000000000179e+00
3.396409999999999929e+00
3.398460000000000036e+00
3.401510000000000034e+00
3.403589999999999893e+00
3.406660000000000021e+00
3.408720000000000194e+00
3.411760000000000126e+00
3.413780000000000037e+00
3.416819999999999968e+00
3.418880000000000141e+00
3.421969999999999956e+00
3.424009999999999998e+00
3.427080000000000126e+00
3.429120000000000168e+00
3.432170000000000165e+00
3.434229999999999894e+00
3.437289999999999957e+00
3.439340000000000064e+00
3.442410000000000192e+00
3.444440000000000168e+00
3.447499999999999787e+00
3.449580000000000091e+00
3.452659999999999840e+00
3.454709999999999948e+00
3.457790000000000141e+00
3.459820000000000118e+00
3.462680000000000202e+00
3.464710000000000178e+00
3.467779999999999863e+00
3.469840000000000035e+00
3.472900000000000098e+00
3.474920000000000009e+00
3.478019999999999889e+00
3.480049999999999866e+00
3.483109999999999928e+00
3.485160000000000036e+00
3.488239999999999785e+00
3.490289999999999893e+00
3.493360000000000021e+00
3.495389999999999997e+00
3.498470000000000191e+00
3.500539999999999985e+00
3.503620000000000179e+00
3.505669999999999842e+00
3.508729999999999905e+00
3.510749999999999815e+00
3.513780000000000125e+00
3.515839999999999854e+00
3.518930000000000113e+00
3.520960000000000090e+00
3.524049999999999905e+00
3.526060000000000194e+00
3.529129999999999878e+00
3.531210000000000182e+00
3.534250000000000114e+00
3.536319999999999908e+00
3.539390000000000036e+00
3.541409999999999947e+00
3.544490000000000141e+00
3.546530000000000182e+00
3.549630000000000063e+00
3.551670000000000105e+00
3.554759999999999920e+00
3.556789999999999896e+00
3.559820000000000206e+00
3.561850000000000183e+00
3.564909999999999801e+00
3.566980000000000040e+00
3.570030000000000037e+00
3.572080000000000144e+00
3.575159999999999894e+00
3.577179999999999804e+00
3.580099999999999838e+00
3.582129999999999814e+00
3.585199999999999942e+00
3.587260000000000115e+00
3.590320000000000178e+00
3.592360000000000220e+00
3.595429999999999904e+00
3.597510000000000208e+00
3.600569999999999826e+00
3.602619999999999933e+00
3.605690000000000062e+00
3.607699999999999907e+00
3.610749999999999904e+00
3.612800000000000011e+00
3.615880000000000205e+00
3.617910000000000181e+00
3.620989999999999931e+00
3.623029999999999973e+00
3.626100000000000101e+00
3.628159999999999830e+00
3.631209999999999827e+00
3.633259999999999934e+00
3.636330000000000062e+00
3.638370000000000104e+00
3.641449999999999854e+00
3.643479999999999830e+00
3.646580000000000155e+00
3.648620000000000196e+00
3.651699999999999946e+00
3.653709999999999791e+00
3.656769999999999854e+00
3.658790000000000209e+00
3.661869999999999958e+00
3.663940000000000197e+00
3.666970000000000063e+00
3.669039999999999857e+00
3.672120000000000051e+00
3.674129999999999896e+00
3.677210000000000090e+00
3.679250000000000131e+00
3.682220000000000049e+00
3.684359999999999857e+00
3.687440000000000051e+00
3.689470000000000027e+00
3.692359999999999864e+00
3.694440000000000168e+00
3.697490000000000165e+00
3.699559999999999960e+00
3.702609999999999957e+00
3.704649999999999999e+00
3.707679999999999865e+00
3.709729999999999972e+00
3.712819999999999787e+00
3.714859999999999829e+00
3.717919999999999892e+00
3.719969999999999999e+00
3.723040000000000127e+00
3.725089999999999790e+00
3.728149999999999853e+00
3.730189999999999895e+00
3.733270000000000088e+00
3.735329999999999817e+00
3.738389999999999880e+00
3.740429999999999922e+00
3.743520000000000181e+00
3.745550000000000157e+00
3.748610000000000220e+00
3.750669999999999948e+00
3.753699999999999815e+00
3.755739999999999856e+00
3.758799999999999919e+00
3.760870000000000157e+00
3.763910000000000089e+00
3.765979999999999883e+00
3.769050000000000011e+00
3.771069999999999922e+00
3.774150000000000116e+00
3.776180000000000092e+00
3.779269999999999907e+00
3.781309999999999949e+00
3.784400000000000208e+00
3.786439999999999806e+00
3.789499999999999869e+00
3.791560000000000041e+00
3.794620000000000104e+00
3.796670000000000211e+00
3.799729999999999830e+00
3.801769999999999872e+00
3.804819999999999869e+00
3.806830000000000158e+00
3.809759999999999813e+00
3.811799999999999855e+00
3.814890000000000114e+00
3.816930000000000156e+00
3.819999999999999840e+00
3.822039999999999882e+00
3.825070000000000192e+00
3.827139999999999986e+00
3.830220000000000180e+00
3.832279999999999909e+00
3.835350000000000037e+00
3.837369999999999948e+00
3.840450000000000141e+00
3.842509999999999870e+00
3.845569999999999933e+00
3.847620000000000040e+00
3.850659999999999972e+00
3.852679999999999882e+00
3.855729999999999880e+00
3.857800000000000118e+00
3.860860000000000181e+00
3.862929999999999975e+00
3.865990000000000038e+00
3.868030000000000079e+00
3.871090000000000142e+00
3.873120000000000118e+00
3.876209999999999933e+00
3.878260000000000041e+00
3.881349999999999856e+00
3.883379999999999832e+00
3.886460000000000026e+00
3.888510000000000133e+00
3.891560000000000130e+00
3.893629999999999924e+00
3.896689999999999987e+00
3.898709999999999898e+00
3.901759999999999895e+00
3.903789999999999871e+00
3.906870000000000065e+00
3.908910000000000107e+00
3.912020000000000053e+00
3.914050000000000029e+00
3.917129999999999779e+00
3.919160000000000199e+00
3.922200000000000131e+00
3.924269999999999925e+00
3.927340000000000053e+00
3.929409999999999847e+00
3.932459999999999845e+00
3.934480000000000199e+00
3.937580000000000080e+00
3.939470000000000027e+00
3.942520000000000024e+00
3.944589999999999819e+00
3.947620000000000129e+00
3.949650000000000105e+00
3.952700000000000102e+00
3.954750000000000210e+00
3.957829999999999959e+00
3.959890000000000132e+00
3.962950000000000195e+00
3.964989999999999792e+00
3.968059999999999921e+00
3.970089999999999897e+00
3.973160000000000025e+00
3.975220000000000198e+00
3.978299999999999947e+00
3.980350000000000055e+00
3.983410000000000117e+00
3.985459999999999781e+00
3.988519999999999843e+00
3.990590000000000082e+00
3.993660000000000210e+00
3.995680000000000121e+00
3.998730000000000118e+00
4.000740000000000407e+00
4.003829999999999778e+00
4.005869999999999820e+00
4.008960000000000079e+00
4.011000000000000121e+00
4.014079999999999870e+00
4.016090000000000160e+00
4.019169999999999909e+00
4.021239999999999704e+00
4.024289999999999701e+00
4.026360000000000383e+00
4.029410000000000380e+00
4.031460000000000043e+00
4.034530000000000172e+00
4.036590000000000344e+00
4.039659999999999584e+00
4.041710000000000136e+00
4.044730000000000381e+00
4.046759999999999913e+00
4.049839999999999662e+00
4.051890000000000214e+00
4.054770000000000429e+00
4.056849999999999845e+00
4.059899999999999842e+00
4.061939999999999884e+00
4.065019999999999634e+00
4.067050000000000054e+00
4.070120000000000182e+00
4.072160000000000224e+00
4.075239999999999974e+00
4.077280000000000015e+00
4.080350000000000144e+00
4.082390000000000185e+00
4.085460000000000313e+00
4.087530000000000108e+00
4.090580000000000105e+00
4.092590000000000394e+00
4.095659999999999634e+00
4.097690000000000055e+00
4.100769999999999804e+00
4.102820000000000356e+00
4.105909999999999727e+00
4.107940000000000147e+00
4.111010000000000275e+00
4.113030000000000186e+00
4.116119999999999557e+00
4.118159999999999599e+00
4.121240000000000236e+00
4.123280000000000278e+00
4.126339999999999897e+00
4.128409999999999691e+00
4.131499999999999950e+00
4.133519999999999861e+00
4.136589999999999989e+00
4.138630000000000031e+00
4.141670000000000407e+00
4.143699999999999939e+00
4.146779999999999688e+00
4.148810000000000109e+00
4.151880000000000237e+00
4.153950000000000031e+00
4.157000000000000028e+00
4.159060000000000201e+00
4.162130000000000329e+00
4.164159999999999862e+00
4.167069999999999830e+00
4.169120000000000381e+00
4.172200000000000131e+00
4.174240000000000173e+00
4.177319999999999922e+00
4.179359999999999964e+00
4.182419999999999582e+00
4.184490000000000265e+00
4.187520000000000131e+00
4.189530000000000420e+00
4.192619999999999791e+00
4.194650000000000212e+00
4.197729999999999961e+00
4.199760000000000382e+00
4.202860000000000262e+00
4.204889999999999795e+00
4.207959999999999923e+00
4.210009999999999586e+00
4.213070000000000093e+00
4.215119999999999756e+00
4.218180000000000263e+00
4.220229999999999926e+00
4.223309999999999675e+00
4.225369999999999848e+00
4.228449999999999598e+00
4.230459999999999887e+00
4.233539999999999637e+00
4.235590000000000188e+00
4.238610000000000433e+00
4.240660000000000096e+00
4.243739999999999846e+00
4.245770000000000266e+00
4.248820000000000263e+00
4.250899999999999679e+00
4.253969999999999807e+00
4.256029999999999980e+00
4.259079999999999977e+00
4.261110000000000397e+00
4.264190000000000147e+00
4.266239999999999810e+00
4.269309999999999938e+00
4.271359999999999602e+00
4.274460000000000370e+00
4.276500000000000412e+00
4.279569999999999652e+00
4.281450000000000422e+00
4.284489999999999910e+00
4.286500000000000199e+00
4.289570000000000327e+00
4.291619999999999990e+00
4.294679999999999609e+00
4.296719999999999651e+00
4.299809999999999910e+00
4.301859999999999573e+00
4.304929999999999701e+00
4.306980000000000253e+00
4.310050000000000381e+00
4.312090000000000423e+00
4.315109999999999779e+00
4.317190000000000083e+00
4.320280000000000342e+00
4.322330000000000005e+00
4.325409999999999755e+00
4.327429999999999666e+00
4.330499999999999794e+00
4.332559999999999967e+00
4.335569999999999702e+00
4.337629999999999875e+00
4.340700000000000003e+00
4.342730000000000423e+00
4.345780000000000420e+00
4.347850000000000215e+00
4.350929999999999964e+00
4.352979999999999627e+00
4.356049999999999756e+00
4.358089999999999797e+00
4.361139999999999795e+00
4.363199999999999967e+00
4.366270000000000095e+00
4.368310000000000137e+00
4.371410000000000018e+00
4.373440000000000438e+00
4.376520000000000188e+00
4.378549999999999720e+00
4.381619999999999848e+00
4.383630000000000138e+00
4.386700000000000266e+00
4.388760000000000439e+00
4.391810000000000436e+00
4.393650000000000055e+00
4.396759999999999557e+00
4.398810000000000109e+00
4.401889999999999858e+00
4.403920000000000279e+00
4.407009999999999650e+00
4.409040000000000070e+00
4.412090000000000067e+00
4.414150000000000240e+00
4.417220000000000368e+00
4.419279999999999653e+00
4.422340000000000160e+00
4.424380000000000202e+00
4.427469999999999573e+00
4.429509999999999614e+00
4.432540000000000369e+00
4.434580000000000410e+00
4.437649999999999650e+00
4.439700000000000202e+00
4.442739999999999689e+00
4.444810000000000372e+00
4.447879999999999612e+00
4.449939999999999785e+00
4.452989999999999782e+00
4.455009999999999692e+00
4.458099999999999952e+00
4.460130000000000372e+00
4.463210000000000122e+00
4.465250000000000163e+00
4.468340000000000423e+00
4.470390000000000086e+00
4.473449999999999704e+00
4.475489999999999746e+00
4.478550000000000253e+00
4.480570000000000164e+00
4.483640000000000292e+00
4.485699999999999577e+00
4.488749999999999574e+00
4.490779999999999994e+00
4.493870000000000253e+00
4.495910000000000295e+00
4.498980000000000423e+00
4.501030000000000086e+00
4.504089999999999705e+00
4.505969999999999587e+00
4.509030000000000094e+00
4.511099999999999888e+00
4.514160000000000394e+00
4.516230000000000189e+00
4.519280000000000186e+00
4.521320000000000228e+00
4.524399999999999977e+00
4.526440000000000019e+00
4.529460000000000264e+00
4.531509999999999927e+00
4.534580000000000055e+00
4.536629999999999718e+00
4.539699999999999847e+00
4.541760000000000019e+00
4.544819999999999638e+00
4.546879999999999811e+00
4.549929999999999808e+00
4.551980000000000359e+00
4.555060000000000109e+00
4.557089999999999641e+00
4.560159999999999769e+00
4.562210000000000321e+00
4.565290000000000070e+00
4.567350000000000243e+00
4.570420000000000371e+00
4.572440000000000282e+00
4.575499999999999901e+00
4.577519999999999811e+00
4.580580000000000318e+00
4.582620000000000360e+00
4.585700000000000109e+00
4.587740000000000151e+00
4.590830000000000410e+00
4.592889999999999695e+00
4.595950000000000202e+00
4.597979999999999734e+00
4.601060000000000372e+00
4.603100000000000414e+00
4.606169999999999654e+00
4.608209999999999695e+00
4.611279999999999824e+00
4.613330000000000375e+00
4.616410000000000124e+00
4.618459999999999788e+00
4.621540000000000425e+00
4.623569999999999958e+00
4.626590000000000202e+00
4.628639999999999866e+00
4.631549999999999834e+00
4.633770000000000167e+00
4.635790000000000077e+00
4.638880000000000337e+00
4.640920000000000378e+00
4.643989999999999618e+00
4.646040000000000170e+00
4.649110000000000298e+00
4.651139999999999830e+00
4.654209999999999958e+00
4.656279999999999752e+00
4.659320000000000128e+00
4.661389999999999922e+00
4.664460000000000051e+00
4.666509999999999714e+00
4.669579999999999842e+00
4.671619999999999884e+00
4.674649999999999750e+00
4.676689999999999792e+00
4.679750000000000298e+00
4.681799999999999962e+00
4.684879999999999711e+00
4.686939999999999884e+00
4.689969999999999750e+00
4.692040000000000433e+00
4.695109999999999673e+00
4.697169999999999845e+00
4.700239999999999974e+00
4.702270000000000394e+00
4.705350000000000144e+00
4.707390000000000185e+00
4.710460000000000313e+00
4.712509999999999977e+00
4.715589999999999726e+00
4.717439999999999856e+00
4.720500000000000362e+00
4.722520000000000273e+00
4.725579999999999892e+00
4.727640000000000065e+00
4.730710000000000193e+00
4.732739999999999725e+00
4.735829999999999984e+00
4.737870000000000026e+00
4.740940000000000154e+00
4.742980000000000196e+00
4.746069999999999567e+00
4.748090000000000366e+00
4.751170000000000115e+00
4.753230000000000288e+00
4.756280000000000285e+00
4.758339999999999570e+00
4.761409999999999698e+00
4.763469999999999871e+00
4.766539999999999999e+00
4.768570000000000420e+00
4.771580000000000155e+00
4.773649999999999949e+00
4.776720000000000077e+00
4.778760000000000119e+00
4.781839999999999868e+00
4.783890000000000420e+00
4.786920000000000286e+00
4.788999999999999702e+00
4.792060000000000208e+00
4.794130000000000003e+00
4.797189999999999621e+00
4.799210000000000420e+00
4.802279999999999660e+00
4.804330000000000211e+00
4.807419999999999582e+00
4.809479999999999755e+00
4.812540000000000262e+00
4.814580000000000304e+00
4.817619999999999791e+00
4.819639999999999702e+00
4.822720000000000340e+00
4.824770000000000003e+00
4.827829999999999622e+00
4.829869999999999663e+00
4.832770000000000010e+00
4.834819999999999673e+00
4.837900000000000311e+00
4.839940000000000353e+00
4.842999999999999972e+00
4.845040000000000013e+00
4.848119999999999763e+00
4.850150000000000183e+00
4.853220000000000312e+00
4.855279999999999596e+00
4.858360000000000234e+00
4.860409999999999897e+00
4.863470000000000404e+00
4.865499999999999936e+00
4.868509999999999671e+00
4.870580000000000354e+00
4.873649999999999594e+00
4.875700000000000145e+00
4.878779999999999895e+00
4.880799999999999805e+00
4.883869999999999933e+00
4.885930000000000106e+00
4.888989999999999725e+00
4.891060000000000407e+00
4.894129999999999647e+00
4.896139999999999937e+00
4.899210000000000065e+00
4.901270000000000238e+00
4.904359999999999609e+00
4.906399999999999650e+00
4.909480000000000288e+00
4.911520000000000330e+00
4.914539999999999687e+00
4.916579999999999728e+00
4.919649999999999856e+00
4.921710000000000029e+00
4.924760000000000026e+00
4.926800000000000068e+00
4.929909999999999570e+00
4.931930000000000369e+00
4.934999999999999609e+00
4.937039999999999651e+00
4.940120000000000289e+00
4.942169999999999952e+00
4.945240000000000080e+00
4.947090000000000209e+00
4.950169999999999959e+00
4.952420000000000044e+00
4.955309999999999881e+00
4.957360000000000433e+00
4.960420000000000051e+00
4.962460000000000093e+00
4.965480000000000338e+00
4.967520000000000380e+00
4.970600000000000129e+00
4.972649999999999793e+00
4.975730000000000430e+00
4.977750000000000341e+00
4.980830000000000091e+00
4.982890000000000263e+00
4.985960000000000392e+00
4.988010000000000055e+00
4.991069999999999673e+00
4.993100000000000094e+00
4.996159999999999712e+00
4.998219999999999885e+00
5.000040000000000262e+00
5.000029999999999752e+00
5.000029999999999752e+00
5.000029999999999752e+00
5.000040000000000262e+00
5.000029999999999752e+00
5.000029999999999752e+00
5.000029999999999752e+00
5.000040000000000262e+00
5.000040000000000262e+00
5.000040000000000262e+00
5.000040000000000262e+00
5.000040000000000262e+00
5.000040000000000262e+00
5.000040000000000262e+00
5.000040000000000262e+00
5.000040000000000262e+00
5.000040000000000262e+00
5.000040000000000262e+00
5.000040000000000262e+00
5.000040000000000262e+00
5.000040000000000262e+00
5.000040000000000262e+00
5.000040000000000262e+00
5.000040000000000262e+00
5.000040000000000262e+00
5.000040000000000262e+00
5.000040000000000262e+00
5.000040000000000262e+00
5.000040000000000262e+00
5.000040000000000262e+00
5.000040000000000262e+00
5.000040000000000262e+00
5.000040000000000262e+00
5.000040000000000262e+00
5.000040000000000262e+00
