7.513939999999999586e-06
7.495312999999999772e-06
7.487863000000000377e-06
7.484136999999999593e-06
7.458060000000000385e-06
7.409632000000000211e-06
7.342575999999999984e-06
7.282971999999999631e-06
7.241993000000000307e-06
7.241993000000000307e-06
7.279245999999999694e-06
7.335125999999999742e-06
7.383553999999999916e-06
7.402180999999999729e-06
7.387279999999999853e-06
7.364928000000000342e-06
7.338851000000000287e-06
7.312774000000000231e-06
7.275520999999999997e-06
7.215916000000000252e-06
7.145135999999999720e-06
7.092981999999999609e-06
7.070630000000000098e-06
7.092981999999999609e-06
7.152585999999999962e-06
7.215916000000000252e-06
7.260620000000000120e-06
7.286697000000000176e-06
7.305322999999999750e-06
7.335125999999999742e-06
7.376103999999999674e-06
7.420807000000000150e-06
7.458060000000000385e-06
7.487863000000000377e-06
7.521389999999999828e-06
7.566093999999999696e-06
7.599620999999999994e-06
7.618247999999999807e-06
7.618247999999999807e-06
7.607071999999999628e-06
7.584720000000000117e-06
7.551192999999999820e-06
7.502764000000000254e-06
7.458060000000000385e-06
7.409632000000000211e-06
7.357476999999999861e-06
7.309048999999999687e-06
7.264344999999999818e-06
7.227091999999999584e-06
7.186113999999999652e-06
7.167488000000000078e-06
7.160036999999999596e-06
7.156311999999999899e-06
7.152585999999999962e-06
7.148861000000000264e-06
7.148861000000000264e-06
7.145135999999999720e-06
7.137685000000000085e-06
7.137685000000000085e-06
7.148861000000000264e-06
7.156311999999999899e-06
7.160036999999999596e-06
7.171212999999999775e-06
7.186113999999999652e-06
7.193565000000000133e-06
7.208466000000000010e-06
7.227091999999999584e-06
7.245719000000000244e-06
7.260620000000000120e-06
7.286697000000000176e-06
7.312774000000000231e-06
7.346301999999999921e-06
7.376103999999999674e-06
7.409632000000000211e-06
7.435709000000000266e-06
7.454334999999999840e-06
7.469235999999999717e-06
7.472961000000000261e-06
7.476687000000000198e-06
7.484136999999999593e-06
7.480411999999999896e-06
7.472961000000000261e-06
7.465511000000000019e-06
7.461786000000000322e-06
7.458060000000000385e-06
7.439433999999999964e-06
7.428257999999999785e-06
7.420807000000000150e-06
7.435709000000000266e-06
7.469235999999999717e-06
7.502764000000000254e-06
7.536290999999999704e-06
7.551192999999999820e-06
7.558643000000000062e-06
7.558643000000000062e-06
7.566093999999999696e-06
7.577269999999999875e-06
7.584720000000000117e-06
7.584720000000000117e-06
7.580995000000000420e-06
7.580995000000000420e-06
7.599620999999999994e-06
7.636902999999999547e-06
7.674155999999999781e-06
7.711409000000000015e-06
7.741210999999999768e-06
7.771014000000000608e-06
7.800816000000000361e-06
7.823168000000000718e-06
7.834343999999999203e-06
7.841794000000000292e-06
7.845519999999999382e-06
7.852970000000000471e-06
7.852970000000000471e-06
7.849245000000000774e-06
7.852970000000000471e-06
7.867871000000000348e-06
7.890223000000000706e-06
7.916300000000000761e-06
7.938651999999999425e-06
7.972179000000000570e-06
8.005706999999999412e-06
8.039234999999999949e-06
8.072761999999999400e-06
8.110014999999999634e-06
8.158444000000000047e-06
8.199421999999999979e-06
8.240399999999999911e-06
8.292554000000000022e-06
8.344708000000000133e-06
8.393137000000000546e-06
8.437840999999999568e-06
8.486269999999999981e-06
8.530972999999999611e-06
8.571950999999999543e-06
8.609203999999999777e-06
8.642732000000000314e-06
8.679985000000000548e-06
8.717238000000000783e-06
8.747040000000000536e-06
8.780566999999999986e-06
8.817820000000000221e-06
8.851348000000000757e-06
8.888600999999999298e-06
8.925853999999999532e-06
8.963106999999999767e-06
8.996633999999999217e-06
9.033886999999999451e-06
9.074864999999999383e-06
9.115844000000000402e-06
9.149370999999999852e-06
9.182899000000000389e-06
9.220152000000000623e-06
9.261130000000000555e-06
9.298383000000000790e-06
9.331910000000000240e-06
9.365438000000000777e-06
9.402690999999999317e-06
9.436218999999999854e-06
9.454844999999999428e-06
9.466020999999999607e-06
9.473471000000000696e-06
9.488372999999999965e-06
9.506998999999999539e-06
9.529350999999999897e-06
9.547976999999999471e-06
9.574053999999999526e-06
9.603857000000000366e-06
9.648559999999999995e-06
9.689537999999999927e-06
9.726791000000000161e-06
9.760319000000000698e-06
9.786396000000000754e-06
9.816198000000000507e-06
9.860901999999999528e-06
9.916780999999999337e-06
9.991286999999999806e-06
1.008068999999999919e-05
1.017755000000000050e-05
1.027812999999999946e-05
1.037126999999999972e-05
1.045321999999999984e-05
1.052028000000000018e-05
1.056497999999999994e-05
1.058361000000000047e-05
1.058361000000000047e-05
1.055753000000000054e-05
1.051283000000000079e-05
1.044950000000000050e-05
1.036753999999999967e-05
1.027068000000000006e-05
1.017009999999999941e-05
1.006579000000000040e-05
9.957758999999999269e-06
9.853451000000000741e-06
9.752868000000000217e-06
9.663460999999999872e-06
9.581505000000000008e-06
9.506998999999999539e-06
9.439943999999999552e-06
9.387789999999999441e-06
9.346811999999999509e-06
9.320734999999999453e-06
9.313284000000000666e-06
9.331910000000000240e-06
9.372888999999999564e-06
9.436218999999999854e-06
9.529350999999999897e-06
9.648559999999999995e-06
9.790121000000000451e-06
9.950308999999999874e-06
1.012166999999999960e-05
1.030049000000000004e-05
1.047185000000000037e-05
1.062831000000000023e-05
1.076615000000000025e-05
1.088535999999999974e-05
1.098594000000000039e-05
1.106789999999999952e-05
1.113494999999999916e-05
1.119456000000000010e-05
1.124297999999999921e-05
1.128395999999999962e-05
1.132494000000000003e-05
1.135846999999999935e-05
1.139200000000000037e-05
1.142179999999999964e-05
1.145160000000000061e-05
1.148139999999999988e-05
1.150747999999999981e-05
1.153355999999999974e-05
1.156336000000000070e-05
1.158944000000000063e-05
1.161923999999999990e-05
1.165276999999999923e-05
1.167884000000000015e-05
1.170492000000000007e-05
1.173100000000000000e-05
1.175334999999999988e-05
1.177942999999999981e-05
1.180550000000000073e-05
1.182785000000000061e-05
1.185393000000000053e-05
1.188001000000000046e-05
1.190980999999999973e-05
1.193961000000000070e-05
1.196942000000000067e-05
1.199921999999999995e-05
1.203274999999999927e-05
1.206255000000000024e-05
1.209234999999999951e-05
1.211842999999999944e-05
1.214450000000000036e-05
1.217058000000000029e-05
1.219666000000000021e-05
1.222274000000000014e-05
1.224880999999999937e-05
1.227115999999999925e-05
1.229351999999999982e-05
1.231586999999999970e-05
1.234567000000000067e-05
1.237175000000000060e-05
1.239410000000000048e-05
1.242018000000000040e-05
1.244624999999999963e-05
1.247232999999999956e-05
1.249840999999999948e-05
1.252448000000000041e-05
1.254683999999999929e-05
1.256918999999999917e-05
1.259899000000000014e-05
1.262134000000000002e-05
1.264368999999999990e-05
1.266976999999999982e-05
1.269584999999999975e-05
1.272192000000000067e-05
1.274427999999999955e-05
1.277035000000000048e-05
1.279270999999999936e-05
1.282251000000000033e-05
1.284857999999999956e-05
1.287094000000000013e-05
1.289700999999999936e-05
1.291935999999999924e-05
1.294543999999999917e-05
1.296779000000000074e-05
1.299014999999999962e-05
1.301622000000000055e-05
1.304230000000000047e-05
1.306465000000000035e-05
1.308700000000000023e-05
1.310935000000000011e-05
1.313916000000000008e-05
1.316150999999999996e-05
1.318758999999999989e-05
1.320993999999999977e-05
1.323601000000000069e-05
1.325836999999999957e-05
1.327698999999999941e-05
1.329933999999999929e-05
1.332169999999999986e-05
1.334404999999999974e-05
1.336266999999999957e-05
1.338503000000000015e-05
1.340738000000000003e-05
1.342599999999999986e-05
1.345207999999999979e-05
1.347442999999999967e-05
1.349677999999999955e-05
1.351914000000000013e-05
1.354520999999999936e-05
1.356756999999999993e-05
1.359363999999999916e-05
1.361599000000000073e-05
1.364207000000000066e-05
1.366442000000000054e-05
1.369050000000000047e-05
1.371285000000000035e-05
1.373893000000000027e-05
1.375756000000000080e-05
1.377991000000000068e-05
1.380226000000000056e-05
1.382088999999999940e-05
1.383578999999999988e-05
1.385813999999999976e-05
1.387304000000000025e-05
1.389167000000000078e-05
1.390656999999999957e-05
1.392518999999999940e-05
1.394008999999999988e-05
1.395872000000000042e-05
1.397734999999999925e-05
1.399597000000000078e-05
1.401459999999999962e-05
1.403323000000000015e-05
1.405184999999999998e-05
1.407048000000000051e-05
1.408910999999999935e-05
1.411145999999999923e-05
1.413008000000000075e-05
1.414870999999999959e-05
1.416734000000000012e-05
1.418595999999999995e-05
1.420832000000000053e-05
1.422694000000000036e-05
1.424929000000000024e-05
1.427165000000000082e-05
1.429027000000000065e-05
1.431262000000000053e-05
1.433497999999999942e-05
1.434987999999999990e-05
1.437595000000000082e-05
1.439457999999999966e-05
1.441321000000000019e-05
1.443556000000000007e-05
1.445790999999999995e-05
1.447654000000000048e-05
1.450260999999999971e-05
1.452497000000000029e-05
1.454732000000000017e-05
1.456594000000000000e-05
1.459574999999999997e-05
1.461809999999999985e-05
1.464044999999999973e-05
1.466279999999999961e-05
1.468887999999999954e-05
1.471122999999999942e-05
1.473357999999999930e-05
1.475965999999999922e-05
1.478201000000000080e-05
1.480809000000000072e-05
1.482671000000000055e-05
1.484906999999999944e-05
1.487514000000000036e-05
1.489749000000000024e-05
1.491612000000000077e-05
1.493847000000000065e-05
1.495709999999999949e-05
1.497944999999999937e-05
1.500179999999999924e-05
1.502042999999999978e-05
1.503906000000000031e-05
1.506512999999999953e-05
1.508747999999999941e-05
1.510610999999999995e-05
1.513590999999999922e-05
1.515826000000000079e-05
1.518061999999999968e-05
1.520669000000000060e-05
1.523277000000000052e-05
1.525891000000000126e-05
1.528497999999999879e-05
1.530733000000000037e-05
1.532968999999999925e-05
1.535204000000000082e-05
1.537438999999999901e-05
1.539674000000000058e-05
1.541908999999999877e-05
1.544517000000000039e-05
1.546751999999999857e-05
1.548987000000000015e-05
1.551222999999999903e-05
1.553829999999999995e-05
1.555692999999999879e-05
1.558301000000000041e-05
1.560908000000000133e-05
1.563142999999999952e-05
1.565378999999999840e-05
1.567985999999999932e-05
1.570594000000000094e-05
1.573201999999999918e-05
1.575809000000000010e-05
1.578789999999999838e-05
1.581396999999999930e-05
1.584005000000000092e-05
1.586612999999999915e-05
1.589593000000000012e-05
1.592200999999999835e-05
1.594807999999999927e-05
1.597789000000000094e-05
1.600395999999999847e-05
1.603004000000000009e-05
1.605984000000000106e-05
1.608591999999999929e-05
1.611572000000000026e-05
1.614552000000000123e-05
1.617159999999999946e-05
1.620140000000000043e-05
1.622747999999999866e-05
1.625727999999999963e-05
1.628336000000000125e-05
1.630943999999999948e-05
1.633924000000000045e-05
1.636904000000000142e-05
1.639511999999999965e-05
1.642492000000000062e-05
1.645099999999999885e-05
1.648079999999999982e-05
1.650688000000000144e-05
1.653294999999999898e-05
1.656276000000000064e-05
1.659256000000000161e-05
1.661863999999999984e-05
1.664844000000000081e-05
1.667451999999999905e-05
1.670058999999999997e-05
1.673040000000000163e-05
1.675646999999999917e-05
1.678627000000000014e-05
1.681234999999999837e-05
1.684587999999999938e-05
1.687568000000000035e-05
1.690548000000000132e-05
1.693528999999999960e-05
1.696880999999999992e-05
1.700234000000000093e-05
1.703213999999999851e-05
1.706566999999999953e-05
1.709920000000000054e-05
1.712900000000000151e-05
1.716252999999999914e-05
1.719233000000000011e-05
1.722213000000000107e-05
1.725193999999999935e-05
1.727801000000000028e-05
1.730035999999999846e-05
1.732644000000000008e-05
1.734879000000000165e-05
1.737115000000000054e-05
1.739349999999999872e-05
1.741585000000000030e-05
1.744192999999999853e-05
1.746799999999999945e-05
1.749408000000000107e-05
1.752015999999999930e-05
1.754996000000000027e-05
1.757603999999999850e-05
1.760955999999999882e-05
1.764308999999999984e-05
1.767289000000000080e-05
1.770641999999999843e-05
1.773621999999999940e-05
1.776975000000000042e-05
1.779955000000000138e-05
1.782935999999999966e-05
1.785916000000000063e-05
1.788150999999999882e-05
1.790386000000000039e-05
1.792993999999999862e-05
1.795229000000000020e-05
1.797836999999999843e-05
1.800072000000000000e-05
1.802680000000000162e-05
1.805659999999999920e-05
1.808640000000000017e-05
1.811993000000000119e-05
1.814972999999999877e-05
1.818325999999999978e-05
1.821306000000000075e-05
1.824658999999999838e-05
1.827638999999999935e-05
1.830619000000000031e-05
1.833226999999999855e-05
1.836206999999999952e-05
1.838442000000000109e-05
1.840677999999999997e-05
1.842913000000000155e-05
1.845519999999999908e-05
1.847383000000000130e-05
1.849617999999999949e-05
1.851853000000000106e-05
1.854088999999999995e-05
1.855951000000000147e-05
1.858558999999999971e-05
1.860794000000000128e-05
1.863028999999999946e-05
1.865637000000000109e-05
1.868244999999999932e-05
1.870852000000000024e-05
1.873459999999999847e-05
1.876068000000000009e-05
1.878675999999999832e-05
1.881282999999999924e-05
1.883891000000000087e-05
1.886870999999999845e-05
1.889479000000000007e-05
1.892087000000000169e-05
1.894321999999999987e-05
1.896929000000000079e-05
1.899536999999999903e-05
1.901772000000000060e-05
1.904379999999999883e-05
1.906243000000000106e-05
1.909222999999999864e-05
1.911458000000000021e-05
1.913692999999999840e-05
1.915927999999999997e-05
1.918536000000000159e-05
1.920770999999999977e-05
1.923006000000000135e-05
1.925242000000000023e-05
1.927476999999999842e-05
1.929338999999999994e-05
1.931574999999999883e-05
1.934181999999999975e-05
1.936044999999999859e-05
1.938280000000000016e-05
1.940887999999999839e-05
1.943122999999999996e-05
1.945358000000000154e-05
1.947965999999999977e-05
1.950574000000000139e-05
1.953180999999999892e-05
1.955789000000000054e-05
1.958023999999999873e-05
1.960632000000000035e-05
1.963239999999999858e-05
1.965846999999999950e-05
1.968455000000000112e-05
1.970689999999999931e-05
1.972925000000000088e-05
1.975532999999999911e-05
1.977768000000000069e-05
1.979630999999999953e-05
1.982239000000000115e-05
1.984845999999999868e-05
1.987081000000000025e-05
1.989688999999999848e-05
1.992297000000000011e-05
1.994904999999999834e-05
1.997884999999999931e-05
2.000493000000000093e-05
2.002727999999999911e-05
2.005335000000000003e-05
2.007943000000000165e-05
2.010550999999999989e-05
2.013531000000000085e-05
2.015765999999999904e-05
2.018374000000000066e-05
2.020608999999999884e-05
2.023217000000000047e-05
2.026197000000000143e-05
2.028431999999999962e-05
2.031040000000000124e-05
2.033274999999999942e-05
2.035883000000000104e-05
2.038489999999999858e-05
2.041098000000000020e-05
2.043705999999999843e-05
2.046314000000000005e-05
2.048921000000000097e-05
2.051901999999999925e-05
2.054509000000000017e-05
2.057489000000000114e-05
2.060096999999999937e-05
2.062705000000000099e-05
2.065684999999999857e-05
2.068293000000000019e-05
2.071273000000000116e-05
2.073880999999999940e-05
2.076861000000000036e-05
2.079468999999999860e-05
2.082075999999999952e-05
2.084684000000000114e-05
2.086918999999999932e-05
2.089899000000000029e-05
2.092506999999999852e-05
2.094742000000000010e-05
2.097349999999999833e-05
2.099584999999999990e-05
2.102565000000000087e-05
2.105172999999999910e-05
2.107781000000000072e-05
2.110388999999999896e-05
2.113368999999999992e-05
2.116349000000000089e-05
2.119328999999999847e-05
2.122310000000000014e-05
2.125290000000000111e-05
2.128642999999999874e-05
2.131622999999999970e-05
2.134976000000000072e-05
2.138328000000000104e-05
2.141680999999999866e-05
2.145033999999999968e-05
2.148387000000000070e-05
2.151367000000000166e-05
2.154346999999999924e-05
2.157327000000000021e-05
2.159934999999999844e-05
2.162543000000000006e-05
2.165523000000000103e-05
2.167757999999999922e-05
2.169993000000000079e-05
2.172600999999999902e-05
2.175209000000000064e-05
2.177443999999999883e-05
2.179679000000000040e-05
2.182286999999999864e-05
2.185266999999999960e-05
2.188247000000000057e-05
2.191227000000000154e-05
2.194207999999999982e-05
2.197188000000000079e-05
2.200167999999999837e-05
2.202775999999999999e-05
2.205383000000000091e-05
2.207990999999999914e-05
2.210226000000000072e-05
2.213206999999999900e-05
2.215442000000000057e-05
2.217676999999999875e-05
2.220285000000000037e-05
2.222892000000000130e-05
2.225128000000000018e-05
2.227362999999999836e-05
2.229597999999999994e-05
2.232578000000000091e-05
2.234812999999999909e-05
2.237421000000000071e-05
2.239655999999999890e-05
2.241891000000000047e-05
2.244871999999999875e-05
2.247107000000000032e-05
2.249714000000000124e-05
2.252321999999999948e-05
2.254930000000000110e-05
2.257909999999999868e-05
2.260518000000000030e-05
2.263125000000000122e-05
2.265732999999999945e-05
2.268341000000000107e-05
2.270948999999999930e-05
2.273556000000000023e-05
2.276909000000000124e-05
2.279516999999999947e-05
2.282124000000000039e-05
2.284731999999999863e-05
2.287340000000000025e-05
2.289947999999999848e-05
2.292554999999999940e-05
2.295163000000000102e-05
2.297397999999999921e-05
2.299261000000000143e-05
2.301868999999999966e-05
2.303731000000000119e-05
2.305965999999999938e-05
2.308202000000000165e-05
2.310063999999999979e-05
2.312299000000000136e-05
2.314535000000000024e-05
2.316396999999999838e-05
2.318631999999999996e-05
2.321240000000000158e-05
2.323474999999999976e-05
2.326083000000000138e-05
2.328690999999999961e-05
2.331298000000000053e-05
2.334278999999999881e-05
2.337258999999999978e-05
2.340239000000000075e-05
2.343218999999999833e-05
2.346571999999999935e-05
2.349180000000000097e-05
2.351786999999999850e-05
2.354395000000000012e-05
2.357002999999999835e-05
2.359610999999999997e-05
2.362218000000000089e-05
2.364825999999999913e-05
2.367434000000000075e-05
2.370041000000000167e-05
2.372648999999999990e-05
2.375257000000000152e-05
2.378236999999999910e-05
2.381217000000000007e-05
2.383825000000000169e-05
2.386804999999999927e-05
2.389413000000000089e-05
2.392392999999999847e-05
2.395001000000000009e-05
2.397608000000000101e-05
2.400215999999999925e-05
2.402451000000000082e-05
2.405058999999999905e-05
2.407294000000000062e-05
2.409901999999999886e-05
2.412881999999999983e-05
2.415490000000000145e-05
2.418469999999999903e-05
2.421449999999999999e-05
2.424803000000000101e-05
2.427782999999999859e-05
2.431135999999999961e-05
2.434489000000000062e-05
2.437469000000000159e-05
2.440821999999999922e-05
2.443802000000000019e-05
2.446409999999999842e-05
2.449389999999999939e-05
2.451998000000000101e-05
2.454604999999999854e-05
2.457213000000000016e-05
2.459820999999999839e-05
2.462429000000000001e-05
2.464664000000000159e-05
2.467270999999999912e-05
2.469879000000000074e-05
2.472486999999999897e-05
2.475095000000000059e-05
2.477329999999999878e-05
2.479936999999999970e-05
2.482545000000000132e-05
2.484779999999999950e-05
2.487015000000000108e-05
2.488877999999999991e-05
2.490740999999999875e-05
2.492231000000000093e-05
2.493720999999999972e-05
2.495210999999999851e-05
2.497074000000000074e-05
2.498563999999999953e-05
2.500426000000000105e-05
2.501917000000000054e-05
2.504151999999999873e-05
2.506014000000000025e-05
2.508249999999999914e-05
2.510485000000000071e-05
2.513092000000000163e-05
2.515328000000000052e-05
2.517562999999999870e-05
2.520171000000000032e-05
2.522405999999999851e-05
2.524641000000000008e-05
2.526876000000000165e-05
2.529110999999999984e-05
2.531346000000000141e-05
2.533209000000000025e-05
2.535443999999999843e-05
2.537679000000000001e-05
2.539541999999999885e-05
2.542150000000000047e-05
2.544384999999999865e-05
2.546993000000000027e-05
2.549227999999999846e-05
2.552207999999999942e-05
2.555188000000000039e-05
2.557795999999999863e-05
2.560775999999999959e-05
2.563756000000000056e-05
2.566736999999999884e-05
2.570088999999999916e-05
2.573070000000000083e-05
2.576422000000000114e-05
2.579402999999999942e-05
2.582383000000000039e-05
2.585363000000000136e-05
2.588342999999999894e-05
2.591695999999999995e-05
2.594676000000000092e-05
2.597656999999999920e-05
2.600637000000000017e-05
2.603244999999999840e-05
2.606224999999999937e-05
2.609205000000000034e-05
2.611439999999999852e-05
2.614048000000000014e-05
2.616282999999999833e-05
2.618890999999999995e-05
2.621498000000000087e-05
2.623733999999999976e-05
2.625969000000000133e-05
2.628575999999999886e-05
2.631184000000000048e-05
2.633791999999999872e-05
2.636400000000000034e-05
2.639007000000000126e-05
2.641987999999999954e-05
2.644595000000000046e-05
2.647202999999999869e-05
2.650555999999999971e-05
2.653163000000000063e-05
2.656143999999999891e-05
2.658750999999999983e-05
2.661732000000000150e-05
2.664711999999999908e-05
2.667319000000000000e-05
2.670300000000000166e-05
2.672534999999999985e-05
2.675143000000000147e-05
2.677377999999999965e-05
2.679240000000000118e-05
2.681103000000000002e-05
2.682965999999999886e-05
2.685201000000000043e-05
2.687063999999999927e-05
2.689671000000000019e-05
2.692278999999999842e-05
2.695258999999999939e-05
2.697867000000000101e-05
2.701219999999999864e-05
2.703826999999999956e-05
2.706435000000000118e-05
2.709042999999999941e-05
2.711278000000000098e-05
2.713885999999999922e-05
2.715748000000000074e-05
2.717610999999999958e-05
2.719846000000000115e-05
2.721708999999999999e-05
2.723944000000000156e-05
2.726551999999999980e-05
2.728787000000000137e-05
2.731021999999999955e-05
2.733257000000000113e-05
2.735864999999999936e-05
2.738100000000000093e-05
2.739962999999999977e-05
2.742198000000000134e-05
2.744432999999999953e-05
2.746668000000000110e-05
2.749275999999999933e-05
2.751884000000000095e-05
2.754863999999999853e-05
2.757843999999999950e-05
2.760452000000000112e-05
2.763058999999999866e-05
2.765295000000000093e-05
2.767901999999999846e-05
2.770510000000000008e-05
2.773117999999999832e-05
2.775352999999999989e-05
2.778333000000000086e-05
2.780940999999999909e-05
2.783549000000000071e-05
2.786529000000000168e-05
2.789508999999999926e-05
2.792117000000000088e-05
2.794723999999999841e-05
2.797705000000000008e-05
2.800312000000000100e-05
2.803292999999999928e-05
2.805900000000000020e-05
2.808880999999999848e-05
2.811860999999999945e-05
2.815214000000000046e-05
2.818194000000000143e-05
2.821173999999999901e-05
2.824153999999999998e-05
2.827507000000000100e-05
2.830486999999999858e-05
2.833466999999999955e-05
2.836448000000000121e-05
2.839054999999999875e-05
2.841663000000000037e-05
2.844270999999999860e-05
2.846877999999999952e-05
2.849859000000000119e-05
2.852093999999999937e-05
2.854702000000000099e-05
2.857308999999999853e-05
2.860290000000000019e-05
2.862897000000000112e-05
2.865876999999999870e-05
2.868485000000000032e-05
2.871092999999999855e-05
2.873701000000000017e-05
2.876308000000000109e-05
2.878915999999999932e-05
2.881524000000000094e-05
2.883758999999999913e-05
2.885994000000000070e-05
2.888228999999999889e-05
2.890464000000000046e-05
2.893071999999999869e-05
2.894935000000000092e-05
2.897541999999999845e-05
2.900150000000000007e-05
2.902758000000000169e-05
2.905365999999999992e-05
2.907973000000000084e-05
2.910952999999999843e-05
2.913561000000000005e-05
2.916541000000000101e-05
2.919521999999999929e-05
2.922873999999999961e-05
2.926227000000000063e-05
2.929952000000000099e-05
2.933677999999999866e-05
2.937775999999999907e-05
2.941500999999999944e-05
2.944854000000000045e-05
2.948579000000000082e-05
2.952304000000000118e-05
2.955656999999999881e-05
2.959009999999999982e-05
2.962362000000000014e-05
2.965342999999999842e-05
2.968322999999999939e-05
2.970931000000000101e-05
2.973537999999999854e-05
2.976146000000000016e-05
2.978008999999999900e-05
2.979871000000000052e-05
2.982106999999999941e-05
2.983597000000000159e-05
2.985458999999999972e-05
2.986576999999999917e-05
2.988067000000000135e-05
2.989185000000000079e-05
2.990674999999999958e-05
2.992164999999999837e-05
2.993282000000000050e-05
2.995144999999999934e-05
2.996635000000000151e-05
2.998869999999999970e-05
3.001105999999999858e-05
3.003341000000000016e-05
3.005948000000000108e-05
3.009300999999999871e-05
3.012280999999999967e-05
3.015634000000000069e-05
3.018614000000000166e-05
3.021594999999999994e-05
3.024202000000000086e-05
3.027182999999999914e-05
3.030163000000000011e-05
3.033143000000000107e-05
3.035750999999999931e-05
3.038731000000000028e-05
3.041338999999999851e-05
3.043945999999999943e-05
3.046554000000000105e-05
3.049161999999999928e-05
3.051397000000000086e-05
3.053271000000000061e-05
3.055505999999999880e-05
3.057369000000000102e-05
3.058858999999999981e-05
3.061093999999999800e-05
3.062957000000000022e-05
3.065191999999999841e-05
3.067427000000000337e-05
3.069662000000000155e-05
3.071898000000000044e-05
3.074132999999999862e-05
3.075995000000000015e-05
3.077858000000000238e-05
3.080465999999999722e-05
3.082327999999999875e-05
3.084191000000000097e-05
3.086054000000000320e-05
3.087544000000000199e-05
3.089779000000000017e-05
3.091642000000000240e-05
3.093877000000000058e-05
3.096485000000000220e-05
3.098720000000000039e-05
3.100954999999999857e-05
3.103189999999999676e-05
3.105797999999999838e-05
3.108033000000000334e-05
3.110268000000000153e-05
3.112876000000000315e-05
3.115856000000000073e-05
3.118090999999999891e-05
3.120325999999999710e-05
3.122562000000000276e-05
3.125168999999999690e-05
3.127031999999999913e-05
3.128895000000000135e-05
3.131129999999999954e-05
3.132619999999999833e-05
3.134855000000000329e-05
3.136345000000000208e-05
3.138207999999999753e-05
3.139324999999999966e-05
3.141188000000000189e-05
3.142678000000000068e-05
3.144541000000000290e-05
3.146402999999999765e-05
3.148265999999999988e-05
3.150129000000000210e-05
3.151990999999999685e-05
3.153853999999999908e-05
3.155717000000000130e-05
3.157207000000000009e-05
3.159069000000000162e-05
3.160931999999999707e-05
3.163539999999999869e-05
3.165774999999999687e-05
3.168010000000000184e-05
3.169872999999999728e-05
3.172480999999999890e-05
3.174715999999999709e-05
3.176577999999999862e-05
3.179186000000000024e-05
3.181794000000000186e-05
3.184029000000000004e-05
3.186263999999999823e-05
3.188871999999999985e-05
3.191106999999999803e-05
3.193342000000000299e-05
3.195204999999999844e-05
3.197066999999999997e-05
3.198930000000000219e-05
3.200792999999999764e-05
3.202654999999999917e-05
3.204144999999999796e-05
3.205263000000000079e-05
3.206752999999999958e-05
3.207871000000000241e-05
3.208987999999999777e-05
3.210478000000000333e-05
3.211595999999999939e-05
3.212714000000000222e-05
3.214204000000000101e-05
3.215693999999999980e-05
3.217183999999999859e-05
3.219418999999999677e-05
3.221654000000000173e-05
3.223890000000000062e-05
3.226869999999999820e-05
3.229476999999999912e-05
3.232085000000000074e-05
3.234319999999999893e-05
3.236928000000000055e-05
3.239536000000000217e-05
3.242143000000000309e-05
3.244750999999999793e-05
3.246986000000000289e-05
3.249221000000000108e-05
3.251456999999999996e-05
3.253319000000000149e-05
3.255553999999999967e-05
3.257789999999999856e-05
3.259652000000000008e-05
3.261886999999999827e-05
3.264494999999999989e-05
3.266729999999999808e-05
3.268965999999999696e-05
3.271572999999999788e-05
3.273808000000000284e-05
3.276415999999999769e-05
3.278651000000000265e-05
3.281258999999999749e-05
3.283866999999999911e-05
3.286474000000000003e-05
3.289454999999999831e-05
3.292061999999999923e-05
3.294670000000000086e-05
3.297649999999999844e-05
3.300258000000000006e-05
3.302866000000000168e-05
3.305473000000000260e-05
3.308080999999999744e-05
3.310688999999999906e-05
3.312923999999999725e-05
3.315531999999999887e-05
3.317394000000000039e-05
3.318883999999999918e-05
3.320747000000000141e-05
3.321864999999999746e-05
3.323726999999999899e-05
3.325216999999999778e-05
3.326707999999999727e-05
3.328198000000000284e-05
3.328943000000000223e-05
3.330433000000000102e-05
3.331178000000000042e-05
3.332295000000000255e-05
3.334157999999999800e-05
3.335276000000000083e-05
3.337138000000000235e-05
3.338628000000000114e-05
3.340864000000000003e-05
3.343098999999999821e-05
3.345334000000000317e-05
3.347941999999999802e-05
3.350922000000000237e-05
3.353901999999999995e-05
3.357626999999999693e-05
3.361353000000000138e-05
3.365451000000000179e-05
3.369175999999999877e-05
3.372901000000000252e-05
3.376999000000000293e-05
3.380723999999999990e-05
3.384822000000000031e-05
3.388175000000000133e-05
3.391528000000000235e-05
3.394880000000000266e-05
3.398232999999999690e-05
3.401213000000000126e-05
3.404193999999999954e-05
3.406801000000000046e-05
3.409780999999999804e-05
3.412388999999999966e-05
3.415368999999999724e-05
3.418350000000000229e-05
3.421329999999999988e-05
3.423938000000000150e-05
3.426545000000000242e-05
3.429526000000000070e-05
3.432133000000000162e-05
3.434367999999999980e-05
3.436603999999999869e-05
3.438838999999999687e-05
3.441445999999999779e-05
3.443681999999999668e-05
3.445543999999999820e-05
3.448151999999999982e-05
3.450015000000000205e-05
3.451876999999999680e-05
3.454484999999999842e-05
3.456720000000000338e-05
3.458955000000000157e-05
3.461189999999999975e-05
3.463798000000000137e-05
3.466406000000000299e-05
3.469013999999999784e-05
3.471994000000000219e-05
3.474973999999999977e-05
3.477953999999999735e-05
3.480935000000000241e-05
3.483914999999999999e-05
3.486522000000000091e-05
3.489502999999999919e-05
3.492110000000000011e-05
3.494718000000000173e-05
3.497326000000000335e-05
3.499561000000000154e-05
3.502169000000000316e-05
3.504775999999999730e-05
3.507383999999999892e-05
3.509992000000000054e-05
3.512600000000000216e-05
3.515207000000000309e-05
3.518187000000000067e-05
3.521167999999999895e-05
3.524519999999999926e-05
3.527500999999999754e-05
3.530852999999999786e-05
3.533834000000000291e-05
3.537186000000000323e-05
3.540167000000000151e-05
3.543519000000000183e-05
3.546500000000000011e-05
3.549852000000000042e-05
3.552832999999999870e-05
3.556184999999999902e-05
3.559165999999999730e-05
3.562517999999999761e-05
3.565499000000000267e-05
3.568851000000000298e-05
3.572577000000000066e-05
3.575556999999999824e-05
3.578909999999999926e-05
3.581517000000000018e-05
3.584497999999999846e-05
3.587104999999999938e-05
3.589713000000000100e-05
3.591947999999999918e-05
3.594556000000000080e-05
3.597164000000000242e-05
3.600144000000000000e-05
3.602752000000000162e-05
3.605731999999999920e-05
3.608711999999999678e-05
3.612064999999999780e-05
3.615045000000000216e-05
3.618769999999999913e-05
3.622123000000000015e-05
3.625476000000000116e-05
3.628829000000000218e-05
3.632181000000000249e-05
3.635907000000000017e-05
3.639259000000000049e-05
3.642612000000000150e-05
3.645965000000000252e-05
3.649317999999999676e-05
3.652298000000000111e-05
3.655651000000000213e-05
3.658630999999999971e-05
3.661984000000000072e-05
3.665336000000000104e-05
3.668689000000000206e-05
3.672042000000000307e-05
3.675394999999999731e-05
3.678746999999999763e-05
3.682099999999999864e-05
3.685452999999999966e-05
3.688806000000000067e-05
3.692158000000000099e-05
3.695511000000000200e-05
3.698864000000000302e-05
3.702216999999999726e-05
3.705569999999999828e-05
3.708921999999999859e-05
3.711902999999999687e-05
3.715254999999999719e-05
3.718236000000000224e-05
3.721588000000000256e-05
3.724940999999999680e-05
3.728666000000000055e-05
3.732391999999999822e-05
3.736117000000000198e-05
3.739841999999999895e-05
3.743194999999999997e-05
3.746919999999999694e-05
3.750272999999999796e-05
3.753625999999999897e-05
3.757351000000000272e-05
3.760331000000000030e-05
3.763684000000000132e-05
3.767037000000000234e-05
3.770016999999999992e-05
3.772996999999999750e-05
3.775978000000000255e-05
3.778958000000000013e-05
3.781937999999999771e-05
3.784918000000000207e-05
3.787525999999999691e-05
3.790506000000000127e-05
3.793485999999999885e-05
3.796838999999999987e-05
3.799447000000000149e-05
3.802426999999999907e-05
3.805406999999999665e-05
3.808388000000000170e-05
3.810995000000000262e-05
3.813975000000000020e-05
3.816955999999999848e-05
3.819562999999999940e-05
3.822171000000000102e-05
3.825150999999999860e-05
3.827759000000000023e-05
3.830367000000000185e-05
3.832974000000000277e-05
3.835581999999999761e-05
3.838189999999999923e-05
3.840798000000000085e-05
3.843405000000000177e-05
3.846012999999999662e-05
3.848620999999999824e-05
3.851227999999999916e-05
3.853836000000000078e-05
3.856815999999999836e-05
3.859423999999999998e-05
3.862032000000000160e-05
3.864639000000000252e-05
3.867246999999999737e-05
3.870227000000000172e-05
3.872835000000000334e-05
3.875815000000000092e-05
3.878795999999999920e-05
3.881775999999999678e-05
3.884382999999999770e-05
3.887364000000000276e-05
3.890344000000000034e-05
3.893323999999999792e-05
3.896304000000000228e-05
3.899285000000000056e-05
3.902264999999999814e-05
3.905245000000000249e-05
3.908225000000000007e-05
3.911205999999999835e-05
3.914186000000000271e-05
3.917166000000000029e-05
3.920145999999999787e-05
3.923498999999999889e-05
3.926479000000000324e-05
3.929086999999999809e-05
3.932067000000000244e-05
3.934674999999999729e-05
3.937655000000000164e-05
3.940634999999999922e-05
3.943615999999999750e-05
3.946222999999999842e-05
3.949203999999999670e-05
3.952184000000000106e-05
3.955163999999999864e-05
3.958144000000000300e-05
3.961124000000000058e-05
3.964104999999999886e-05
3.967085000000000321e-05
3.970065000000000079e-05
3.973044999999999837e-05
3.976397999999999939e-05
3.979377999999999697e-05
3.982730999999999798e-05
3.985711000000000234e-05
3.988692000000000062e-05
3.992044000000000094e-05
3.995397000000000195e-05
3.998750000000000297e-05
4.002102999999999721e-05
4.005828000000000096e-05
4.008807999999999854e-05
4.012160999999999955e-05
4.015514000000000057e-05
4.018866000000000089e-05
4.022219000000000190e-05
4.025198999999999948e-05
4.028552000000000050e-05
4.031531999999999808e-05
4.034884999999999909e-05
4.037864999999999667e-05
4.041217999999999769e-05
4.044198000000000205e-05
4.047551000000000306e-05
4.050903999999999730e-05
4.053884000000000166e-05
4.057237000000000267e-05
4.060589999999999691e-05
4.063941999999999723e-05
4.067294999999999824e-05
4.070647999999999926e-05
4.074001000000000027e-05
4.077354000000000129e-05
4.080706000000000161e-05
4.084059000000000262e-05
4.087411999999999686e-05
4.090764999999999788e-05
4.094116999999999819e-05
4.097098000000000325e-05
4.100078000000000083e-05
4.103431000000000184e-05
4.106410999999999942e-05
4.109764000000000044e-05
4.112743999999999802e-05
4.116096999999999904e-05
4.119448999999999935e-05
4.122429999999999763e-05
4.125781999999999795e-05
4.128763000000000300e-05
4.132115000000000332e-05
4.135467999999999756e-05
4.138448000000000192e-05
4.141801000000000293e-05
4.144781000000000051e-05
4.148134000000000153e-05
4.151113999999999911e-05
4.154467000000000012e-05
4.157820000000000114e-05
4.161173000000000215e-05
4.164525000000000247e-05
4.167877999999999671e-05
4.171603000000000046e-05
4.174956000000000148e-05
4.178680999999999845e-05
4.182033999999999947e-05
4.185759000000000322e-05
4.189111999999999746e-05
4.192464999999999847e-05
4.195817999999999949e-05
4.198797999999999707e-05
4.202150999999999808e-05
4.205131000000000244e-05
4.208483999999999668e-05
4.211464000000000104e-05
4.214817000000000205e-05
4.218169000000000237e-05
4.221150000000000065e-05
4.224502000000000096e-05
4.227482999999999924e-05
4.230834999999999956e-05
4.234188000000000058e-05
4.237541000000000159e-05
4.240894000000000261e-05
4.244246999999999685e-05
4.247598999999999716e-05
4.250951999999999818e-05
4.254304999999999919e-05
4.257284999999999677e-05
4.261010000000000053e-05
4.263990999999999880e-05
4.267716000000000256e-05
4.270696000000000014e-05
4.274420999999999711e-05
4.277773999999999813e-05
4.280754000000000248e-05
4.284106999999999672e-05
4.287459999999999774e-05
4.290812999999999875e-05
4.293793000000000311e-05
4.297145999999999735e-05
4.300126000000000171e-05
4.303850999999999868e-05
4.306831000000000304e-05
4.310183999999999728e-05
4.313536999999999829e-05
4.316889999999999931e-05
4.319869999999999689e-05
4.323222999999999790e-05
4.326203000000000226e-05
4.329556000000000328e-05
4.332907999999999682e-05
4.335889000000000187e-05
4.339241000000000219e-05
4.342222000000000047e-05
4.345574000000000078e-05
4.348554999999999906e-05
4.351534999999999664e-05
4.354515000000000100e-05
4.357494999999999858e-05
4.360475999999999686e-05
4.363456000000000122e-05
4.366809000000000223e-05
4.370161000000000255e-05
4.373142000000000083e-05
4.376494000000000114e-05
4.379474999999999942e-05
4.382826999999999974e-05
4.385807999999999802e-05
4.389159999999999834e-05
4.392140999999999661e-05
4.395492999999999693e-05
4.398474000000000199e-05
4.401826000000000230e-05
4.404807000000000058e-05
4.408159000000000090e-05
4.411139999999999918e-05
4.414119999999999676e-05
4.417100000000000112e-05
4.420079999999999870e-05
4.423432999999999971e-05
4.426412999999999729e-05
4.429765999999999831e-05
4.432746000000000266e-05
4.436098999999999690e-05
4.439451999999999792e-05
4.442803999999999823e-05
4.445785000000000329e-05
4.448765000000000087e-05
4.451373000000000249e-05
4.454353000000000007e-05
4.456961000000000169e-05
4.459940999999999927e-05
4.462549000000000089e-05
4.465528999999999847e-05
4.468135999999999939e-05
4.471489000000000041e-05
4.474468999999999799e-05
4.477821999999999900e-05
4.480802000000000336e-05
4.484154999999999760e-05
4.487135000000000196e-05
4.490488000000000297e-05
4.493468000000000055e-05
4.496448999999999883e-05
4.499429000000000319e-05
4.502036999999999803e-05
4.505017000000000239e-05
4.507996999999999997e-05
4.510976999999999755e-05
4.513958000000000261e-05
4.516564999999999675e-05
4.519545000000000111e-05
4.522898000000000212e-05
4.525877999999999970e-05
4.528858999999999798e-05
4.532210999999999830e-05
4.535192000000000335e-05
4.538172000000000093e-05
4.541151999999999851e-05
4.544504999999999953e-05
4.547484999999999711e-05
4.550465000000000147e-05
4.553818000000000248e-05
4.556798000000000006e-05
4.560151000000000108e-05
4.563130999999999866e-05
4.566111999999999694e-05
4.569092000000000129e-05
4.572071999999999887e-05
4.574680000000000050e-05
4.577659999999999808e-05
4.580640000000000243e-05
4.583247999999999728e-05
4.586228000000000163e-05
4.589207999999999921e-05
4.592188999999999749e-05
4.595169000000000185e-05
4.598522000000000286e-05
4.601502000000000044e-05
4.604481999999999802e-05
4.607462000000000238e-05
4.610814999999999662e-05
4.613795000000000098e-05
4.616775999999999926e-05
4.619755999999999684e-05
4.622736000000000119e-05
4.625715999999999877e-05
4.628324000000000039e-05
4.630932000000000201e-05
4.633539000000000294e-05
4.636146999999999778e-05
4.639127000000000214e-05
4.641734999999999698e-05
4.644342999999999860e-05
4.647323000000000296e-05
4.650303000000000054e-05
4.653282999999999812e-05
4.656264000000000317e-05
4.658870999999999732e-05
4.661478999999999894e-05
4.664087000000000056e-05
4.666694000000000148e-05
4.668556999999999693e-05
4.670792000000000189e-05
4.673027000000000008e-05
4.674517999999999957e-05
4.676380000000000109e-05
4.678243000000000332e-05
4.680104999999999807e-05
4.681968000000000029e-05
4.684202999999999848e-05
4.686437999999999666e-05
4.689045999999999828e-05
4.691653999999999990e-05
4.694262000000000152e-05
4.697241999999999910e-05
4.700221999999999668e-05
4.703202000000000104e-05
4.706182999999999932e-05
4.709534999999999964e-05
4.712515999999999792e-05
4.715122999999999884e-05
4.718475999999999985e-05
4.721084000000000147e-05
4.723691000000000239e-05
4.726672000000000067e-05
4.729279000000000160e-05
4.731887000000000322e-05
4.734494999999999806e-05
4.737101999999999898e-05
4.739710000000000060e-05
4.742318000000000222e-05
4.745297999999999980e-05
4.747906000000000142e-05
4.750513000000000234e-05
4.753120999999999719e-05
4.756473999999999820e-05
4.759081999999999982e-05
4.762061999999999740e-05
4.764669999999999903e-05
4.767650000000000338e-05
4.770257999999999823e-05
4.772864999999999915e-05
4.775473000000000077e-05
4.778452999999999835e-05
4.781433000000000270e-05
4.784414000000000098e-05
4.787393999999999856e-05
4.790746999999999958e-05
4.793726999999999716e-05
4.796707000000000152e-05
4.799686999999999910e-05
4.802667999999999738e-05
4.805648000000000173e-05
4.808255000000000265e-05
4.811236000000000093e-05
4.813843000000000185e-05
4.816824000000000013e-05
4.819803999999999771e-05
4.822784000000000207e-05
4.825391999999999691e-05
4.828744999999999793e-05
4.831725000000000229e-05
4.834704999999999987e-05
4.838058000000000088e-05
4.841411000000000190e-05
4.844018000000000282e-05
4.847370999999999706e-05
4.850351000000000141e-05
4.853330999999999899e-05
4.855939000000000062e-05
4.858918999999999820e-05
4.861526999999999982e-05
4.864135000000000144e-05
4.866743000000000306e-05
4.869349999999999720e-05
4.871212999999999943e-05
4.873447999999999761e-05
4.875683000000000257e-05
4.877918000000000076e-05
4.880153999999999964e-05
4.882761000000000056e-05
4.885369000000000219e-05
4.888348999999999977e-05
4.891702000000000078e-05
4.894681999999999836e-05
4.898034999999999938e-05
4.901388000000000039e-05
4.904740000000000071e-05
4.908093000000000172e-05
4.911446000000000274e-05
4.914798999999999698e-05
4.917779000000000134e-05
4.921132000000000235e-05
4.923739000000000327e-05
4.925975000000000216e-05
4.928210000000000034e-05
4.930444999999999853e-05
4.932308000000000075e-05
4.934170000000000228e-05
4.936405000000000046e-05
4.938268000000000269e-05
4.940130999999999814e-05
4.942737999999999906e-05
4.944973999999999794e-05
4.947580999999999886e-05
4.950561999999999714e-05
4.953168999999999807e-05
4.956149000000000242e-05
4.959130000000000070e-05
4.961737000000000162e-05
4.964345000000000324e-05
4.967325000000000082e-05
4.969933000000000244e-05
4.972540999999999729e-05
4.975147999999999821e-05
4.978129000000000327e-05
4.981109000000000085e-05
4.984088999999999843e-05
4.986697000000000005e-05
4.989676999999999763e-05
4.992657000000000198e-05
4.995264999999999683e-05
4.998245000000000118e-05
5.000853000000000280e-05
5.003460999999999765e-05
5.006441000000000200e-05
5.009048999999999685e-05
5.011655999999999777e-05
5.013891000000000273e-05
5.016498999999999758e-05
5.019106999999999920e-05
5.021715000000000082e-05
5.023949999999999900e-05
5.026556999999999992e-05
5.028792999999999881e-05
5.031773000000000316e-05
5.034380999999999801e-05
5.036987999999999893e-05
5.039596000000000055e-05
5.042575999999999813e-05
5.045183999999999975e-05
5.048163999999999733e-05
5.050771999999999895e-05
5.054124999999999997e-05
5.056732000000000089e-05
5.059712999999999917e-05
5.062320000000000009e-05
5.065300999999999837e-05
5.067907999999999929e-05
5.070887999999999687e-05
5.073495999999999849e-05
5.076104000000000011e-05
5.079083999999999769e-05
5.081691999999999931e-05
5.084299000000000023e-05
5.086907000000000185e-05
5.089142000000000004e-05
5.092122999999999832e-05
5.094729999999999924e-05
5.096964999999999742e-05
5.099572999999999904e-05
5.101807999999999723e-05
5.104415999999999885e-05
5.107024000000000047e-05
5.109631000000000139e-05
5.112239000000000301e-05
5.114846999999999786e-05
5.117454999999999948e-05
5.120434999999999706e-05
5.123042999999999868e-05
5.125649999999999960e-05
5.128629999999999718e-05
5.131237999999999880e-05
5.134218000000000316e-05
5.137570999999999740e-05
5.140551000000000175e-05
5.143532000000000003e-05
5.146511999999999761e-05
5.149492000000000197e-05
5.152471999999999955e-05
5.155452999999999783e-05
5.158433000000000218e-05
5.161412999999999976e-05
5.164021000000000138e-05
5.166628000000000231e-05
5.169609000000000059e-05
5.172216000000000151e-05
5.174824000000000313e-05
5.177431999999999797e-05
5.180038999999999889e-05
5.182647000000000051e-05
5.185255000000000213e-05
5.188234999999999971e-05
5.190843000000000133e-05
5.193822999999999891e-05
5.196803000000000327e-05
5.199783000000000085e-05
5.203136000000000187e-05
5.206115999999999945e-05
5.209096999999999773e-05
5.212448999999999804e-05
5.215430000000000310e-05
5.218410000000000068e-05
5.221389999999999826e-05
5.224370000000000262e-05
5.227351000000000089e-05
5.230330999999999847e-05
5.233311000000000283e-05
5.236291000000000041e-05
5.239271999999999869e-05
5.242252000000000305e-05
5.245232000000000063e-05
5.247840000000000225e-05
5.250819999999999983e-05
5.253428000000000145e-05
5.256780000000000177e-05
5.259388000000000339e-05
5.261995999999999823e-05
5.264603999999999985e-05
5.267211000000000077e-05
5.269445999999999896e-05
5.272426999999999724e-05
5.275033999999999816e-05
5.277641999999999978e-05
5.280250000000000140e-05
5.282857000000000232e-05
5.285838000000000060e-05
5.288445000000000152e-05
5.291425999999999980e-05
5.294405999999999738e-05
5.297386000000000174e-05
5.299994000000000336e-05
5.302600999999999750e-05
5.305582000000000256e-05
5.308188999999999670e-05
5.310796999999999832e-05
5.313777000000000268e-05
5.316758000000000096e-05
5.319737999999999854e-05
5.322718000000000290e-05
5.325325999999999774e-05
5.328306000000000210e-05
5.331285999999999968e-05
5.334639000000000069e-05
5.337618999999999827e-05
5.340599000000000263e-05
5.343580000000000091e-05
5.346559999999999849e-05
5.349912999999999950e-05
5.352892999999999708e-05
5.356245999999999810e-05
5.359597999999999842e-05
5.362950999999999943e-05
5.366304000000000045e-05
5.370028999999999742e-05
5.373755000000000187e-05
5.377107000000000219e-05
5.380460000000000320e-05
5.384185000000000018e-05
5.387910999999999785e-05
5.391636000000000161e-05
5.395360999999999858e-05
5.399087000000000303e-05
5.402812000000000001e-05
5.406536999999999698e-05
5.410262000000000073e-05
5.413987999999999841e-05
5.417339999999999873e-05
5.421066000000000318e-05
5.424417999999999672e-05
5.427770999999999773e-05
5.430751000000000209e-05
5.434104000000000310e-05
5.437456999999999734e-05
5.440809999999999836e-05
5.444162999999999937e-05
5.447514999999999969e-05
5.450868000000000071e-05
5.454221000000000172e-05
5.457200999999999930e-05
5.460554000000000032e-05
5.463162000000000194e-05
5.466141999999999952e-05
5.468749000000000044e-05
5.471729999999999872e-05
5.474710000000000307e-05
5.477317999999999792e-05
5.479924999999999884e-05
5.482905999999999712e-05
5.485512999999999804e-05
5.488493000000000240e-05
5.491474000000000068e-05
5.494453999999999826e-05
5.497434000000000261e-05
5.500414000000000019e-05
5.503394999999999847e-05
5.506375000000000283e-05
5.509355000000000041e-05
5.512334999999999799e-05
5.515316000000000305e-05
5.518296000000000063e-05
5.521275999999999821e-05
5.524628999999999922e-05
5.527608999999999680e-05
5.530961999999999782e-05
5.533942000000000217e-05
5.536921999999999975e-05
5.540275000000000077e-05
5.543628000000000179e-05
5.546981000000000280e-05
5.550333000000000312e-05
5.553685999999999736e-05
5.556666000000000171e-05
5.560019000000000273e-05
5.563371999999999697e-05
5.566352000000000132e-05
5.569331999999999890e-05
5.572684999999999992e-05
5.575664999999999750e-05
5.579017999999999852e-05
5.581998000000000287e-05
5.585350999999999711e-05
5.588331000000000147e-05
5.592056999999999914e-05
5.595408999999999946e-05
5.598762000000000047e-05
5.602115000000000149e-05
5.605839999999999847e-05
5.609565000000000222e-05
5.613290999999999989e-05
5.617015999999999687e-05
5.620368999999999788e-05
5.624094000000000163e-05
5.627073999999999921e-05
5.630427000000000023e-05
5.633406999999999781e-05
5.636388000000000287e-05
5.638994999999999701e-05
5.641602999999999863e-05
5.643837999999999682e-05
5.646073000000000178e-05
5.649052999999999936e-05
5.651288999999999824e-05
5.653524000000000320e-05
5.656131999999999805e-05
5.658738999999999897e-05
5.662091999999999998e-05
5.665071999999999756e-05
5.667679999999999919e-05
5.671033000000000020e-05
5.674385000000000052e-05
5.677738000000000153e-05
5.681091000000000255e-05
5.684443999999999679e-05
5.687796999999999780e-05
5.691148999999999812e-05
5.694130000000000317e-05
5.697481999999999671e-05
5.700089999999999834e-05
5.703070000000000269e-05
5.705677999999999754e-05
5.708285999999999916e-05
5.710893000000000008e-05
5.713127999999999826e-05
5.715735999999999988e-05
5.718715999999999746e-05
5.721323999999999908e-05
5.723932000000000070e-05
5.726540000000000233e-05
5.729147000000000325e-05
5.731754999999999809e-05
5.734735000000000245e-05
5.737342999999999729e-05
5.739950999999999891e-05
5.742185999999999710e-05
5.744792999999999802e-05
5.747400999999999964e-05
5.750380999999999722e-05
5.753362000000000227e-05
5.756341999999999985e-05
5.758950000000000148e-05
5.761929999999999906e-05
5.764909999999999664e-05
5.767890000000000099e-05
5.770498000000000261e-05
5.773478000000000019e-05
5.776086000000000181e-05
5.778693999999999666e-05
5.781300999999999758e-05
5.783536000000000254e-05
5.785772000000000142e-05
5.788379000000000235e-05
5.790615000000000123e-05
5.792849999999999942e-05
5.795457000000000034e-05
5.798065000000000196e-05
5.801044999999999954e-05
5.804025999999999782e-05
5.807006000000000217e-05
5.809985999999999975e-05
5.812965999999999733e-05
5.815573999999999895e-05
5.818182000000000057e-05
5.820789000000000150e-05
5.823397000000000312e-05
5.826004999999999796e-05
5.828240000000000292e-05
5.830475000000000111e-05
5.833083000000000273e-05
5.834944999999999748e-05
5.837181000000000314e-05
5.839416000000000132e-05
5.842395999999999890e-05
5.845004000000000052e-05
5.847238999999999871e-05
5.849847000000000033e-05
5.852454000000000125e-05
5.855062000000000287e-05
5.858414999999999711e-05
5.861022999999999873e-05
5.863629999999999965e-05
5.866238000000000127e-05
5.868846000000000289e-05
5.871081000000000108e-05
5.873688000000000200e-05
5.875550999999999745e-05
5.877413999999999967e-05
5.879276000000000120e-05
5.880767000000000069e-05
5.882629000000000222e-05
5.883746999999999827e-05
5.885236999999999706e-05
5.886353999999999919e-05
5.887099999999999929e-05
5.888217000000000142e-05
5.889334999999999747e-05
5.890079999999999687e-05
5.890825000000000304e-05
5.891570000000000243e-05
5.892315000000000183e-05
5.893060000000000122e-05
5.893060000000000122e-05
5.893432999999999788e-05
5.893805000000000062e-05
5.893805000000000062e-05
5.894177999999999728e-05
5.894177999999999728e-05
5.894177999999999728e-05
5.894177999999999728e-05
5.894177999999999728e-05
5.894550000000000001e-05
5.894922999999999667e-05
5.895294999999999941e-05
