5.520904000000000225e-05
5.517922999999999719e-05
5.515687999999999901e-05
5.512708000000000143e-05
5.509727999999999707e-05
5.506001999999999939e-05
5.500786999999999685e-05
5.492591000000000281e-05
5.482905999999999712e-05
5.473219999999999751e-05
5.464278999999999729e-05
5.456083000000000325e-05
5.450123000000000131e-05
5.443416999999999928e-05
5.436711999999999795e-05
5.428515999999999713e-05
5.420320999999999701e-05
5.411379999999999679e-05
5.402439000000000335e-05
5.392753999999999766e-05
5.383067999999999805e-05
5.370402000000000086e-05
5.357735999999999689e-05
5.344325000000000030e-05
5.331659000000000311e-05
5.319737999999999854e-05
5.307817000000000074e-05
5.296641000000000234e-05
5.283974999999999837e-05
5.272054000000000058e-05
5.260133000000000278e-05
5.248956999999999760e-05
5.237780999999999920e-05
5.225115000000000201e-05
5.212448999999999804e-05
5.199038000000000146e-05
5.185626999999999809e-05
5.171471000000000211e-05
5.156569999999999996e-05
5.142413999999999720e-05
5.126768000000000243e-05
5.111122000000000088e-05
5.095474999999999863e-05
5.079083999999999769e-05
5.062692999999999675e-05
5.046302000000000258e-05
5.028420000000000215e-05
5.011284000000000181e-05
4.994147000000000077e-05
4.976266000000000104e-05
4.958385000000000131e-05
4.939758000000000148e-05
4.922622000000000114e-05
4.905486000000000080e-05
4.888348999999999977e-05
4.871212999999999943e-05
4.855566999999999788e-05
4.839175000000000301e-05
4.823529000000000147e-05
4.807138000000000052e-05
4.792981999999999776e-05
4.777336000000000299e-05
4.762434000000000014e-05
4.748277999999999738e-05
4.734122000000000140e-05
4.718475999999999985e-05
4.704319999999999710e-05
4.689419000000000172e-05
4.674517999999999957e-05
4.660361000000000288e-05
4.646205000000000013e-05
4.631303999999999797e-05
4.617893000000000139e-05
4.604481999999999802e-05
4.591816000000000083e-05
4.579149999999999687e-05
4.566483999999999967e-05
4.553818000000000248e-05
4.541896999999999791e-05
4.530720999999999951e-05
4.518800000000000171e-05
4.507624999999999723e-05
4.496448999999999883e-05
4.483783000000000164e-05
4.472607000000000324e-05
4.460685999999999867e-05
4.449510000000000027e-05
4.437589000000000247e-05
4.424922999999999850e-05
4.413002000000000070e-05
4.400335999999999674e-05
4.388414999999999894e-05
4.376494000000000114e-05
4.363082999999999778e-05
4.351161999999999998e-05
4.338496000000000279e-05
4.325829999999999883e-05
4.313164000000000163e-05
4.300497999999999767e-05
4.287832000000000047e-05
4.275166000000000328e-05
4.261754999999999992e-05
4.249089000000000273e-05
4.236422999999999876e-05
4.223757000000000157e-05
4.211090999999999760e-05
4.198425000000000041e-05
4.185759000000000322e-05
4.173092999999999925e-05
4.161918000000000155e-05
4.149996999999999698e-05
4.138820999999999857e-05
4.127645000000000017e-05
4.116469000000000177e-05
4.105293000000000337e-05
4.093371999999999880e-05
4.081451000000000100e-05
4.068784999999999703e-05
4.056118999999999984e-05
4.043453000000000265e-05
4.030786999999999868e-05
4.017376000000000210e-05
4.003219999999999934e-05
3.989064000000000336e-05
3.972673000000000241e-05
3.954791000000000198e-05
3.936910000000000225e-05
3.916793999999999755e-05
3.895931999999999954e-05
3.874325000000000213e-05
3.851972999999999855e-05
3.830367000000000185e-05
3.808014999999999827e-05
3.785663000000000146e-05
3.764056999999999798e-05
3.742450000000000057e-05
3.720843000000000316e-05
3.699236999999999968e-05
3.679120000000000106e-05
3.658258000000000305e-05
3.638141999999999835e-05
3.617280000000000034e-05
3.597164000000000242e-05
3.577792000000000320e-05
3.556929999999999841e-05
3.536814000000000049e-05
3.517442000000000127e-05
3.498816000000000214e-05
3.480189000000000232e-05
3.461563000000000319e-05
3.442936999999999728e-05
3.425800000000000302e-05
3.407173999999999712e-05
3.389291999999999668e-05
3.372156000000000312e-05
3.355020000000000278e-05
3.337883000000000175e-05
3.320747000000000141e-05
3.305100999999999986e-05
3.289454999999999831e-05
3.276044000000000173e-05
3.262632999999999836e-05
3.249967000000000117e-05
3.235809999999999772e-05
3.223144000000000052e-05
3.208987999999999777e-05
3.195577000000000118e-05
3.180675999999999903e-05
3.165029999999999748e-05
3.149384000000000271e-05
3.134483000000000055e-05
3.120325999999999710e-05
3.106915000000000051e-05
3.093503999999999715e-05
3.077858000000000238e-05
3.060722000000000204e-05
3.040593999999999911e-05
3.018986999999999832e-05
2.995144999999999934e-05
2.972047999999999975e-05
2.948951000000000016e-05
2.926600000000000067e-05
2.907973000000000084e-05
2.891581999999999990e-05
2.879660999999999872e-05
2.869974999999999911e-05
2.864759999999999995e-05
2.862524999999999838e-05
2.864015000000000056e-05
2.868485000000000032e-05
2.875190999999999896e-05
2.884130999999999848e-05
2.893817000000000148e-05
2.904248000000000048e-05
2.914678999999999949e-05
2.925855000000000128e-05
2.935540000000000019e-05
2.944481000000000041e-05
2.951931999999999844e-05
2.958636999999999978e-05
2.963852999999999963e-05
2.967577999999999999e-05
2.968322999999999939e-05
2.966088000000000120e-05
2.959381999999999917e-05
2.948206000000000077e-05
2.931814999999999983e-05
2.910207999999999903e-05
2.882640999999999969e-05
2.850604000000000058e-05
2.814841000000000042e-05
2.776097999999999928e-05
2.735864999999999936e-05
2.697867000000000101e-05
2.662104000000000084e-05
2.630812000000000114e-05
2.603244999999999840e-05
2.580147999999999882e-05
2.560775999999999959e-05
2.544384999999999865e-05
2.529483999999999989e-05
2.516817999999999931e-05
2.504897000000000151e-05
2.493720999999999972e-05
2.482545000000000132e-05
2.472858999999999832e-05
2.462429000000000001e-05
2.451998000000000101e-05
2.442312000000000140e-05
2.431880999999999900e-05
2.422939999999999878e-05
2.412510000000000048e-05
2.402824000000000087e-05
2.393883000000000065e-05
2.383452000000000164e-05
2.374511999999999874e-05
2.364825999999999913e-05
2.355884999999999891e-05
2.346944999999999939e-05
2.338748999999999857e-05
2.329807999999999836e-05
2.320121999999999875e-05
2.310436999999999983e-05
2.300006000000000083e-05
2.289574999999999843e-05
2.279143999999999943e-05
2.267223000000000163e-05
2.256792999999999993e-05
2.246362000000000093e-05
2.235185999999999914e-05
2.224755000000000013e-05
2.215813999999999992e-05
2.205383000000000091e-05
2.196443000000000139e-05
2.187502000000000118e-05
2.178561000000000096e-05
2.170366000000000084e-05
2.161425000000000062e-05
2.153228999999999980e-05
2.145033999999999968e-05
2.136837999999999886e-05
2.127896999999999864e-05
2.120447000000000130e-05
2.112251000000000048e-05
2.103311000000000097e-05
2.095859999999999954e-05
2.086918999999999932e-05
2.077234000000000041e-05
2.069037999999999959e-05
2.060096999999999937e-05
2.051901999999999925e-05
2.042960999999999904e-05
2.034765000000000160e-05
2.026570000000000148e-05
2.019119000000000005e-05
2.010922999999999923e-05
2.003472999999999851e-05
1.995277000000000107e-05
1.987827000000000035e-05
1.979630999999999953e-05
1.971434999999999870e-05
1.963239999999999858e-05
1.955789000000000054e-05
1.947592999999999972e-05
1.939397999999999960e-05
1.931947000000000156e-05
1.924497000000000084e-05
1.916301000000000002e-05
1.908849999999999859e-05
1.900654999999999847e-05
1.893204000000000043e-05
1.885753999999999970e-05
1.878303000000000166e-05
1.870107000000000084e-05
1.862657000000000012e-05
1.855205999999999869e-05
1.848501000000000075e-05
1.841794999999999872e-05
1.834345000000000138e-05
1.828383999999999874e-05
1.821679000000000080e-05
1.815718000000000155e-05
1.810502999999999901e-05
1.804541999999999976e-05
1.798582000000000121e-05
1.792620999999999858e-05
1.787405999999999942e-05
1.781445000000000017e-05
1.776230000000000102e-05
1.771014999999999848e-05
1.765798999999999863e-05
1.760583999999999947e-05
1.754623000000000022e-05
1.749408000000000107e-05
1.744192999999999853e-05
1.738976999999999868e-05
1.733761999999999952e-05
1.728545999999999967e-05
1.723331000000000052e-05
1.718116000000000136e-05
1.713645000000000091e-05
1.708429999999999836e-05
1.703213999999999851e-05
1.697253999999999996e-05
1.692038000000000011e-05
1.686823000000000096e-05
1.681607999999999841e-05
1.676391999999999856e-05
1.671921999999999880e-05
1.665960999999999956e-05
1.661490999999999980e-05
1.656276000000000064e-05
1.651805000000000019e-05
1.646590000000000103e-05
1.642120000000000127e-05
1.637649000000000082e-05
1.633179000000000106e-05
1.627963999999999852e-05
1.623493000000000145e-05
1.619023000000000169e-05
1.614552000000000123e-05
1.608591999999999929e-05
1.604121999999999954e-05
1.598905999999999968e-05
1.594435999999999992e-05
1.589220000000000007e-05
1.584005000000000092e-05
1.579535000000000116e-05
1.574319000000000131e-05
1.569103999999999876e-05
1.563888999999999961e-05
1.557928000000000036e-05
1.552713000000000121e-05
1.547497000000000136e-05
1.541536999999999942e-05
1.535576000000000017e-05
1.530361000000000102e-05
1.524394999999999997e-05
1.519179000000000011e-05
1.513218999999999987e-05
1.507258000000000062e-05
1.500552999999999929e-05
1.495336999999999944e-05
1.489376999999999920e-05
1.483415999999999995e-05
1.477455999999999971e-05
1.471495000000000046e-05
1.465535000000000022e-05
1.460319999999999937e-05
1.454359000000000012e-05
1.448398999999999988e-05
1.441692999999999954e-05
1.435732999999999930e-05
1.429772000000000005e-05
1.423067000000000041e-05
1.416361000000000008e-05
1.409656000000000044e-05
1.403694999999999950e-05
1.396989999999999986e-05
1.390283999999999952e-05
1.382834000000000049e-05
1.376128000000000015e-05
1.369423000000000051e-05
1.361972000000000078e-05
1.355266000000000044e-05
1.348561000000000081e-05
1.341855000000000047e-05
1.335150000000000083e-05
1.327698999999999941e-05
1.320993999999999977e-05
1.313543000000000004e-05
1.306092999999999931e-05
1.298641999999999958e-05
1.291190999999999985e-05
1.283741000000000081e-05
1.275544999999999999e-05
1.268094999999999926e-05
1.259899000000000014e-05
1.252448000000000041e-05
1.243507999999999919e-05
1.235312000000000007e-05
1.227861999999999934e-05
1.219666000000000021e-05
1.210725000000000000e-05
1.203274999999999927e-05
1.195079000000000014e-05
1.186882999999999932e-05
1.177942999999999981e-05
1.170492000000000007e-05
1.161550999999999986e-05
1.153355999999999974e-05
1.145160000000000061e-05
1.136219000000000039e-05
1.127278999999999918e-05
1.119083000000000005e-05
1.110141999999999984e-05
1.101946999999999972e-05
1.093005999999999950e-05
1.083319999999999989e-05
1.075124999999999977e-05
1.065439000000000015e-05
1.057242999999999933e-05
1.048302999999999982e-05
1.038617000000000021e-05
1.030420999999999938e-05
1.021479999999999917e-05
1.012539999999999965e-05
1.004344000000000052e-05
9.946583000000000784e-06
9.864626999999999226e-06
9.775220000000000575e-06
9.685813000000000230e-06
9.603857000000000366e-06
9.506998999999999539e-06
9.425042999999999675e-06
9.335635999999999330e-06
9.246229000000000679e-06
9.164271999999999729e-06
9.074864999999999383e-06
8.992908999999999520e-06
8.910952999999999656e-06
8.821545999999999310e-06
8.739589000000000054e-06
8.657633000000000191e-06
8.575675999999999240e-06
8.493719999999999376e-06
8.419214000000000602e-06
8.337258000000000738e-06
8.255301999999999180e-06
8.180796000000000405e-06
8.106289999999999937e-06
8.031783999999999468e-06
7.957278000000000693e-06
7.882772000000000224e-06
7.808267000000000842e-06
7.726309999999999892e-06
7.659254999999999904e-06
7.584720000000000117e-06
7.502764000000000254e-06
7.420807000000000150e-06
7.346301999999999921e-06
7.264344999999999818e-06
7.182388999999999954e-06
7.092981999999999609e-06
7.011025000000000353e-06
6.914167999999999765e-06
6.824761000000000267e-06
6.727903000000000288e-06
6.645946999999999577e-06
6.549088999999999597e-06
6.459682000000000099e-06
6.370275999999999993e-06
6.280868999999999648e-06
6.206363000000000026e-06
6.124405999999999923e-06
6.042450000000000059e-06
5.967943999999999590e-06
5.900888999999999603e-06
5.826382999999999981e-06
5.759327999999999994e-06
5.699723000000000249e-06
5.625216999999999780e-06
5.558161999999999792e-06
5.483656000000000171e-06
5.409150999999999941e-06
5.327193999999999838e-06
5.252688000000000216e-06
5.163280999999999871e-06
5.073874000000000373e-06
4.991917999999999662e-06
4.902511000000000164e-06
4.813103999999999819e-06
4.738598000000000197e-06
4.656642000000000333e-06
4.582135999999999864e-06
4.515080999999999877e-06
4.440575000000000255e-06
4.380969999999999663e-06
4.313914999999999676e-06
4.246859999999999688e-06
4.179804999999999701e-06
4.105299000000000079e-06
4.030792999999999610e-06
3.956286999999999989e-06
3.874331000000000125e-06
3.792360000000000059e-06
3.710404000000000195e-06
3.628447000000000092e-06
3.546490999999999804e-06
3.464534999999999941e-06
3.382577999999999837e-06
3.308071999999999792e-06
3.233566999999999986e-06
3.166511000000000183e-06
3.099456000000000196e-06
3.039851000000000027e-06
2.972796000000000040e-06
2.913192000000000110e-06
2.846135999999999884e-06
2.786531999999999954e-06
2.726927000000000209e-06
2.674773000000000098e-06
2.622618999999999987e-06
2.563013999999999818e-06
2.510860000000000131e-06
2.458706000000000020e-06
2.406551999999999909e-06
2.346947000000000164e-06
2.287342999999999811e-06
2.235189000000000124e-06
2.183035000000000013e-06
2.123429999999999844e-06
2.071276000000000157e-06
2.011670999999999988e-06
1.959516999999999877e-06
1.899904999999999939e-06
1.840301000000000009e-06
1.788146999999999898e-06
1.728541999999999941e-06
1.676388000000000042e-06
1.624233999999999931e-06
1.564628999999999974e-06
1.512475000000000075e-06
1.452869999999999906e-06
1.400716000000000007e-06
1.348561999999999897e-06
1.296407999999999997e-06
1.244254000000000098e-06
1.192099999999999987e-06
1.139946000000000088e-06
1.080340999999999920e-06
1.028187000000000020e-06
9.760332999999999391e-07
9.238755999999999590e-07
8.717215999999999540e-07
8.195675000000000098e-07
7.599629000000000215e-07
7.003581999999999880e-07
6.482041000000000438e-07
5.960501000000000388e-07
5.438959999999999887e-07
4.917419999999999838e-07
4.395861000000000216e-07
3.799813999999999882e-07
3.278273999999999832e-07
2.831239000000000223e-07
2.384204000000000085e-07
1.862654000000000024e-07
1.415618999999999886e-07
9.685800000000000612e-08
5.215428999999999816e-08
7.450637000000000107e-09
-3.725312999999999789e-08
-8.195683999999999923e-08
-1.266607999999999876e-07
-1.639136999999999916e-07
-2.086172000000000054e-07
-2.533215999999999752e-07
-2.905745000000000057e-07
-3.352778999999999744e-07
-3.799813999999999882e-07
-4.172343000000000186e-07
-4.544871999999999962e-07
-5.066431000000000112e-07
-5.438959999999999887e-07
-5.811488999999999663e-07
-6.258524000000000330e-07
-6.631053000000000105e-07
-7.003581999999999880e-07
-7.376110999999999656e-07
-7.748640000000000489e-07
-8.121169000000000265e-07
-8.493698000000000040e-07
-8.866226999999999815e-07
-9.238755999999999590e-07
-9.536816000000000341e-07
-9.909344999999999058e-07
-1.028187000000000020e-06
-1.065440000000000043e-06
-1.095243000000000035e-06
-1.139946000000000088e-06
-1.169748000000000053e-06
-1.207001000000000076e-06
-1.236804000000000068e-06
-1.274057000000000091e-06
-1.303859000000000055e-06
-1.333661000000000020e-06
-1.370914000000000043e-06
-1.400716000000000007e-06
-1.437969000000000030e-06
-1.467772000000000022e-06
-1.497573999999999987e-06
-1.527375999999999952e-06
-1.557178999999999944e-06
-1.586980999999999909e-06
-1.609333000000000055e-06
-1.646586000000000078e-06
-1.668936999999999984e-06
-1.698739999999999977e-06
-1.721091000000000095e-06
-1.750894000000000088e-06
-1.773244999999999994e-06
-1.795596999999999929e-06
-1.817949000000000075e-06
-1.840301000000000009e-06
-1.862651999999999916e-06
-1.892454999999999908e-06
-1.914813999999999824e-06
-1.944616000000000001e-06
-1.966967999999999935e-06
-1.996770000000000112e-06
-2.034022999999999922e-06
-2.063825000000000099e-06
-2.093628000000000091e-06
-2.123429999999999844e-06
-2.160683000000000079e-06
-2.183035000000000013e-06
-2.212837000000000189e-06
-2.235189000000000124e-06
-2.264990999999999877e-06
-2.287342999999999811e-06
-2.302244000000000111e-06
-2.324596000000000045e-06
-2.346947000000000164e-06
-2.369299000000000098e-06
-2.391651000000000033e-06
-2.414002999999999967e-06
-2.436354000000000086e-06
-2.458706000000000020e-06
-2.481057999999999955e-06
-2.510860000000000131e-06
-2.533212000000000065e-06
-2.555564000000000000e-06
-2.592816999999999811e-06
-2.615167999999999929e-06
-2.644970999999999922e-06
-2.667322000000000040e-06
-2.697125000000000032e-06
-2.726927000000000209e-06
-2.749279000000000143e-06
-2.779080999999999896e-06
-2.801432999999999831e-06
-2.831235000000000007e-06
-2.853586999999999941e-06
-2.875938999999999876e-06
-2.905741000000000052e-06
-2.920641999999999929e-06
-2.950444000000000105e-06
-2.972796000000000040e-06
-2.995147999999999974e-06
-3.024950000000000151e-06
-3.047302000000000085e-06
-3.077103999999999838e-06
-3.106906999999999830e-06
-3.129257999999999949e-06
-3.159060999999999941e-06
-3.181412000000000060e-06
-3.218664999999999870e-06
-3.241016999999999805e-06
-3.278270000000000039e-06
-3.300621999999999974e-06
-3.345325000000000027e-06
-3.375128000000000019e-06
-3.412380000000000014e-06
-3.449632999999999825e-06
-3.486886000000000059e-06
-3.524138999999999870e-06
-3.561392000000000104e-06
-3.606095999999999973e-06
-3.643347999999999968e-06
-3.688051999999999837e-06
-3.732754999999999890e-06
-3.770008000000000124e-06
-3.807260999999999935e-06
-3.844529000000000372e-06
-3.881781999999999759e-06
-3.919033999999999754e-06
-3.948836999999999747e-06
-3.986089999999999981e-06
-4.015891999999999734e-06
-4.053144999999999968e-06
-4.082946999999999721e-06
-4.120199999999999956e-06
-4.157453000000000190e-06
-4.187254999999999943e-06
-4.231958999999999812e-06
-4.276662000000000288e-06
-4.313914999999999676e-06
-4.366068999999999786e-06
-4.403322000000000021e-06
-4.448025999999999890e-06
-4.500180000000000000e-06
-4.544882999999999630e-06
-4.589587000000000346e-06
-4.634289999999999975e-06
-4.678993999999999844e-06
-4.723697000000000320e-06
-4.768401000000000189e-06
-4.813103999999999819e-06
-4.857807999999999687e-06
-4.895060999999999922e-06
-4.947215000000000033e-06
-4.991917999999999662e-06
-5.036622000000000378e-06
-5.073874000000000373e-06
-5.126028999999999876e-06
-5.163280999999999871e-06
-5.207984999999999740e-06
-5.252688000000000216e-06
-5.289940999999999604e-06
-5.327193999999999838e-06
-5.364447000000000072e-06
-5.401700000000000307e-06
-5.446404000000000176e-06
-5.476205999999999929e-06
-5.513459000000000163e-06
-5.558161999999999792e-06
-5.595415000000000027e-06
-5.640118999999999896e-06
-5.684822000000000372e-06
-5.729526000000000241e-06
-5.766778000000000236e-06
-5.818932999999999739e-06
-5.856184999999999734e-06
-5.893437999999999968e-06
-5.945592000000000079e-06
-5.982845000000000314e-06
-6.020097999999999701e-06
-6.064802000000000417e-06
-6.102054999999999804e-06
-6.146758000000000281e-06
-6.191462000000000149e-06
-6.228714000000000145e-06
-6.273418000000000013e-06
-6.318120999999999643e-06
-6.370275999999999993e-06
-6.414978999999999622e-06
-6.467132999999999733e-06
-6.511836999999999602e-06
-6.563990999999999713e-06
-6.608694000000000189e-06
-6.653398000000000058e-06
-6.713002000000000411e-06
-6.757706000000000280e-06
-6.802408999999999909e-06
-6.847112999999999778e-06
-6.906717000000000131e-06
-6.951421000000000000e-06
-6.996123999999999629e-06
-7.040828000000000345e-06
-7.085530999999999974e-06
-7.130234999999999843e-06
-7.174938000000000320e-06
-7.227091999999999584e-06
-7.271796000000000299e-06
-7.309048999999999687e-06
-7.353752000000000163e-06
-7.405906000000000274e-06
-7.443158999999999661e-06
-7.487863000000000377e-06
-7.532566000000000007e-06
-7.577269999999999875e-06
-7.614521999999999870e-06
-7.659254999999999904e-06
-7.696508000000000139e-06
-7.733761000000000373e-06
-7.778464000000000003e-06
-7.815717000000000237e-06
-7.852970000000000471e-06
-7.890223000000000706e-06
-7.920025000000000459e-06
-7.964728999999999481e-06
-7.994530999999999233e-06
-8.039234999999999949e-06
-8.069036999999999702e-06
-8.113739999999999332e-06
-8.150992999999999566e-06
-8.188245999999999800e-06
-8.232950000000000516e-06
-8.277653000000000146e-06
-8.314906000000000380e-06
-8.359609999999999402e-06
-8.396862999999999636e-06
-8.434115000000000478e-06
-8.486269999999999981e-06
-8.523522000000000823e-06
-8.560774999999999364e-06
-8.612928999999999475e-06
-8.650181999999999709e-06
-8.694886000000000425e-06
-8.739589000000000054e-06
-8.784293000000000770e-06
-8.821545999999999310e-06
-8.873699999999999421e-06
-8.910952999999999656e-06
-8.955655999999999285e-06
-9.000360000000000001e-06
-9.045062999999999630e-06
-9.089767000000000346e-06
-9.127018999999999494e-06
-9.179174000000000691e-06
-9.223877000000000321e-06
-9.261130000000000555e-06
-9.313284000000000666e-06
-9.357987000000000296e-06
-9.395240000000000530e-06
-9.439943999999999552e-06
-9.484646999999999181e-06
-9.521899999999999415e-06
-9.566604000000000131e-06
-9.603857000000000366e-06
-9.641110000000000600e-06
-9.678361999999999748e-06
-9.715614999999999982e-06
-9.752868000000000217e-06
-9.782670999999999362e-06
-9.819923000000000204e-06
-9.849725999999999349e-06
-9.886978999999999584e-06
-9.916780999999999337e-06
-9.946583000000000784e-06
-9.991286999999999806e-06
-1.002854000000000004e-05
-1.007323999999999980e-05
-1.012539999999999965e-05
-1.017009999999999941e-05
-1.021479999999999917e-05
-1.026696000000000072e-05
-1.031910999999999987e-05
-1.036382000000000033e-05
-1.040852000000000008e-05
-1.046066999999999924e-05
-1.051283000000000079e-05
-1.055753000000000054e-05
-1.060967999999999970e-05
-1.065439000000000015e-05
-1.070653999999999931e-05
-1.075869999999999916e-05
-1.080340000000000061e-05
-1.084810000000000037e-05
-1.090026000000000023e-05
-1.094495999999999998e-05
-1.098965999999999974e-05
-1.104181999999999959e-05
-1.108651999999999935e-05
-1.113867999999999921e-05
-1.119083000000000005e-05
-1.124297999999999921e-05
-1.129514000000000075e-05
-1.133984000000000051e-05
-1.139944999999999976e-05
-1.145160000000000061e-05
-1.149630000000000037e-05
-1.154101000000000082e-05
-1.159315999999999998e-05
-1.163787000000000044e-05
-1.168257000000000019e-05
-1.172726999999999995e-05
-1.177198000000000041e-05
-1.181668000000000017e-05
-1.186137999999999993e-05
-1.190609000000000038e-05
-1.195079000000000014e-05
-1.198804000000000051e-05
-1.204020000000000036e-05
-1.207745000000000072e-05
-1.212215000000000048e-05
-1.216685999999999925e-05
-1.220410999999999961e-05
-1.224135999999999997e-05
-1.228607000000000043e-05
-1.232332000000000079e-05
-1.236056999999999946e-05
-1.240526999999999922e-05
-1.244253000000000028e-05
-1.247978000000000065e-05
-1.252448000000000041e-05
-1.256173999999999977e-05
-1.260643999999999953e-05
-1.265113999999999929e-05
-1.268840000000000035e-05
-1.273310000000000011e-05
-1.277035000000000048e-05
-1.280760999999999984e-05
-1.285230999999999960e-05
-1.288955999999999997e-05
-1.293427000000000042e-05
-1.297897000000000018e-05
-1.302366999999999994e-05
-1.306092999999999931e-05
-1.311308000000000016e-05
-1.315033000000000052e-05
-1.318758999999999989e-05
-1.323974000000000074e-05
-1.327698999999999941e-05
-1.331425000000000047e-05
-1.335895000000000023e-05
-1.339620000000000059e-05
-1.343345999999999996e-05
-1.347071000000000032e-05
-1.350050999999999960e-05
-1.353775999999999996e-05
-1.356756999999999993e-05
-1.360482000000000030e-05
-1.363461999999999957e-05
-1.367186999999999993e-05
-1.369423000000000051e-05
-1.373147999999999918e-05
-1.375383000000000076e-05
-1.379107999999999943e-05
-1.382088999999999940e-05
-1.385813999999999976e-05
-1.388048999999999964e-05
-1.391774000000000000e-05
-1.394754999999999998e-05
-1.398480000000000034e-05
-1.401459999999999962e-05
-1.405184999999999998e-05
-1.408165999999999995e-05
-1.411891000000000032e-05
-1.414126000000000020e-05
-1.417851000000000056e-05
-1.420832000000000053e-05
-1.423811999999999981e-05
-1.426792000000000078e-05
-1.430516999999999944e-05
-1.434243000000000051e-05
-1.437967999999999918e-05
-1.441692999999999954e-05
-1.444673000000000051e-05
-1.449143999999999927e-05
-1.452868999999999964e-05
-1.457338999999999939e-05
-1.460319999999999937e-05
-1.463300000000000034e-05
-1.467025000000000070e-05
-1.470004999999999997e-05
-1.472985999999999995e-05
-1.475965999999999922e-05
-1.478201000000000080e-05
-1.481181000000000007e-05
-1.483415999999999995e-05
-1.486396999999999992e-05
-1.488631999999999980e-05
-1.491612000000000077e-05
-1.494592000000000004e-05
-1.496826999999999992e-05
-1.499807999999999990e-05
-1.502042999999999978e-05
-1.505023000000000074e-05
-1.508003000000000002e-05
-1.510983999999999999e-05
-1.513963999999999927e-05
-1.517688999999999963e-05
-1.520669000000000060e-05
-1.524394999999999997e-05
-1.527381000000000005e-05
-1.531106000000000041e-05
-1.534086000000000138e-05
-1.537810999999999836e-05
-1.540047000000000063e-05
-1.543772000000000099e-05
-1.546006999999999918e-05
-1.548987000000000015e-05
-1.551967999999999843e-05
-1.554947999999999939e-05
-1.558672999999999976e-05
-1.561653000000000073e-05
-1.564633999999999901e-05
-1.567613999999999997e-05
-1.571339000000000034e-05
-1.574319000000000131e-05
-1.577299999999999959e-05
-1.581024999999999995e-05
-1.584005000000000092e-05
-1.587730000000000128e-05
-1.589966000000000017e-05
-1.593691000000000053e-05
-1.596671000000000150e-05
-1.599650999999999908e-05
-1.602632000000000075e-05
-1.604866999999999893e-05
-1.607846999999999990e-05
-1.610082000000000147e-05
-1.613061999999999905e-05
-1.615298000000000132e-05
-1.617532999999999951e-05
-1.620513000000000048e-05
-1.622002999999999927e-05
-1.624983000000000024e-05
-1.627963999999999852e-05
-1.630943999999999948e-05
-1.633924000000000045e-05
-1.636904000000000142e-05
-1.640628999999999840e-05
-1.643610000000000006e-05
-1.647335000000000043e-05
-1.650315000000000140e-05
-1.654040999999999907e-05
-1.657765999999999943e-05
-1.661490999999999980e-05
-1.665216000000000016e-05
-1.668196999999999844e-05
-1.671921999999999880e-05
-1.674901999999999977e-05
-1.678627000000000014e-05
-1.681607999999999841e-05
-1.684587999999999938e-05
-1.687568000000000035e-05
-1.690548000000000132e-05
-1.693528999999999960e-05
-1.696509000000000057e-05
-1.699489000000000154e-05
-1.703213999999999851e-05
-1.706195000000000018e-05
-1.709920000000000054e-05
-1.713645000000000091e-05
-1.716624999999999849e-05
-1.721095999999999894e-05
-1.724075999999999991e-05
-1.728545999999999967e-05
-1.732272000000000073e-05
-1.735997000000000110e-05
-1.741212000000000025e-05
-1.744938000000000131e-05
-1.749408000000000107e-05
-1.753878000000000083e-05
-1.758349000000000129e-05
-1.762819000000000105e-05
-1.767289000000000080e-05
-1.771760000000000126e-05
-1.776230000000000102e-05
-1.779955000000000138e-05
-1.785171000000000124e-05
-1.788896000000000160e-05
-1.792620999999999858e-05
-1.797091999999999903e-05
-1.800816999999999940e-05
-1.805286999999999916e-05
-1.809013000000000022e-05
-1.811993000000000119e-05
-1.816463000000000094e-05
-1.819442999999999853e-05
-1.823913999999999898e-05
-1.827638999999999935e-05
-1.831363999999999971e-05
-1.835835000000000017e-05
-1.839560000000000053e-05
-1.844030000000000029e-05
-1.848501000000000075e-05
-1.852971000000000051e-05
-1.856696000000000087e-05
-1.861912000000000072e-05
-1.865637000000000109e-05
-1.870107000000000084e-05
-1.875323000000000070e-05
-1.879793000000000045e-05
-1.884263000000000021e-05
-1.888734000000000067e-05
-1.893948999999999982e-05
-1.898420000000000028e-05
-1.902890000000000004e-05
-1.907359999999999980e-05
-1.912575999999999965e-05
-1.917045999999999941e-05
-1.921515999999999917e-05
-1.925986999999999963e-05
-1.931947000000000156e-05
-1.936417999999999863e-05
-1.941633000000000117e-05
-1.946103000000000093e-05
-1.951319000000000079e-05
-1.957278999999999933e-05
-1.962494999999999919e-05
-1.967709999999999834e-05
-1.972925000000000088e-05
-1.978141000000000074e-05
-1.983355999999999989e-05
-1.989316999999999914e-05
-1.994532000000000168e-05
-1.999747000000000083e-05
-2.004963000000000068e-05
-2.010177999999999984e-05
-2.014649000000000030e-05
-2.020608999999999884e-05
-2.025824999999999870e-05
-2.030294999999999846e-05
-2.035510000000000100e-05
-2.039981000000000146e-05
-2.045196000000000061e-05
-2.049666000000000037e-05
-2.054137000000000083e-05
-2.059351999999999998e-05
-2.064567999999999983e-05
-2.069782999999999898e-05
-2.074998000000000153e-05
-2.080214000000000138e-05
-2.085429000000000053e-05
-2.091389999999999978e-05
-2.096604999999999893e-05
-2.103311000000000097e-05
-2.109270999999999951e-05
-2.115977000000000155e-05
-2.121937000000000009e-05
-2.129388000000000152e-05
-2.136092999999999946e-05
-2.142799000000000149e-05
-2.149503999999999944e-05
-2.156955000000000086e-05
-2.162914999999999941e-05
-2.169621000000000144e-05
-2.175580999999999999e-05
-2.181541999999999924e-05
-2.186756999999999839e-05
-2.192718000000000103e-05
-2.197933000000000018e-05
-2.203147999999999934e-05
-2.208363999999999919e-05
-2.212833999999999895e-05
-2.217303999999999871e-05
-2.223265000000000134e-05
-2.227735000000000110e-05
-2.232206000000000156e-05
-2.237421000000000071e-05
-2.242635999999999987e-05
-2.247107000000000032e-05
-2.252321999999999948e-05
-2.256792999999999993e-05
-2.261262999999999969e-05
-2.267223000000000163e-05
-2.271693999999999870e-05
-2.275418999999999906e-05
-2.280634000000000160e-05
-2.285104999999999867e-05
-2.289574999999999843e-05
-2.294045000000000158e-05
-2.299261000000000143e-05
-2.303731000000000119e-05
-2.308947000000000104e-05
-2.313417000000000080e-05
-2.318631999999999996e-05
-2.323103000000000041e-05
-2.327573000000000017e-05
-2.332042999999999993e-05
-2.337258999999999978e-05
-2.341728999999999954e-05
-2.346198999999999930e-05
-2.350669999999999976e-05
-2.355884999999999891e-05
-2.360355999999999937e-05
-2.364825999999999913e-05
-2.369295999999999889e-05
-2.374511999999999874e-05
-2.378981999999999850e-05
-2.382706999999999886e-05
-2.387922999999999871e-05
-2.392392999999999847e-05
-2.396863000000000162e-05
-2.401333999999999869e-05
-2.405803999999999845e-05
-2.410274000000000159e-05
-2.414744999999999866e-05
-2.419960000000000120e-05
-2.424431000000000166e-05
-2.428901000000000142e-05
-2.433371000000000118e-05
-2.438587000000000103e-05
-2.443057000000000079e-05
-2.447527000000000055e-05
-2.451998000000000101e-05
-2.457213000000000016e-05
-2.461682999999999992e-05
-2.466154000000000038e-05
-2.470624000000000013e-05
-2.475839999999999999e-05
-2.480309999999999975e-05
-2.484779999999999950e-05
-2.489250999999999996e-05
-2.493720999999999972e-05
-2.498190999999999948e-05
-2.502661999999999994e-05
-2.507876999999999909e-05
-2.512346999999999885e-05
-2.516817999999999931e-05
-2.521287999999999906e-05
-2.526503999999999892e-05
-2.530228999999999928e-05
-2.533953999999999964e-05
-2.538423999999999940e-05
-2.542894999999999986e-05
-2.546620000000000022e-05
-2.550345000000000059e-05
-2.554071000000000165e-05
-2.557795999999999863e-05
-2.560775999999999959e-05
-2.564500999999999996e-05
-2.567482000000000163e-05
-2.571206999999999860e-05
-2.574186999999999957e-05
-2.577913000000000063e-05
-2.581638000000000099e-05
-2.584617999999999858e-05
-2.588342999999999894e-05
-2.591324000000000061e-05
-2.595049000000000097e-05
-2.598028999999999855e-05
-2.602498999999999831e-05
-2.605479999999999998e-05
-2.609205000000000034e-05
-2.612930000000000070e-05
-2.615910000000000167e-05
-2.620380999999999874e-05
-2.623360999999999971e-05
-2.627086000000000007e-05
-2.630812000000000114e-05
-2.634537000000000150e-05
-2.637516999999999908e-05
-2.641241999999999944e-05
-2.644968000000000050e-05
-2.648693000000000087e-05
-2.653163000000000063e-05
-2.656143999999999891e-05
-2.660613999999999866e-05
-2.664338999999999903e-05
-2.667319000000000000e-05
-2.671790000000000045e-05
-2.674770000000000142e-05
-2.678494999999999840e-05
-2.680731000000000067e-05
-2.684456000000000103e-05
-2.687435999999999861e-05
-2.690415999999999958e-05
-2.693397000000000125e-05
-2.697122000000000161e-05
-2.699356999999999980e-05
-2.703082000000000016e-05
-2.706062999999999844e-05
-2.709787999999999880e-05
-2.713512999999999917e-05
-2.717237999999999953e-05
-2.720219000000000120e-05
-2.723198999999999878e-05
-2.726178999999999975e-05
-2.729159000000000072e-05
-2.731393999999999890e-05
-2.735119999999999996e-05
-2.737355000000000154e-05
-2.740334999999999912e-05
-2.742570000000000069e-05
-2.745550999999999897e-05
-2.748530999999999994e-05
-2.751511000000000091e-05
-2.754490999999999849e-05
-2.757472000000000016e-05
-2.761197000000000052e-05
-2.764177000000000149e-05
-2.767901999999999846e-05
-2.770883000000000013e-05
-2.774608000000000049e-05
-2.776842999999999868e-05
-2.780567999999999904e-05
-2.782803000000000061e-05
-2.785783999999999889e-05
-2.788019000000000047e-05
-2.790999000000000144e-05
-2.793233999999999962e-05
-2.796215000000000129e-05
-2.799940000000000165e-05
-2.802174999999999984e-05
-2.805155000000000081e-05
-2.807389999999999899e-05
-2.810371000000000066e-05
-2.813351000000000163e-05
-2.816330999999999921e-05
-2.818566000000000078e-05
-2.820800999999999897e-05
-2.823782000000000063e-05
-2.825271999999999942e-05
-2.828252000000000039e-05
-2.830486999999999858e-05
-2.831977000000000076e-05
-2.834212999999999964e-05
-2.836448000000000121e-05
-2.838682999999999940e-05
-2.840918000000000097e-05
-2.843897999999999855e-05
-2.845388000000000073e-05
-2.848368999999999901e-05
-2.850604000000000058e-05
-2.852093999999999937e-05
-2.854329000000000095e-05
-2.856563999999999913e-05
-2.858799000000000070e-05
-2.860290000000000019e-05
-2.862524999999999838e-05
-2.864015000000000056e-05
-2.866249999999999874e-05
-2.868485000000000032e-05
-2.869974999999999911e-05
-2.872956000000000077e-05
-2.875190999999999896e-05
-2.877426000000000053e-05
-2.879660999999999872e-05
-2.881896000000000029e-05
-2.883385999999999908e-05
-2.885622000000000135e-05
-2.887112000000000014e-05
-2.888601999999999893e-05
-2.890092000000000111e-05
-2.891581999999999990e-05
-2.893071999999999869e-05
-2.894562000000000087e-05
-2.896051999999999966e-05
-2.898287000000000123e-05
-2.900523000000000012e-05
-2.901267999999999951e-05
-2.903503000000000109e-05
-2.904992999999999988e-05
-2.906482999999999867e-05
-2.907973000000000084e-05
-2.909462999999999963e-05
-2.910207999999999903e-05
-2.911698999999999852e-05
-2.913189000000000070e-05
-2.913934000000000009e-05
-2.915423999999999888e-05
-2.916914000000000106e-05
-2.918403999999999985e-05
-2.919893999999999864e-05
-2.921384000000000082e-05
-2.922129000000000021e-05
-2.924364999999999910e-05
-2.925109999999999849e-05
-2.926600000000000067e-05
-2.927345000000000007e-05
-2.928834999999999886e-05
-2.929580000000000164e-05
-2.931070000000000043e-05
-2.932559999999999922e-05
-2.933304999999999862e-05
-2.934795000000000079e-05
-2.936284999999999958e-05
-2.937775999999999907e-05
-2.939266000000000125e-05
-2.940011000000000065e-05
-2.941500999999999944e-05
-2.942991000000000162e-05
-2.943736000000000101e-05
-2.945225999999999980e-05
-2.945970999999999920e-05
-2.947461000000000137e-05
-2.948951000000000016e-05
-2.950441999999999965e-05
-2.951931999999999844e-05
-2.952677000000000123e-05
-2.954167000000000002e-05
-2.956402000000000159e-05
-2.957147000000000099e-05
-2.957892000000000038e-05
-2.959381999999999917e-05
-2.960126999999999857e-05
-2.960872000000000135e-05
-2.961617000000000074e-05
-2.961617000000000074e-05
-2.961617000000000074e-05
-2.961617000000000074e-05
-2.961617000000000074e-05
-2.961617000000000074e-05
-2.961617000000000074e-05
-2.961617000000000074e-05
-2.961617000000000074e-05
-2.962362000000000014e-05
-2.962362000000000014e-05
-2.963108000000000023e-05
-2.963852999999999963e-05
-2.964597999999999902e-05
-2.964597999999999902e-05
-2.965342999999999842e-05
-2.966088000000000120e-05
-2.966833000000000060e-05
-2.967577999999999999e-05
-2.968322999999999939e-05
-2.969067999999999878e-05
-2.969813000000000156e-05
-2.970558000000000096e-05
-2.970558000000000096e-05
-2.971303000000000035e-05
-2.972047999999999975e-05
-2.972047999999999975e-05
-2.972047999999999975e-05
-2.972047999999999975e-05
-2.972047999999999975e-05
-2.971303000000000035e-05
-2.970558000000000096e-05
-2.970558000000000096e-05
-2.970558000000000096e-05
-2.969813000000000156e-05
-2.969067999999999878e-05
-2.969067999999999878e-05
-2.969067999999999878e-05
-2.969067999999999878e-05
-2.969067999999999878e-05
-2.969067999999999878e-05
-2.969067999999999878e-05
-2.969067999999999878e-05
-2.969067999999999878e-05
-2.969067999999999878e-05
-2.969067999999999878e-05
-2.969067999999999878e-05
-2.968322999999999939e-05
-2.968322999999999939e-05
-2.968322999999999939e-05
-2.968322999999999939e-05
-2.968322999999999939e-05
-2.969067999999999878e-05
-2.969067999999999878e-05
-2.969067999999999878e-05
-2.969067999999999878e-05
-2.969067999999999878e-05
-2.969067999999999878e-05
-2.968322999999999939e-05
-2.968322999999999939e-05
-2.968322999999999939e-05
-2.967577999999999999e-05
-2.967577999999999999e-05
-2.967577999999999999e-05
-2.967577999999999999e-05
-2.968322999999999939e-05
-2.968322999999999939e-05
-2.968322999999999939e-05
-2.969067999999999878e-05
-2.969067999999999878e-05
-2.969067999999999878e-05
-2.969067999999999878e-05
-2.969067999999999878e-05
-2.969067999999999878e-05
-2.969067999999999878e-05
-2.969067999999999878e-05
-2.969067999999999878e-05
-2.969067999999999878e-05
-2.969067999999999878e-05
-2.969813000000000156e-05
-2.970558000000000096e-05
-2.970558000000000096e-05
-2.970558000000000096e-05
-2.971303000000000035e-05
-2.971303000000000035e-05
-2.971303000000000035e-05
-2.971303000000000035e-05
-2.970558000000000096e-05
-2.970558000000000096e-05
-2.970558000000000096e-05
-2.969813000000000156e-05
-2.969813000000000156e-05
-2.969067999999999878e-05
-2.969067999999999878e-05
-2.969067999999999878e-05
-2.969067999999999878e-05
-2.969067999999999878e-05
-2.969067999999999878e-05
-2.969067999999999878e-05
-2.969067999999999878e-05
-2.968322999999999939e-05
-2.968322999999999939e-05
-2.966833000000000060e-05
-2.966088000000000120e-05
-2.965342999999999842e-05
-2.963852999999999963e-05
-2.962362000000000014e-05
-2.960872000000000135e-05
-2.959381999999999917e-05
-2.957892000000000038e-05
-2.957147000000000099e-05
-2.955656999999999881e-05
-2.954167000000000002e-05
-2.952677000000000123e-05
-2.951931999999999844e-05
-2.951186999999999905e-05
-2.950441999999999965e-05
-2.949695999999999956e-05
-2.948951000000000016e-05
-2.948951000000000016e-05
-2.948951000000000016e-05
-2.948951000000000016e-05
-2.948951000000000016e-05
-2.948951000000000016e-05
-2.948951000000000016e-05
-2.948951000000000016e-05
-2.949695999999999956e-05
-2.948951000000000016e-05
-2.948951000000000016e-05
-2.948206000000000077e-05
-2.947461000000000137e-05
-2.946715999999999859e-05
-2.945970999999999920e-05
-2.945225999999999980e-05
-2.945225999999999980e-05
-2.943736000000000101e-05
-2.942991000000000162e-05
-2.941500999999999944e-05
-2.940011000000000065e-05
-2.939266000000000125e-05
-2.938520999999999847e-05
-2.937775999999999907e-05
-2.936284999999999958e-05
-2.935540000000000019e-05
-2.934050000000000140e-05
-2.933304999999999862e-05
-2.932559999999999922e-05
-2.931814999999999983e-05
-2.931070000000000043e-05
-2.929580000000000164e-05
-2.928834999999999886e-05
-2.928089999999999946e-05
-2.927345000000000007e-05
-2.926600000000000067e-05
-2.926600000000000067e-05
-2.926600000000000067e-05
-2.925109999999999849e-05
-2.925109999999999849e-05
-2.923618999999999900e-05
-2.922873999999999961e-05
-2.922129000000000021e-05
-2.920639000000000142e-05
-2.919893999999999864e-05
-2.919148999999999925e-05
-2.917659000000000046e-05
-2.916914000000000106e-05
-2.915423999999999888e-05
-2.913934000000000009e-05
-2.913934000000000009e-05
-2.913189000000000070e-05
-2.911698999999999852e-05
-2.910952999999999843e-05
-2.910207999999999903e-05
-2.908718000000000024e-05
-2.907973000000000084e-05
-2.907228000000000145e-05
-2.905737999999999927e-05
-2.904248000000000048e-05
-2.902758000000000169e-05
-2.901267999999999951e-05
-2.900523000000000012e-05
-2.899033000000000133e-05
-2.897541999999999845e-05
-2.896051999999999966e-05
-2.895307000000000027e-05
-2.894562000000000087e-05
-2.893817000000000148e-05
-2.893071999999999869e-05
-2.892326999999999930e-05
-2.891581999999999990e-05
-2.890837000000000051e-05
-2.890837000000000051e-05
-2.890092000000000111e-05
-2.889346999999999833e-05
-2.888601999999999893e-05
-2.888601999999999893e-05
-2.888601999999999893e-05
-2.887856999999999954e-05
-2.887112000000000014e-05
-2.886367000000000075e-05
-2.884876000000000126e-05
-2.884130999999999848e-05
-2.883385999999999908e-05
-2.881896000000000029e-05
-2.881896000000000029e-05
-2.881151000000000090e-05
-2.880406000000000150e-05
-2.879660999999999872e-05
-2.878915999999999932e-05
-2.878170999999999993e-05
-2.877426000000000053e-05
-2.876681000000000114e-05
-2.876681000000000114e-05
-2.875935999999999835e-05
-2.875935999999999835e-05
-2.875935999999999835e-05
-2.875935999999999835e-05
-2.875935999999999835e-05
-2.875935999999999835e-05
-2.875935999999999835e-05
-2.875935999999999835e-05
-2.875935999999999835e-05
-2.875935999999999835e-05
-2.875935999999999835e-05
-2.875935999999999835e-05
-2.875935999999999835e-05
-2.875935999999999835e-05
-2.875190999999999896e-05
-2.874445999999999956e-05
-2.873701000000000017e-05
-2.872956000000000077e-05
-2.872210000000000068e-05
-2.872210000000000068e-05
-2.871465000000000128e-05
-2.870719999999999850e-05
-2.869974999999999911e-05
-2.869974999999999911e-05
-2.869974999999999911e-05
-2.869974999999999911e-05
-2.869974999999999911e-05
-2.869974999999999911e-05
-2.870719999999999850e-05
-2.870719999999999850e-05
-2.870719999999999850e-05
-2.870719999999999850e-05
-2.870719999999999850e-05
-2.869974999999999911e-05
-2.869229999999999971e-05
-2.869229999999999971e-05
-2.868485000000000032e-05
-2.866995000000000153e-05
-2.866249999999999874e-05
-2.865504999999999935e-05
-2.864759999999999995e-05
-2.864015000000000056e-05
-2.863270000000000116e-05
-2.863270000000000116e-05
-2.862524999999999838e-05
-2.861779999999999898e-05
-2.861034999999999959e-05
-2.861034999999999959e-05
-2.860290000000000019e-05
-2.859544000000000010e-05
-2.859544000000000010e-05
-2.858799000000000070e-05
-2.858054000000000131e-05
-2.857308999999999853e-05
-2.856563999999999913e-05
-2.856563999999999913e-05
-2.855818999999999974e-05
-2.855074000000000034e-05
-2.854329000000000095e-05
-2.853584000000000155e-05
-2.853584000000000155e-05
-2.853584000000000155e-05
-2.852838999999999877e-05
-2.852838999999999877e-05
-2.852838999999999877e-05
-2.852838999999999877e-05
-2.852093999999999937e-05
-2.852093999999999937e-05
-2.852093999999999937e-05
-2.851348999999999998e-05
-2.851348999999999998e-05
-2.850604000000000058e-05
-2.850604000000000058e-05
-2.849859000000000119e-05
-2.849859000000000119e-05
-2.849113999999999840e-05
-2.848368999999999901e-05
-2.847623999999999961e-05
-2.846877999999999952e-05
-2.846877999999999952e-05
-2.846133000000000012e-05
-2.845388000000000073e-05
-2.845388000000000073e-05
-2.844643000000000133e-05
-2.843897999999999855e-05
-2.843897999999999855e-05
-2.843897999999999855e-05
-2.843152999999999916e-05
-2.843152999999999916e-05
-2.842407999999999976e-05
-2.841663000000000037e-05
-2.840918000000000097e-05
-2.840173000000000158e-05
-2.839427999999999879e-05
-2.838682999999999940e-05
-2.837938000000000000e-05
-2.837938000000000000e-05
-2.837193000000000061e-05
-2.835702999999999843e-05
-2.834957999999999903e-05
-2.834212999999999964e-05
-2.832722000000000015e-05
-2.831977000000000076e-05
-2.831232000000000136e-05
-2.830486999999999858e-05
-2.828996999999999979e-05
-2.828252000000000039e-05
-2.826762000000000160e-05
-2.826016999999999882e-05
-2.825271999999999942e-05
-2.823782000000000063e-05
-2.822291999999999846e-05
-2.820800999999999897e-05
-2.819311000000000018e-05
-2.817821000000000139e-05
-2.816330999999999921e-05
-2.814096000000000102e-05
-2.812605999999999884e-05
-2.811116000000000005e-05
-2.809626000000000126e-05
-2.807389999999999899e-05
-2.805900000000000020e-05
-2.805155000000000081e-05
-2.803664999999999863e-05
-2.802174999999999984e-05
-2.801430000000000044e-05
-2.799940000000000165e-05
-2.799940000000000165e-05
-2.798449999999999947e-05
-2.797705000000000008e-05
-2.796960000000000068e-05
-2.796215000000000129e-05
-2.796215000000000129e-05
-2.795469000000000119e-05
-2.795469000000000119e-05
-2.794723999999999841e-05
-2.794723999999999841e-05
-2.794723999999999841e-05
-2.794723999999999841e-05
-2.793978999999999902e-05
-2.793978999999999902e-05
-2.793978999999999902e-05
-2.793978999999999902e-05
-2.793233999999999962e-05
-2.793233999999999962e-05
-2.793233999999999962e-05
-2.793233999999999962e-05
-2.791744000000000083e-05
-2.790999000000000144e-05
-2.790253999999999865e-05
-2.788763999999999986e-05
-2.788019000000000047e-05
-2.787274000000000107e-05
-2.786529000000000168e-05
-2.785038999999999950e-05
-2.783549000000000071e-05
-2.782058000000000122e-05
-2.781312999999999844e-05
-2.780567999999999904e-05
-2.779078000000000025e-05
-2.777588000000000146e-05
-2.775352999999999989e-05
-2.774608000000000049e-05
-2.772372999999999892e-05
-2.770138000000000073e-05
-2.767901999999999846e-05
-2.765667000000000028e-05
-2.763431999999999870e-05
-2.761941999999999991e-05
-2.758961999999999895e-05
-2.756726000000000006e-05
-2.755236000000000127e-05
-2.753000999999999970e-05
-2.750766000000000151e-05
-2.749275999999999933e-05
-2.747041000000000115e-05
-2.744805999999999958e-05
-2.743315000000000009e-05
-2.741825000000000130e-05
-2.739589999999999972e-05
-2.737355000000000154e-05
-2.735119999999999996e-05
-2.732884999999999839e-05
-2.730648999999999951e-05
-2.728414000000000132e-05
-2.726178999999999975e-05
-2.723944000000000156e-05
-2.721708999999999999e-05
-2.718728999999999902e-05
-2.716493000000000014e-05
-2.714257999999999856e-05
-2.711278000000000098e-05
-2.709787999999999880e-05
-2.707553000000000062e-05
-2.705316999999999835e-05
-2.704571999999999895e-05
-2.702337000000000077e-05
-2.701592000000000137e-05
-2.700101999999999919e-05
-2.698612000000000040e-05
-2.698612000000000040e-05
-2.697867000000000101e-05
-2.697122000000000161e-05
-2.696376999999999883e-05
-2.695631999999999944e-05
-2.695631999999999944e-05
-2.694887000000000004e-05
-2.694142000000000065e-05
-2.693397000000000125e-05
-2.691905999999999837e-05
-2.691905999999999837e-05
-2.690415999999999958e-05
-2.688926000000000079e-05
-2.687435999999999861e-05
-2.685945999999999982e-05
-2.683711000000000164e-05
-2.682220999999999946e-05
-2.679985000000000058e-05
-2.678494999999999840e-05
-2.677004999999999961e-05
-2.674770000000000142e-05
-2.673279999999999924e-05
-2.671790000000000045e-05
-2.670300000000000166e-05
-2.668065000000000009e-05
-2.666574000000000060e-05
-2.665083999999999842e-05
-2.663593999999999963e-05
-2.661359000000000145e-05
-2.659868999999999927e-05
-2.657634000000000108e-05
-2.655398999999999951e-05
-2.653908000000000002e-05
-2.650927999999999905e-05
-2.648693000000000087e-05
-2.647202999999999869e-05
-2.645712999999999990e-05
-2.643477999999999833e-05
-2.641241999999999944e-05
-2.639752000000000065e-05
-2.638261999999999847e-05
-2.636027000000000029e-05
-2.635282000000000089e-05
-2.633046999999999932e-05
-2.631557000000000053e-05
-2.629321999999999896e-05
-2.628575999999999886e-05
-2.627086000000000007e-05
-2.625596000000000128e-05
-2.624105999999999910e-05
-2.622616000000000031e-05
-2.622616000000000031e-05
-2.621126000000000152e-05
-2.620380999999999874e-05
-2.618890999999999995e-05
-2.618146000000000056e-05
-2.616655999999999838e-05
-2.615910000000000167e-05
-2.614419999999999949e-05
-2.612930000000000070e-05
-2.611439999999999852e-05
-2.609949999999999973e-05
-2.607715000000000155e-05
-2.605479999999999998e-05
-2.603244999999999840e-05
-2.601753999999999891e-05
-2.599519000000000073e-05
-2.597283999999999915e-05
-2.595049000000000097e-05
-2.592069000000000000e-05
-2.590579000000000121e-05
-2.587597999999999954e-05
-2.584617999999999858e-05
-2.582383000000000039e-05
-2.579402999999999942e-05
-2.577167000000000054e-05
-2.574186999999999957e-05
-2.571952000000000138e-05
-2.568227000000000102e-05
-2.565247000000000005e-05
-2.562265999999999838e-05
-2.559286000000000080e-05
-2.556305999999999984e-05
-2.552580999999999947e-05
-2.550345000000000059e-05
-2.547364999999999962e-05
-2.545130000000000143e-05
-2.541405000000000107e-05
-2.539169999999999950e-05
-2.536189000000000122e-05
-2.533953999999999964e-05
-2.531719000000000146e-05
-2.528739000000000049e-05
-2.526503999999999892e-05
-2.523523000000000064e-05
-2.521287999999999906e-05
-2.518308000000000148e-05
-2.515328000000000052e-05
-2.513092000000000163e-05
-2.510112000000000066e-05
-2.507876999999999909e-05
-2.504897000000000151e-05
-2.502661999999999994e-05
-2.500426000000000105e-05
-2.498190999999999948e-05
-2.495956000000000129e-05
-2.494465999999999912e-05
-2.492231000000000093e-05
-2.489995999999999936e-05
-2.489250999999999996e-05
-2.487015000000000108e-05
-2.485524999999999890e-05
-2.483290000000000071e-05
-2.482545000000000132e-05
-2.481054999999999914e-05
-2.479565000000000035e-05
-2.477329999999999878e-05
-2.476584999999999938e-05
-2.474349000000000050e-05
-2.472858999999999832e-05
-2.470624000000000013e-05
-2.469879000000000074e-05
-2.467643999999999917e-05
-2.466154000000000038e-05
-2.463918999999999880e-05
-2.462429000000000001e-05
-2.460938000000000052e-05
-2.458702999999999895e-05
-2.457957999999999955e-05
-2.455723000000000137e-05
-2.453487999999999980e-05
-2.451998000000000101e-05
-2.450507999999999883e-05
-2.448271999999999994e-05
-2.445291999999999898e-05
-2.443802000000000019e-05
-2.441566999999999861e-05
-2.438587000000000103e-05
-2.437096999999999885e-05
-2.434116000000000057e-05
-2.431880999999999900e-05
-2.428901000000000142e-05
-2.425921000000000045e-05
-2.423685999999999888e-05
-2.420705000000000060e-05
-2.417724999999999963e-05
-2.414744999999999866e-05
-2.411765000000000108e-05
-2.408783999999999941e-05
-2.405803999999999845e-05
-2.402824000000000087e-05
-2.400588999999999929e-05
-2.397608000000000101e-05
-2.395372999999999944e-05
-2.393883000000000065e-05
-2.391647999999999908e-05
-2.389413000000000089e-05
-2.387922999999999871e-05
-2.387177999999999932e-05
-2.384942000000000043e-05
-2.383452000000000164e-05
-2.381961999999999947e-05
-2.380472000000000068e-05
-2.378981999999999850e-05
-2.376747000000000031e-05
-2.375257000000000152e-05
-2.373021999999999995e-05
-2.370786000000000106e-05
-2.368550999999999949e-05
-2.365570999999999852e-05
-2.362591000000000094e-05
-2.360355999999999937e-05
-2.357375000000000109e-05
-2.354395000000000012e-05
-2.351414999999999915e-05
-2.349925000000000036e-05
-2.346944999999999939e-05
-2.344709000000000051e-05
-2.343218999999999833e-05
-2.341728999999999954e-05
-2.340984000000000015e-05
-2.340239000000000075e-05
-2.339494000000000136e-05
-2.338748999999999857e-05
-2.338748999999999857e-05
-2.338003999999999918e-05
-2.338003999999999918e-05
-2.337258999999999978e-05
-2.337258999999999978e-05
-2.335769000000000099e-05
-2.335024000000000160e-05
-2.333532999999999872e-05
-2.332787999999999932e-05
-2.331298000000000053e-05
-2.330553000000000114e-05
-2.329062999999999896e-05
-2.327573000000000017e-05
-2.326828000000000078e-05
-2.326083000000000138e-05
-2.324592999999999920e-05
-2.324592999999999920e-05
-2.323847999999999981e-05
-2.323847999999999981e-05
-2.323103000000000041e-05
-2.323103000000000041e-05
-2.323103000000000041e-05
