2.153232000000000021e-06
2.153232000000000021e-06
2.160683000000000079e-06
2.175583999999999955e-06
2.175583999999999955e-06
2.160683000000000079e-06
2.153232000000000021e-06
2.138331000000000144e-06
2.153232000000000021e-06
2.175583999999999955e-06
2.220287999999999824e-06
2.272441999999999935e-06
2.309695000000000169e-06
2.324596000000000045e-06
2.324596000000000045e-06
2.309695000000000169e-06
2.302244000000000111e-06
2.279892000000000177e-06
2.257539999999999819e-06
2.212837000000000189e-06
2.175583999999999955e-06
2.145782000000000202e-06
2.130880999999999902e-06
2.145782000000000202e-06
2.160683000000000079e-06
2.190484999999999831e-06
2.212837000000000189e-06
2.212837000000000189e-06
2.220287999999999824e-06
2.235189000000000124e-06
2.257539999999999819e-06
2.279892000000000177e-06
2.294793000000000053e-06
2.309695000000000169e-06
2.339496999999999922e-06
2.354397999999999798e-06
2.376750000000000156e-06
2.391651000000000033e-06
2.399102000000000091e-06
2.391651000000000033e-06
2.384199999999999975e-06
2.369299000000000098e-06
2.346947000000000164e-06
2.332045999999999864e-06
2.317144999999999988e-06
2.294793000000000053e-06
2.279892000000000177e-06
2.264990999999999877e-06
2.250090000000000000e-06
2.235189000000000124e-06
2.227738000000000066e-06
2.227738000000000066e-06
2.227738000000000066e-06
2.227738000000000066e-06
2.227738000000000066e-06
2.227738000000000066e-06
2.227738000000000066e-06
2.227738000000000066e-06
2.235189000000000124e-06
2.242638999999999942e-06
2.257539999999999819e-06
2.264990999999999877e-06
2.272441999999999935e-06
2.279892000000000177e-06
2.287342999999999811e-06
2.294793000000000053e-06
2.309695000000000169e-06
2.324596000000000045e-06
2.339496999999999922e-06
2.346947000000000164e-06
2.354397999999999798e-06
2.369299000000000098e-06
2.384199999999999975e-06
2.399102000000000091e-06
2.406551999999999909e-06
2.414002999999999967e-06
2.421453000000000209e-06
2.421453000000000209e-06
2.428903999999999844e-06
2.428903999999999844e-06
2.436354000000000086e-06
2.443805000000000144e-06
2.451256000000000202e-06
2.458706000000000020e-06
2.466157000000000078e-06
2.466157000000000078e-06
2.466157000000000078e-06
2.473606999999999897e-06
2.488508000000000197e-06
2.503409999999999889e-06
2.510860000000000131e-06
2.525761000000000007e-06
2.533212000000000065e-06
2.533212000000000065e-06
2.540663000000000123e-06
2.548112999999999942e-06
2.563013999999999818e-06
2.577915000000000118e-06
2.585366000000000176e-06
2.592816999999999811e-06
2.600267000000000053e-06
2.607718000000000111e-06
2.615167999999999929e-06
2.622618999999999987e-06
2.630070000000000045e-06
2.637519999999999864e-06
2.637519999999999864e-06
2.644970999999999922e-06
2.652421000000000164e-06
2.659871999999999798e-06
2.659871999999999798e-06
2.667322000000000040e-06
2.674773000000000098e-06
2.682224000000000156e-06
2.689673999999999974e-06
2.697125000000000032e-06
2.704574999999999851e-06
2.719476000000000151e-06
2.726927000000000209e-06
2.734377999999999843e-06
2.749279000000000143e-06
2.756728999999999962e-06
2.771631000000000078e-06
2.779080999999999896e-06
2.786531999999999954e-06
2.786531999999999954e-06
2.793982000000000196e-06
2.793982000000000196e-06
2.793982000000000196e-06
2.801432999999999831e-06
2.801432999999999831e-06
2.801432999999999831e-06
2.801432999999999831e-06
2.793982000000000196e-06
2.786531999999999954e-06
2.786531999999999954e-06
2.771631000000000078e-06
2.756728999999999962e-06
2.749279000000000143e-06
2.726927000000000209e-06
2.719476000000000151e-06
2.704574999999999851e-06
2.689673999999999974e-06
2.674773000000000098e-06
2.667322000000000040e-06
2.659871999999999798e-06
2.659871999999999798e-06
2.652421000000000164e-06
2.644970999999999922e-06
2.644970999999999922e-06
2.644970999999999922e-06
2.637519999999999864e-06
2.630070000000000045e-06
2.622618999999999987e-06
2.622618999999999987e-06
2.615167999999999929e-06
2.607718000000000111e-06
2.607718000000000111e-06
2.607718000000000111e-06
2.622618999999999987e-06
2.630070000000000045e-06
2.637519999999999864e-06
2.637519999999999864e-06
2.644970999999999922e-06
2.659871999999999798e-06
2.674773000000000098e-06
2.689673999999999974e-06
2.712025999999999909e-06
2.726927000000000209e-06
2.756728999999999962e-06
2.786531999999999954e-06
2.801432999999999831e-06
2.808883000000000073e-06
2.793982000000000196e-06
2.779080999999999896e-06
2.749279000000000143e-06
2.719476000000000151e-06
2.712025999999999909e-06
2.719476000000000151e-06
2.749279000000000143e-06
2.808883000000000073e-06
2.898289999999999994e-06
3.010048999999999851e-06
3.144160000000000065e-06
3.293170999999999916e-06
3.449632999999999825e-06
3.606095999999999973e-06
3.755106999999999824e-06
3.896682999999999636e-06
4.008441000000000100e-06
4.105299000000000079e-06
4.172354000000000067e-06
4.202157000000000059e-06
4.217057999999999935e-06
4.194705999999999577e-06
4.157453000000000190e-06
4.097847999999999598e-06
4.015891999999999734e-06
3.926485000000000236e-06
3.829627999999999648e-06
3.717854000000000013e-06
3.606095999999999973e-06
3.479435999999999817e-06
3.330424000000000150e-06
3.166511000000000183e-06
3.002599000000000032e-06
2.823785000000000189e-06
2.637519999999999864e-06
2.466157000000000078e-06
2.302244000000000111e-06
2.168134000000000136e-06
2.071276000000000157e-06
2.026571999999999864e-06
2.026571999999999864e-06
2.071276000000000157e-06
2.138331000000000144e-06
2.220287999999999824e-06
2.324596000000000045e-06
2.421453000000000209e-06
2.510860000000000131e-06
2.592816999999999811e-06
2.659871999999999798e-06
2.719476000000000151e-06
2.771631000000000078e-06
2.801432999999999831e-06
2.838686000000000065e-06
2.861037999999999999e-06
2.890840000000000176e-06
2.913192000000000110e-06
2.942993999999999863e-06
2.957895000000000163e-06
2.972796000000000040e-06
2.972796000000000040e-06
2.972796000000000040e-06
2.980247000000000098e-06
2.972796000000000040e-06
2.972796000000000040e-06
2.980247000000000098e-06
2.980247000000000098e-06
2.980247000000000098e-06
2.987696999999999916e-06
2.987696999999999916e-06
2.995147999999999974e-06
2.995147999999999974e-06
3.002599000000000032e-06
3.010048999999999851e-06
3.010048999999999851e-06
3.017499999999999908e-06
3.024950000000000151e-06
3.032401000000000208e-06
3.039851000000000027e-06
3.047302000000000085e-06
3.054753000000000143e-06
3.062202999999999961e-06
3.062202999999999961e-06
3.069654000000000019e-06
3.077103999999999838e-06
3.077103999999999838e-06
3.077103999999999838e-06
3.077103999999999838e-06
3.084554999999999896e-06
3.084554999999999896e-06
3.084554999999999896e-06
3.084554999999999896e-06
3.092005000000000138e-06
3.092005000000000138e-06
3.084554999999999896e-06
3.084554999999999896e-06
3.084554999999999896e-06
3.077103999999999838e-06
3.077103999999999838e-06
3.069654000000000019e-06
3.069654000000000019e-06
3.062202999999999961e-06
3.062202999999999961e-06
3.069654000000000019e-06
3.069654000000000019e-06
3.077103999999999838e-06
3.077103999999999838e-06
3.084554999999999896e-06
3.092005000000000138e-06
3.092005000000000138e-06
3.092005000000000138e-06
3.092005000000000138e-06
3.092005000000000138e-06
3.092005000000000138e-06
3.092005000000000138e-06
3.092005000000000138e-06
3.092005000000000138e-06
3.092005000000000138e-06
3.092005000000000138e-06
3.092005000000000138e-06
3.099456000000000196e-06
3.099456000000000196e-06
3.106906999999999830e-06
3.114357000000000072e-06
3.121808000000000130e-06
3.129257999999999949e-06
3.144160000000000065e-06
3.151609999999999883e-06
3.159060999999999941e-06
3.166511000000000183e-06
3.173961999999999818e-06
3.181412000000000060e-06
3.188863000000000118e-06
3.196314000000000175e-06
3.203763999999999994e-06
3.211215000000000052e-06
3.218664999999999870e-06
3.226115999999999928e-06
3.226115999999999928e-06
3.226115999999999928e-06
3.226115999999999928e-06
3.226115999999999928e-06
3.226115999999999928e-06
3.226115999999999928e-06
3.226115999999999928e-06
3.226115999999999928e-06
3.226115999999999928e-06
3.226115999999999928e-06
3.226115999999999928e-06
3.233566999999999986e-06
3.233566999999999986e-06
3.233566999999999986e-06
3.241016999999999805e-06
3.241016999999999805e-06
3.248467999999999863e-06
3.255918000000000105e-06
3.263369000000000163e-06
3.278270000000000039e-06
3.285721000000000097e-06
3.293170999999999916e-06
3.308071999999999792e-06
3.315522999999999850e-06
3.322973000000000092e-06
3.330424000000000150e-06
3.337875000000000208e-06
3.345325000000000027e-06
3.352776000000000084e-06
3.352776000000000084e-06
3.360225999999999903e-06
3.367676999999999961e-06
3.367676999999999961e-06
3.375128000000000019e-06
3.382577999999999837e-06
3.382577999999999837e-06
3.390028999999999895e-06
3.397479000000000137e-06
3.404930000000000195e-06
3.404930000000000195e-06
3.412380000000000014e-06
3.412380000000000014e-06
3.419831000000000072e-06
3.419831000000000072e-06
3.419831000000000072e-06
3.427282000000000130e-06
3.427282000000000130e-06
3.434731999999999948e-06
3.442183000000000006e-06
3.449632999999999825e-06
3.449632999999999825e-06
3.457083999999999883e-06
3.464534999999999941e-06
3.471985000000000183e-06
3.479435999999999817e-06
3.479435999999999817e-06
3.486886000000000059e-06
3.494337000000000117e-06
3.501786999999999936e-06
3.509237999999999994e-06
3.509237999999999994e-06
3.509237999999999994e-06
3.516689000000000051e-06
3.516689000000000051e-06
3.524138999999999870e-06
3.524138999999999870e-06
3.524138999999999870e-06
3.531589999999999928e-06
3.539040000000000170e-06
3.539040000000000170e-06
3.546490999999999804e-06
3.546490999999999804e-06
3.546490999999999804e-06
3.546490999999999804e-06
3.553941000000000047e-06
3.553941000000000047e-06
3.553941000000000047e-06
3.553941000000000047e-06
3.553941000000000047e-06
3.553941000000000047e-06
3.546490999999999804e-06
3.546490999999999804e-06
3.546490999999999804e-06
3.553941000000000047e-06
3.553941000000000047e-06
3.568843000000000162e-06
3.576292999999999981e-06
3.583744000000000039e-06
3.598644999999999915e-06
3.606095999999999973e-06
3.606095999999999973e-06
3.620996999999999850e-06
3.628447000000000092e-06
3.635898000000000150e-06
3.643347999999999968e-06
3.658250000000000084e-06
3.665699999999999903e-06
3.673150999999999961e-06
3.673150999999999961e-06
3.680601000000000203e-06
3.680601000000000203e-06
3.688051999999999837e-06
3.688051999999999837e-06
3.688051999999999837e-06
3.680601000000000203e-06
3.680601000000000203e-06
3.673150999999999961e-06
3.673150999999999961e-06
3.673150999999999961e-06
3.673150999999999961e-06
3.673150999999999961e-06
3.673150999999999961e-06
3.673150999999999961e-06
3.673150999999999961e-06
3.673150999999999961e-06
3.673150999999999961e-06
3.673150999999999961e-06
3.673150999999999961e-06
3.680601000000000203e-06
3.680601000000000203e-06
3.680601000000000203e-06
3.680601000000000203e-06
3.688051999999999837e-06
3.688051999999999837e-06
3.688051999999999837e-06
3.695502999999999895e-06
3.695502999999999895e-06
3.695502999999999895e-06
3.702953000000000137e-06
3.710404000000000195e-06
3.717854000000000013e-06
3.717854000000000013e-06
3.725305000000000071e-06
3.732754999999999890e-06
3.732754999999999890e-06
3.740205999999999948e-06
3.747657000000000006e-06
3.755106999999999824e-06
3.770008000000000124e-06
3.777459000000000182e-06
3.784909000000000001e-06
3.792360000000000059e-06
3.799811000000000117e-06
3.799811000000000117e-06
3.807260999999999935e-06
3.807260999999999935e-06
3.799811000000000117e-06
3.799811000000000117e-06
3.792360000000000059e-06
3.777459000000000182e-06
3.762557999999999882e-06
3.755106999999999824e-06
3.740205999999999948e-06
3.732754999999999890e-06
3.725305000000000071e-06
3.717854000000000013e-06
3.717854000000000013e-06
3.717854000000000013e-06
3.717854000000000013e-06
3.725305000000000071e-06
3.732754999999999890e-06
3.740205999999999948e-06
3.747657000000000006e-06
3.762557999999999882e-06
3.777459000000000182e-06
3.784909000000000001e-06
3.799811000000000117e-06
3.807260999999999935e-06
3.822177000000000014e-06
3.837077999999999890e-06
3.851978999999999767e-06
3.859430000000000248e-06
3.866879999999999643e-06
3.874331000000000125e-06
3.881781999999999759e-06
3.889232000000000001e-06
3.896682999999999636e-06
3.896682999999999636e-06
3.896682999999999636e-06
3.896682999999999636e-06
3.889232000000000001e-06
3.881781999999999759e-06
3.874331000000000125e-06
3.866879999999999643e-06
3.859430000000000248e-06
3.859430000000000248e-06
3.844529000000000372e-06
3.837077999999999890e-06
3.829627999999999648e-06
3.822177000000000014e-06
3.807260999999999935e-06
3.799811000000000117e-06
3.799811000000000117e-06
3.792360000000000059e-06
3.784909000000000001e-06
3.784909000000000001e-06
3.784909000000000001e-06
3.784909000000000001e-06
3.784909000000000001e-06
3.792360000000000059e-06
3.799811000000000117e-06
3.807260999999999935e-06
3.829627999999999648e-06
3.851978999999999767e-06
3.859430000000000248e-06
3.881781999999999759e-06
3.904132999999999878e-06
3.926485000000000236e-06
3.933935999999999870e-06
3.948836999999999747e-06
3.963737999999999623e-06
3.978639000000000347e-06
3.986089999999999981e-06
3.986089999999999981e-06
3.986089999999999981e-06
3.986089999999999981e-06
3.986089999999999981e-06
3.986089999999999981e-06
3.986089999999999981e-06
3.986089999999999981e-06
3.993540000000000223e-06
3.993540000000000223e-06
4.000990999999999857e-06
4.008441000000000100e-06
4.015891999999999734e-06
4.023343000000000215e-06
4.023343000000000215e-06
4.038244000000000092e-06
4.038244000000000092e-06
4.045694000000000334e-06
4.053144999999999968e-06
4.053144999999999968e-06
4.060595999999999603e-06
4.068045999999999845e-06
4.075497000000000326e-06
4.082946999999999721e-06
4.090398000000000203e-06
4.097847999999999598e-06
4.105299000000000079e-06
4.112749999999999714e-06
4.112749999999999714e-06
4.120199999999999956e-06
4.127650999999999590e-06
4.127650999999999590e-06
4.127650999999999590e-06
4.127650999999999590e-06
4.127650999999999590e-06
4.127650999999999590e-06
4.127650999999999590e-06
4.127650999999999590e-06
4.120199999999999956e-06
4.120199999999999956e-06
4.120199999999999956e-06
4.127650999999999590e-06
4.127650999999999590e-06
4.135100999999999832e-06
4.150001999999999709e-06
4.157453000000000190e-06
4.172354000000000067e-06
4.179804999999999701e-06
4.179804999999999701e-06
4.194705999999999577e-06
4.202157000000000059e-06
4.209607000000000301e-06
4.224508000000000177e-06
4.231958999999999812e-06
4.239409000000000054e-06
4.246859999999999688e-06
4.254311000000000170e-06
4.261761000000000412e-06
4.269212000000000046e-06
4.269212000000000046e-06
4.276662000000000288e-06
4.276662000000000288e-06
4.284112999999999923e-06
4.291564000000000404e-06
4.299013999999999799e-06
4.306465000000000281e-06
4.306465000000000281e-06
4.313914999999999676e-06
4.321366000000000157e-06
4.328816000000000399e-06
4.336267000000000033e-06
4.336267000000000033e-06
4.343717999999999668e-06
4.351167999999999910e-06
4.358619000000000391e-06
4.366068999999999786e-06
4.366068999999999786e-06
4.366068999999999786e-06
4.373520000000000268e-06
4.380969999999999663e-06
4.388421000000000144e-06
4.395871999999999779e-06
4.403322000000000021e-06
4.410772999999999655e-06
4.418222999999999897e-06
4.433125000000000013e-06
4.433125000000000013e-06
4.440575000000000255e-06
4.448025999999999890e-06
4.462926999999999766e-06
4.470377000000000008e-06
4.477827999999999643e-06
4.485279000000000124e-06
4.492729000000000366e-06
4.492729000000000366e-06
4.507630000000000243e-06
4.515080999999999877e-06
4.522532000000000358e-06
4.537433000000000235e-06
4.544882999999999630e-06
4.552334000000000111e-06
4.559784000000000353e-06
4.559784000000000353e-06
4.567234999999999988e-06
4.574685999999999622e-06
4.582135999999999864e-06
4.589587000000000346e-06
4.597036999999999741e-06
4.604488000000000222e-06
4.611937999999999617e-06
4.619389000000000099e-06
4.619389000000000099e-06
4.626839999999999733e-06
4.634289999999999975e-06
4.641740999999999610e-06
4.656642000000000333e-06
4.664092999999999967e-06
4.671543000000000210e-06
4.678993999999999844e-06
4.686444000000000086e-06
4.693894999999999720e-06
4.701344999999999962e-06
4.716247000000000078e-06
4.731147999999999955e-06
4.746048999999999831e-06
4.760949999999999708e-06
4.775850999999999584e-06
4.798202999999999942e-06
4.813103999999999819e-06
4.828004999999999695e-06
4.842906000000000419e-06
4.857807999999999687e-06
4.872709000000000411e-06
4.880158999999999806e-06
4.887610000000000287e-06
4.902511000000000164e-06
4.909961999999999798e-06
4.924862999999999675e-06
4.932312999999999917e-06
4.939764000000000398e-06
4.939764000000000398e-06
4.947215000000000033e-06
4.954665000000000275e-06
4.969566000000000151e-06
4.977016999999999786e-06
4.984468000000000267e-06
4.991917999999999662e-06
4.999369000000000143e-06
5.006819000000000386e-06
5.014270000000000020e-06
5.021720000000000262e-06
5.029170999999999896e-06
5.036622000000000378e-06
5.051523000000000254e-06
5.058972999999999649e-06
5.066424000000000131e-06
5.073874000000000373e-06
5.088775999999999642e-06
5.096225999999999884e-06
5.103677000000000365e-06
5.118578000000000242e-06
5.126028999999999876e-06
5.126028999999999876e-06
5.133479000000000118e-06
5.140929999999999753e-06
5.148379999999999995e-06
5.155830999999999629e-06
5.163280999999999871e-06
5.170732000000000353e-06
5.178182999999999987e-06
5.178182999999999987e-06
5.185633000000000229e-06
5.193083999999999863e-06
5.193083999999999863e-06
5.193083999999999863e-06
5.193083999999999863e-06
5.200534000000000106e-06
5.200534000000000106e-06
5.207984999999999740e-06
5.215436000000000221e-06
5.222885999999999616e-06
5.237787000000000340e-06
5.245237999999999974e-06
5.252688000000000216e-06
5.252688000000000216e-06
5.252688000000000216e-06
5.260138999999999851e-06
5.267590000000000332e-06
5.267590000000000332e-06
5.267590000000000332e-06
5.275039999999999727e-06
5.275039999999999727e-06
5.275039999999999727e-06
5.275039999999999727e-06
5.275039999999999727e-06
5.275039999999999727e-06
5.275039999999999727e-06
5.275039999999999727e-06
5.282491000000000209e-06
5.282491000000000209e-06
5.289940999999999604e-06
5.297392000000000085e-06
5.304842000000000327e-06
5.312292999999999962e-06
5.312292999999999962e-06
5.319743999999999596e-06
5.319743999999999596e-06
5.327193999999999838e-06
5.334645000000000320e-06
5.342094999999999715e-06
5.349546000000000196e-06
5.356996999999999830e-06
5.371897999999999707e-06
5.379347999999999949e-06
5.379347999999999949e-06
5.379347999999999949e-06
5.379347999999999949e-06
5.386798999999999583e-06
5.386798999999999583e-06
5.386798999999999583e-06
5.394248999999999825e-06
5.401700000000000307e-06
5.401700000000000307e-06
5.409150999999999941e-06
5.416601000000000183e-06
5.424051999999999818e-06
5.438952999999999694e-06
5.446404000000000176e-06
5.446404000000000176e-06
5.461305000000000052e-06
5.468755000000000294e-06
5.476205999999999929e-06
5.483656000000000171e-06
5.491106999999999805e-06
5.498558000000000287e-06
5.506007999999999682e-06
5.506007999999999682e-06
5.513459000000000163e-06
5.520909000000000405e-06
5.528360000000000039e-06
5.543260999999999916e-06
5.550712000000000397e-06
5.558161999999999792e-06
5.558161999999999792e-06
5.565613000000000274e-06
5.565613000000000274e-06
5.573062999999999669e-06
5.573062999999999669e-06
5.573062999999999669e-06
5.573062999999999669e-06
5.580514000000000150e-06
5.587964999999999785e-06
5.587964999999999785e-06
5.595415000000000027e-06
5.602865999999999661e-06
5.610315999999999903e-06
5.625216999999999780e-06
5.632668000000000261e-06
5.632668000000000261e-06
5.632668000000000261e-06
5.640118999999999896e-06
5.647569000000000138e-06
5.655019999999999772e-06
5.662470000000000014e-06
5.669920999999999649e-06
5.669920999999999649e-06
5.677372000000000130e-06
5.684822000000000372e-06
5.692273000000000006e-06
5.699723000000000249e-06
5.699723000000000249e-06
5.699723000000000249e-06
5.707173999999999883e-06
5.714624000000000125e-06
5.714624000000000125e-06
5.722074999999999759e-06
5.729526000000000241e-06
5.736975999999999636e-06
5.744427000000000117e-06
5.744427000000000117e-06
5.751877000000000359e-06
5.759327999999999994e-06
5.759327999999999994e-06
5.766778000000000236e-06
5.774228999999999870e-06
5.789129999999999747e-06
5.796581000000000228e-06
5.811482000000000105e-06
5.818932999999999739e-06
5.826382999999999981e-06
5.833833999999999616e-06
5.841283999999999858e-06
5.848735000000000339e-06
5.863636000000000216e-06
5.871086999999999850e-06
5.878537000000000092e-06
5.885987999999999726e-06
5.885987999999999726e-06
5.900888999999999603e-06
5.908340000000000084e-06
5.915790000000000326e-06
5.930691000000000203e-06
5.938141999999999837e-06
5.945592000000000079e-06
5.953042999999999714e-06
5.953042999999999714e-06
5.960494000000000195e-06
5.975395000000000072e-06
5.982845000000000314e-06
5.990295999999999948e-06
5.997746000000000190e-06
6.012648000000000306e-06
6.012648000000000306e-06
6.027549000000000183e-06
6.042450000000000059e-06
6.049900999999999693e-06
6.057350999999999935e-06
6.064802000000000417e-06
6.072251999999999812e-06
6.079703000000000293e-06
6.079703000000000293e-06
6.087152999999999688e-06
6.094604000000000170e-06
6.094604000000000170e-06
6.102054999999999804e-06
6.109505000000000046e-06
6.116955999999999681e-06
6.124405999999999923e-06
6.131857000000000404e-06
6.139308000000000039e-06
6.139308000000000039e-06
6.146758000000000281e-06
6.154208999999999915e-06
6.161659000000000157e-06
6.169109999999999792e-06
6.176560000000000034e-06
6.191462000000000149e-06
6.198912000000000392e-06
6.206363000000000026e-06
6.213813000000000268e-06
6.221263999999999902e-06
6.228714000000000145e-06
6.236164999999999779e-06
6.243616000000000260e-06
6.251065999999999655e-06
6.258517000000000137e-06
6.265967000000000379e-06
6.265967000000000379e-06
6.273418000000000013e-06
6.273418000000000013e-06
6.280868999999999648e-06
6.288318999999999890e-06
6.295770000000000371e-06
6.303219999999999766e-06
6.310671000000000248e-06
6.318120999999999643e-06
6.325572000000000124e-06
6.333022999999999759e-06
6.340473000000000001e-06
6.347923999999999635e-06
6.362825000000000359e-06
6.370275999999999993e-06
6.385176999999999869e-06
6.392627000000000111e-06
6.392627000000000111e-06
6.407527999999999988e-06
6.414978999999999622e-06
6.429880000000000346e-06
6.444781000000000222e-06
6.452231999999999857e-06
6.459682000000000099e-06
6.467132999999999733e-06
6.482033999999999610e-06
6.496935000000000333e-06
6.511836999999999602e-06
6.519286999999999844e-06
6.526738000000000326e-06
6.541639000000000202e-06
6.549088999999999597e-06
6.563990999999999713e-06
6.571440999999999955e-06
6.578891999999999589e-06
6.586341999999999831e-06
6.593793000000000313e-06
6.601243999999999947e-06
6.608694000000000189e-06
6.623595000000000066e-06
6.631045999999999700e-06
6.638495999999999942e-06
6.645946999999999577e-06
6.653398000000000058e-06
6.668298999999999935e-06
6.683199999999999811e-06
6.690650000000000053e-06
6.705552000000000169e-06
6.713002000000000411e-06
6.727903000000000288e-06
6.735353999999999922e-06
6.750254999999999798e-06
6.765155999999999675e-06
6.772607000000000156e-06
6.794958999999999667e-06
6.802408999999999909e-06
6.824761000000000267e-06
6.839662000000000144e-06
6.839662000000000144e-06
6.854563000000000020e-06
6.869463999999999897e-06
6.884366000000000012e-06
6.891816000000000255e-06
6.899266999999999889e-06
6.914167999999999765e-06
6.921618000000000007e-06
6.936520000000000123e-06
6.951421000000000000e-06
6.966321999999999876e-06
6.966321999999999876e-06
6.981222999999999753e-06
6.996123999999999629e-06
7.011025000000000353e-06
7.025926999999999622e-06
7.033376999999999864e-06
7.048277999999999740e-06
7.063179999999999856e-06
7.078080999999999732e-06
7.092981999999999609e-06
7.100431999999999851e-06
7.115333999999999967e-06
7.122784000000000209e-06
7.137685000000000085e-06
7.145135999999999720e-06
7.152585999999999962e-06
7.152585999999999962e-06
7.160036999999999596e-06
7.167488000000000078e-06
7.167488000000000078e-06
7.167488000000000078e-06
7.174938000000000320e-06
7.174938000000000320e-06
7.182388999999999954e-06
7.189839000000000196e-06
7.197289999999999831e-06
7.204741000000000312e-06
7.212190999999999707e-06
7.219642000000000188e-06
7.227091999999999584e-06
7.241993000000000307e-06
7.249443999999999941e-06
7.264344999999999818e-06
7.271796000000000299e-06
7.279245999999999694e-06
7.294147999999999810e-06
7.301598000000000052e-06
7.316498999999999929e-06
7.323950000000000410e-06
7.338851000000000287e-06
7.346301999999999921e-06
7.353752000000000163e-06
7.361202999999999798e-06
7.376103999999999674e-06
7.383553999999999916e-06
7.391005000000000398e-06
7.405906000000000274e-06
7.413356999999999908e-06
7.420807000000000150e-06
7.435709000000000266e-06
7.450610000000000143e-06
7.465511000000000019e-06
7.472961000000000261e-06
7.480411999999999896e-06
7.495312999999999772e-06
7.510213999999999649e-06
7.517665000000000130e-06
7.532566000000000007e-06
7.532566000000000007e-06
7.540016999999999641e-06
7.554918000000000365e-06
7.562367999999999760e-06
7.569819000000000241e-06
7.577269999999999875e-06
7.584720000000000117e-06
7.592170999999999752e-06
7.599620999999999994e-06
7.599620999999999994e-06
7.607071999999999628e-06
7.614521999999999870e-06
7.629453000000000151e-06
7.636902999999999547e-06
7.644354000000000028e-06
7.651803999999999423e-06
7.659254999999999904e-06
7.666706000000000386e-06
7.674155999999999781e-06
7.689056999999999657e-06
7.696508000000000139e-06
7.711409000000000015e-06
7.718860000000000497e-06
7.726309999999999892e-06
7.733761000000000373e-06
7.741210999999999768e-06
7.748662000000000250e-06
7.756113000000000731e-06
7.771014000000000608e-06
7.778464000000000003e-06
7.785915000000000484e-06
7.793365999999999271e-06
7.800816000000000361e-06
7.808267000000000842e-06
7.815717000000000237e-06
7.823168000000000718e-06
7.838069000000000595e-06
7.845519999999999382e-06
7.852970000000000471e-06
7.860420999999999259e-06
7.875322000000000829e-06
7.882772000000000224e-06
7.897673999999999493e-06
7.912574999999999370e-06
7.912574999999999370e-06
7.927475999999999246e-06
7.942377000000000817e-06
7.949827999999999604e-06
7.964728999999999481e-06
7.972179000000000570e-06
7.979629999999999357e-06
7.987080999999999838e-06
7.994530999999999233e-06
8.001981999999999715e-06
8.016882999999999591e-06
8.024334000000000073e-06
8.031783999999999468e-06
8.039234999999999949e-06
8.046684999999999344e-06
8.061585999999999221e-06
8.076488000000000184e-06
8.083937999999999579e-06
8.098838999999999455e-06
8.106289999999999937e-06
8.121190999999999813e-06
8.136091999999999690e-06
8.150992999999999566e-06
8.165895000000000529e-06
8.173344999999999924e-06
8.180796000000000405e-06
8.195697000000000282e-06
8.210598000000000158e-06
8.225499000000000035e-06
8.232950000000000516e-06
8.240399999999999911e-06
8.255301999999999180e-06
8.270203000000000751e-06
8.285104000000000627e-06
8.292554000000000022e-06
8.307455999999999291e-06
8.322356999999999167e-06
8.337258000000000738e-06
8.352159000000000614e-06
8.359609999999999402e-06
8.374510999999999278e-06
8.389411999999999155e-06
8.404313000000000725e-06
8.411763999999999513e-06
8.419214000000000602e-06
8.434115000000000478e-06
8.449016999999999747e-06
8.456467000000000836e-06
8.471368000000000713e-06
8.486269999999999981e-06
8.486269999999999981e-06
8.501170999999999858e-06
8.508620999999999253e-06
8.523522000000000823e-06
8.530972999999999611e-06
8.538424000000000092e-06
8.545873999999999487e-06
8.553324999999999969e-06
8.568225999999999845e-06
8.575675999999999240e-06
8.590578000000000203e-06
8.598027999999999598e-06
8.612928999999999475e-06
8.620379999999999956e-06
8.635280999999999833e-06
8.650181999999999709e-06
8.665082999999999586e-06
8.672534000000000067e-06
8.687434999999999943e-06
8.702335999999999820e-06
8.717238000000000783e-06
8.732139000000000659e-06
8.739589000000000054e-06
8.754489999999999931e-06
8.769391999999999200e-06
8.784293000000000770e-06
8.799194000000000647e-06
8.806644000000000042e-06
8.821545999999999310e-06
8.836446999999999187e-06
8.851348000000000757e-06
8.858798999999999545e-06
8.866249000000000634e-06
8.881150000000000510e-06
8.888600999999999298e-06
8.903501999999999174e-06
8.910952999999999656e-06
8.925853999999999532e-06
8.925853999999999532e-06
8.940754999999999409e-06
8.955655999999999285e-06
8.970556999999999162e-06
8.985458000000000732e-06
8.992908999999999520e-06
9.007809999999999396e-06
9.022710999999999272e-06
9.037612000000000843e-06
9.052514000000000112e-06
9.052514000000000112e-06
9.067414999999999988e-06
9.082315999999999865e-06
9.097216999999999741e-06
9.112117999999999618e-06
9.119569000000000099e-06
9.134469999999999976e-06
9.149370999999999852e-06
9.171723000000000210e-06
9.179174000000000691e-06
9.194075000000000568e-06
9.216425999999999839e-06
9.231328000000000802e-06
9.246229000000000679e-06
9.253679000000000074e-06
9.268579999999999950e-06
9.283481999999999219e-06
9.298383000000000790e-06
9.305833000000000185e-06
9.320734999999999453e-06
9.335635999999999330e-06
9.350536999999999206e-06
9.372888999999999564e-06
9.380339000000000653e-06
9.395240000000000530e-06
9.410141999999999799e-06
9.417591999999999194e-06
9.432493000000000764e-06
9.439943999999999552e-06
9.454844999999999428e-06
9.469745999999999305e-06
9.484646999999999181e-06
9.499548000000000752e-06
9.514450000000000020e-06
9.529350999999999897e-06
9.551703000000000255e-06
9.559152999999999650e-06
9.574053999999999526e-06
9.596405999999999884e-06
9.611306999999999761e-06
9.626207999999999637e-06
9.633659000000000119e-06
9.648559999999999995e-06
9.663460999999999872e-06
9.678361999999999748e-06
9.693264000000000711e-06
9.700714000000000106e-06
9.715614999999999982e-06
9.730515999999999859e-06
9.745418000000000822e-06
9.752868000000000217e-06
9.767769000000000093e-06
9.782670999999999362e-06
9.790121000000000451e-06
9.797571999999999239e-06
9.812473000000000809e-06
9.812473000000000809e-06
9.827374000000000686e-06
9.834824999999999473e-06
9.849725999999999349e-06
9.857176000000000439e-06
9.872077000000000315e-06
9.879528000000000796e-06
9.894429000000000673e-06
9.901879999999999460e-06
9.916780999999999337e-06
9.931681999999999213e-06
9.939132999999999695e-06
9.954033999999999571e-06
9.961484000000000660e-06
9.976385999999999929e-06
9.983835999999999324e-06
9.998736999999999201e-06
1.000619000000000016e-05
1.002109000000000064e-05
1.002854000000000004e-05
1.004344000000000052e-05
1.005833999999999931e-05
1.006579000000000040e-05
1.008068999999999919e-05
1.009558999999999968e-05
1.011795000000000026e-05
1.013285000000000074e-05
1.014030000000000014e-05
1.015520000000000062e-05
1.017009999999999941e-05
1.018499999999999989e-05
1.019244999999999929e-05
1.019990000000000038e-05
1.021479999999999917e-05
1.022971000000000035e-05
1.023715999999999975e-05
1.025206000000000023e-05
1.025950999999999963e-05
1.027441000000000011e-05
1.028185999999999951e-05
1.029675999999999999e-05
1.031166000000000047e-05
1.031910999999999987e-05
1.032655999999999926e-05
1.034145999999999975e-05
1.035636999999999924e-05
1.037126999999999972e-05
1.038617000000000021e-05
1.039361999999999960e-05
1.040852000000000008e-05
1.042342000000000057e-05
1.043831999999999936e-05
1.044577000000000045e-05
1.046066999999999924e-05
1.047556999999999972e-05
1.049047999999999921e-05
1.050537999999999970e-05
1.051283000000000079e-05
1.052772999999999958e-05
1.054263000000000006e-05
1.055753000000000054e-05
1.057242999999999933e-05
1.057988000000000042e-05
1.060223000000000030e-05
1.061713999999999979e-05
1.063948999999999967e-05
1.064694000000000076e-05
1.066929000000000064e-05
1.068418999999999943e-05
1.069908999999999991e-05
1.071399000000000040e-05
1.072888999999999919e-05
1.074380000000000037e-05
1.075869999999999916e-05
1.076615000000000025e-05
1.078105000000000073e-05
1.078850000000000013e-05
1.080340000000000061e-05
1.081085000000000001e-05
1.082575000000000049e-05
1.083319999999999989e-05
1.084064999999999928e-05
1.085554999999999977e-05
1.087045999999999926e-05
1.088535999999999974e-05
1.089281000000000083e-05
1.090770999999999962e-05
1.092261000000000010e-05
1.093751000000000059e-05
1.094495999999999998e-05
1.095240999999999938e-05
1.096730999999999986e-05
1.097475999999999926e-05
1.098965999999999974e-05
1.099711999999999984e-05
1.101202000000000032e-05
1.101946999999999972e-05
1.102692000000000080e-05
1.104181999999999959e-05
1.105672000000000008e-05
1.107162000000000056e-05
1.107906999999999996e-05
1.109397000000000044e-05
1.110886999999999923e-05
1.111632000000000032e-05
1.113122999999999981e-05
1.114613000000000030e-05
1.115357999999999969e-05
1.116103000000000078e-05
1.117592999999999957e-05
1.119083000000000005e-05
1.119827999999999945e-05
1.120573000000000054e-05
1.122062999999999933e-05
1.123552999999999981e-05
1.125043000000000030e-05
1.126533999999999979e-05
1.127278999999999918e-05
1.128024000000000027e-05
1.129514000000000075e-05
1.131003999999999954e-05
1.132494000000000003e-05
1.133238999999999942e-05
1.133984000000000051e-05
1.134728999999999991e-05
1.135473999999999930e-05
1.136963999999999979e-05
1.138454999999999928e-05
1.139200000000000037e-05
1.139944999999999976e-05
1.141435000000000024e-05
1.142179999999999964e-05
1.143670000000000012e-05
1.145160000000000061e-05
1.145905000000000000e-05
1.146649999999999940e-05
1.148139999999999988e-05
1.148884999999999928e-05
1.150374999999999976e-05
1.151120999999999986e-05
1.152611000000000034e-05
1.153355999999999974e-05
1.154101000000000082e-05
1.155590999999999961e-05
1.157081000000000010e-05
1.157825999999999949e-05
1.158571000000000058e-05
1.160060999999999937e-05
1.160806000000000046e-05
1.162295999999999925e-05
1.163787000000000044e-05
1.164531999999999983e-05
1.165276999999999923e-05
1.166022000000000031e-05
1.167512000000000080e-05
1.168257000000000019e-05
1.169747000000000068e-05
1.170492000000000007e-05
1.171236999999999947e-05
1.172726999999999995e-05
1.173471999999999935e-05
1.174217000000000044e-05
1.175706999999999923e-05
1.176452000000000032e-05
1.177942999999999981e-05
1.177942999999999981e-05
1.179433000000000029e-05
1.180177999999999968e-05
1.181668000000000017e-05
1.182412999999999956e-05
1.183903000000000005e-05
1.183903000000000005e-05
1.185393000000000053e-05
1.186882999999999932e-05
1.187628000000000041e-05
1.188372999999999981e-05
1.189863999999999930e-05
1.190609000000000038e-05
1.190609000000000038e-05
1.192098999999999917e-05
1.192844000000000026e-05
1.194334000000000075e-05
1.195079000000000014e-05
1.196569000000000063e-05
1.197314000000000002e-05
1.198058999999999942e-05
1.199548999999999990e-05
1.201039000000000039e-05
1.202529999999999988e-05
1.203274999999999927e-05
1.204020000000000036e-05
1.204764999999999975e-05
1.206255000000000024e-05
1.206999999999999963e-05
1.208490000000000012e-05
1.209234999999999951e-05
1.209234999999999951e-05
1.210725000000000000e-05
1.212215000000000048e-05
1.212959999999999988e-05
1.214450000000000036e-05
1.215196000000000046e-05
1.215940999999999985e-05
1.216685999999999925e-05
1.218175999999999973e-05
1.218921000000000082e-05
1.219666000000000021e-05
1.220410999999999961e-05
1.221156000000000070e-05
1.221901000000000009e-05
1.222645999999999949e-05
1.223391000000000058e-05
1.224135999999999997e-05
1.225626000000000046e-05
1.226370999999999985e-05
1.227861999999999934e-05
1.228607000000000043e-05
1.229351999999999982e-05
1.230842000000000031e-05
1.232332000000000079e-05
1.233821999999999958e-05
1.234567000000000067e-05
1.235312000000000007e-05
1.236056999999999946e-05
1.237546999999999995e-05
1.238291999999999934e-05
1.239037000000000043e-05
1.240526999999999922e-05
1.241272999999999932e-05
1.241272999999999932e-05
1.242018000000000040e-05
1.243507999999999919e-05
1.244253000000000028e-05
1.244997999999999968e-05
1.245743000000000077e-05
1.246488000000000016e-05
1.247232999999999956e-05
1.247232999999999956e-05
1.247978000000000065e-05
1.248723000000000004e-05
1.249467999999999944e-05
1.250213000000000053e-05
1.250957999999999992e-05
1.251702999999999932e-05
1.252448000000000041e-05
1.253192999999999980e-05
1.253938999999999989e-05
1.254683999999999929e-05
1.255429000000000038e-05
1.256173999999999977e-05
1.256918999999999917e-05
1.258408999999999965e-05
1.259154000000000074e-05
1.259899000000000014e-05
1.259899000000000014e-05
1.261389000000000062e-05
1.262134000000000002e-05
1.262878999999999941e-05
1.263624000000000050e-05
1.265113999999999929e-05
1.265859000000000038e-05
1.266605000000000047e-05
1.266605000000000047e-05
1.268094999999999926e-05
1.268840000000000035e-05
1.269584999999999975e-05
1.270330000000000084e-05
1.271075000000000023e-05
1.271819999999999963e-05
1.272565000000000072e-05
1.272565000000000072e-05
1.273310000000000011e-05
1.274054999999999951e-05
1.275544999999999999e-05
1.276289999999999939e-05
1.277035000000000048e-05
1.277779999999999987e-05
1.278524999999999927e-05
1.278524999999999927e-05
1.279270999999999936e-05
1.279270999999999936e-05
1.280016000000000045e-05
1.280760999999999984e-05
1.281505999999999924e-05
1.282251000000000033e-05
1.282995999999999972e-05
1.283741000000000081e-05
1.284486000000000021e-05
1.285230999999999960e-05
1.285230999999999960e-05
1.285976000000000069e-05
1.286721000000000009e-05
1.287465999999999948e-05
1.288211000000000057e-05
1.288955999999999997e-05
1.290446000000000045e-05
1.291190999999999985e-05
1.291935999999999924e-05
1.291935999999999924e-05
1.292681999999999933e-05
1.293427000000000042e-05
1.294171999999999982e-05
1.294916999999999921e-05
1.294916999999999921e-05
1.296406999999999970e-05
1.296406999999999970e-05
1.297152000000000079e-05
1.297897000000000018e-05
1.298641999999999958e-05
1.299387000000000067e-05
1.300132000000000006e-05
1.300876999999999946e-05
1.302366999999999994e-05
1.303111999999999934e-05
1.303857000000000042e-05
1.304601999999999982e-05
1.305347999999999991e-05
1.306838000000000040e-05
1.307582999999999979e-05
1.308327999999999919e-05
1.309073000000000028e-05
1.309817999999999967e-05
1.310563000000000076e-05
1.310563000000000076e-05
1.311308000000000016e-05
1.312052999999999955e-05
1.312798000000000064e-05
1.312798000000000064e-05
1.313543000000000004e-05
1.314287999999999943e-05
1.315033000000000052e-05
1.315033000000000052e-05
1.315777999999999992e-05
1.315777999999999992e-05
1.316522999999999931e-05
1.317268000000000040e-05
1.317268000000000040e-05
1.317268000000000040e-05
1.318014000000000049e-05
1.318758999999999989e-05
1.319503999999999928e-05
1.319503999999999928e-05
1.320249000000000037e-05
1.320993999999999977e-05
1.320993999999999977e-05
1.322484000000000025e-05
1.322484000000000025e-05
1.323228999999999965e-05
1.323228999999999965e-05
1.323974000000000074e-05
1.324719000000000013e-05
1.324719000000000013e-05
1.325463999999999953e-05
1.326209000000000062e-05
1.326954000000000001e-05
1.326954000000000001e-05
1.327698999999999941e-05
1.328444000000000049e-05
1.329188999999999989e-05
1.329933999999999929e-05
1.329933999999999929e-05
1.330679999999999938e-05
1.332169999999999986e-05
1.332914999999999926e-05
1.333660000000000035e-05
1.335150000000000083e-05
1.335895000000000023e-05
1.336639999999999962e-05
1.337385000000000071e-05
1.338874999999999950e-05
1.339620000000000059e-05
1.340364999999999999e-05
1.341855000000000047e-05
1.342599999999999986e-05
1.342599999999999986e-05
1.344090999999999935e-05
1.344836000000000044e-05
1.345580999999999984e-05
1.346325999999999923e-05
1.347071000000000032e-05
1.347071000000000032e-05
1.347071000000000032e-05
1.347071000000000032e-05
1.347071000000000032e-05
1.347815999999999972e-05
1.347815999999999972e-05
1.347815999999999972e-05
1.348561000000000081e-05
1.348561000000000081e-05
1.349306000000000020e-05
1.350050999999999960e-05
1.350796000000000069e-05
1.351541000000000008e-05
1.352285999999999948e-05
1.353031000000000057e-05
1.353031000000000057e-05
1.353775999999999996e-05
1.354520999999999936e-05
1.355266000000000044e-05
1.355266000000000044e-05
1.355266000000000044e-05
1.356010999999999984e-05
1.356010999999999984e-05
1.356756999999999993e-05
1.357501999999999933e-05
1.358247000000000042e-05
1.358247000000000042e-05
1.359736999999999921e-05
1.360482000000000030e-05
1.361226999999999969e-05
1.361226999999999969e-05
1.361972000000000078e-05
1.363461999999999957e-05
1.364207000000000066e-05
1.364952000000000006e-05
1.364952000000000006e-05
1.365696999999999945e-05
1.366442000000000054e-05
1.366442000000000054e-05
1.367186999999999993e-05
1.367186999999999993e-05
1.367931999999999933e-05
1.367931999999999933e-05
1.368677000000000042e-05
1.368677000000000042e-05
1.369423000000000051e-05
1.370167999999999991e-05
1.370912999999999930e-05
1.370912999999999930e-05
1.371658000000000039e-05
1.372402999999999979e-05
1.373147999999999918e-05
1.373893000000000027e-05
1.373893000000000027e-05
1.373893000000000027e-05
1.373893000000000027e-05
1.373893000000000027e-05
1.373893000000000027e-05
1.373893000000000027e-05
1.373893000000000027e-05
1.373893000000000027e-05
1.373893000000000027e-05
1.373893000000000027e-05
1.374637999999999967e-05
1.375383000000000076e-05
1.375383000000000076e-05
1.376128000000000015e-05
1.377618000000000064e-05
1.378363000000000003e-05
1.379107999999999943e-05
1.379853000000000051e-05
1.380597999999999991e-05
1.380597999999999991e-05
1.381342999999999930e-05
1.382088999999999940e-05
1.382834000000000049e-05
1.383578999999999988e-05
1.383578999999999988e-05
1.384323999999999928e-05
1.384323999999999928e-05
1.384323999999999928e-05
1.385069000000000037e-05
1.385069000000000037e-05
1.385813999999999976e-05
1.385813999999999976e-05
1.386558999999999916e-05
1.386558999999999916e-05
1.387304000000000025e-05
1.388048999999999964e-05
1.388794000000000073e-05
1.389539000000000013e-05
1.390283999999999952e-05
1.391029000000000061e-05
1.391774000000000000e-05
1.392518999999999940e-05
1.392518999999999940e-05
1.393264000000000049e-05
1.393264000000000049e-05
1.393264000000000049e-05
1.394008999999999988e-05
1.394754999999999998e-05
1.394754999999999998e-05
1.395499999999999937e-05
1.395499999999999937e-05
1.396245000000000046e-05
1.396989999999999986e-05
1.396989999999999986e-05
1.397734999999999925e-05
1.397734999999999925e-05
1.398480000000000034e-05
1.399224999999999974e-05
1.399224999999999974e-05
1.399224999999999974e-05
1.399970000000000083e-05
1.400715000000000022e-05
1.401459999999999962e-05
1.402205000000000071e-05
1.402950000000000010e-05
1.403694999999999950e-05
1.403694999999999950e-05
1.404440000000000058e-05
1.404440000000000058e-05
1.405184999999999998e-05
1.405929999999999937e-05
1.405929999999999937e-05
1.405929999999999937e-05
1.405929999999999937e-05
1.406675000000000046e-05
1.406675000000000046e-05
1.406675000000000046e-05
1.407419999999999986e-05
1.407419999999999986e-05
1.407419999999999986e-05
1.407419999999999986e-05
1.408165999999999995e-05
1.408165999999999995e-05
1.408165999999999995e-05
1.408165999999999995e-05
1.408910999999999935e-05
1.408910999999999935e-05
1.408910999999999935e-05
1.409656000000000044e-05
1.409656000000000044e-05
1.410400999999999983e-05
1.411145999999999923e-05
1.411145999999999923e-05
1.411891000000000032e-05
1.411891000000000032e-05
1.412635999999999971e-05
1.413381000000000080e-05
1.413381000000000080e-05
1.414126000000000020e-05
1.414870999999999959e-05
1.415616000000000068e-05
1.416361000000000008e-05
1.417851000000000056e-05
1.418595999999999995e-05
1.418595999999999995e-05
1.419340999999999935e-05
1.420086000000000044e-05
1.420832000000000053e-05
1.421576999999999993e-05
1.422321999999999932e-05
1.423067000000000041e-05
1.423067000000000041e-05
1.423811999999999981e-05
1.423811999999999981e-05
1.424556999999999920e-05
1.424556999999999920e-05
1.424556999999999920e-05
1.424556999999999920e-05
1.425302000000000029e-05
1.425302000000000029e-05
1.425302000000000029e-05
1.426046999999999969e-05
1.426046999999999969e-05
1.426046999999999969e-05
1.426792000000000078e-05
1.426792000000000078e-05
1.427537000000000017e-05
1.427537000000000017e-05
1.428281999999999957e-05
1.428281999999999957e-05
1.429027000000000065e-05
1.429772000000000005e-05
1.429772000000000005e-05
1.430516999999999944e-05
1.431262000000000053e-05
1.431262000000000053e-05
1.431262000000000053e-05
1.432006999999999993e-05
1.432751999999999932e-05
1.433497999999999942e-05
1.434243000000000051e-05
1.434243000000000051e-05
1.434987999999999990e-05
1.435732999999999930e-05
1.436478000000000039e-05
1.437222999999999978e-05
1.437222999999999978e-05
1.437222999999999978e-05
1.437967999999999918e-05
1.438713000000000027e-05
1.438713000000000027e-05
1.439457999999999966e-05
1.440203000000000075e-05
1.440948000000000015e-05
1.441692999999999954e-05
1.441692999999999954e-05
1.442438000000000063e-05
1.443183000000000002e-05
1.443927999999999942e-05
1.443927999999999942e-05
1.443927999999999942e-05
1.444673000000000051e-05
1.444673000000000051e-05
1.445417999999999990e-05
1.445417999999999990e-05
1.445417999999999990e-05
1.446164000000000000e-05
1.446164000000000000e-05
1.446908999999999939e-05
1.446908999999999939e-05
1.446908999999999939e-05
1.447654000000000048e-05
1.447654000000000048e-05
1.448398999999999988e-05
1.448398999999999988e-05
1.448398999999999988e-05
1.448398999999999988e-05
1.448398999999999988e-05
1.448398999999999988e-05
1.449143999999999927e-05
1.449143999999999927e-05
1.449143999999999927e-05
1.449889000000000036e-05
1.449889000000000036e-05
1.449889000000000036e-05
1.449889000000000036e-05
1.450633999999999976e-05
1.450633999999999976e-05
1.450633999999999976e-05
1.451379000000000085e-05
1.451379000000000085e-05
1.452124000000000024e-05
1.452124000000000024e-05
1.452868999999999964e-05
1.453614000000000072e-05
1.453614000000000072e-05
1.454359000000000012e-05
1.455103999999999952e-05
1.455849000000000060e-05
1.456594000000000000e-05
1.456594000000000000e-05
1.457338999999999939e-05
1.458084000000000048e-05
1.458830000000000058e-05
1.460319999999999937e-05
1.461065000000000046e-05
1.461809999999999985e-05
1.462554999999999925e-05
1.462554999999999925e-05
1.463300000000000034e-05
1.464044999999999973e-05
1.465535000000000022e-05
1.466279999999999961e-05
1.467025000000000070e-05
1.467770000000000009e-05
1.468514999999999949e-05
1.469260000000000058e-05
1.469260000000000058e-05
1.470004999999999997e-05
1.470749999999999937e-05
1.471495000000000046e-05
1.471495000000000046e-05
1.472241000000000055e-05
1.472985999999999995e-05
1.473730999999999934e-05
1.474476000000000043e-05
1.475220999999999983e-05
1.475220999999999983e-05
1.475220999999999983e-05
1.475965999999999922e-05
1.475965999999999922e-05
1.476711000000000031e-05
1.476711000000000031e-05
1.477455999999999971e-05
1.477455999999999971e-05
1.478201000000000080e-05
1.478946000000000019e-05
1.478946000000000019e-05
1.478946000000000019e-05
1.479690999999999959e-05
1.479690999999999959e-05
1.479690999999999959e-05
1.479690999999999959e-05
1.479690999999999959e-05
1.479690999999999959e-05
1.480436000000000067e-05
1.480436000000000067e-05
1.480436000000000067e-05
1.480436000000000067e-05
1.481181000000000007e-05
1.481181000000000007e-05
1.481181000000000007e-05
1.481181000000000007e-05
1.481925999999999946e-05
1.481925999999999946e-05
1.481925999999999946e-05
1.481925999999999946e-05
1.482671000000000055e-05
1.482671000000000055e-05
1.483415999999999995e-05
1.484160999999999934e-05
1.484906999999999944e-05
1.486396999999999992e-05
1.487141999999999932e-05
1.487887000000000041e-05
1.488631999999999980e-05
1.489376999999999920e-05
1.490866999999999968e-05
1.491612000000000077e-05
1.492357000000000016e-05
1.493101999999999956e-05
1.493847000000000065e-05
1.494592000000000004e-05
1.494592000000000004e-05
1.495336999999999944e-05
1.495336999999999944e-05
1.496082000000000053e-05
1.496826999999999992e-05
1.497573000000000002e-05
1.498317999999999941e-05
1.499063000000000050e-05
1.499807999999999990e-05
1.500552999999999929e-05
1.500552999999999929e-05
1.501298000000000038e-05
1.502042999999999978e-05
1.502787999999999917e-05
1.503533000000000026e-05
1.504277999999999966e-05
1.505023000000000074e-05
1.505768000000000014e-05
1.506512999999999953e-05
1.507258000000000062e-05
1.507258000000000062e-05
1.507258000000000062e-05
1.508003000000000002e-05
1.508003000000000002e-05
1.508003000000000002e-05
1.508747999999999941e-05
1.508747999999999941e-05
1.508747999999999941e-05
1.508747999999999941e-05
1.508747999999999941e-05
1.508747999999999941e-05
1.508747999999999941e-05
1.508747999999999941e-05
1.509493000000000050e-05
1.509493000000000050e-05
1.509493000000000050e-05
1.509493000000000050e-05
1.509493000000000050e-05
1.510239000000000060e-05
1.510239000000000060e-05
1.510239000000000060e-05
1.510983999999999999e-05
1.511728999999999939e-05
1.511728999999999939e-05
1.512474000000000048e-05
1.512474000000000048e-05
1.513218999999999987e-05
1.513218999999999987e-05
1.513218999999999987e-05
1.513963999999999927e-05
1.513963999999999927e-05
1.514709000000000036e-05
1.515453999999999975e-05
1.515453999999999975e-05
1.516199000000000084e-05
1.516199000000000084e-05
1.516944000000000023e-05
1.516944000000000023e-05
1.517688999999999963e-05
1.517688999999999963e-05
1.518434000000000072e-05
1.518434000000000072e-05
1.518434000000000072e-05
1.518434000000000072e-05
1.519179000000000011e-05
1.519179000000000011e-05
1.519179000000000011e-05
1.519923999999999951e-05
1.519923999999999951e-05
1.519923999999999951e-05
1.520669000000000060e-05
1.520669000000000060e-05
1.521413999999999999e-05
1.522158999999999939e-05
1.522158999999999939e-05
1.522904000000000048e-05
1.522904000000000048e-05
1.523650000000000057e-05
1.523650000000000057e-05
1.523650000000000057e-05
1.523650000000000057e-05
1.523650000000000057e-05
1.523650000000000057e-05
1.523650000000000057e-05
1.523650000000000057e-05
1.523650000000000057e-05
1.523650000000000057e-05
1.523650000000000057e-05
1.523650000000000057e-05
1.523650000000000057e-05
1.524394999999999997e-05
1.524394999999999997e-05
1.524394999999999997e-05
1.524394999999999997e-05
1.525139999999999936e-05
1.525139999999999936e-05
1.525139999999999936e-05
1.525891000000000126e-05
1.525891000000000126e-05
1.525891000000000126e-05
1.525891000000000126e-05
