9.864061000000000437e-08
9.864061000000000437e-08
9.864061000000000437e-08
9.864061000000000437e-08
9.864061000000000437e-08
9.864061000000000437e-08
9.864061000000000437e-08
9.864061000000000437e-08
9.864061000000000437e-08
9.864061000000000437e-08
9.864061000000000437e-08
9.864061000000000437e-08
9.864061000000000437e-08
9.864061000000000437e-08
9.864061000000000437e-08
9.864061000000000437e-08
9.864061000000000437e-08
9.864061000000000437e-08
9.864061000000000437e-08
9.864061000000000437e-08
9.864061000000000437e-08
9.864061000000000437e-08
9.864061000000000437e-08
9.864061000000000437e-08
9.864061000000000437e-08
9.864061000000000437e-08
9.864061000000000437e-08
9.864061000000000437e-08
9.864061000000000437e-08
9.864061000000000437e-08
9.864061000000000437e-08
9.864061000000000437e-08
9.864061000000000437e-08
9.864061000000000437e-08
9.864788999999999568e-08
9.864788999999999568e-08
9.864788999999999568e-08
9.864788999999999568e-08
9.864788999999999568e-08
9.864788999999999568e-08
9.864788999999999568e-08
9.864788999999999568e-08
9.864788999999999568e-08
9.864788999999999568e-08
9.864788999999999568e-08
9.864788999999999568e-08
9.864788999999999568e-08
9.864788999999999568e-08
9.864788999999999568e-08
9.864788999999999568e-08
9.864788999999999568e-08
9.865516000000000366e-08
9.865516000000000366e-08
9.865516000000000366e-08
9.865516000000000366e-08
9.865516000000000366e-08
9.866243999999999498e-08
9.866243999999999498e-08
9.866243999999999498e-08
9.866243999999999498e-08
9.866971999999999953e-08
9.866971999999999953e-08
9.866971999999999953e-08
9.867698999999999427e-08
9.867698999999999427e-08
9.867698999999999427e-08
9.867698999999999427e-08
9.868426999999999882e-08
9.868426999999999882e-08
9.869153999999999356e-08
9.869881999999999811e-08
9.869881999999999811e-08
9.870610000000000266e-08
9.871336999999999741e-08
9.871336999999999741e-08
9.872065000000000196e-08
9.872791999999999670e-08
9.872791999999999670e-08
9.873520000000000125e-08
9.873520000000000125e-08
9.874248000000000580e-08
9.874975000000000054e-08
9.874975000000000054e-08
9.875703000000000509e-08
9.875703000000000509e-08
9.875703000000000509e-08
9.875703000000000509e-08
9.875703000000000509e-08
9.876429999999999984e-08
9.876429999999999984e-08
9.877158000000000438e-08
9.877158000000000438e-08
9.877885999999999570e-08
9.877885999999999570e-08
9.877885999999999570e-08
9.878613000000000368e-08
9.878613000000000368e-08
9.878613000000000368e-08
9.879340999999999499e-08
9.879340999999999499e-08
9.879340999999999499e-08
9.879340999999999499e-08
9.880068000000000297e-08
9.880068000000000297e-08
9.880068000000000297e-08
9.880068000000000297e-08
9.880795999999999428e-08
9.880795999999999428e-08
9.880795999999999428e-08
9.880795999999999428e-08
9.881523999999999883e-08
9.881523999999999883e-08
9.881523999999999883e-08
9.881523999999999883e-08
9.881523999999999883e-08
9.881523999999999883e-08
9.882250999999999358e-08
9.882250999999999358e-08
9.882250999999999358e-08
9.882250999999999358e-08
9.882250999999999358e-08
9.882250999999999358e-08
9.882978999999999813e-08
9.882978999999999813e-08
9.882978999999999813e-08
9.882978999999999813e-08
9.882978999999999813e-08
9.882978999999999813e-08
9.882978999999999813e-08
9.882978999999999813e-08
9.883706000000000611e-08
9.883706000000000611e-08
9.883706000000000611e-08
9.883706000000000611e-08
9.883706000000000611e-08
9.883706000000000611e-08
9.883706000000000611e-08
9.883706000000000611e-08
9.883706000000000611e-08
9.883706000000000611e-08
9.883706000000000611e-08
9.883706000000000611e-08
9.883706000000000611e-08
9.883706000000000611e-08
9.883706000000000611e-08
9.883706000000000611e-08
9.883706000000000611e-08
9.883706000000000611e-08
9.883706000000000611e-08
9.883706000000000611e-08
9.883706000000000611e-08
9.883706000000000611e-08
9.883706000000000611e-08
9.883706000000000611e-08
9.883706000000000611e-08
9.884433999999999742e-08
9.884433999999999742e-08
9.884433999999999742e-08
9.884433999999999742e-08
9.884433999999999742e-08
9.884433999999999742e-08
9.884433999999999742e-08
9.884433999999999742e-08
9.884433999999999742e-08
9.884433999999999742e-08
9.884433999999999742e-08
9.884433999999999742e-08
9.884433999999999742e-08
9.884433999999999742e-08
9.884433999999999742e-08
9.884433999999999742e-08
9.884433999999999742e-08
9.884433999999999742e-08
9.884433999999999742e-08
9.884433999999999742e-08
9.884433999999999742e-08
9.884433999999999742e-08
9.884433999999999742e-08
9.884433999999999742e-08
9.884433999999999742e-08
9.884433999999999742e-08
9.884433999999999742e-08
9.884433999999999742e-08
9.884433999999999742e-08
9.884433999999999742e-08
9.884433999999999742e-08
9.884433999999999742e-08
9.884433999999999742e-08
9.884433999999999742e-08
9.883706000000000611e-08
9.883706000000000611e-08
9.883706000000000611e-08
9.883706000000000611e-08
9.883706000000000611e-08
9.883706000000000611e-08
9.883706000000000611e-08
9.883706000000000611e-08
9.883706000000000611e-08
9.883706000000000611e-08
9.883706000000000611e-08
9.883706000000000611e-08
9.883706000000000611e-08
9.883706000000000611e-08
9.883706000000000611e-08
9.883706000000000611e-08
9.883706000000000611e-08
9.883706000000000611e-08
9.883706000000000611e-08
9.883706000000000611e-08
9.883706000000000611e-08
9.883706000000000611e-08
9.883706000000000611e-08
9.883706000000000611e-08
9.883706000000000611e-08
9.883706000000000611e-08
9.883706000000000611e-08
9.883706000000000611e-08
9.883706000000000611e-08
9.883706000000000611e-08
9.883706000000000611e-08
9.883706000000000611e-08
9.883706000000000611e-08
9.883706000000000611e-08
9.883706000000000611e-08
9.883706000000000611e-08
9.883706000000000611e-08
9.883706000000000611e-08
9.883706000000000611e-08
9.883706000000000611e-08
9.883706000000000611e-08
9.883706000000000611e-08
9.883706000000000611e-08
9.883706000000000611e-08
9.883706000000000611e-08
9.883706000000000611e-08
9.883706000000000611e-08
9.883706000000000611e-08
9.883706000000000611e-08
9.883706000000000611e-08
9.883706000000000611e-08
9.883706000000000611e-08
9.883706000000000611e-08
9.883706000000000611e-08
9.883706000000000611e-08
9.883706000000000611e-08
9.883706000000000611e-08
9.883706000000000611e-08
9.883706000000000611e-08
9.883706000000000611e-08
9.883706000000000611e-08
9.883706000000000611e-08
9.883706000000000611e-08
9.883706000000000611e-08
9.883706000000000611e-08
9.883706000000000611e-08
9.883706000000000611e-08
9.883706000000000611e-08
9.883706000000000611e-08
9.883706000000000611e-08
9.883706000000000611e-08
9.883706000000000611e-08
9.883706000000000611e-08
9.883706000000000611e-08
9.883706000000000611e-08
9.883706000000000611e-08
9.883706000000000611e-08
9.883706000000000611e-08
9.883706000000000611e-08
9.883706000000000611e-08
9.883706000000000611e-08
9.883706000000000611e-08
9.883706000000000611e-08
9.883706000000000611e-08
9.883706000000000611e-08
9.883706000000000611e-08
9.883706000000000611e-08
9.883706000000000611e-08
9.883706000000000611e-08
9.883706000000000611e-08
9.883706000000000611e-08
9.883706000000000611e-08
9.883706000000000611e-08
9.883706000000000611e-08
9.883706000000000611e-08
9.883706000000000611e-08
9.883706000000000611e-08
9.883706000000000611e-08
9.883706000000000611e-08
9.883706000000000611e-08
9.883706000000000611e-08
9.883706000000000611e-08
9.883706000000000611e-08
9.883706000000000611e-08
9.883706000000000611e-08
9.883706000000000611e-08
9.883706000000000611e-08
9.883706000000000611e-08
9.883706000000000611e-08
9.883706000000000611e-08
9.883706000000000611e-08
9.883706000000000611e-08
9.883706000000000611e-08
9.883706000000000611e-08
9.883706000000000611e-08
9.883706000000000611e-08
9.883706000000000611e-08
9.883706000000000611e-08
9.883706000000000611e-08
9.883706000000000611e-08
9.883706000000000611e-08
9.883706000000000611e-08
9.883706000000000611e-08
9.883706000000000611e-08
9.883706000000000611e-08
9.883706000000000611e-08
9.883706000000000611e-08
9.883706000000000611e-08
9.883706000000000611e-08
9.883706000000000611e-08
9.883706000000000611e-08
9.883706000000000611e-08
9.883706000000000611e-08
9.883706000000000611e-08
9.883706000000000611e-08
9.883706000000000611e-08
9.883706000000000611e-08
9.883706000000000611e-08
9.883706000000000611e-08
9.883706000000000611e-08
9.883706000000000611e-08
9.883706000000000611e-08
9.883706000000000611e-08
9.883706000000000611e-08
9.883706000000000611e-08
9.883706000000000611e-08
9.883706000000000611e-08
9.883706000000000611e-08
9.883706000000000611e-08
9.883706000000000611e-08
9.883706000000000611e-08
9.883706000000000611e-08
9.883706000000000611e-08
9.883706000000000611e-08
9.883706000000000611e-08
9.883706000000000611e-08
9.883706000000000611e-08
9.883706000000000611e-08
9.883706000000000611e-08
9.883706000000000611e-08
9.883706000000000611e-08
9.883706000000000611e-08
9.883706000000000611e-08
9.883706000000000611e-08
9.883706000000000611e-08
9.883706000000000611e-08
9.883706000000000611e-08
9.883706000000000611e-08
9.883706000000000611e-08
9.883706000000000611e-08
9.883706000000000611e-08
9.883706000000000611e-08
9.883706000000000611e-08
9.883706000000000611e-08
9.883706000000000611e-08
9.883706000000000611e-08
9.883706000000000611e-08
9.883706000000000611e-08
9.882978999999999813e-08
9.882978999999999813e-08
9.882978999999999813e-08
9.882250999999999358e-08
9.882250999999999358e-08
9.882250999999999358e-08
9.882250999999999358e-08
9.881523999999999883e-08
9.881523999999999883e-08
9.881523999999999883e-08
9.881523999999999883e-08
9.880795999999999428e-08
9.880795999999999428e-08
9.880795999999999428e-08
9.880795999999999428e-08
9.880795999999999428e-08
9.880795999999999428e-08
9.880795999999999428e-08
9.880795999999999428e-08
9.880795999999999428e-08
9.880068000000000297e-08
9.880068000000000297e-08
9.880068000000000297e-08
9.880068000000000297e-08
9.880068000000000297e-08
9.880068000000000297e-08
9.880068000000000297e-08
9.880068000000000297e-08
9.880068000000000297e-08
9.880068000000000297e-08
9.880068000000000297e-08
9.880068000000000297e-08
9.880068000000000297e-08
9.880068000000000297e-08
9.880068000000000297e-08
9.880068000000000297e-08
9.880068000000000297e-08
9.880068000000000297e-08
9.880068000000000297e-08
9.880068000000000297e-08
9.880068000000000297e-08
9.880068000000000297e-08
9.880068000000000297e-08
9.880068000000000297e-08
9.880068000000000297e-08
9.880068000000000297e-08
9.880068000000000297e-08
9.880068000000000297e-08
9.880068000000000297e-08
9.880068000000000297e-08
9.880068000000000297e-08
9.880068000000000297e-08
9.880068000000000297e-08
9.880068000000000297e-08
9.880068000000000297e-08
9.880068000000000297e-08
9.880068000000000297e-08
9.880068000000000297e-08
9.880068000000000297e-08
9.880068000000000297e-08
9.880068000000000297e-08
9.880068000000000297e-08
9.880068000000000297e-08
9.880068000000000297e-08
9.880068000000000297e-08
9.880068000000000297e-08
9.880068000000000297e-08
9.880068000000000297e-08
9.880068000000000297e-08
9.880068000000000297e-08
9.880068000000000297e-08
9.880068000000000297e-08
9.880068000000000297e-08
9.880068000000000297e-08
9.880068000000000297e-08
9.880068000000000297e-08
9.880068000000000297e-08
9.880068000000000297e-08
9.880068000000000297e-08
9.880068000000000297e-08
9.880068000000000297e-08
9.880068000000000297e-08
9.880068000000000297e-08
9.880068000000000297e-08
9.880068000000000297e-08
9.880068000000000297e-08
9.880068000000000297e-08
9.880068000000000297e-08
9.880068000000000297e-08
9.880068000000000297e-08
9.880068000000000297e-08
9.880068000000000297e-08
9.880068000000000297e-08
9.880068000000000297e-08
9.880068000000000297e-08
9.880068000000000297e-08
9.880068000000000297e-08
9.880068000000000297e-08
9.880068000000000297e-08
9.880068000000000297e-08
9.880068000000000297e-08
9.880068000000000297e-08
9.880068000000000297e-08
9.880068000000000297e-08
9.880068000000000297e-08
9.880068000000000297e-08
9.880068000000000297e-08
9.880068000000000297e-08
9.880068000000000297e-08
9.880068000000000297e-08
9.880068000000000297e-08
9.880068000000000297e-08
9.880795999999999428e-08
9.880795999999999428e-08
9.880795999999999428e-08
9.880795999999999428e-08
9.880795999999999428e-08
9.880795999999999428e-08
9.880795999999999428e-08
9.880795999999999428e-08
9.880795999999999428e-08
9.880795999999999428e-08
9.880795999999999428e-08
9.880795999999999428e-08
9.880795999999999428e-08
9.880795999999999428e-08
9.880795999999999428e-08
9.880795999999999428e-08
9.880795999999999428e-08
9.880795999999999428e-08
9.880795999999999428e-08
9.880795999999999428e-08
9.880795999999999428e-08
9.880795999999999428e-08
9.880795999999999428e-08
9.880795999999999428e-08
9.880795999999999428e-08
9.880795999999999428e-08
9.880795999999999428e-08
9.880795999999999428e-08
9.880795999999999428e-08
9.880795999999999428e-08
9.880795999999999428e-08
9.880795999999999428e-08
9.880795999999999428e-08
9.880795999999999428e-08
9.880795999999999428e-08
9.880795999999999428e-08
9.880795999999999428e-08
9.880795999999999428e-08
9.880795999999999428e-08
9.880795999999999428e-08
9.880795999999999428e-08
9.880795999999999428e-08
9.880795999999999428e-08
9.880795999999999428e-08
9.880795999999999428e-08
9.880795999999999428e-08
9.881523999999999883e-08
9.881523999999999883e-08
9.881523999999999883e-08
9.881523999999999883e-08
9.881523999999999883e-08
9.881523999999999883e-08
9.881523999999999883e-08
9.881523999999999883e-08
9.881523999999999883e-08
9.881523999999999883e-08
9.881523999999999883e-08
9.881523999999999883e-08
9.881523999999999883e-08
9.881523999999999883e-08
9.881523999999999883e-08
9.881523999999999883e-08
9.881523999999999883e-08
9.881523999999999883e-08
9.881523999999999883e-08
9.881523999999999883e-08
9.881523999999999883e-08
9.881523999999999883e-08
9.881523999999999883e-08
9.881523999999999883e-08
9.881523999999999883e-08
9.881523999999999883e-08
9.881523999999999883e-08
9.881523999999999883e-08
9.881523999999999883e-08
9.881523999999999883e-08
9.881523999999999883e-08
9.881523999999999883e-08
9.881523999999999883e-08
9.881523999999999883e-08
9.881523999999999883e-08
9.881523999999999883e-08
9.881523999999999883e-08
9.881523999999999883e-08
9.881523999999999883e-08
9.881523999999999883e-08
9.881523999999999883e-08
9.881523999999999883e-08
9.881523999999999883e-08
9.881523999999999883e-08
9.881523999999999883e-08
9.881523999999999883e-08
9.881523999999999883e-08
9.881523999999999883e-08
9.881523999999999883e-08
9.881523999999999883e-08
9.881523999999999883e-08
9.881523999999999883e-08
9.881523999999999883e-08
9.881523999999999883e-08
9.881523999999999883e-08
9.881523999999999883e-08
9.881523999999999883e-08
9.881523999999999883e-08
9.881523999999999883e-08
9.881523999999999883e-08
9.881523999999999883e-08
9.881523999999999883e-08
9.881523999999999883e-08
9.881523999999999883e-08
9.881523999999999883e-08
9.881523999999999883e-08
9.881523999999999883e-08
9.881523999999999883e-08
9.881523999999999883e-08
9.881523999999999883e-08
9.881523999999999883e-08
9.881523999999999883e-08
9.881523999999999883e-08
9.881523999999999883e-08
9.881523999999999883e-08
9.881523999999999883e-08
9.881523999999999883e-08
9.881523999999999883e-08
9.881523999999999883e-08
9.881523999999999883e-08
9.881523999999999883e-08
9.881523999999999883e-08
9.881523999999999883e-08
9.881523999999999883e-08
9.881523999999999883e-08
9.881523999999999883e-08
9.881523999999999883e-08
9.881523999999999883e-08
9.881523999999999883e-08
9.882250999999999358e-08
9.882250999999999358e-08
9.882250999999999358e-08
9.882250999999999358e-08
9.882250999999999358e-08
9.882250999999999358e-08
9.882250999999999358e-08
9.882250999999999358e-08
9.882250999999999358e-08
9.882250999999999358e-08
9.882250999999999358e-08
9.882250999999999358e-08
9.882250999999999358e-08
9.882250999999999358e-08
9.882250999999999358e-08
9.882250999999999358e-08
9.882250999999999358e-08
9.882250999999999358e-08
9.882250999999999358e-08
9.882250999999999358e-08
9.882250999999999358e-08
9.882250999999999358e-08
9.882250999999999358e-08
9.882250999999999358e-08
9.882250999999999358e-08
9.882250999999999358e-08
9.882250999999999358e-08
9.882250999999999358e-08
9.882250999999999358e-08
9.882250999999999358e-08
9.882250999999999358e-08
9.882250999999999358e-08
9.882250999999999358e-08
9.882250999999999358e-08
9.882250999999999358e-08
9.882250999999999358e-08
9.882250999999999358e-08
9.882250999999999358e-08
9.882250999999999358e-08
9.882250999999999358e-08
9.882250999999999358e-08
9.882250999999999358e-08
9.882250999999999358e-08
9.882978999999999813e-08
9.882978999999999813e-08
9.882978999999999813e-08
9.882978999999999813e-08
9.882978999999999813e-08
9.882978999999999813e-08
9.882978999999999813e-08
9.882978999999999813e-08
9.882978999999999813e-08
9.882978999999999813e-08
9.882978999999999813e-08
9.882978999999999813e-08
9.882978999999999813e-08
9.882978999999999813e-08
9.882978999999999813e-08
9.882978999999999813e-08
9.882978999999999813e-08
9.882978999999999813e-08
9.882978999999999813e-08
9.882978999999999813e-08
9.882978999999999813e-08
9.882978999999999813e-08
9.882978999999999813e-08
9.882978999999999813e-08
9.882978999999999813e-08
9.882978999999999813e-08
9.882978999999999813e-08
9.882978999999999813e-08
9.882978999999999813e-08
9.882978999999999813e-08
9.882978999999999813e-08
9.882978999999999813e-08
9.882978999999999813e-08
9.882978999999999813e-08
9.882978999999999813e-08
9.882978999999999813e-08
9.882978999999999813e-08
9.883706000000000611e-08
9.883706000000000611e-08
9.883706000000000611e-08
9.883706000000000611e-08
9.883706000000000611e-08
9.883706000000000611e-08
9.883706000000000611e-08
9.883706000000000611e-08
9.883706000000000611e-08
9.883706000000000611e-08
9.883706000000000611e-08
9.883706000000000611e-08
9.883706000000000611e-08
9.883706000000000611e-08
9.883706000000000611e-08
9.883706000000000611e-08
9.883706000000000611e-08
9.883706000000000611e-08
9.883706000000000611e-08
9.883706000000000611e-08
9.883706000000000611e-08
9.883706000000000611e-08
9.883706000000000611e-08
9.883706000000000611e-08
9.883706000000000611e-08
9.883706000000000611e-08
9.883706000000000611e-08
9.883706000000000611e-08
9.883706000000000611e-08
9.883706000000000611e-08
9.883706000000000611e-08
9.883706000000000611e-08
9.883706000000000611e-08
9.883706000000000611e-08
9.883706000000000611e-08
9.883706000000000611e-08
9.883706000000000611e-08
9.883706000000000611e-08
9.883706000000000611e-08
9.883706000000000611e-08
9.883706000000000611e-08
9.883706000000000611e-08
9.883706000000000611e-08
9.883706000000000611e-08
9.883706000000000611e-08
9.883706000000000611e-08
9.883706000000000611e-08
9.883706000000000611e-08
9.883706000000000611e-08
9.883706000000000611e-08
9.883706000000000611e-08
9.883706000000000611e-08
9.883706000000000611e-08
9.883706000000000611e-08
9.883706000000000611e-08
9.883706000000000611e-08
9.883706000000000611e-08
9.883706000000000611e-08
9.883706000000000611e-08
9.883706000000000611e-08
9.883706000000000611e-08
9.883706000000000611e-08
9.883706000000000611e-08
9.883706000000000611e-08
9.883706000000000611e-08
9.884433999999999742e-08
9.884433999999999742e-08
9.884433999999999742e-08
9.884433999999999742e-08
9.884433999999999742e-08
9.884433999999999742e-08
9.884433999999999742e-08
9.884433999999999742e-08
9.884433999999999742e-08
9.884433999999999742e-08
9.884433999999999742e-08
9.884433999999999742e-08
9.884433999999999742e-08
9.884433999999999742e-08
9.884433999999999742e-08
9.884433999999999742e-08
9.884433999999999742e-08
9.884433999999999742e-08
9.884433999999999742e-08
9.884433999999999742e-08
9.884433999999999742e-08
9.884433999999999742e-08
9.884433999999999742e-08
9.884433999999999742e-08
9.884433999999999742e-08
9.884433999999999742e-08
9.884433999999999742e-08
9.884433999999999742e-08
9.884433999999999742e-08
9.884433999999999742e-08
9.884433999999999742e-08
9.884433999999999742e-08
9.884433999999999742e-08
9.884433999999999742e-08
9.884433999999999742e-08
9.884433999999999742e-08
9.884433999999999742e-08
9.884433999999999742e-08
9.884433999999999742e-08
9.884433999999999742e-08
9.884433999999999742e-08
9.884433999999999742e-08
9.884433999999999742e-08
9.885161000000000540e-08
9.885161000000000540e-08
9.885161000000000540e-08
9.885161000000000540e-08
9.885161000000000540e-08
9.885161000000000540e-08
9.885161000000000540e-08
9.885161000000000540e-08
9.885161000000000540e-08
9.885161000000000540e-08
9.885161000000000540e-08
9.885161000000000540e-08
9.885161000000000540e-08
9.885161000000000540e-08
9.885161000000000540e-08
9.885161000000000540e-08
9.885161000000000540e-08
9.885161000000000540e-08
9.885161000000000540e-08
9.885161000000000540e-08
9.885161000000000540e-08
9.885161000000000540e-08
9.885161000000000540e-08
9.885161000000000540e-08
9.885161000000000540e-08
9.885161000000000540e-08
9.885888999999999671e-08
9.885888999999999671e-08
9.885888999999999671e-08
9.885888999999999671e-08
9.885888999999999671e-08
9.885888999999999671e-08
9.885888999999999671e-08
9.885888999999999671e-08
9.885888999999999671e-08
9.885888999999999671e-08
9.885888999999999671e-08
9.885888999999999671e-08
9.885888999999999671e-08
9.885888999999999671e-08
9.885888999999999671e-08
9.885888999999999671e-08
9.885888999999999671e-08
9.885888999999999671e-08
9.885888999999999671e-08
9.885888999999999671e-08
9.885888999999999671e-08
9.885888999999999671e-08
9.885888999999999671e-08
9.885888999999999671e-08
9.885888999999999671e-08
9.885888999999999671e-08
9.885888999999999671e-08
9.885888999999999671e-08
9.885888999999999671e-08
9.885888999999999671e-08
9.885888999999999671e-08
9.885888999999999671e-08
9.885888999999999671e-08
9.885888999999999671e-08
9.885888999999999671e-08
9.885888999999999671e-08
9.885888999999999671e-08
9.885888999999999671e-08
9.885888999999999671e-08
9.885888999999999671e-08
9.885888999999999671e-08
9.885888999999999671e-08
9.885888999999999671e-08
9.885888999999999671e-08
9.886617000000000126e-08
9.886617000000000126e-08
9.886617000000000126e-08
9.886617000000000126e-08
9.886617000000000126e-08
9.886617000000000126e-08
9.886617000000000126e-08
9.886617000000000126e-08
9.886617000000000126e-08
9.886617000000000126e-08
9.886617000000000126e-08
9.886617000000000126e-08
9.886617000000000126e-08
9.886617000000000126e-08
9.886617000000000126e-08
9.886617000000000126e-08
9.886617000000000126e-08
9.886617000000000126e-08
9.886617000000000126e-08
9.886617000000000126e-08
9.886617000000000126e-08
9.886617000000000126e-08
9.886617000000000126e-08
9.886617000000000126e-08
9.886617000000000126e-08
9.886617000000000126e-08
9.886617000000000126e-08
9.886617000000000126e-08
9.886617000000000126e-08
9.886617000000000126e-08
9.886617000000000126e-08
9.886617000000000126e-08
9.886617000000000126e-08
9.886617000000000126e-08
9.886617000000000126e-08
9.886617000000000126e-08
9.886617000000000126e-08
9.886617000000000126e-08
9.886617000000000126e-08
9.886617000000000126e-08
9.886617000000000126e-08
9.886617000000000126e-08
9.886617000000000126e-08
9.887343999999999601e-08
9.887343999999999601e-08
9.887343999999999601e-08
9.887343999999999601e-08
9.887343999999999601e-08
9.887343999999999601e-08
9.887343999999999601e-08
9.887343999999999601e-08
9.887343999999999601e-08
9.887343999999999601e-08
9.887343999999999601e-08
9.887343999999999601e-08
9.887343999999999601e-08
9.887343999999999601e-08
9.887343999999999601e-08
9.887343999999999601e-08
9.887343999999999601e-08
9.887343999999999601e-08
9.887343999999999601e-08
9.887343999999999601e-08
9.887343999999999601e-08
9.887343999999999601e-08
9.887343999999999601e-08
9.887343999999999601e-08
9.887343999999999601e-08
9.887343999999999601e-08
9.887343999999999601e-08
9.887343999999999601e-08
9.887343999999999601e-08
9.887343999999999601e-08
9.887343999999999601e-08
9.887343999999999601e-08
9.888072000000000056e-08
9.888072000000000056e-08
9.888072000000000056e-08
9.888072000000000056e-08
9.888072000000000056e-08
9.888072000000000056e-08
9.888072000000000056e-08
9.888072000000000056e-08
9.888072000000000056e-08
9.888072000000000056e-08
9.888072000000000056e-08
9.888072000000000056e-08
9.888072000000000056e-08
9.888072000000000056e-08
9.888072000000000056e-08
9.888072000000000056e-08
9.888072000000000056e-08
9.888072000000000056e-08
9.888072000000000056e-08
9.888072000000000056e-08
9.888072000000000056e-08
9.888072000000000056e-08
9.888072000000000056e-08
9.888072000000000056e-08
9.888072000000000056e-08
9.888072000000000056e-08
9.888072000000000056e-08
9.888072000000000056e-08
9.888072000000000056e-08
9.888072000000000056e-08
9.888072000000000056e-08
9.888072000000000056e-08
9.888072000000000056e-08
9.888072000000000056e-08
9.888072000000000056e-08
9.888072000000000056e-08
9.888072000000000056e-08
9.888072000000000056e-08
9.888072000000000056e-08
9.888072000000000056e-08
9.888072000000000056e-08
9.888072000000000056e-08
9.888072000000000056e-08
9.888072000000000056e-08
9.888072000000000056e-08
9.888072000000000056e-08
9.888072000000000056e-08
9.888072000000000056e-08
9.888072000000000056e-08
9.888072000000000056e-08
9.888072000000000056e-08
9.888072000000000056e-08
9.888798999999999530e-08
9.888798999999999530e-08
9.888798999999999530e-08
9.888798999999999530e-08
9.888798999999999530e-08
9.888798999999999530e-08
9.888798999999999530e-08
9.888798999999999530e-08
9.888798999999999530e-08
9.888798999999999530e-08
9.888798999999999530e-08
9.888798999999999530e-08
9.888798999999999530e-08
9.888798999999999530e-08
9.888798999999999530e-08
9.888798999999999530e-08
9.888798999999999530e-08
9.888798999999999530e-08
9.888798999999999530e-08
9.888798999999999530e-08
9.888798999999999530e-08
9.888798999999999530e-08
9.888798999999999530e-08
9.888798999999999530e-08
9.888798999999999530e-08
9.888798999999999530e-08
9.888798999999999530e-08
9.888798999999999530e-08
9.888798999999999530e-08
9.888798999999999530e-08
9.888798999999999530e-08
9.888798999999999530e-08
9.888798999999999530e-08
9.888798999999999530e-08
9.888798999999999530e-08
9.888798999999999530e-08
9.888798999999999530e-08
9.888798999999999530e-08
9.888798999999999530e-08
9.888798999999999530e-08
9.888798999999999530e-08
9.888798999999999530e-08
9.888798999999999530e-08
9.888798999999999530e-08
9.888798999999999530e-08
9.888798999999999530e-08
9.888798999999999530e-08
9.888798999999999530e-08
9.888798999999999530e-08
9.889526999999999985e-08
9.889526999999999985e-08
9.889526999999999985e-08
9.889526999999999985e-08
9.889526999999999985e-08
9.889526999999999985e-08
9.889526999999999985e-08
9.889526999999999985e-08
9.889526999999999985e-08
9.889526999999999985e-08
9.889526999999999985e-08
9.889526999999999985e-08
9.889526999999999985e-08
9.889526999999999985e-08
9.889526999999999985e-08
9.889526999999999985e-08
9.889526999999999985e-08
9.889526999999999985e-08
9.889526999999999985e-08
9.889526999999999985e-08
9.889526999999999985e-08
9.889526999999999985e-08
9.889526999999999985e-08
9.890255000000000440e-08
9.890255000000000440e-08
9.890255000000000440e-08
9.890255000000000440e-08
9.890255000000000440e-08
9.890255000000000440e-08
9.890255000000000440e-08
9.890255000000000440e-08
9.890255000000000440e-08
9.890255000000000440e-08
9.890255000000000440e-08
9.890255000000000440e-08
9.890255000000000440e-08
9.890255000000000440e-08
9.890255000000000440e-08
9.890255000000000440e-08
9.890255000000000440e-08
9.890255000000000440e-08
9.890255000000000440e-08
9.890255000000000440e-08
9.890255000000000440e-08
9.890255000000000440e-08
9.890255000000000440e-08
9.890255000000000440e-08
9.890255000000000440e-08
9.890255000000000440e-08
9.890255000000000440e-08
9.890255000000000440e-08
9.890255000000000440e-08
9.890255000000000440e-08
9.890255000000000440e-08
9.890255000000000440e-08
9.890255000000000440e-08
9.890255000000000440e-08
9.890255000000000440e-08
9.890255000000000440e-08
9.890255000000000440e-08
9.890255000000000440e-08
9.890255000000000440e-08
9.890255000000000440e-08
9.890255000000000440e-08
9.890255000000000440e-08
9.890255000000000440e-08
9.890255000000000440e-08
9.890255000000000440e-08
9.890255000000000440e-08
9.890255000000000440e-08
9.890255000000000440e-08
9.890255000000000440e-08
9.890255000000000440e-08
9.890255000000000440e-08
9.890981999999999914e-08
9.890981999999999914e-08
9.890981999999999914e-08
9.890981999999999914e-08
9.890981999999999914e-08
9.890981999999999914e-08
9.890981999999999914e-08
9.890981999999999914e-08
9.890981999999999914e-08
9.890981999999999914e-08
9.890981999999999914e-08
9.890981999999999914e-08
9.890981999999999914e-08
9.890981999999999914e-08
9.890981999999999914e-08
9.890981999999999914e-08
9.890981999999999914e-08
9.890981999999999914e-08
9.890981999999999914e-08
9.890981999999999914e-08
9.890981999999999914e-08
9.890981999999999914e-08
9.890981999999999914e-08
9.890981999999999914e-08
9.890981999999999914e-08
9.890981999999999914e-08
9.890981999999999914e-08
9.890981999999999914e-08
9.890981999999999914e-08
9.890981999999999914e-08
9.890981999999999914e-08
9.890981999999999914e-08
9.890981999999999914e-08
9.890981999999999914e-08
9.890981999999999914e-08
9.890981999999999914e-08
9.890981999999999914e-08
9.890981999999999914e-08
9.890981999999999914e-08
9.890981999999999914e-08
9.890981999999999914e-08
9.890981999999999914e-08
9.890981999999999914e-08
9.890981999999999914e-08
9.890981999999999914e-08
9.890981999999999914e-08
9.890981999999999914e-08
9.890981999999999914e-08
9.890981999999999914e-08
9.890981999999999914e-08
9.890981999999999914e-08
9.890981999999999914e-08
9.890981999999999914e-08
9.890981999999999914e-08
9.890981999999999914e-08
9.890981999999999914e-08
9.890981999999999914e-08
9.890981999999999914e-08
9.890981999999999914e-08
9.890981999999999914e-08
9.890981999999999914e-08
9.890981999999999914e-08
9.890981999999999914e-08
9.890981999999999914e-08
9.890981999999999914e-08
9.890981999999999914e-08
9.890981999999999914e-08
9.890981999999999914e-08
9.890981999999999914e-08
9.890981999999999914e-08
9.890981999999999914e-08
9.890981999999999914e-08
9.890981999999999914e-08
9.890981999999999914e-08
9.890981999999999914e-08
9.890981999999999914e-08
9.890981999999999914e-08
9.890981999999999914e-08
9.890981999999999914e-08
9.890981999999999914e-08
9.890981999999999914e-08
9.891710000000000369e-08
9.891710000000000369e-08
9.891710000000000369e-08
9.891710000000000369e-08
9.891710000000000369e-08
9.891710000000000369e-08
9.891710000000000369e-08
9.891710000000000369e-08
9.891710000000000369e-08
9.891710000000000369e-08
9.891710000000000369e-08
9.891710000000000369e-08
9.891710000000000369e-08
9.891710000000000369e-08
9.891710000000000369e-08
9.891710000000000369e-08
9.891710000000000369e-08
9.891710000000000369e-08
9.891710000000000369e-08
9.891710000000000369e-08
9.891710000000000369e-08
9.891710000000000369e-08
9.891710000000000369e-08
9.891710000000000369e-08
9.891710000000000369e-08
9.891710000000000369e-08
9.891710000000000369e-08
9.891710000000000369e-08
9.891710000000000369e-08
9.891710000000000369e-08
9.891710000000000369e-08
9.891710000000000369e-08
9.891710000000000369e-08
9.891710000000000369e-08
9.891710000000000369e-08
9.891710000000000369e-08
9.891710000000000369e-08
9.891710000000000369e-08
9.891710000000000369e-08
9.891710000000000369e-08
9.891710000000000369e-08
9.891710000000000369e-08
9.891710000000000369e-08
9.891710000000000369e-08
9.891710000000000369e-08
9.891710000000000369e-08
9.891710000000000369e-08
9.891710000000000369e-08
9.891710000000000369e-08
9.891710000000000369e-08
9.891710000000000369e-08
9.891710000000000369e-08
9.891710000000000369e-08
9.891710000000000369e-08
9.891710000000000369e-08
9.891710000000000369e-08
9.891710000000000369e-08
9.891710000000000369e-08
9.891710000000000369e-08
9.891710000000000369e-08
9.891710000000000369e-08
9.891710000000000369e-08
9.891710000000000369e-08
9.891710000000000369e-08
9.891710000000000369e-08
9.891710000000000369e-08
9.891710000000000369e-08
9.891710000000000369e-08
9.891710000000000369e-08
9.891710000000000369e-08
9.891710000000000369e-08
9.891710000000000369e-08
9.891710000000000369e-08
9.891710000000000369e-08
9.891710000000000369e-08
9.891710000000000369e-08
9.891710000000000369e-08
9.891710000000000369e-08
9.891710000000000369e-08
9.891710000000000369e-08
9.891710000000000369e-08
9.891710000000000369e-08
9.892436999999999844e-08
9.892436999999999844e-08
9.892436999999999844e-08
9.892436999999999844e-08
9.892436999999999844e-08
9.892436999999999844e-08
9.892436999999999844e-08
9.892436999999999844e-08
9.892436999999999844e-08
9.892436999999999844e-08
9.892436999999999844e-08
9.892436999999999844e-08
9.892436999999999844e-08
9.892436999999999844e-08
9.892436999999999844e-08
9.892436999999999844e-08
9.892436999999999844e-08
9.892436999999999844e-08
9.892436999999999844e-08
9.892436999999999844e-08
9.892436999999999844e-08
9.892436999999999844e-08
9.892436999999999844e-08
9.892436999999999844e-08
9.892436999999999844e-08
9.892436999999999844e-08
9.892436999999999844e-08
9.892436999999999844e-08
9.892436999999999844e-08
9.892436999999999844e-08
9.892436999999999844e-08
9.892436999999999844e-08
9.892436999999999844e-08
9.892436999999999844e-08
9.892436999999999844e-08
9.892436999999999844e-08
9.892436999999999844e-08
9.892436999999999844e-08
9.892436999999999844e-08
9.892436999999999844e-08
9.892436999999999844e-08
9.892436999999999844e-08
9.892436999999999844e-08
9.892436999999999844e-08
9.892436999999999844e-08
9.892436999999999844e-08
9.892436999999999844e-08
9.892436999999999844e-08
9.892436999999999844e-08
9.892436999999999844e-08
9.892436999999999844e-08
9.892436999999999844e-08
9.892436999999999844e-08
9.892436999999999844e-08
9.892436999999999844e-08
9.892436999999999844e-08
9.892436999999999844e-08
9.892436999999999844e-08
9.892436999999999844e-08
9.892436999999999844e-08
9.892436999999999844e-08
9.892436999999999844e-08
9.892436999999999844e-08
9.892436999999999844e-08
9.892436999999999844e-08
9.892436999999999844e-08
9.892436999999999844e-08
9.892436999999999844e-08
9.892436999999999844e-08
9.892436999999999844e-08
9.892436999999999844e-08
9.892436999999999844e-08
9.892436999999999844e-08
9.892436999999999844e-08
9.892436999999999844e-08
9.892436999999999844e-08
9.892436999999999844e-08
9.892436999999999844e-08
9.892436999999999844e-08
9.892436999999999844e-08
9.892436999999999844e-08
9.892436999999999844e-08
9.892436999999999844e-08
9.892436999999999844e-08
9.892436999999999844e-08
9.892436999999999844e-08
9.892436999999999844e-08
9.892436999999999844e-08
9.892436999999999844e-08
9.892436999999999844e-08
9.892436999999999844e-08
9.892436999999999844e-08
9.892436999999999844e-08
9.892436999999999844e-08
9.892436999999999844e-08
9.892436999999999844e-08
9.892436999999999844e-08
9.892436999999999844e-08
9.892436999999999844e-08
9.892436999999999844e-08
9.892436999999999844e-08
9.892436999999999844e-08
9.892436999999999844e-08
9.892436999999999844e-08
9.892436999999999844e-08
9.893165000000000298e-08
9.893165000000000298e-08
9.893165000000000298e-08
9.893165000000000298e-08
9.893165000000000298e-08
9.893165000000000298e-08
9.893165000000000298e-08
9.893165000000000298e-08
9.893165000000000298e-08
9.893165000000000298e-08
9.893165000000000298e-08
9.893165000000000298e-08
9.893165000000000298e-08
9.893165000000000298e-08
9.893165000000000298e-08
9.893165000000000298e-08
9.893165000000000298e-08
9.893165000000000298e-08
9.893165000000000298e-08
9.893165000000000298e-08
9.893165000000000298e-08
9.893165000000000298e-08
9.893165000000000298e-08
9.893165000000000298e-08
9.893165000000000298e-08
9.893165000000000298e-08
9.893165000000000298e-08
9.893165000000000298e-08
9.893165000000000298e-08
9.893165000000000298e-08
9.893165000000000298e-08
9.893165000000000298e-08
9.893165000000000298e-08
9.893165000000000298e-08
9.893165000000000298e-08
9.893165000000000298e-08
9.893165000000000298e-08
9.893165000000000298e-08
9.893165000000000298e-08
9.893165000000000298e-08
9.893165000000000298e-08
9.893165000000000298e-08
9.893165000000000298e-08
9.893165000000000298e-08
9.893165000000000298e-08
9.893165000000000298e-08
9.893165000000000298e-08
9.893165000000000298e-08
9.893165000000000298e-08
9.893165000000000298e-08
9.893165000000000298e-08
9.893165000000000298e-08
9.893165000000000298e-08
9.893165000000000298e-08
9.893165000000000298e-08
9.893165000000000298e-08
9.893165000000000298e-08
9.893165000000000298e-08
9.893165000000000298e-08
9.893165000000000298e-08
9.893165000000000298e-08
9.893165000000000298e-08
9.893165000000000298e-08
9.893165000000000298e-08
9.893165000000000298e-08
9.893165000000000298e-08
9.893165000000000298e-08
9.893165000000000298e-08
9.893165000000000298e-08
9.893165000000000298e-08
9.893165000000000298e-08
9.893165000000000298e-08
9.893165000000000298e-08
9.893165000000000298e-08
9.893165000000000298e-08
9.893165000000000298e-08
9.893165000000000298e-08
9.893165000000000298e-08
9.893165000000000298e-08
9.893165000000000298e-08
9.893165000000000298e-08
9.893165000000000298e-08
9.893165000000000298e-08
9.893165000000000298e-08
9.893165000000000298e-08
9.893165000000000298e-08
9.893165000000000298e-08
9.893165000000000298e-08
9.893165000000000298e-08
9.893165000000000298e-08
9.893165000000000298e-08
9.893165000000000298e-08
9.893165000000000298e-08
9.893165000000000298e-08
9.893165000000000298e-08
9.893165000000000298e-08
9.893165000000000298e-08
9.893165000000000298e-08
9.893165000000000298e-08
9.893165000000000298e-08
9.893165000000000298e-08
9.893165000000000298e-08
9.893165000000000298e-08
9.893165000000000298e-08
9.893165000000000298e-08
9.893165000000000298e-08
9.893165000000000298e-08
9.893165000000000298e-08
9.893165000000000298e-08
9.893165000000000298e-08
9.893165000000000298e-08
9.893165000000000298e-08
9.893165000000000298e-08
9.893165000000000298e-08
9.893165000000000298e-08
9.893165000000000298e-08
9.893165000000000298e-08
9.893165000000000298e-08
9.893165000000000298e-08
9.893165000000000298e-08
9.893165000000000298e-08
9.893165000000000298e-08
9.893165000000000298e-08
9.893165000000000298e-08
9.893165000000000298e-08
9.893165000000000298e-08
9.893165000000000298e-08
9.893165000000000298e-08
9.893165000000000298e-08
9.893165000000000298e-08
9.893165000000000298e-08
9.893165000000000298e-08
9.893165000000000298e-08
9.893165000000000298e-08
9.893165000000000298e-08
9.893165000000000298e-08
9.893165000000000298e-08
9.893165000000000298e-08
9.893165000000000298e-08
9.893165000000000298e-08
9.893892999999999430e-08
9.893892999999999430e-08
9.893892999999999430e-08
9.893892999999999430e-08
9.893892999999999430e-08
9.893892999999999430e-08
9.893892999999999430e-08
9.893892999999999430e-08
9.893892999999999430e-08
9.893892999999999430e-08
9.893892999999999430e-08
9.893892999999999430e-08
9.893892999999999430e-08
9.893892999999999430e-08
9.893892999999999430e-08
9.893892999999999430e-08
9.893892999999999430e-08
9.893892999999999430e-08
9.893892999999999430e-08
9.893892999999999430e-08
9.893892999999999430e-08
9.893892999999999430e-08
9.893892999999999430e-08
9.893892999999999430e-08
9.893892999999999430e-08
9.893892999999999430e-08
9.893892999999999430e-08
9.893892999999999430e-08
9.893892999999999430e-08
9.893892999999999430e-08
9.893892999999999430e-08
9.893892999999999430e-08
9.893892999999999430e-08
9.893892999999999430e-08
9.893892999999999430e-08
9.893892999999999430e-08
9.893892999999999430e-08
9.893892999999999430e-08
9.893892999999999430e-08
9.893892999999999430e-08
9.893892999999999430e-08
9.893892999999999430e-08
9.893892999999999430e-08
9.893892999999999430e-08
9.893892999999999430e-08
9.893892999999999430e-08
9.893892999999999430e-08
9.893165000000000298e-08
9.893165000000000298e-08
9.893165000000000298e-08
9.893165000000000298e-08
9.893165000000000298e-08
9.893165000000000298e-08
9.893165000000000298e-08
9.893165000000000298e-08
9.893165000000000298e-08
9.893165000000000298e-08
9.893165000000000298e-08
9.893165000000000298e-08
9.893165000000000298e-08
9.893165000000000298e-08
9.893165000000000298e-08
9.893165000000000298e-08
9.893165000000000298e-08
9.893165000000000298e-08
9.893165000000000298e-08
9.893165000000000298e-08
9.893165000000000298e-08
9.893165000000000298e-08
9.893892999999999430e-08
9.893892999999999430e-08
9.893892999999999430e-08
9.893892999999999430e-08
9.893892999999999430e-08
9.893892999999999430e-08
9.893892999999999430e-08
9.893892999999999430e-08
9.893892999999999430e-08
9.893892999999999430e-08
9.893892999999999430e-08
9.893892999999999430e-08
9.893892999999999430e-08
9.893892999999999430e-08
9.893892999999999430e-08
9.893892999999999430e-08
9.893892999999999430e-08
9.893892999999999430e-08
9.893892999999999430e-08
9.893892999999999430e-08
9.893892999999999430e-08
9.893892999999999430e-08
9.893892999999999430e-08
9.893892999999999430e-08
9.893892999999999430e-08
9.893892999999999430e-08
9.893892999999999430e-08
9.893892999999999430e-08
9.893892999999999430e-08
9.893892999999999430e-08
9.893892999999999430e-08
9.893892999999999430e-08
9.893892999999999430e-08
9.893892999999999430e-08
9.893892999999999430e-08
9.893892999999999430e-08
9.893892999999999430e-08
9.893892999999999430e-08
9.893892999999999430e-08
9.893892999999999430e-08
9.893892999999999430e-08
9.893892999999999430e-08
9.893892999999999430e-08
9.893892999999999430e-08
9.893892999999999430e-08
9.893892999999999430e-08
9.893892999999999430e-08
9.893892999999999430e-08
9.893892999999999430e-08
9.893892999999999430e-08
9.893892999999999430e-08
9.894620000000000228e-08
9.894620000000000228e-08
9.894620000000000228e-08
9.894620000000000228e-08
9.894620000000000228e-08
9.894620000000000228e-08
9.894620000000000228e-08
9.894620000000000228e-08
9.894620000000000228e-08
9.894620000000000228e-08
9.894620000000000228e-08
9.894620000000000228e-08
9.894620000000000228e-08
9.894620000000000228e-08
9.893892999999999430e-08
9.893892999999999430e-08
9.893892999999999430e-08
9.893892999999999430e-08
9.893892999999999430e-08
9.893892999999999430e-08
9.893892999999999430e-08
9.893892999999999430e-08
9.893892999999999430e-08
9.893892999999999430e-08
9.893892999999999430e-08
9.893892999999999430e-08
9.893892999999999430e-08
9.893892999999999430e-08
9.893892999999999430e-08
9.893165000000000298e-08
9.893165000000000298e-08
9.893165000000000298e-08
9.893165000000000298e-08
9.893165000000000298e-08
9.893165000000000298e-08
9.893165000000000298e-08
9.893892999999999430e-08
9.893892999999999430e-08
9.893892999999999430e-08
9.893892999999999430e-08
9.893892999999999430e-08
9.893892999999999430e-08
9.894620000000000228e-08
9.894620000000000228e-08
9.894620000000000228e-08
9.894620000000000228e-08
9.895347999999999359e-08
9.895347999999999359e-08
9.895347999999999359e-08
9.896075000000000157e-08
9.896075000000000157e-08
9.896075000000000157e-08
9.896075000000000157e-08
9.896803000000000612e-08
9.896803000000000612e-08
9.896803000000000612e-08
9.896803000000000612e-08
9.896803000000000612e-08
9.896803000000000612e-08
9.897530999999999743e-08
9.897530999999999743e-08
9.897530999999999743e-08
9.897530999999999743e-08
9.897530999999999743e-08
9.897530999999999743e-08
9.897530999999999743e-08
9.897530999999999743e-08
9.897530999999999743e-08
9.897530999999999743e-08
9.897530999999999743e-08
9.897530999999999743e-08
9.897530999999999743e-08
9.897530999999999743e-08
9.897530999999999743e-08
9.897530999999999743e-08
9.897530999999999743e-08
9.897530999999999743e-08
9.897530999999999743e-08
9.897530999999999743e-08
9.898258000000000541e-08
9.898258000000000541e-08
9.898258000000000541e-08
9.898258000000000541e-08
9.898258000000000541e-08
9.898258000000000541e-08
9.897530999999999743e-08
9.897530999999999743e-08
9.897530999999999743e-08
9.897530999999999743e-08
9.897530999999999743e-08
9.897530999999999743e-08
9.896803000000000612e-08
9.896803000000000612e-08
9.896803000000000612e-08
9.896075000000000157e-08
9.896075000000000157e-08
9.896075000000000157e-08
9.896075000000000157e-08
9.895347999999999359e-08
9.895347999999999359e-08
9.895347999999999359e-08
9.895347999999999359e-08
9.895347999999999359e-08
9.894620000000000228e-08
9.894620000000000228e-08
9.894620000000000228e-08
9.894620000000000228e-08
9.894620000000000228e-08
9.894620000000000228e-08
9.894620000000000228e-08
9.894620000000000228e-08
9.894620000000000228e-08
9.895347999999999359e-08
9.895347999999999359e-08
9.895347999999999359e-08
9.895347999999999359e-08
9.896075000000000157e-08
9.896075000000000157e-08
9.896075000000000157e-08
9.896075000000000157e-08
9.896803000000000612e-08
9.896803000000000612e-08
9.896803000000000612e-08
9.896803000000000612e-08
9.896803000000000612e-08
9.896803000000000612e-08
9.896075000000000157e-08
9.896075000000000157e-08
9.896075000000000157e-08
9.896075000000000157e-08
9.895347999999999359e-08
9.895347999999999359e-08
9.895347999999999359e-08
9.895347999999999359e-08
9.895347999999999359e-08
9.894620000000000228e-08
9.894620000000000228e-08
9.894620000000000228e-08
9.894620000000000228e-08
9.894620000000000228e-08
9.894620000000000228e-08
9.894620000000000228e-08
9.893892999999999430e-08
9.893892999999999430e-08
9.893892999999999430e-08
9.893892999999999430e-08
9.893892999999999430e-08
9.893892999999999430e-08
9.893892999999999430e-08
9.893892999999999430e-08
9.893892999999999430e-08
9.893892999999999430e-08
9.893892999999999430e-08
9.893892999999999430e-08
9.893892999999999430e-08
9.894620000000000228e-08
9.894620000000000228e-08
9.893892999999999430e-08
9.893892999999999430e-08
9.893892999999999430e-08
9.893892999999999430e-08
9.893892999999999430e-08
9.893892999999999430e-08
9.893892999999999430e-08
9.893892999999999430e-08
9.893165000000000298e-08
9.893165000000000298e-08
9.893165000000000298e-08
9.893165000000000298e-08
9.893165000000000298e-08
9.892436999999999844e-08
9.892436999999999844e-08
9.892436999999999844e-08
9.892436999999999844e-08
9.892436999999999844e-08
9.893165000000000298e-08
9.893165000000000298e-08
9.893165000000000298e-08
9.893165000000000298e-08
9.893165000000000298e-08
9.893892999999999430e-08
9.893892999999999430e-08
9.893892999999999430e-08
9.894620000000000228e-08
9.894620000000000228e-08
9.894620000000000228e-08
9.894620000000000228e-08
9.894620000000000228e-08
9.895347999999999359e-08
9.895347999999999359e-08
9.895347999999999359e-08
9.895347999999999359e-08
9.895347999999999359e-08
9.895347999999999359e-08
9.895347999999999359e-08
9.896075000000000157e-08
9.896075000000000157e-08
9.896075000000000157e-08
9.896075000000000157e-08
9.896075000000000157e-08
9.896075000000000157e-08
9.896075000000000157e-08
9.896075000000000157e-08
9.896075000000000157e-08
9.896075000000000157e-08
9.896075000000000157e-08
9.896075000000000157e-08
9.896075000000000157e-08
9.896075000000000157e-08
9.896075000000000157e-08
9.896075000000000157e-08
9.896075000000000157e-08
9.896075000000000157e-08
9.896075000000000157e-08
9.896075000000000157e-08
9.896075000000000157e-08
9.896075000000000157e-08
9.896075000000000157e-08
9.896075000000000157e-08
9.896075000000000157e-08
9.896075000000000157e-08
9.896075000000000157e-08
9.896075000000000157e-08
9.896075000000000157e-08
9.896075000000000157e-08
9.896075000000000157e-08
9.896075000000000157e-08
9.896075000000000157e-08
9.896075000000000157e-08
9.896075000000000157e-08
9.896075000000000157e-08
9.896075000000000157e-08
9.896075000000000157e-08
9.896075000000000157e-08
9.896075000000000157e-08
9.896075000000000157e-08
9.896075000000000157e-08
9.896075000000000157e-08
9.896075000000000157e-08
9.896075000000000157e-08
9.896075000000000157e-08
9.896075000000000157e-08
9.896075000000000157e-08
9.896075000000000157e-08
9.896075000000000157e-08
9.896075000000000157e-08
9.896075000000000157e-08
9.896075000000000157e-08
9.896075000000000157e-08
9.896075000000000157e-08
9.896075000000000157e-08
9.896075000000000157e-08
9.896075000000000157e-08
9.896075000000000157e-08
9.896075000000000157e-08
9.896075000000000157e-08
9.896075000000000157e-08
9.896075000000000157e-08
9.896075000000000157e-08
9.895347999999999359e-08
9.895347999999999359e-08
9.895347999999999359e-08
9.895347999999999359e-08
9.895347999999999359e-08
9.895347999999999359e-08
9.895347999999999359e-08
9.895347999999999359e-08
9.895347999999999359e-08
9.895347999999999359e-08
9.895347999999999359e-08
9.895347999999999359e-08
9.895347999999999359e-08
9.895347999999999359e-08
9.895347999999999359e-08
9.895347999999999359e-08
9.895347999999999359e-08
9.895347999999999359e-08
9.895347999999999359e-08
9.895347999999999359e-08
9.895347999999999359e-08
9.895347999999999359e-08
9.895347999999999359e-08
9.895347999999999359e-08
9.895347999999999359e-08
9.895347999999999359e-08
9.895347999999999359e-08
9.895347999999999359e-08
9.895347999999999359e-08
9.895347999999999359e-08
9.895347999999999359e-08
9.895347999999999359e-08
9.895347999999999359e-08
9.895347999999999359e-08
9.895347999999999359e-08
9.895347999999999359e-08
9.895347999999999359e-08
9.895347999999999359e-08
9.895347999999999359e-08
9.895347999999999359e-08
9.895347999999999359e-08
9.895347999999999359e-08
9.895347999999999359e-08
9.895347999999999359e-08
9.895347999999999359e-08
9.895347999999999359e-08
9.895347999999999359e-08
9.895347999999999359e-08
9.895347999999999359e-08
9.895347999999999359e-08
9.895347999999999359e-08
9.895347999999999359e-08
9.895347999999999359e-08
9.895347999999999359e-08
9.895347999999999359e-08
9.895347999999999359e-08
9.895347999999999359e-08
9.895347999999999359e-08
9.895347999999999359e-08
9.895347999999999359e-08
9.896075000000000157e-08
9.896075000000000157e-08
9.896075000000000157e-08
9.896075000000000157e-08
9.896075000000000157e-08
9.896075000000000157e-08
9.896075000000000157e-08
9.896075000000000157e-08
9.896075000000000157e-08
9.896075000000000157e-08
9.896075000000000157e-08
9.896075000000000157e-08
9.896075000000000157e-08
9.896075000000000157e-08
9.896075000000000157e-08
9.896075000000000157e-08
9.896075000000000157e-08
9.896075000000000157e-08
9.896075000000000157e-08
9.896075000000000157e-08
9.896075000000000157e-08
9.896075000000000157e-08
9.896075000000000157e-08
9.896075000000000157e-08
9.896075000000000157e-08
9.896075000000000157e-08
9.896075000000000157e-08
9.896075000000000157e-08
9.896075000000000157e-08
9.896075000000000157e-08
9.896075000000000157e-08
9.896075000000000157e-08
9.896075000000000157e-08
9.896075000000000157e-08
9.896075000000000157e-08
9.896075000000000157e-08
9.896075000000000157e-08
9.896075000000000157e-08
9.896075000000000157e-08
9.896075000000000157e-08
9.896075000000000157e-08
9.895347999999999359e-08
9.895347999999999359e-08
9.895347999999999359e-08
9.895347999999999359e-08
9.895347999999999359e-08
9.895347999999999359e-08
9.895347999999999359e-08
9.895347999999999359e-08
9.895347999999999359e-08
9.895347999999999359e-08
9.895347999999999359e-08
9.895347999999999359e-08
9.895347999999999359e-08
9.895347999999999359e-08
9.895347999999999359e-08
9.895347999999999359e-08
9.895347999999999359e-08
9.895347999999999359e-08
9.895347999999999359e-08
9.895347999999999359e-08
9.895347999999999359e-08
9.895347999999999359e-08
9.895347999999999359e-08
9.895347999999999359e-08
9.895347999999999359e-08
9.895347999999999359e-08
9.895347999999999359e-08
9.895347999999999359e-08
9.895347999999999359e-08
9.895347999999999359e-08
9.895347999999999359e-08
9.895347999999999359e-08
9.895347999999999359e-08
9.895347999999999359e-08
9.895347999999999359e-08
9.895347999999999359e-08
9.895347999999999359e-08
9.895347999999999359e-08
9.895347999999999359e-08
9.895347999999999359e-08
9.895347999999999359e-08
9.895347999999999359e-08
9.895347999999999359e-08
9.895347999999999359e-08
9.895347999999999359e-08
9.895347999999999359e-08
9.895347999999999359e-08
9.895347999999999359e-08
9.895347999999999359e-08
9.895347999999999359e-08
9.895347999999999359e-08
9.895347999999999359e-08
9.895347999999999359e-08
9.895347999999999359e-08
9.895347999999999359e-08
9.895347999999999359e-08
9.895347999999999359e-08
9.895347999999999359e-08
9.895347999999999359e-08
9.895347999999999359e-08
9.895347999999999359e-08
9.895347999999999359e-08
9.895347999999999359e-08
9.895347999999999359e-08
9.895347999999999359e-08
9.895347999999999359e-08
9.895347999999999359e-08
9.895347999999999359e-08
9.895347999999999359e-08
9.895347999999999359e-08
9.895347999999999359e-08
9.895347999999999359e-08
9.895347999999999359e-08
9.895347999999999359e-08
9.895347999999999359e-08
9.895347999999999359e-08
9.895347999999999359e-08
9.895347999999999359e-08
9.895347999999999359e-08
9.895347999999999359e-08
9.895347999999999359e-08
9.895347999999999359e-08
9.895347999999999359e-08
9.895347999999999359e-08
9.895347999999999359e-08
9.895347999999999359e-08
9.895347999999999359e-08
9.895347999999999359e-08
9.895347999999999359e-08
9.895347999999999359e-08
9.895347999999999359e-08
9.895347999999999359e-08
9.895347999999999359e-08
9.895347999999999359e-08
9.895347999999999359e-08
9.895347999999999359e-08
9.895347999999999359e-08
9.895347999999999359e-08
9.895347999999999359e-08
9.895347999999999359e-08
9.895347999999999359e-08
9.895347999999999359e-08
9.895347999999999359e-08
9.895347999999999359e-08
9.895347999999999359e-08
9.895347999999999359e-08
9.895347999999999359e-08
9.895347999999999359e-08
9.895347999999999359e-08
9.895347999999999359e-08
9.895347999999999359e-08
9.895347999999999359e-08
9.895347999999999359e-08
9.895347999999999359e-08
9.895347999999999359e-08
9.895347999999999359e-08
9.895347999999999359e-08
9.895347999999999359e-08
9.895347999999999359e-08
9.895347999999999359e-08
9.895347999999999359e-08
9.895347999999999359e-08
9.895347999999999359e-08
9.895347999999999359e-08
9.895347999999999359e-08
9.895347999999999359e-08
9.895347999999999359e-08
9.895347999999999359e-08
9.895347999999999359e-08
9.895347999999999359e-08
9.895347999999999359e-08
9.895347999999999359e-08
9.895347999999999359e-08
9.895347999999999359e-08
9.895347999999999359e-08
9.896075000000000157e-08
9.896075000000000157e-08
9.896075000000000157e-08
9.896075000000000157e-08
9.896075000000000157e-08
9.896075000000000157e-08
9.896075000000000157e-08
9.896075000000000157e-08
9.896075000000000157e-08
9.896075000000000157e-08
9.896075000000000157e-08
9.896075000000000157e-08
9.896075000000000157e-08
9.896075000000000157e-08
9.896075000000000157e-08
9.896075000000000157e-08
9.896075000000000157e-08
9.896075000000000157e-08
9.896075000000000157e-08
9.896075000000000157e-08
9.896075000000000157e-08
9.896075000000000157e-08
9.896075000000000157e-08
9.896075000000000157e-08
9.896075000000000157e-08
9.896075000000000157e-08
9.896075000000000157e-08
9.896075000000000157e-08
9.896075000000000157e-08
9.896075000000000157e-08
9.896075000000000157e-08
9.895347999999999359e-08
9.895347999999999359e-08
9.895347999999999359e-08
9.895347999999999359e-08
9.895347999999999359e-08
9.895347999999999359e-08
9.895347999999999359e-08
9.895347999999999359e-08
9.895347999999999359e-08
9.895347999999999359e-08
9.895347999999999359e-08
9.895347999999999359e-08
9.895347999999999359e-08
9.895347999999999359e-08
9.895347999999999359e-08
9.895347999999999359e-08
9.895347999999999359e-08
9.895347999999999359e-08
9.895347999999999359e-08
9.895347999999999359e-08
9.895347999999999359e-08
9.895347999999999359e-08
9.895347999999999359e-08
9.895347999999999359e-08
9.895347999999999359e-08
9.895347999999999359e-08
9.895347999999999359e-08
9.895347999999999359e-08
9.895347999999999359e-08
9.895347999999999359e-08
9.896075000000000157e-08
9.896075000000000157e-08
9.896075000000000157e-08
9.896075000000000157e-08
9.896075000000000157e-08
