3.360234999999999855e-05
3.359863000000000259e-05
3.359863000000000259e-05
3.359863000000000259e-05
3.359489999999999916e-05
3.358744999999999976e-05
3.358372000000000310e-05
3.357626999999999693e-05
3.356881999999999753e-05
3.356136999999999814e-05
3.354646999999999935e-05
3.353157000000000056e-05
3.350922000000000237e-05
3.349059000000000015e-05
3.346451999999999923e-05
3.343471000000000095e-05
3.340491000000000337e-05
3.336765999999999962e-05
3.333041000000000264e-05
3.328943000000000223e-05
3.324845000000000182e-05
3.320374999999999867e-05
3.315531999999999887e-05
3.310688999999999906e-05
3.305473000000000260e-05
3.299884999999999662e-05
3.294296999999999742e-05
3.288337000000000226e-05
3.282749000000000306e-05
3.276789000000000112e-05
3.270827999999999849e-05
3.264494999999999989e-05
3.258534999999999795e-05
3.252201999999999936e-05
3.245869000000000076e-05
3.239536000000000217e-05
3.233202999999999679e-05
3.226869999999999820e-05
3.220536999999999960e-05
3.213830999999999757e-05
3.207497999999999898e-05
3.201165000000000038e-05
3.194832000000000178e-05
3.188871999999999985e-05
3.182165999999999782e-05
3.176206000000000266e-05
3.169872999999999728e-05
3.163539999999999869e-05
3.157207000000000009e-05
3.150874000000000150e-05
3.144541000000000290e-05
3.138207999999999753e-05
3.131502000000000227e-05
3.125168999999999690e-05
3.118464000000000235e-05
3.111758000000000032e-05
3.105052999999999898e-05
3.098720000000000039e-05
3.092013999999999836e-05
3.085308999999999703e-05
3.078975999999999843e-05
3.072642999999999983e-05
3.066310000000000124e-05
3.059977000000000264e-05
3.053271000000000061e-05
3.046927000000000110e-05
3.040593999999999911e-05
3.033888000000000047e-05
3.027554999999999849e-05
3.021221999999999989e-05
3.014516999999999856e-05
3.008183999999999996e-05
3.001851000000000137e-05
2.995517999999999938e-05
2.989185000000000079e-05
2.982851999999999880e-05
2.976519000000000021e-05
2.970186000000000161e-05
2.963852999999999963e-05
2.957520000000000103e-05
2.951558999999999840e-05
2.945225999999999980e-05
2.939266000000000125e-05
2.932932999999999927e-05
2.926972000000000002e-05
2.920639000000000142e-05
2.914678999999999949e-05
2.908718000000000024e-05
2.902385000000000164e-05
2.896424999999999971e-05
2.890464000000000046e-05
2.884503999999999852e-05
2.878542999999999928e-05
2.872210000000000068e-05
2.866622999999999879e-05
2.860661999999999954e-05
2.854702000000000099e-05
2.848740999999999836e-05
2.842407999999999976e-05
2.836075000000000117e-05
2.829741999999999918e-05
2.823409000000000059e-05
2.817075999999999860e-05
2.810743000000000001e-05
2.804410000000000141e-05
2.798449999999999947e-05
2.792117000000000088e-05
2.785783999999999889e-05
2.779451000000000030e-05
2.773117999999999832e-05
2.767156999999999907e-05
2.760452000000000112e-05
2.754490999999999849e-05
2.748157999999999989e-05
2.741825000000000130e-05
2.735864999999999936e-05
2.729532000000000076e-05
2.723571000000000152e-05
2.717982999999999893e-05
2.712396000000000043e-05
2.707180000000000057e-05
2.701592000000000137e-05
2.696376999999999883e-05
2.691533999999999902e-05
2.685945999999999982e-05
2.681103000000000002e-05
2.675888000000000086e-05
2.671045000000000106e-05
2.666202000000000125e-05
2.660986999999999871e-05
2.655770999999999886e-05
2.650555999999999971e-05
2.645339999999999985e-05
2.640125000000000070e-05
2.634909000000000085e-05
2.630066999999999835e-05
2.624478999999999915e-05
2.619262999999999930e-05
2.614048000000000014e-05
2.608460000000000094e-05
2.602871999999999836e-05
2.597656999999999920e-05
2.592440999999999935e-05
2.587226000000000020e-05
2.581638000000000099e-05
2.576422000000000114e-05
2.571206999999999860e-05
2.565618999999999940e-05
2.560404000000000025e-05
2.555188000000000039e-05
2.549600000000000119e-05
2.544011999999999860e-05
2.538796999999999945e-05
2.533209000000000025e-05
2.527248999999999831e-05
2.522032999999999846e-05
2.516444999999999926e-05
2.510857000000000006e-05
2.504897000000000151e-05
2.499681000000000166e-05
2.494465999999999912e-05
2.488877999999999991e-05
2.483290000000000071e-05
2.478075000000000156e-05
2.472858999999999832e-05
2.467270999999999912e-05
2.462055999999999997e-05
2.456841000000000081e-05
2.451253000000000161e-05
2.446036999999999837e-05
2.440821999999999922e-05
2.435234000000000002e-05
2.430391000000000021e-05
2.425176000000000106e-05
2.419960000000000120e-05
2.415117000000000140e-05
2.409901999999999886e-05
2.405058999999999905e-05
2.400215999999999925e-05
2.395001000000000009e-05
2.390158000000000029e-05
2.384570000000000109e-05
2.379354999999999854e-05
2.374511999999999874e-05
2.368550999999999949e-05
2.363336000000000034e-05
2.358120000000000048e-05
2.352905000000000133e-05
2.347316999999999874e-05
2.341728999999999954e-05
2.336514000000000039e-05
2.331298000000000053e-05
2.326083000000000138e-05
2.320867000000000153e-05
2.315651999999999899e-05
2.310436999999999983e-05
2.305220999999999998e-05
2.299633000000000078e-05
2.294418000000000163e-05
2.289574999999999843e-05
2.283986999999999923e-05
2.279143999999999943e-05
2.273556000000000023e-05
2.268341000000000107e-05
2.263498000000000127e-05
2.257909999999999868e-05
2.252694999999999952e-05
2.247478999999999967e-05
2.242264000000000052e-05
2.237048000000000066e-05
2.231833000000000151e-05
2.226617999999999897e-05
2.221401999999999912e-05
2.216186999999999996e-05
2.210971000000000011e-05
2.205756000000000096e-05
2.200540999999999842e-05
2.195324999999999856e-05
2.190109999999999941e-05
2.184893999999999956e-05
2.179679000000000040e-05
2.174464000000000125e-05
2.168875999999999866e-05
2.164032999999999885e-05
2.159189999999999905e-05
2.153601999999999985e-05
2.148387000000000070e-05
2.143171000000000084e-05
2.137956000000000169e-05
2.132739999999999845e-05
2.127896999999999864e-05
2.122310000000000014e-05
2.117467000000000034e-05
2.112251000000000048e-05
2.107036000000000133e-05
2.102193000000000152e-05
2.096977999999999898e-05
2.092134999999999918e-05
2.086918999999999932e-05
2.082448999999999956e-05
2.077234000000000041e-05
2.072391000000000061e-05
2.067548000000000080e-05
2.062705000000000099e-05
2.057862000000000119e-05
2.052646999999999865e-05
2.048176000000000158e-05
2.042960999999999904e-05
2.038117999999999923e-05
2.033274999999999942e-05
2.028431999999999962e-05
2.023588999999999981e-05
2.019119000000000005e-05
2.013904000000000090e-05
2.009061000000000110e-05
2.004218000000000129e-05
1.999002000000000144e-05
1.994159999999999894e-05
1.988943999999999909e-05
1.984100999999999928e-05
1.978886000000000013e-05
1.974414999999999967e-05
1.969573000000000057e-05
1.964357000000000071e-05
1.959887000000000096e-05
1.955044000000000115e-05
1.950574000000000139e-05
1.945731000000000159e-05
1.940887999999999839e-05
1.936044999999999859e-05
1.931574999999999883e-05
1.926731999999999902e-05
1.921888999999999922e-05
1.917418999999999946e-05
1.912575999999999965e-05
1.908104999999999919e-05
1.903634999999999944e-05
1.899164999999999968e-05
1.894693999999999922e-05
1.890223999999999946e-05
1.886125999999999905e-05
1.881655999999999929e-05
1.877557999999999888e-05
1.873087999999999912e-05
1.868616999999999867e-05
1.864519000000000164e-05
1.860421999999999854e-05
1.855578999999999874e-05
1.851853000000000106e-05
1.847383000000000130e-05
1.842913000000000155e-05
1.839187000000000048e-05
1.834717000000000073e-05
1.830619000000000031e-05
1.826520999999999990e-05
1.822051000000000015e-05
1.817952999999999973e-05
1.813854999999999932e-05
1.809757999999999961e-05
1.805286999999999916e-05
1.801189999999999944e-05
1.797091999999999903e-05
1.792620999999999858e-05
1.788896000000000160e-05
1.784425999999999845e-05
1.780328000000000143e-05
1.776230000000000102e-05
1.772132000000000061e-05
1.768034000000000020e-05
1.763937000000000049e-05
1.760210999999999943e-05
1.756112999999999901e-05
1.751642999999999926e-05
1.747917999999999889e-05
1.743819999999999848e-05
1.739722000000000146e-05
1.735624000000000105e-05
1.731899000000000069e-05
1.728174000000000032e-05
1.724075999999999991e-05
1.719977999999999950e-05
1.716252999999999914e-05
1.712527999999999877e-05
1.708429999999999836e-05
1.704704000000000069e-05
1.700607000000000098e-05
1.697253999999999996e-05
1.693155999999999955e-05
1.688685999999999979e-05
1.684587999999999938e-05
1.680862999999999902e-05
1.676764999999999861e-05
1.672667000000000159e-05
1.668569000000000118e-05
1.664844000000000081e-05
1.660746000000000040e-05
1.657021000000000004e-05
1.653294999999999898e-05
1.649569999999999861e-05
1.645845000000000164e-05
1.641747000000000123e-05
1.637649000000000082e-05
1.633924000000000045e-05
1.629826000000000004e-05
1.625727999999999963e-05
1.621630999999999992e-05
1.617532999999999951e-05
1.613434999999999910e-05
1.609709999999999874e-05
1.605611999999999833e-05
1.601886000000000065e-05
1.598161000000000029e-05
1.594062999999999988e-05
1.589966000000000017e-05
1.586239999999999910e-05
1.582514999999999874e-05
1.578789999999999838e-05
1.574692000000000135e-05
1.570967000000000099e-05
1.567240999999999993e-05
1.563515999999999956e-05
1.559790999999999920e-05
1.555692999999999879e-05
1.551967999999999843e-05
1.548242000000000075e-05
1.544517000000000039e-05
1.540418999999999998e-05
1.536693999999999961e-05
1.532968999999999925e-05
1.529243000000000158e-05
1.525512000000000040e-05
1.521787000000000004e-05
1.517688999999999963e-05
1.513963999999999927e-05
1.510239000000000060e-05
1.506512999999999953e-05
1.502787999999999917e-05
1.498690000000000045e-05
1.494965000000000009e-05
1.491239999999999973e-05
1.487887000000000041e-05
1.484160999999999934e-05
1.480436000000000067e-05
1.476711000000000031e-05
1.472985999999999995e-05
1.469260000000000058e-05
1.465535000000000022e-05
1.461809999999999985e-05
1.458084000000000048e-05
1.454359000000000012e-05
1.450633999999999976e-05
1.446908999999999939e-05
1.443556000000000007e-05
1.439830999999999971e-05
1.436105000000000034e-05
1.432379999999999998e-05
1.428654999999999961e-05
1.424929000000000024e-05
1.421576999999999993e-05
1.417851000000000056e-05
1.414126000000000020e-05
1.410772999999999918e-05
1.407048000000000051e-05
1.403323000000000015e-05
1.399597000000000078e-05
1.396245000000000046e-05
1.392891999999999945e-05
1.389539000000000013e-05
1.385813999999999976e-05
1.382088999999999940e-05
1.378363000000000003e-05
1.374637999999999967e-05
1.370912999999999930e-05
1.367186999999999993e-05
1.363461999999999957e-05
1.359363999999999916e-05
1.355266000000000044e-05
1.351541000000000008e-05
1.347442999999999967e-05
1.343345999999999996e-05
1.339247999999999955e-05
1.335522000000000018e-05
1.331796999999999982e-05
1.327698999999999941e-05
1.323601000000000069e-05
1.319503999999999928e-05
1.315406000000000057e-05
1.311308000000000016e-05
1.307582999999999979e-05
1.303484999999999938e-05
1.299387000000000067e-05
1.295289000000000026e-05
1.291563999999999989e-05
1.287465999999999948e-05
1.283368000000000077e-05
1.279643000000000040e-05
1.275918000000000004e-05
1.272192000000000067e-05
1.268094999999999926e-05
1.264368999999999990e-05
1.260643999999999953e-05
1.256918999999999917e-05
1.253192999999999980e-05
1.249467999999999944e-05
1.245743000000000077e-05
1.242018000000000040e-05
1.238291999999999934e-05
1.234940000000000072e-05
1.231213999999999966e-05
1.227488999999999929e-05
1.223764000000000062e-05
1.220037999999999956e-05
1.216312999999999920e-05
1.212588000000000053e-05
1.208863000000000017e-05
1.205137000000000080e-05
1.201039000000000039e-05
1.197314000000000002e-05
1.193588999999999966e-05
1.190236000000000034e-05
1.186882999999999932e-05
1.183158000000000065e-05
1.179433000000000029e-05
1.175706999999999923e-05
1.171982000000000056e-05
1.168628999999999954e-05
1.165276999999999923e-05
1.161550999999999986e-05
1.158198999999999954e-05
1.154473000000000017e-05
1.150747999999999981e-05
1.147395000000000049e-05
1.144041999999999947e-05
1.140317000000000080e-05
1.136963999999999979e-05
1.133611999999999947e-05
1.130259000000000015e-05
1.126906000000000083e-05
1.123181000000000046e-05
1.119827999999999945e-05
1.116103000000000078e-05
1.112378000000000042e-05
1.109024999999999940e-05
1.105672000000000008e-05
1.102319000000000076e-05
1.099338999999999979e-05
1.095986000000000047e-05
1.092632999999999945e-05
1.089653000000000018e-05
1.086299999999999916e-05
1.082948000000000054e-05
1.079594999999999952e-05
1.076615000000000025e-05
1.073261999999999923e-05
1.069908999999999991e-05
1.066556000000000059e-05
1.063204000000000028e-05
1.059850999999999926e-05
1.056126000000000059e-05
1.052772999999999958e-05
1.049047999999999921e-05
1.045694999999999989e-05
1.042342000000000057e-05
1.039361999999999960e-05
1.036009000000000028e-05
1.032655999999999926e-05
1.029304000000000064e-05
1.025950999999999963e-05
1.022598000000000030e-05
1.019617999999999934e-05
1.016265000000000001e-05
1.012912000000000069e-05
1.009931999999999972e-05
1.006579000000000040e-05
1.003225999999999939e-05
9.998736999999999201e-06
9.965209999999999750e-06
9.931681999999999213e-06
9.894429000000000673e-06
9.860901999999999528e-06
9.827374000000000686e-06
9.793846000000000149e-06
9.760319000000000698e-06
9.723066000000000464e-06
9.689537999999999927e-06
9.659736000000000174e-06
9.626207999999999637e-06
9.592681000000000187e-06
9.562877999999999347e-06
9.529350999999999897e-06
9.499548000000000752e-06
9.466020999999999607e-06
9.436218999999999854e-06
9.406416000000000709e-06
9.376613999999999262e-06
9.343086000000000419e-06
9.313284000000000666e-06
9.283481999999999219e-06
9.253679000000000074e-06
9.223877000000000321e-06
9.194075000000000568e-06
9.160547000000000031e-06
9.127018999999999494e-06
9.097216999999999741e-06
9.063690000000000291e-06
9.033886999999999451e-06
9.000360000000000001e-06
8.970556999999999162e-06
8.937029999999999711e-06
8.903501999999999174e-06
8.869974000000000331e-06
8.840172000000000579e-06
8.806644000000000042e-06
8.773117000000000591e-06
8.743315000000000838e-06
8.713511999999999999e-06
8.683710000000000246e-06
8.657633000000000191e-06
8.631556000000000135e-06
8.605479000000000080e-06
8.575675999999999240e-06
8.549598999999999185e-06
8.519796999999999432e-06
8.493719999999999376e-06
8.467642999999999321e-06
8.441565999999999266e-06
8.415488999999999210e-06
8.389411999999999155e-06
8.363335000000000793e-06
8.340983000000000435e-06
8.318631000000000078e-06
8.296280000000000806e-06
8.273928000000000448e-06
8.255301999999999180e-06
8.232950000000000516e-06
8.218049000000000640e-06
8.199421999999999979e-06
8.177069999999999621e-06
8.158444000000000047e-06
8.136091999999999690e-06
8.113739999999999332e-06
8.091389000000000060e-06
8.069036999999999702e-06
8.042959999999999647e-06
8.020607999999999289e-06
8.001981999999999715e-06
7.979629999999999357e-06
7.953552999999999302e-06
7.934926999999999728e-06
7.916300000000000761e-06
7.897673999999999493e-06
7.879047000000000527e-06
7.856695000000000169e-06
7.838069000000000595e-06
7.819442999999999327e-06
7.800816000000000361e-06
7.782190000000000787e-06
7.759838000000000429e-06
7.741210999999999768e-06
7.726309999999999892e-06
7.703959000000000620e-06
7.689056999999999657e-06
7.670431000000000083e-06
7.655530000000000207e-06
7.636902999999999547e-06
7.625698000000000049e-06
7.607071999999999628e-06
7.599620999999999994e-06
7.580995000000000420e-06
7.569819000000000241e-06
7.558643000000000062e-06
7.543742000000000186e-06
7.532566000000000007e-06
7.521389999999999828e-06
7.506488999999999951e-06
7.499038000000000317e-06
7.487863000000000377e-06
7.476687000000000198e-06
7.469235999999999717e-06
7.458060000000000385e-06
7.450610000000000143e-06
7.443158999999999661e-06
7.439433999999999964e-06
7.431983000000000329e-06
7.424533000000000087e-06
7.420807000000000150e-06
7.413356999999999908e-06
7.409632000000000211e-06
7.405906000000000274e-06
7.402180999999999729e-06
7.394730000000000095e-06
7.391005000000000398e-06
7.383553999999999916e-06
7.379829000000000219e-06
7.376103999999999674e-06
7.372378999999999977e-06
7.364928000000000342e-06
7.361202999999999798e-06
7.357476999999999861e-06
7.357476999999999861e-06
7.353752000000000163e-06
7.350026999999999619e-06
7.346301999999999921e-06
7.346301999999999921e-06
7.346301999999999921e-06
7.342575999999999984e-06
7.338851000000000287e-06
7.338851000000000287e-06
7.335125999999999742e-06
7.331399999999999805e-06
7.327675000000000108e-06
7.327675000000000108e-06
7.327675000000000108e-06
7.331399999999999805e-06
7.331399999999999805e-06
7.335125999999999742e-06
7.338851000000000287e-06
7.338851000000000287e-06
7.342575999999999984e-06
7.346301999999999921e-06
7.346301999999999921e-06
7.350026999999999619e-06
7.353752000000000163e-06
7.357476999999999861e-06
7.364928000000000342e-06
7.368653000000000040e-06
7.372378999999999977e-06
7.376103999999999674e-06
7.379829000000000219e-06
7.387279999999999853e-06
7.394730000000000095e-06
7.402180999999999729e-06
7.409632000000000211e-06
7.409632000000000211e-06
7.417081999999999606e-06
7.420807000000000150e-06
7.428257999999999785e-06
7.431983000000000329e-06
7.435709000000000266e-06
7.439433999999999964e-06
7.439433999999999964e-06
7.446884000000000206e-06
7.450610000000000143e-06
7.458060000000000385e-06
7.469235999999999717e-06
7.472961000000000261e-06
7.480411999999999896e-06
7.491588000000000075e-06
7.502764000000000254e-06
7.510213999999999649e-06
7.521389999999999828e-06
7.532566000000000007e-06
7.540016999999999641e-06
7.551192999999999820e-06
7.562367999999999760e-06
7.569819000000000241e-06
7.580995000000000420e-06
7.592170999999999752e-06
7.599620999999999994e-06
7.610797000000000173e-06
7.621973000000000352e-06
7.629453000000000151e-06
7.640629000000000330e-06
7.655530000000000207e-06
7.662979999999999602e-06
7.674155999999999781e-06
7.689056999999999657e-06
7.700232999999999836e-06
7.715133999999999713e-06
7.726309999999999892e-06
7.744937000000000552e-06
7.756113000000000731e-06
7.774739000000000305e-06
7.789640000000000182e-06
7.804541000000000058e-06
7.819442999999999327e-06
7.830618000000000114e-06
7.845519999999999382e-06
7.856695000000000169e-06
7.871596999999999438e-06
7.882772000000000224e-06
7.893948000000000403e-06
7.905124000000000582e-06
7.916300000000000761e-06
7.927475999999999246e-06
7.938651999999999425e-06
7.949827999999999604e-06
7.961003999999999783e-06
7.972179000000000570e-06
7.983355000000000749e-06
7.998256000000000625e-06
8.009432000000000804e-06
8.020607999999999289e-06
8.035508999999999165e-06
8.046684999999999344e-06
8.061585999999999221e-06
8.076488000000000184e-06
8.091389000000000060e-06
8.106289999999999937e-06
8.124915999999999511e-06
8.139818000000000473e-06
8.162168999999999745e-06
8.177069999999999621e-06
8.199421999999999979e-06
8.218049000000000640e-06
8.232950000000000516e-06
8.251576000000000090e-06
8.270203000000000751e-06
8.292554000000000022e-06
8.307455999999999291e-06
8.326082000000000559e-06
8.348433999999999223e-06
8.367060000000000491e-06
8.385686999999999457e-06
8.404313000000000725e-06
8.422939999999999692e-06
8.437840999999999568e-06
8.452741999999999445e-06
8.467642999999999321e-06
8.478818999999999500e-06
8.489994999999999679e-06
8.504895999999999555e-06
8.516071999999999734e-06
8.530972999999999611e-06
8.545873999999999487e-06
8.557049999999999666e-06
8.575675999999999240e-06
8.586851999999999419e-06
8.605479000000000080e-06
8.616655000000000259e-06
8.635280999999999833e-06
8.650181999999999709e-06
8.668809000000000369e-06
8.687434999999999943e-06
8.706062000000000604e-06
8.724688000000000178e-06
8.743315000000000838e-06
8.765666000000000110e-06
8.784293000000000770e-06
8.802919000000000344e-06
8.825271000000000702e-06
8.843897000000000276e-06
8.866249000000000634e-06
8.888600999999999298e-06
8.907227000000000566e-06
8.929578999999999230e-06
8.955655999999999285e-06
8.981732999999999341e-06
9.007809999999999396e-06
9.033886999999999451e-06
9.059963999999999507e-06
9.086040999999999562e-06
9.115844000000000402e-06
9.141921000000000457e-06
9.167998000000000512e-06
9.190348999999999784e-06
9.212701000000000142e-06
9.238778000000000197e-06
9.261130000000000555e-06
9.283481999999999219e-06
9.309558999999999275e-06
9.328185000000000543e-06
9.350536999999999206e-06
9.372888999999999564e-06
9.391515000000000832e-06
9.413866999999999496e-06
9.436218999999999854e-06
9.454844999999999428e-06
9.473471000000000696e-06
9.492097999999999663e-06
9.514450000000000020e-06
9.533075999999999594e-06
9.559152999999999650e-06
9.581505000000000008e-06
9.603857000000000366e-06
9.629934000000000421e-06
9.656011000000000477e-06
9.678361999999999748e-06
9.708165000000000587e-06
9.734242000000000643e-06
9.764044000000000396e-06
9.790121000000000451e-06
9.823648999999999294e-06
9.853451000000000741e-06
9.883253000000000494e-06
9.913055999999999639e-06
9.942857999999999392e-06
9.972660000000000839e-06
1.000619000000000016e-05
1.003598999999999943e-05
1.006579000000000040e-05
1.009558999999999968e-05
1.012539999999999965e-05
1.015520000000000062e-05
1.018499999999999989e-05
1.021107999999999982e-05
1.023715999999999975e-05
1.026696000000000072e-05
1.029304000000000064e-05
1.032283999999999992e-05
1.035263999999999919e-05
1.037872000000000081e-05
1.040479000000000004e-05
1.043086999999999996e-05
1.045694999999999989e-05
1.048674999999999916e-05
1.051283000000000079e-05
1.054263000000000006e-05
1.057242999999999933e-05
1.060223000000000030e-05
1.062831000000000023e-05
1.065439000000000015e-05
1.068047000000000008e-05
1.070653999999999931e-05
1.073261999999999923e-05
1.076615000000000025e-05
1.079221999999999948e-05
1.081829999999999940e-05
1.084437999999999933e-05
1.086672999999999921e-05
1.089281000000000083e-05
1.091143000000000066e-05
1.093005999999999950e-05
1.095613999999999943e-05
1.097475999999999926e-05
1.099338999999999979e-05
1.101946999999999972e-05
1.104181999999999959e-05
1.106045000000000013e-05
1.108280000000000001e-05
1.110886999999999923e-05
1.113122999999999981e-05
1.115730000000000073e-05
1.117965000000000061e-05
1.120573000000000054e-05
1.122808000000000042e-05
1.125043000000000030e-05
1.127278999999999918e-05
1.129141000000000071e-05
1.131376000000000059e-05
1.133611999999999947e-05
1.135846999999999935e-05
1.137708999999999918e-05
1.139944999999999976e-05
1.141806999999999959e-05
1.144041999999999947e-05
1.146278000000000005e-05
1.148512999999999993e-05
1.150747999999999981e-05
1.152611000000000034e-05
1.154846000000000022e-05
1.156708000000000005e-05
1.158944000000000063e-05
1.160806000000000046e-05
1.162668999999999930e-05
1.164903999999999918e-05
1.166766999999999971e-05
1.168628999999999954e-05
1.170865000000000012e-05
1.172355000000000060e-05
1.174590000000000048e-05
1.176079999999999927e-05
1.177942999999999981e-05
1.179804999999999964e-05
1.180923000000000077e-05
1.182039999999999952e-05
1.183158000000000065e-05
1.183903000000000005e-05
1.184276000000000010e-05
1.185020999999999949e-05
1.185393000000000053e-05
1.185766000000000058e-05
1.186137999999999993e-05
1.186882999999999932e-05
1.187255999999999937e-05
1.188372999999999981e-05
1.189117999999999920e-05
1.190236000000000034e-05
1.190980999999999973e-05
1.192098999999999917e-05
1.192844000000000026e-05
1.193588999999999966e-05
1.194706000000000010e-05
1.195823999999999954e-05
1.196942000000000067e-05
1.197314000000000002e-05
1.198431999999999946e-05
1.199548999999999990e-05
1.199921999999999995e-05
1.201039000000000039e-05
1.202156999999999983e-05
1.202901999999999922e-05
1.203647000000000031e-05
1.204391999999999971e-05
1.205137000000000080e-05
1.205510000000000084e-05
1.205882000000000019e-05
1.206255000000000024e-05
1.206626999999999959e-05
1.206626999999999959e-05
1.207372000000000068e-05
1.207745000000000072e-05
1.207745000000000072e-05
1.208117000000000007e-05
1.208490000000000012e-05
1.209234999999999951e-05
1.209607999999999956e-05
1.209607999999999956e-05
1.210353000000000065e-05
1.210725000000000000e-05
1.211098000000000004e-05
1.211469999999999939e-05
1.212215000000000048e-05
1.212588000000000053e-05
1.212588000000000053e-05
1.212588000000000053e-05
1.212959999999999988e-05
1.212959999999999988e-05
1.212959999999999988e-05
1.212959999999999988e-05
1.213332999999999992e-05
1.213332999999999992e-05
1.213704999999999927e-05
1.214077999999999932e-05
1.214450000000000036e-05
1.214823000000000041e-05
1.215196000000000046e-05
1.215940999999999985e-05
1.216312999999999920e-05
1.217058000000000029e-05
1.217802999999999968e-05
1.218921000000000082e-05
1.219293000000000017e-05
1.220037999999999956e-05
1.221156000000000070e-05
1.222274000000000014e-05
1.223018999999999953e-05
1.224135999999999997e-05
1.225253999999999941e-05
1.225999000000000050e-05
1.227115999999999925e-05
1.227861999999999934e-05
1.228607000000000043e-05
1.229351999999999982e-05
1.230096999999999922e-05
1.230842000000000031e-05
1.231586999999999970e-05
1.231959000000000075e-05
1.232704000000000014e-05
1.233077000000000019e-05
1.234194000000000062e-05
1.234940000000000072e-05
1.235312000000000007e-05
1.236429999999999951e-05
1.237546999999999995e-05
1.238664999999999939e-05
1.239781999999999983e-05
1.241272999999999932e-05
1.242018000000000040e-05
1.243507999999999919e-05
1.244624999999999963e-05
1.246488000000000016e-05
1.247605999999999961e-05
1.249467999999999944e-05
1.250586000000000057e-05
1.252448000000000041e-05
1.253938999999999989e-05
1.255056000000000033e-05
1.256546000000000082e-05
1.257664000000000026e-05
1.259154000000000074e-05
1.260272000000000018e-05
1.261762000000000067e-05
1.262878999999999941e-05
1.263624000000000050e-05
1.265113999999999929e-05
1.266232000000000043e-05
1.267349999999999987e-05
1.268094999999999926e-05
1.269584999999999975e-05
1.270330000000000084e-05
1.271446999999999958e-05
1.272938000000000076e-05
1.273683000000000016e-05
1.275173000000000064e-05
1.276289999999999939e-05
1.277779999999999987e-05
1.279270999999999936e-05
1.280387999999999980e-05
1.282251000000000033e-05
1.283741000000000081e-05
1.285603999999999965e-05
1.287094000000000013e-05
1.288955999999999997e-05
1.291190999999999985e-05
1.292681999999999933e-05
1.294916999999999921e-05
1.296779000000000074e-05
1.298641999999999958e-05
1.300876999999999946e-05
1.303111999999999934e-05
1.304974999999999987e-05
1.307209999999999975e-05
1.309073000000000028e-05
1.310935000000000011e-05
1.313171000000000069e-05
1.314660999999999948e-05
1.316895999999999936e-05
1.318385999999999984e-05
1.320249000000000037e-05
1.321738999999999916e-05
1.323601000000000069e-05
1.325092000000000018e-05
1.326954000000000001e-05
1.329188999999999989e-05
1.331052000000000042e-05
1.333287000000000030e-05
1.335522000000000018e-05
1.337758000000000076e-05
1.339993000000000064e-05
1.342228000000000052e-05
1.344090999999999935e-05
1.345952999999999919e-05
1.348188000000000076e-05
1.350050999999999960e-05
1.351914000000000013e-05
1.354149000000000001e-05
1.356383999999999989e-05
1.358247000000000042e-05
1.360482000000000030e-05
1.362344000000000013e-05
1.364580000000000071e-05
1.367186999999999993e-05
1.369423000000000051e-05
1.371658000000000039e-05
1.374264999999999962e-05
1.376872999999999955e-05
1.379480999999999947e-05
1.382088999999999940e-05
1.384696000000000032e-05
1.387675999999999959e-05
1.390656999999999957e-05
1.393637000000000054e-05
1.396616999999999981e-05
1.399597000000000078e-05
1.402950000000000010e-05
1.405929999999999937e-05
1.408910999999999935e-05
1.412262999999999966e-05
1.415243999999999964e-05
1.418224000000000061e-05
1.421203999999999988e-05
1.424183999999999916e-05
1.426792000000000078e-05
1.429772000000000005e-05
1.432379999999999998e-05
1.435359999999999925e-05
1.437967999999999918e-05
1.440948000000000015e-05
1.443927999999999942e-05
1.446908999999999939e-05
1.449889000000000036e-05
1.452497000000000029e-05
1.455476999999999956e-05
1.458457000000000053e-05
1.461065000000000046e-05
1.464044999999999973e-05
1.466652999999999966e-05
1.469633000000000063e-05
1.472985999999999995e-05
1.475965999999999922e-05
1.478946000000000019e-05
1.481925999999999946e-05
1.485279000000000048e-05
1.488258999999999975e-05
1.491239999999999973e-05
1.494592000000000004e-05
1.497573000000000002e-05
1.500925000000000033e-05
1.503906000000000031e-05
1.507258000000000062e-05
1.510610999999999995e-05
1.513590999999999922e-05
1.516944000000000023e-05
1.520296999999999956e-05
1.523650000000000057e-05
1.527381000000000005e-05
1.531106000000000041e-05
1.534831000000000078e-05
1.538556999999999845e-05
1.542281999999999882e-05
1.546006999999999918e-05
1.550104999999999959e-05
1.554203000000000000e-05
1.558301000000000041e-05
1.562398000000000012e-05
1.566496000000000053e-05
1.570594000000000094e-05
1.573946999999999857e-05
1.578044999999999898e-05
1.582141999999999869e-05
1.586239999999999910e-05
1.589593000000000012e-05
1.593691000000000053e-05
1.597416000000000089e-05
1.601514000000000130e-05
1.605239000000000167e-05
1.609336999999999869e-05
1.613434999999999910e-05
1.617904999999999886e-05
1.622747999999999866e-05
1.627963999999999852e-05
1.633551000000000041e-05
1.639511999999999965e-05
1.646217000000000099e-05
1.652922999999999963e-05
1.660001000000000101e-05
1.668196999999999844e-05
1.676019999999999921e-05
1.684587999999999938e-05
1.693900999999999895e-05
1.703213999999999851e-05
1.712527999999999877e-05
1.722586000000000112e-05
1.732272000000000073e-05
1.742329999999999969e-05
1.752760999999999870e-05
1.763192000000000109e-05
1.773250000000000005e-05
1.783680999999999906e-05
1.794111000000000075e-05
1.804541999999999976e-05
1.814227999999999937e-05
1.824285999999999833e-05
1.833972000000000133e-05
1.843658000000000094e-05
1.853344000000000055e-05
1.862657000000000012e-05
1.871596999999999963e-05
1.880910999999999990e-05
1.889479000000000007e-05
1.898047000000000024e-05
1.906243000000000106e-05
1.914438000000000118e-05
1.922633999999999861e-05
1.930456999999999939e-05
1.937908000000000081e-05
1.945358000000000154e-05
1.952808999999999958e-05
1.959887000000000096e-05
1.966591999999999890e-05
1.973298000000000093e-05
1.980002999999999887e-05
1.986336000000000086e-05
1.991924000000000006e-05
1.997884999999999931e-05
2.003099999999999846e-05
2.007943000000000165e-05
2.012786000000000146e-05
2.016883999999999848e-05
2.020981999999999889e-05
2.025078999999999860e-05
2.028804999999999967e-05
2.032530000000000003e-05
2.035883000000000104e-05
2.039235999999999867e-05
2.042215999999999964e-05
2.045569000000000066e-05
2.048176000000000158e-05
2.050783999999999981e-05
2.053392000000000143e-05
2.055626999999999962e-05
2.058235000000000124e-05
2.060096999999999937e-05
2.061960000000000160e-05
2.064194999999999978e-05
2.065684999999999857e-05
2.067548000000000080e-05
2.068664999999999954e-05
2.070527999999999838e-05
2.071646000000000121e-05
2.072762999999999995e-05
2.073880999999999940e-05
2.074998000000000153e-05
2.076116000000000097e-05
2.077234000000000041e-05
2.078723999999999920e-05
2.079841000000000133e-05
2.081331000000000012e-05
2.083193999999999896e-05
2.085057000000000119e-05
2.087291999999999937e-05
2.089899000000000029e-05
2.092506999999999852e-05
2.095486999999999949e-05
2.098468000000000116e-05
2.101820000000000148e-05
2.105545999999999915e-05
2.108897999999999947e-05
2.112995999999999988e-05
2.117467000000000034e-05
2.121564000000000005e-05
2.126406999999999985e-05
2.131249999999999966e-05
2.136837999999999886e-05
2.142799000000000149e-05
2.149132000000000009e-05
2.155837000000000142e-05
2.162543000000000006e-05
2.170366000000000084e-05
2.178561000000000096e-05
2.186756999999999839e-05
2.195324999999999856e-05
2.204638000000000151e-05
2.214324000000000113e-05
2.224010000000000074e-05
2.234440999999999974e-05
2.245244000000000149e-05
2.256792999999999993e-05
2.267968000000000102e-05
2.280261999999999887e-05
2.292554999999999940e-05
2.305594000000000003e-05
2.319376999999999935e-05
2.333160999999999937e-05
2.347689999999999879e-05
2.362591000000000094e-05
2.378236999999999910e-05
2.394256000000000070e-05
2.410647000000000164e-05
2.427782999999999859e-05
2.444919999999999963e-05
2.462429000000000001e-05
2.479936999999999970e-05
2.498190999999999948e-05
2.516072999999999991e-05
2.533953999999999964e-05
2.552207999999999942e-05
2.570833999999999855e-05
2.589460999999999838e-05
2.608460000000000094e-05
2.627086000000000007e-05
2.646084999999999925e-05
2.665456999999999847e-05
2.684456000000000103e-05
2.703826999999999956e-05
2.722825999999999873e-05
2.741825000000000130e-05
2.760824000000000047e-05
2.779451000000000030e-05
2.798076999999999943e-05
2.816703999999999925e-05
2.834957999999999903e-05
2.853211000000000150e-05
2.871465000000000128e-05
2.888974000000000167e-05
2.906482999999999867e-05
2.923246999999999966e-05
2.939638000000000060e-05
2.955283999999999876e-05
2.970931000000000101e-05
2.985831999999999977e-05
2.999987999999999914e-05
3.013770999999999846e-05
3.027182999999999914e-05
3.039848999999999972e-05
3.052153999999999848e-05
3.063701999999999962e-05
3.074877999999999802e-05
3.085680999999999976e-05
3.096485000000000220e-05
3.106542999999999777e-05
3.116228999999999739e-05
3.125914000000000307e-05
3.135972999999999934e-05
3.145657999999999826e-05
3.155343999999999787e-05
3.165402000000000021e-05
3.175087999999999983e-05
3.185146000000000217e-05
3.195204999999999844e-05
3.206380999999999684e-05
3.217183999999999859e-05
3.229476999999999912e-05
3.241771000000000035e-05
3.254809000000000028e-05
3.268593000000000030e-05
3.283121999999999972e-05
3.298394999999999783e-05
3.314042000000000008e-05
3.330433000000000102e-05
3.347196999999999862e-05
3.364332999999999896e-05
3.382213999999999869e-05
3.400840999999999852e-05
3.419840000000000109e-05
3.439210999999999961e-05
3.459327999999999823e-05
3.480189000000000232e-05
3.501423999999999699e-05
3.523402999999999713e-05
3.545755000000000071e-05
3.568851000000000298e-05
3.592321000000000262e-05
3.616162999999999821e-05
3.641122000000000271e-05
3.666453999999999709e-05
3.692158000000000099e-05
3.718607999999999820e-05
3.745803000000000159e-05
3.772996999999999750e-05
3.800563999999999684e-05
3.828877000000000306e-05
3.857189000000000180e-05
3.886245999999999993e-05
3.915676000000000150e-05
3.945106000000000307e-05
3.974535999999999786e-05
4.004709999999999813e-05
4.034513000000000313e-05
4.064687999999999732e-05
4.094861999999999759e-05
4.125410000000000199e-05
4.155956999999999891e-05
4.186505000000000331e-05
4.217052000000000024e-05
4.247227000000000120e-05
4.278147000000000156e-05
4.307948999999999909e-05
4.337750999999999662e-05
4.367180999999999819e-05
4.396610999999999976e-05
4.425667999999999790e-05
4.454353000000000007e-05
4.482664999999999881e-05
4.510605000000000159e-05
4.538172000000000093e-05
4.565366999999999754e-05
4.591443999999999810e-05
4.617148000000000199e-05
4.642480000000000315e-05
4.667066999999999814e-05
4.690909000000000051e-05
4.714005999999999671e-05
4.736730000000000302e-05
4.758709000000000317e-05
4.779942999999999714e-05
4.800431999999999849e-05
4.820176000000000045e-05
4.839175000000000301e-05
4.857802000000000284e-05
4.874938000000000318e-05
4.891702000000000078e-05
4.907348000000000233e-05
4.922248999999999771e-05
4.936777999999999712e-05
4.950189000000000049e-05
4.963599999999999707e-05
4.977011000000000043e-05
4.989676999999999763e-05
5.002715999999999825e-05
5.015753999999999818e-05
5.028792999999999881e-05
5.041830999999999873e-05
5.054869999999999936e-05
5.067907999999999929e-05
5.080574000000000326e-05
5.092867999999999771e-05
5.105160999999999824e-05
5.117082000000000282e-05
5.127884999999999778e-05
5.137944000000000083e-05
5.147628999999999974e-05
5.156197999999999722e-05
5.164021000000000138e-05
5.171098999999999938e-05
5.177804000000000071e-05
5.183765000000000334e-05
5.189353000000000254e-05
5.194567999999999831e-05
5.199038000000000146e-05
5.203136000000000187e-05
5.207234000000000228e-05
5.210958999999999925e-05
5.214684999999999693e-05
5.218036999999999724e-05
5.221018000000000230e-05
5.223625000000000322e-05
5.225487999999999867e-05
5.227351000000000089e-05
5.228096000000000029e-05
5.229213000000000242e-05
5.229958000000000182e-05
5.230330999999999847e-05
5.231448000000000061e-05
5.231448000000000061e-05
5.232194000000000070e-05
5.232939000000000010e-05
5.234056000000000223e-05
5.234428999999999889e-05
5.235546000000000102e-05
5.235918999999999768e-05
5.236663999999999707e-05
5.237035999999999981e-05
5.237409000000000324e-05
5.237780999999999920e-05
5.237780999999999920e-05
5.237780999999999920e-05
5.237780999999999920e-05
5.237780999999999920e-05
5.237780999999999920e-05
5.238154000000000264e-05
5.238526999999999930e-05
5.238526999999999930e-05
5.238899000000000203e-05
5.239271999999999869e-05
5.239644000000000143e-05
5.239644000000000143e-05
5.240016999999999809e-05
5.240389000000000082e-05
5.240389000000000082e-05
5.240761999999999748e-05
5.240761999999999748e-05
5.241134000000000022e-05
5.241506999999999688e-05
5.241878999999999961e-05
5.242252000000000305e-05
5.242252000000000305e-05
5.242252000000000305e-05
5.241878999999999961e-05
5.241506999999999688e-05
5.241506999999999688e-05
5.241506999999999688e-05
5.241134000000000022e-05
5.241134000000000022e-05
5.240761999999999748e-05
5.240761999999999748e-05
5.240016999999999809e-05
5.239644000000000143e-05
5.238526999999999930e-05
5.237780999999999920e-05
5.237409000000000324e-05
5.236663999999999707e-05
5.235546000000000102e-05
5.234801000000000162e-05
5.234056000000000223e-05
5.232939000000000010e-05
5.231820999999999727e-05
5.231448000000000061e-05
5.230703000000000121e-05
5.230703000000000121e-05
5.231448000000000061e-05
5.231820999999999727e-05
5.232565999999999666e-05
5.233683999999999949e-05
5.234428999999999889e-05
5.235546000000000102e-05
5.236291000000000041e-05
5.237035999999999981e-05
5.237780999999999920e-05
5.237780999999999920e-05
5.238526999999999930e-05
5.238899000000000203e-05
5.239644000000000143e-05
5.240016999999999809e-05
5.240389000000000082e-05
5.240389000000000082e-05
5.240016999999999809e-05
5.239644000000000143e-05
5.238526999999999930e-05
5.237780999999999920e-05
5.237409000000000324e-05
5.236663999999999707e-05
5.236291000000000041e-05
5.236291000000000041e-05
5.236663999999999707e-05
5.237035999999999981e-05
5.237780999999999920e-05
5.237780999999999920e-05
5.238526999999999930e-05
5.238899000000000203e-05
5.239271999999999869e-05
5.239644000000000143e-05
5.240389000000000082e-05
5.240761999999999748e-05
5.241506999999999688e-05
5.242252000000000305e-05
5.243368999999999840e-05
5.244113999999999780e-05
5.244858999999999719e-05
5.245977000000000002e-05
5.246349999999999668e-05
5.247095000000000285e-05
5.247095000000000285e-05
5.247095000000000285e-05
5.247466999999999881e-05
5.247095000000000285e-05
5.247466999999999881e-05
5.247466999999999881e-05
5.247840000000000225e-05
5.248585000000000164e-05
5.249330000000000104e-05
5.250447000000000317e-05
5.250819999999999983e-05
5.251938000000000266e-05
5.252683000000000205e-05
5.252683000000000205e-05
5.252683000000000205e-05
5.252309999999999862e-05
5.251192000000000256e-05
5.250447000000000317e-05
5.248956999999999760e-05
5.247840000000000225e-05
5.247095000000000285e-05
5.246721999999999942e-05
5.246721999999999942e-05
5.246349999999999668e-05
5.246349999999999668e-05
5.246721999999999942e-05
5.246721999999999942e-05
5.247095000000000285e-05
5.247095000000000285e-05
5.247840000000000225e-05
5.248585000000000164e-05
5.248956999999999760e-05
5.248956999999999760e-05
5.249330000000000104e-05
5.249330000000000104e-05
5.249330000000000104e-05
5.249701999999999700e-05
5.249701999999999700e-05
5.249701999999999700e-05
5.249701999999999700e-05
5.250075000000000043e-05
5.250447000000000317e-05
5.250447000000000317e-05
5.250819999999999983e-05
5.251192000000000256e-05
5.251192000000000256e-05
5.251192000000000256e-05
5.251192000000000256e-05
5.250819999999999983e-05
5.250447000000000317e-05
5.250447000000000317e-05
5.250447000000000317e-05
5.250447000000000317e-05
5.250447000000000317e-05
5.250819999999999983e-05
5.251564999999999922e-05
5.252309999999999862e-05
5.253054999999999801e-05
5.253428000000000145e-05
5.254173000000000084e-05
5.254918000000000024e-05
5.255662999999999963e-05
5.256035000000000237e-05
5.256035000000000237e-05
5.255662999999999963e-05
5.255290000000000298e-05
5.254544999999999680e-05
5.253428000000000145e-05
5.252683000000000205e-05
5.251938000000000266e-05
5.251192000000000256e-05
5.250447000000000317e-05
5.250447000000000317e-05
5.250447000000000317e-05
5.250447000000000317e-05
5.250819999999999983e-05
5.251564999999999922e-05
5.252309999999999862e-05
5.253054999999999801e-05
5.253428000000000145e-05
5.253799999999999741e-05
5.254173000000000084e-05
5.254173000000000084e-05
5.254173000000000084e-05
5.253428000000000145e-05
5.253428000000000145e-05
5.252309999999999862e-05
5.251564999999999922e-05
5.250447000000000317e-05
5.249701999999999700e-05
5.248956999999999760e-05
5.247840000000000225e-05
5.247095000000000285e-05
5.247095000000000285e-05
5.246721999999999942e-05
5.246349999999999668e-05
5.246721999999999942e-05
5.247095000000000285e-05
5.247466999999999881e-05
5.248211999999999821e-05
5.249330000000000104e-05
5.250447000000000317e-05
5.251564999999999922e-05
5.252683000000000205e-05
5.253428000000000145e-05
5.254173000000000084e-05
5.254918000000000024e-05
5.255662999999999963e-05
5.256035000000000237e-05
5.256407999999999903e-05
5.256407999999999903e-05
5.256407999999999903e-05
5.256035000000000237e-05
5.255290000000000298e-05
5.254544999999999680e-05
5.253428000000000145e-05
5.252683000000000205e-05
5.251192000000000256e-05
5.249701999999999700e-05
5.247840000000000225e-05
5.245977000000000002e-05
5.244113999999999780e-05
5.242997000000000244e-05
5.241134000000000022e-05
5.240016999999999809e-05
5.238526999999999930e-05
5.237780999999999920e-05
5.236663999999999707e-05
5.235918999999999768e-05
5.234801000000000162e-05
5.234428999999999889e-05
5.234056000000000223e-05
5.233683999999999949e-05
5.233311000000000283e-05
5.233311000000000283e-05
5.232939000000000010e-05
5.233311000000000283e-05
5.233311000000000283e-05
5.233683999999999949e-05
5.234056000000000223e-05
5.234428999999999889e-05
5.235173999999999828e-05
5.236291000000000041e-05
5.237780999999999920e-05
5.239644000000000143e-05
5.241134000000000022e-05
5.243742000000000184e-05
5.245977000000000002e-05
5.248211999999999821e-05
5.250447000000000317e-05
5.252683000000000205e-05
5.253799999999999741e-05
5.254918000000000024e-05
5.255662999999999963e-05
5.256035000000000237e-05
5.255662999999999963e-05
5.255290000000000298e-05
5.254544999999999680e-05
5.254173000000000084e-05
5.253428000000000145e-05
5.253428000000000145e-05
5.253428000000000145e-05
5.253428000000000145e-05
5.253428000000000145e-05
5.253428000000000145e-05
5.253428000000000145e-05
5.253428000000000145e-05
5.253428000000000145e-05
5.253799999999999741e-05
5.253799999999999741e-05
5.254173000000000084e-05
5.254173000000000084e-05
5.254544999999999680e-05
5.255290000000000298e-05
5.255290000000000298e-05
5.255662999999999963e-05
5.256035000000000237e-05
5.256035000000000237e-05
5.256035000000000237e-05
5.255662999999999963e-05
5.255662999999999963e-05
5.255290000000000298e-05
5.254918000000000024e-05
5.254918000000000024e-05
5.254918000000000024e-05
5.255290000000000298e-05
5.256035000000000237e-05
5.256780000000000177e-05
5.257525000000000116e-05
5.259016000000000065e-05
5.259761000000000004e-05
5.260505999999999944e-05
5.260878000000000218e-05
5.261250999999999883e-05
5.260878000000000218e-05
5.259761000000000004e-05
5.258642999999999721e-05
5.256780000000000177e-05
5.255290000000000298e-05
5.253428000000000145e-05
5.251564999999999922e-05
5.250075000000000043e-05
5.248585000000000164e-05
5.247466999999999881e-05
5.247095000000000285e-05
5.247095000000000285e-05
5.247095000000000285e-05
5.247095000000000285e-05
5.247466999999999881e-05
5.248211999999999821e-05
5.249330000000000104e-05
5.250447000000000317e-05
5.251564999999999922e-05
5.253054999999999801e-05
5.254544999999999680e-05
5.256407999999999903e-05
5.257525000000000116e-05
5.259016000000000065e-05
5.260133000000000278e-05
5.261250999999999883e-05
5.262368000000000097e-05
5.263113000000000036e-05
5.263113000000000036e-05
5.263485999999999702e-05
5.263485999999999702e-05
5.263485999999999702e-05
5.263485999999999702e-05
5.263485999999999702e-05
5.263485999999999702e-05
5.263485999999999702e-05
5.263113000000000036e-05
5.263113000000000036e-05
5.262368000000000097e-05
5.261250999999999883e-05
5.259761000000000004e-05
5.258642999999999721e-05
5.256780000000000177e-05
5.255290000000000298e-05
5.253428000000000145e-05
5.251564999999999922e-05
5.250447000000000317e-05
5.248585000000000164e-05
5.247095000000000285e-05
5.246349999999999668e-05
5.245232000000000063e-05
5.244487000000000123e-05
5.244113999999999780e-05
5.244113999999999780e-05
5.244113999999999780e-05
5.244113999999999780e-05
5.244487000000000123e-05
5.244858999999999719e-05
5.245604999999999729e-05
5.246349999999999668e-05
5.247095000000000285e-05
5.248211999999999821e-05
5.249701999999999700e-05
5.250819999999999983e-05
5.252309999999999862e-05
5.253428000000000145e-05
5.253799999999999741e-05
5.254173000000000084e-05
5.254544999999999680e-05
5.254918000000000024e-05
5.255290000000000298e-05
5.255290000000000298e-05
5.255290000000000298e-05
5.255290000000000298e-05
5.255290000000000298e-05
5.255290000000000298e-05
5.255290000000000298e-05
5.255290000000000298e-05
5.254544999999999680e-05
5.254173000000000084e-05
5.253428000000000145e-05
5.253054999999999801e-05
5.251938000000000266e-05
5.251192000000000256e-05
5.250447000000000317e-05
5.250447000000000317e-05
5.250075000000000043e-05
5.250075000000000043e-05
5.250447000000000317e-05
5.250447000000000317e-05
5.251192000000000256e-05
5.251938000000000266e-05
5.253054999999999801e-05
5.253799999999999741e-05
5.254544999999999680e-05
5.255290000000000298e-05
5.256035000000000237e-05
5.256407999999999903e-05
5.256780000000000177e-05
5.257152999999999842e-05
5.257525000000000116e-05
5.257897999999999782e-05
5.258642999999999721e-05
5.259388000000000339e-05
5.259761000000000004e-05
5.259761000000000004e-05
5.260133000000000278e-05
5.260133000000000278e-05
5.260133000000000278e-05
5.259761000000000004e-05
5.259761000000000004e-05
5.259016000000000065e-05
5.258271000000000125e-05
5.257152999999999842e-05
5.256407999999999903e-05
5.255290000000000298e-05
5.254173000000000084e-05
5.253428000000000145e-05
5.253054999999999801e-05
5.252683000000000205e-05
5.252309999999999862e-05
5.252683000000000205e-05
5.253054999999999801e-05
5.253428000000000145e-05
5.254173000000000084e-05
5.255662999999999963e-05
5.256780000000000177e-05
5.257897999999999782e-05
5.259016000000000065e-05
5.259761000000000004e-05
5.260133000000000278e-05
5.260505999999999944e-05
5.261250999999999883e-05
5.261995999999999823e-05
5.262368000000000097e-05
5.263113000000000036e-05
5.263113000000000036e-05
5.263113000000000036e-05
5.263113000000000036e-05
5.262740999999999762e-05
5.261995999999999823e-05
5.260878000000000218e-05
5.259761000000000004e-05
5.258642999999999721e-05
5.257152999999999842e-05
5.256407999999999903e-05
5.255290000000000298e-05
5.254544999999999680e-05
5.253799999999999741e-05
5.253428000000000145e-05
5.253054999999999801e-05
5.252683000000000205e-05
5.251938000000000266e-05
5.251564999999999922e-05
5.250819999999999983e-05
5.250447000000000317e-05
5.249701999999999700e-05
5.248956999999999760e-05
5.248211999999999821e-05
5.247840000000000225e-05
5.247095000000000285e-05
5.247095000000000285e-05
5.246349999999999668e-05
5.245977000000000002e-05
5.245232000000000063e-05
5.244858999999999719e-05
5.244113999999999780e-05
5.243742000000000184e-05
5.243368999999999840e-05
5.242997000000000244e-05
5.242252000000000305e-05
5.241878999999999961e-05
5.241134000000000022e-05
5.240761999999999748e-05
5.240016999999999809e-05
5.239644000000000143e-05
5.238899000000000203e-05
5.238899000000000203e-05
5.239271999999999869e-05
5.239644000000000143e-05
5.240761999999999748e-05
5.241506999999999688e-05
5.242997000000000244e-05
5.244113999999999780e-05
5.245232000000000063e-05
5.245977000000000002e-05
5.246721999999999942e-05
5.246721999999999942e-05
5.246349999999999668e-05
5.245977000000000002e-05
5.244487000000000123e-05
5.243368999999999840e-05
5.241878999999999961e-05
5.240016999999999809e-05
5.238154000000000264e-05
5.236291000000000041e-05
5.234428999999999889e-05
5.232939000000000010e-05
5.231448000000000061e-05
5.230703000000000121e-05
5.229958000000000182e-05
5.229585999999999908e-05
5.229213000000000242e-05
5.229213000000000242e-05
5.229585999999999908e-05
5.230330999999999847e-05
5.230703000000000121e-05
5.231075999999999787e-05
5.231448000000000061e-05
5.231820999999999727e-05
5.232565999999999666e-05
5.232939000000000010e-05
5.234056000000000223e-05
5.234801000000000162e-05
5.235918999999999768e-05
5.237035999999999981e-05
5.238154000000000264e-05
5.239644000000000143e-05
5.240761999999999748e-05
5.241134000000000022e-05
5.242252000000000305e-05
5.242997000000000244e-05
5.243368999999999840e-05
5.243742000000000184e-05
5.244113999999999780e-05
5.244487000000000123e-05
5.244858999999999719e-05
5.245232000000000063e-05
5.245232000000000063e-05
5.245977000000000002e-05
5.246349999999999668e-05
5.247095000000000285e-05
5.247466999999999881e-05
5.247840000000000225e-05
5.248956999999999760e-05
5.249330000000000104e-05
5.249701999999999700e-05
5.249701999999999700e-05
5.249330000000000104e-05
5.248956999999999760e-05
5.248211999999999821e-05
5.247095000000000285e-05
5.246721999999999942e-05
5.245604999999999729e-05
5.244858999999999719e-05
5.244113999999999780e-05
5.244113999999999780e-05
5.243368999999999840e-05
5.243368999999999840e-05
5.243368999999999840e-05
5.242997000000000244e-05
5.242997000000000244e-05
5.243368999999999840e-05
5.243368999999999840e-05
5.243368999999999840e-05
5.243368999999999840e-05
5.243368999999999840e-05
5.243368999999999840e-05
5.242997000000000244e-05
5.242997000000000244e-05
5.242997000000000244e-05
5.242623999999999901e-05
5.242252000000000305e-05
5.241878999999999961e-05
5.241134000000000022e-05
5.240761999999999748e-05
5.239644000000000143e-05
5.238526999999999930e-05
5.237780999999999920e-05
5.237035999999999981e-05
5.236291000000000041e-05
5.235918999999999768e-05
5.235173999999999828e-05
5.235173999999999828e-05
