-4.313914999999999676e-06
-4.313914999999999676e-06
-4.313914999999999676e-06
-4.321366000000000157e-06
-4.321366000000000157e-06
-4.321366000000000157e-06
-4.321366000000000157e-06
-4.321366000000000157e-06
-4.321366000000000157e-06
-4.313914999999999676e-06
-4.313914999999999676e-06
-4.313914999999999676e-06
-4.313914999999999676e-06
-4.306465000000000281e-06
-4.306465000000000281e-06
-4.299013999999999799e-06
-4.284112999999999923e-06
-4.276662000000000288e-06
-4.269212000000000046e-06
-4.254311000000000170e-06
-4.246859999999999688e-06
-4.239409000000000054e-06
-4.231958999999999812e-06
-4.224508000000000177e-06
-4.209607000000000301e-06
-4.202157000000000059e-06
-4.187254999999999943e-06
-4.179804999999999701e-06
-4.172354000000000067e-06
-4.157453000000000190e-06
-4.142552000000000314e-06
-4.135100999999999832e-06
-4.120199999999999956e-06
-4.112749999999999714e-06
-4.097847999999999598e-06
-4.090398000000000203e-06
-4.075497000000000326e-06
-4.060595999999999603e-06
-4.060595999999999603e-06
-4.045694000000000334e-06
-4.030792999999999610e-06
-4.023343000000000215e-06
-4.008441000000000100e-06
-3.993540000000000223e-06
-3.986089999999999981e-06
-3.978639000000000347e-06
-3.963737999999999623e-06
-3.948836999999999747e-06
-3.933935999999999870e-06
-3.926485000000000236e-06
-3.911584000000000359e-06
-3.896682999999999636e-06
-3.881781999999999759e-06
-3.866879999999999643e-06
-3.859430000000000248e-06
-3.844529000000000372e-06
-3.837077999999999890e-06
-3.822177000000000014e-06
-3.807260999999999935e-06
-3.807260999999999935e-06
-3.792360000000000059e-06
-3.784909000000000001e-06
-3.770008000000000124e-06
-3.762557999999999882e-06
-3.755106999999999824e-06
-3.747657000000000006e-06
-3.740205999999999948e-06
-3.740205999999999948e-06
-3.725305000000000071e-06
-3.717854000000000013e-06
-3.702953000000000137e-06
-3.695502999999999895e-06
-3.680601000000000203e-06
-3.680601000000000203e-06
-3.665699999999999903e-06
-3.650799000000000026e-06
-3.643347999999999968e-06
-3.628447000000000092e-06
-3.613545999999999792e-06
-3.606095999999999973e-06
-3.598644999999999915e-06
-3.583744000000000039e-06
-3.568843000000000162e-06
-3.561392000000000104e-06
-3.553941000000000047e-06
-3.539040000000000170e-06
-3.531589999999999928e-06
-3.524138999999999870e-06
-3.509237999999999994e-06
-3.501786999999999936e-06
-3.494337000000000117e-06
-3.486886000000000059e-06
-3.479435999999999817e-06
-3.464534999999999941e-06
-3.457083999999999883e-06
-3.442183000000000006e-06
-3.434731999999999948e-06
-3.427282000000000130e-06
-3.419831000000000072e-06
-3.412380000000000014e-06
-3.397479000000000137e-06
-3.390028999999999895e-06
-3.375128000000000019e-06
-3.367676999999999961e-06
-3.360225999999999903e-06
-3.345325000000000027e-06
-3.337875000000000208e-06
-3.322973000000000092e-06
-3.315522999999999850e-06
-3.300621999999999974e-06
-3.300621999999999974e-06
-3.285721000000000097e-06
-3.278270000000000039e-06
-3.263369000000000163e-06
-3.255918000000000105e-06
-3.241016999999999805e-06
-3.233566999999999986e-06
-3.226115999999999928e-06
-3.218664999999999870e-06
-3.203763999999999994e-06
-3.188863000000000118e-06
-3.173961999999999818e-06
-3.166511000000000183e-06
-3.151609999999999883e-06
-3.136709000000000007e-06
-3.121808000000000130e-06
-3.106906999999999830e-06
-3.092005000000000138e-06
-3.077103999999999838e-06
-3.054753000000000143e-06
-3.047302000000000085e-06
-3.032401000000000208e-06
-3.017499999999999908e-06
-3.002599000000000032e-06
-2.987696999999999916e-06
-2.980247000000000098e-06
-2.965345999999999798e-06
-2.950444000000000105e-06
-2.935542999999999805e-06
-2.928092999999999987e-06
-2.920641999999999929e-06
-2.905741000000000052e-06
-2.898289999999999994e-06
-2.883389000000000118e-06
-2.875938999999999876e-06
-2.861037999999999999e-06
-2.853586999999999941e-06
-2.846135999999999884e-06
-2.831235000000000007e-06
-2.823785000000000189e-06
-2.808883000000000073e-06
-2.801432999999999831e-06
-2.793982000000000196e-06
-2.793982000000000196e-06
-2.793982000000000196e-06
-2.786531999999999954e-06
-2.779080999999999896e-06
-2.779080999999999896e-06
-2.771631000000000078e-06
-2.764180000000000020e-06
-2.764180000000000020e-06
-2.756728999999999962e-06
-2.749279000000000143e-06
-2.749279000000000143e-06
-2.741828000000000085e-06
-2.734377999999999843e-06
-2.726927000000000209e-06
-2.726927000000000209e-06
-2.726927000000000209e-06
-2.719476000000000151e-06
-2.712025999999999909e-06
-2.704574999999999851e-06
-2.697125000000000032e-06
-2.689673999999999974e-06
-2.682224000000000156e-06
-2.667322000000000040e-06
-2.667322000000000040e-06
-2.652421000000000164e-06
-2.644970999999999922e-06
-2.637519999999999864e-06
-2.622618999999999987e-06
-2.615167999999999929e-06
-2.600267000000000053e-06
-2.592816999999999811e-06
-2.577915000000000118e-06
-2.563013999999999818e-06
-2.540663000000000123e-06
-2.533212000000000065e-06
-2.510860000000000131e-06
-2.495958999999999831e-06
-2.481057999999999955e-06
-2.466157000000000078e-06
-2.451256000000000202e-06
-2.436354000000000086e-06
-2.428903999999999844e-06
-2.414002999999999967e-06
-2.406551999999999909e-06
-2.391651000000000033e-06
-2.384199999999999975e-06
-2.369299000000000098e-06
-2.354397999999999798e-06
-2.346947000000000164e-06
-2.332045999999999864e-06
-2.317144999999999988e-06
-2.309695000000000169e-06
-2.294793000000000053e-06
-2.287342999999999811e-06
-2.287342999999999811e-06
-2.279892000000000177e-06
-2.264990999999999877e-06
-2.257539999999999819e-06
-2.250090000000000000e-06
-2.235189000000000124e-06
-2.227738000000000066e-06
-2.220287999999999824e-06
-2.220287999999999824e-06
-2.205386000000000131e-06
-2.197935999999999889e-06
-2.190484999999999831e-06
-2.183035000000000013e-06
-2.168134000000000136e-06
-2.160683000000000079e-06
-2.153232000000000021e-06
-2.145782000000000202e-06
-2.130880999999999902e-06
-2.123429999999999844e-06
-2.108528999999999968e-06
-2.093628000000000091e-06
-2.093628000000000091e-06
-2.086177000000000033e-06
-2.071276000000000157e-06
-2.063825000000000099e-06
-2.056374999999999857e-06
-2.048923999999999799e-06
-2.041473999999999980e-06
-2.034022999999999922e-06
-2.034022999999999922e-06
-2.026571999999999864e-06
-2.019122000000000046e-06
-2.019122000000000046e-06
-2.011670999999999988e-06
-2.004221000000000169e-06
-1.989319999999999869e-06
-1.981868999999999812e-06
-1.974418000000000177e-06
-1.966967999999999935e-06
-1.966967999999999935e-06
-1.952067000000000059e-06
-1.944616000000000001e-06
-1.937166000000000182e-06
-1.929715000000000124e-06
-1.914813999999999824e-06
-1.907363000000000190e-06
-1.899904999999999939e-06
-1.885004000000000062e-06
-1.870102999999999974e-06
-1.862651999999999916e-06
-1.847751000000000040e-06
-1.840301000000000009e-06
-1.832849999999999951e-06
-1.817949000000000075e-06
-1.810498000000000017e-06
-1.795596999999999929e-06
-1.780696000000000052e-06
-1.780696000000000052e-06
-1.765794999999999964e-06
-1.750894000000000088e-06
-1.735992999999999999e-06
-1.721091000000000095e-06
-1.713641000000000065e-06
-1.706190000000000007e-06
-1.683838000000000073e-06
-1.668936999999999984e-06
-1.654035999999999896e-06
-1.646586000000000078e-06
-1.639135000000000020e-06
-1.624233999999999931e-06
-1.616783000000000085e-06
-1.609333000000000055e-06
-1.601881999999999997e-06
-1.594431999999999967e-06
-1.586980999999999909e-06
-1.579530000000000063e-06
-1.572080000000000032e-06
-1.564628999999999974e-06
-1.549728000000000098e-06
-1.542277000000000040e-06
-1.534827000000000010e-06
-1.527375999999999952e-06
-1.519925999999999921e-06
-1.505025000000000045e-06
-1.497573999999999987e-06
-1.482672999999999899e-06
-1.475222000000000053e-06
-1.467772000000000022e-06
-1.460320999999999964e-06
-1.452869999999999906e-06
-1.437969000000000030e-06
-1.430519000000000000e-06
-1.423067999999999942e-06
-1.408167000000000065e-06
-1.400716000000000007e-06
-1.393265999999999977e-06
-1.385814999999999919e-06
-1.378365000000000101e-06
-1.363464000000000012e-06
-1.356012999999999954e-06
-1.348561999999999897e-06
-1.341112000000000078e-06
-1.333661000000000020e-06
-1.333661000000000020e-06
-1.318759999999999932e-06
-1.311309000000000086e-06
-1.296407999999999997e-06
-1.288957999999999967e-06
-1.281506999999999909e-06
-1.274057000000000091e-06
-1.266606000000000033e-06
-1.251704999999999944e-06
-1.236804000000000068e-06
-1.229353000000000010e-06
-1.214451999999999922e-06
-1.207001000000000076e-06
-1.207001000000000076e-06
-1.192099999999999987e-06
-1.184649999999999957e-06
-1.169748000000000053e-06
-1.162298000000000023e-06
-1.154846999999999965e-06
-1.147396999999999935e-06
-1.139946000000000088e-06
-1.125045000000000000e-06
-1.117593999999999942e-06
-1.110143999999999912e-06
-1.102693000000000066e-06
-1.095243000000000035e-06
-1.087791999999999977e-06
-1.080340999999999920e-06
-1.080340999999999920e-06
-1.072891000000000101e-06
-1.057990000000000013e-06
-1.050538999999999955e-06
-1.035638000000000078e-06
-1.020736999999999990e-06
-1.013285999999999932e-06
-1.005835999999999902e-06
-9.909344999999999058e-07
-9.834839000000000283e-07
-9.685828000000000008e-07
-9.611321999999999116e-07
-9.536816000000000341e-07
-9.536816000000000341e-07
-9.462274000000000149e-07
-9.387768000000000316e-07
-9.313262000000000482e-07
-9.238755999999999590e-07
-9.164251000000000208e-07
-9.089745000000000374e-07
-9.015238999999999482e-07
-8.940732999999999648e-07
-8.940732999999999648e-07
-8.940732999999999648e-07
-8.866226999999999815e-07
-8.791720999999999981e-07
-8.717215999999999540e-07
-8.717215999999999540e-07
-8.642709999999999707e-07
-8.568203999999999873e-07
-8.493698000000000040e-07
-8.419192000000000206e-07
-8.344686999999999765e-07
-8.270180999999999932e-07
-8.270180999999999932e-07
-8.121169000000000265e-07
-8.046663000000000431e-07
-7.972157999999999990e-07
-7.823146000000000323e-07
-7.748640000000000489e-07
-7.674133999999999597e-07
-7.674133999999999597e-07
-7.599629000000000215e-07
-7.525123000000000381e-07
-7.450616999999999489e-07
-7.450616999999999489e-07
-7.376110999999999656e-07
-7.301604999999999822e-07
-7.227100000000000440e-07
-7.227100000000000440e-07
-7.152593999999999547e-07
-7.078087999999999714e-07
-7.003581999999999880e-07
-7.003581999999999880e-07
-7.003581999999999880e-07
-6.929076000000000047e-07
-6.854570999999999606e-07
-6.780064999999999772e-07
-6.780064999999999772e-07
-6.705558999999999939e-07
-6.631053000000000105e-07
-6.482041000000000438e-07
-6.407535999999999997e-07
-6.407535999999999997e-07
-6.333030000000000164e-07
-6.258524000000000330e-07
-6.184018000000000497e-07
-6.109511999999999604e-07
-6.035007000000000222e-07
-5.960501000000000388e-07
-5.885994999999999496e-07
-5.811488999999999663e-07
-5.736982999999999829e-07
-5.736982999999999829e-07
-5.662478000000000447e-07
-5.587971999999999554e-07
-5.438959999999999887e-07
-5.364454000000000054e-07
-5.215442999999999779e-07
-5.140936999999999946e-07
-5.140936999999999946e-07
-5.066431000000000112e-07
-4.991925000000000279e-07
-4.917419999999999838e-07
-4.842914000000000004e-07
-4.768408000000000171e-07
-4.693884000000000158e-07
-4.619377999999999795e-07
-4.544871999999999962e-07
-4.470367000000000050e-07
-4.470367000000000050e-07
-4.321354999999999853e-07
-4.246849000000000020e-07
-4.172343000000000186e-07
-4.023331999999999912e-07
-3.948826000000000078e-07
-3.874320000000000245e-07
-3.799813999999999882e-07
-3.725308000000000048e-07
-3.576296999999999774e-07
-3.501790999999999940e-07
-3.352778999999999744e-07
-3.278273999999999832e-07
-3.203767999999999999e-07
-3.129262000000000165e-07
-3.054755999999999802e-07
-2.905745000000000057e-07
-2.756732999999999860e-07
-2.682227000000000027e-07
-2.607721000000000193e-07
-2.458709999999999919e-07
-2.309688999999999898e-07
-2.160676999999999966e-07
-2.011665999999999956e-07
-1.937160000000000122e-07
-1.788147999999999926e-07
-1.713643000000000014e-07
-1.564631000000000083e-07
-1.490124999999999984e-07
-1.341113999999999974e-07
-1.341113999999999974e-07
-1.192102000000000043e-07
-1.117591999999999993e-07
-9.685800000000000612e-08
-8.195683999999999923e-08
-7.450625999999999579e-08
-6.705568000000000558e-08
-5.960510000000000213e-08
-4.470371000000000134e-08
-3.725312999999999789e-08
-2.980255000000000107e-08
-1.490126999999999894e-08
-7.450637000000000107e-09
0.000000000000000000e+00
0.000000000000000000e+00
1.490126999999999894e-08
2.235185999999999895e-08
3.725312999999999789e-08
4.470371000000000134e-08
5.215428999999999816e-08
5.960510000000000213e-08
6.705568000000000558e-08
7.450625999999999579e-08
8.195683999999999923e-08
8.940742000000000267e-08
8.940742000000000267e-08
8.940742000000000267e-08
8.940742000000000267e-08
9.685800000000000612e-08
9.685800000000000612e-08
1.043086000000000027e-07
1.117591999999999993e-07
1.192102000000000043e-07
1.266607999999999876e-07
1.341113999999999974e-07
1.490124999999999984e-07
1.564631000000000083e-07
1.713643000000000014e-07
1.788147999999999926e-07
1.862654000000000024e-07
2.011665999999999956e-07
2.086172000000000054e-07
2.235183000000000064e-07
2.309688999999999898e-07
2.384204000000000085e-07
2.533215999999999752e-07
2.533215999999999752e-07
2.682227000000000027e-07
2.756732999999999860e-07
2.905745000000000057e-07
2.980249999999999969e-07
3.129262000000000165e-07
3.129262000000000165e-07
3.203767999999999999e-07
3.278273999999999832e-07
3.352778999999999744e-07
3.427285000000000107e-07
3.501790999999999940e-07
3.576296999999999774e-07
3.650803000000000137e-07
3.725308000000000048e-07
3.799813999999999882e-07
3.874320000000000245e-07
3.948826000000000078e-07
4.023331999999999912e-07
4.023331999999999912e-07
4.097837999999999745e-07
4.097837999999999745e-07
4.172343000000000186e-07
4.172343000000000186e-07
4.172343000000000186e-07
4.172343000000000186e-07
4.172343000000000186e-07
4.172343000000000186e-07
4.172343000000000186e-07
4.246849000000000020e-07
4.246849000000000020e-07
4.246849000000000020e-07
4.246849000000000020e-07
4.246849000000000020e-07
4.246849000000000020e-07
4.246849000000000020e-07
4.321354999999999853e-07
4.321354999999999853e-07
4.395861000000000216e-07
4.395861000000000216e-07
4.395861000000000216e-07
4.470367000000000050e-07
4.470367000000000050e-07
4.544871999999999962e-07
4.544871999999999962e-07
4.619377999999999795e-07
4.693884000000000158e-07
4.693884000000000158e-07
4.768408000000000171e-07
4.842914000000000004e-07
4.842914000000000004e-07
4.917419999999999838e-07
4.991925000000000279e-07
5.066431000000000112e-07
5.066431000000000112e-07
5.140936999999999946e-07
5.215442999999999779e-07
5.289948999999999613e-07
5.364454000000000054e-07
5.364454000000000054e-07
5.438959999999999887e-07
5.513465999999999721e-07
5.587971999999999554e-07
5.587971999999999554e-07
5.662478000000000447e-07
5.662478000000000447e-07
5.662478000000000447e-07
5.662478000000000447e-07
5.662478000000000447e-07
5.662478000000000447e-07
5.587971999999999554e-07
5.587971999999999554e-07
5.587971999999999554e-07
5.513465999999999721e-07
5.513465999999999721e-07
5.513465999999999721e-07
5.438959999999999887e-07
5.438959999999999887e-07
5.438959999999999887e-07
5.438959999999999887e-07
5.438959999999999887e-07
5.438959999999999887e-07
5.438959999999999887e-07
5.438959999999999887e-07
5.513465999999999721e-07
5.513465999999999721e-07
5.513465999999999721e-07
5.587971999999999554e-07
5.587971999999999554e-07
5.587971999999999554e-07
5.662478000000000447e-07
5.662478000000000447e-07
5.662478000000000447e-07
5.736982999999999829e-07
5.736982999999999829e-07
5.811488999999999663e-07
5.811488999999999663e-07
5.885994999999999496e-07
5.960501000000000388e-07
5.960501000000000388e-07
5.960501000000000388e-07
6.035007000000000222e-07
6.035007000000000222e-07
6.035007000000000222e-07
6.035007000000000222e-07
6.035007000000000222e-07
6.035007000000000222e-07
6.035007000000000222e-07
6.035007000000000222e-07
5.960501000000000388e-07
5.960501000000000388e-07
5.960501000000000388e-07
5.960501000000000388e-07
5.960501000000000388e-07
5.960501000000000388e-07
6.035007000000000222e-07
6.035007000000000222e-07
6.035007000000000222e-07
6.035007000000000222e-07
6.035007000000000222e-07
6.035007000000000222e-07
6.035007000000000222e-07
6.035007000000000222e-07
6.035007000000000222e-07
6.035007000000000222e-07
6.035007000000000222e-07
6.035007000000000222e-07
6.035007000000000222e-07
6.035007000000000222e-07
5.960501000000000388e-07
5.960501000000000388e-07
5.960501000000000388e-07
5.960501000000000388e-07
5.960501000000000388e-07
5.885994999999999496e-07
5.885994999999999496e-07
5.885994999999999496e-07
5.885994999999999496e-07
5.811488999999999663e-07
5.811488999999999663e-07
5.811488999999999663e-07
5.736982999999999829e-07
5.736982999999999829e-07
5.736982999999999829e-07
5.662478000000000447e-07
5.662478000000000447e-07
5.662478000000000447e-07
5.662478000000000447e-07
5.662478000000000447e-07
5.662478000000000447e-07
5.662478000000000447e-07
5.587971999999999554e-07
5.587971999999999554e-07
5.587971999999999554e-07
5.513465999999999721e-07
5.513465999999999721e-07
5.438959999999999887e-07
5.364454000000000054e-07
5.364454000000000054e-07
5.289948999999999613e-07
5.289948999999999613e-07
5.215442999999999779e-07
5.215442999999999779e-07
5.215442999999999779e-07
5.140936999999999946e-07
5.140936999999999946e-07
5.140936999999999946e-07
5.140936999999999946e-07
5.066431000000000112e-07
5.066431000000000112e-07
5.066431000000000112e-07
5.066431000000000112e-07
5.066431000000000112e-07
5.066431000000000112e-07
4.991925000000000279e-07
4.991925000000000279e-07
4.917419999999999838e-07
4.917419999999999838e-07
4.842914000000000004e-07
4.842914000000000004e-07
4.768408000000000171e-07
4.693884000000000158e-07
4.693884000000000158e-07
4.619377999999999795e-07
4.619377999999999795e-07
4.544871999999999962e-07
4.544871999999999962e-07
4.470367000000000050e-07
4.470367000000000050e-07
4.395861000000000216e-07
4.395861000000000216e-07
4.395861000000000216e-07
4.321354999999999853e-07
4.246849000000000020e-07
4.246849000000000020e-07
4.172343000000000186e-07
4.172343000000000186e-07
4.172343000000000186e-07
4.097837999999999745e-07
4.097837999999999745e-07
4.097837999999999745e-07
4.023331999999999912e-07
4.023331999999999912e-07
3.948826000000000078e-07
3.948826000000000078e-07
3.874320000000000245e-07
3.799813999999999882e-07
3.799813999999999882e-07
3.799813999999999882e-07
3.725308000000000048e-07
3.725308000000000048e-07
3.650803000000000137e-07
3.650803000000000137e-07
3.576296999999999774e-07
3.501790999999999940e-07
3.501790999999999940e-07
3.427285000000000107e-07
3.352778999999999744e-07
3.278273999999999832e-07
3.278273999999999832e-07
3.203767999999999999e-07
3.129262000000000165e-07
3.129262000000000165e-07
3.129262000000000165e-07
3.129262000000000165e-07
3.054755999999999802e-07
3.054755999999999802e-07
2.980249999999999969e-07
2.980249999999999969e-07
2.905745000000000057e-07
2.831239000000000223e-07
2.831239000000000223e-07
2.756732999999999860e-07
2.756732999999999860e-07
2.682227000000000027e-07
2.682227000000000027e-07
2.607721000000000193e-07
2.607721000000000193e-07
2.533215999999999752e-07
2.533215999999999752e-07
2.533215999999999752e-07
2.533215999999999752e-07
2.533215999999999752e-07
2.458709999999999919e-07
2.384204000000000085e-07
2.309688999999999898e-07
2.309688999999999898e-07
2.235183000000000064e-07
2.160676999999999966e-07
2.086172000000000054e-07
2.011665999999999956e-07
2.011665999999999956e-07
1.862654000000000024e-07
1.862654000000000024e-07
1.862654000000000024e-07
1.788147999999999926e-07
1.639136999999999916e-07
1.639136999999999916e-07
1.564631000000000083e-07
1.490124999999999984e-07
1.415618999999999886e-07
1.341113999999999974e-07
1.266607999999999876e-07
1.266607999999999876e-07
1.266607999999999876e-07
1.192102000000000043e-07
1.117591999999999993e-07
1.043086000000000027e-07
9.685800000000000612e-08
8.940742000000000267e-08
8.940742000000000267e-08
8.195683999999999923e-08
7.450625999999999579e-08
7.450625999999999579e-08
6.705568000000000558e-08
5.960510000000000213e-08
5.960510000000000213e-08
5.960510000000000213e-08
5.215428999999999816e-08
4.470371000000000134e-08
3.725312999999999789e-08
2.980255000000000107e-08
2.235185999999999895e-08
1.490126999999999894e-08
7.450637000000000107e-09
0.000000000000000000e+00
0.000000000000000000e+00
-7.450637000000000107e-09
-2.235185999999999895e-08
-2.980255000000000107e-08
-4.470371000000000134e-08
-5.215428999999999816e-08
-5.960510000000000213e-08
-6.705568000000000558e-08
-7.450625999999999579e-08
-8.940742000000000267e-08
-9.685800000000000612e-08
-1.043086000000000027e-07
-1.117591999999999993e-07
-1.192102000000000043e-07
-1.266607999999999876e-07
-1.341113999999999974e-07
-1.341113999999999974e-07
-1.415618999999999886e-07
-1.490124999999999984e-07
-1.564631000000000083e-07
-1.639136999999999916e-07
-1.639136999999999916e-07
-1.713643000000000014e-07
-1.788147999999999926e-07
-1.862654000000000024e-07
-1.862654000000000024e-07
-1.937160000000000122e-07
-1.937160000000000122e-07
-2.011665999999999956e-07
-2.086172000000000054e-07
-2.086172000000000054e-07
-2.160676999999999966e-07
-2.309688999999999898e-07
-2.384204000000000085e-07
-2.458709999999999919e-07
-2.607721000000000193e-07
-2.607721000000000193e-07
-2.756732999999999860e-07
-2.831239000000000223e-07
-2.980249999999999969e-07
-3.129262000000000165e-07
-3.203767999999999999e-07
-3.278273999999999832e-07
-3.352778999999999744e-07
-3.501790999999999940e-07
-3.576296999999999774e-07
-3.725308000000000048e-07
-3.874320000000000245e-07
-3.874320000000000245e-07
-4.023331999999999912e-07
-4.172343000000000186e-07
-4.246849000000000020e-07
-4.395861000000000216e-07
-4.470367000000000050e-07
-4.544871999999999962e-07
-4.619377999999999795e-07
-4.768408000000000171e-07
-4.842914000000000004e-07
-4.917419999999999838e-07
-5.066431000000000112e-07
-5.140936999999999946e-07
-5.215442999999999779e-07
-5.364454000000000054e-07
-5.438959999999999887e-07
-5.587971999999999554e-07
-5.662478000000000447e-07
-5.736982999999999829e-07
-5.885994999999999496e-07
-5.960501000000000388e-07
-6.109511999999999604e-07
-6.184018000000000497e-07
-6.333030000000000164e-07
-6.407535999999999997e-07
-6.482041000000000438e-07
-6.556547000000000272e-07
-6.631053000000000105e-07
-6.705558999999999939e-07
-6.780064999999999772e-07
-6.929076000000000047e-07
-7.003581999999999880e-07
-7.003581999999999880e-07
-7.152593999999999547e-07
-7.227100000000000440e-07
-7.301604999999999822e-07
-7.376110999999999656e-07
-7.450616999999999489e-07
-7.525123000000000381e-07
-7.599629000000000215e-07
-7.674133999999999597e-07
-7.674133999999999597e-07
-7.823146000000000323e-07
-7.897652000000000156e-07
-7.972157999999999990e-07
-8.046663000000000431e-07
-8.121169000000000265e-07
-8.195675000000000098e-07
-8.270180999999999932e-07
-8.270180999999999932e-07
-8.344686999999999765e-07
-8.419192000000000206e-07
-8.493698000000000040e-07
-8.568203999999999873e-07
-8.642709999999999707e-07
-8.642709999999999707e-07
-8.717215999999999540e-07
-8.791720999999999981e-07
-8.866226999999999815e-07
-8.866226999999999815e-07
-8.940732999999999648e-07
-8.940732999999999648e-07
-9.015238999999999482e-07
-9.164251000000000208e-07
-9.238755999999999590e-07
-9.313262000000000482e-07
-9.387768000000000316e-07
-9.462274000000000149e-07
-9.536816000000000341e-07
-9.536816000000000341e-07
-9.611321999999999116e-07
-9.685828000000000008e-07
-9.760332999999999391e-07
-9.760332999999999391e-07
-9.834839000000000283e-07
-9.909344999999999058e-07
-9.909344999999999058e-07
-9.983850999999999950e-07
-1.005835999999999902e-06
-1.013285999999999932e-06
-1.020736999999999990e-06
-1.020736999999999990e-06
-1.028187000000000020e-06
-1.035638000000000078e-06
-1.043088999999999925e-06
-1.050538999999999955e-06
-1.057990000000000013e-06
-1.065440000000000043e-06
-1.072891000000000101e-06
-1.080340999999999920e-06
-1.080340999999999920e-06
-1.087791999999999977e-06
-1.095243000000000035e-06
-1.102693000000000066e-06
-1.110143999999999912e-06
-1.117593999999999942e-06
-1.125045000000000000e-06
-1.125045000000000000e-06
-1.132496000000000058e-06
-1.139946000000000088e-06
-1.147396999999999935e-06
-1.147396999999999935e-06
-1.147396999999999935e-06
-1.147396999999999935e-06
-1.154846999999999965e-06
-1.154846999999999965e-06
-1.162298000000000023e-06
-1.162298000000000023e-06
-1.169748000000000053e-06
-1.169748000000000053e-06
-1.177198999999999899e-06
-1.184649999999999957e-06
-1.184649999999999957e-06
-1.192099999999999987e-06
-1.199551000000000045e-06
-1.207001000000000076e-06
-1.207001000000000076e-06
-1.207001000000000076e-06
-1.214451999999999922e-06
-1.214451999999999922e-06
-1.221901999999999952e-06
-1.221901999999999952e-06
-1.229353000000000010e-06
-1.236804000000000068e-06
-1.236804000000000068e-06
-1.244254000000000098e-06
-1.244254000000000098e-06
-1.251704999999999944e-06
-1.251704999999999944e-06
-1.251704999999999944e-06
-1.259154999999999975e-06
-1.259154999999999975e-06
-1.266606000000000033e-06
-1.266606000000000033e-06
-1.266606000000000033e-06
-1.274057000000000091e-06
-1.274057000000000091e-06
-1.274057000000000091e-06
-1.274057000000000091e-06
-1.281506999999999909e-06
-1.281506999999999909e-06
-1.288957999999999967e-06
-1.288957999999999967e-06
-1.296407999999999997e-06
-1.303859000000000055e-06
-1.311309000000000086e-06
-1.311309000000000086e-06
-1.318759999999999932e-06
-1.326210999999999990e-06
-1.333661000000000020e-06
-1.333661000000000020e-06
-1.333661000000000020e-06
-1.341112000000000078e-06
-1.341112000000000078e-06
-1.348561999999999897e-06
-1.356012999999999954e-06
-1.363464000000000012e-06
-1.363464000000000012e-06
-1.370914000000000043e-06
-1.378365000000000101e-06
-1.378365000000000101e-06
-1.385814999999999919e-06
-1.385814999999999919e-06
-1.393265999999999977e-06
-1.393265999999999977e-06
-1.400716000000000007e-06
-1.400716000000000007e-06
-1.400716000000000007e-06
-1.408167000000000065e-06
-1.415617999999999911e-06
-1.423067999999999942e-06
-1.423067999999999942e-06
-1.430519000000000000e-06
-1.437969000000000030e-06
-1.445420000000000088e-06
-1.445420000000000088e-06
-1.452869999999999906e-06
-1.460320999999999964e-06
-1.460320999999999964e-06
-1.467772000000000022e-06
-1.475222000000000053e-06
-1.475222000000000053e-06
-1.482672999999999899e-06
-1.497573999999999987e-06
-1.505025000000000045e-06
-1.512475000000000075e-06
-1.519925999999999921e-06
-1.527375999999999952e-06
-1.527375999999999952e-06
-1.534827000000000010e-06
-1.542277000000000040e-06
-1.549728000000000098e-06
-1.557178999999999944e-06
-1.572080000000000032e-06
-1.579530000000000063e-06
-1.586980999999999909e-06
-1.594431999999999967e-06
-1.601881999999999997e-06
-1.616783000000000085e-06
-1.624233999999999931e-06
-1.639135000000000020e-06
-1.646586000000000078e-06
-1.654035999999999896e-06
-1.668936999999999984e-06
-1.676388000000000042e-06
-1.691288999999999919e-06
-1.706190000000000007e-06
-1.713641000000000065e-06
-1.721091000000000095e-06
-1.735992999999999999e-06
-1.750894000000000088e-06
-1.758343999999999906e-06
-1.773244999999999994e-06
-1.780696000000000052e-06
-1.780696000000000052e-06
-1.795596999999999929e-06
-1.803047999999999987e-06
-1.817949000000000075e-06
-1.825399999999999921e-06
-1.840301000000000009e-06
-1.840301000000000009e-06
-1.847751000000000040e-06
-1.855202000000000097e-06
-1.862651999999999916e-06
-1.870102999999999974e-06
-1.877554000000000032e-06
-1.885004000000000062e-06
-1.892454999999999908e-06
-1.899904999999999939e-06
-1.899904999999999939e-06
-1.907363000000000190e-06
-1.907363000000000190e-06
-1.914813999999999824e-06
-1.922264000000000066e-06
-1.929715000000000124e-06
-1.937166000000000182e-06
-1.944616000000000001e-06
-1.952067000000000059e-06
-1.959516999999999877e-06
-1.966967999999999935e-06
-1.966967999999999935e-06
-1.974418000000000177e-06
-1.989319999999999869e-06
-1.996770000000000112e-06
-2.004221000000000169e-06
-2.019122000000000046e-06
-2.026571999999999864e-06
-2.034022999999999922e-06
-2.041473999999999980e-06
-2.048923999999999799e-06
-2.063825000000000099e-06
-2.071276000000000157e-06
-2.086177000000000033e-06
-2.093628000000000091e-06
-2.093628000000000091e-06
-2.101077999999999910e-06
-2.108528999999999968e-06
-2.115979000000000210e-06
-2.123429999999999844e-06
-2.130880999999999902e-06
-2.138331000000000144e-06
-2.138331000000000144e-06
-2.153232000000000021e-06
-2.160683000000000079e-06
-2.160683000000000079e-06
-2.168134000000000136e-06
-2.175583999999999955e-06
-2.183035000000000013e-06
-2.190484999999999831e-06
-2.197935999999999889e-06
-2.205386000000000131e-06
-2.220287999999999824e-06
-2.220287999999999824e-06
-2.227738000000000066e-06
-2.235189000000000124e-06
-2.242638999999999942e-06
-2.250090000000000000e-06
-2.264990999999999877e-06
-2.272441999999999935e-06
-2.279892000000000177e-06
-2.287342999999999811e-06
-2.287342999999999811e-06
-2.302244000000000111e-06
-2.309695000000000169e-06
-2.317144999999999988e-06
-2.324596000000000045e-06
-2.339496999999999922e-06
-2.346947000000000164e-06
-2.346947000000000164e-06
-2.354397999999999798e-06
-2.361848999999999856e-06
-2.369299000000000098e-06
-2.376750000000000156e-06
-2.384199999999999975e-06
-2.391651000000000033e-06
-2.399102000000000091e-06
-2.406551999999999909e-06
-2.414002999999999967e-06
-2.414002999999999967e-06
-2.414002999999999967e-06
-2.421453000000000209e-06
-2.428903999999999844e-06
-2.428903999999999844e-06
-2.436354000000000086e-06
-2.443805000000000144e-06
-2.451256000000000202e-06
-2.451256000000000202e-06
-2.458706000000000020e-06
-2.466157000000000078e-06
-2.466157000000000078e-06
-2.473606999999999897e-06
-2.473606999999999897e-06
-2.473606999999999897e-06
-2.481057999999999955e-06
-2.488508000000000197e-06
-2.495958999999999831e-06
-2.503409999999999889e-06
-2.510860000000000131e-06
-2.525761000000000007e-06
-2.533212000000000065e-06
-2.540663000000000123e-06
-2.548112999999999942e-06
-2.555564000000000000e-06
-2.570464999999999876e-06
-2.585366000000000176e-06
-2.600267000000000053e-06
-2.607718000000000111e-06
-2.622618999999999987e-06
-2.637519999999999864e-06
-2.652421000000000164e-06
-2.667322000000000040e-06
-2.674773000000000098e-06
-2.689673999999999974e-06
-2.697125000000000032e-06
-2.712025999999999909e-06
-2.726927000000000209e-06
-2.726927000000000209e-06
-2.741828000000000085e-06
-2.749279000000000143e-06
-2.764180000000000020e-06
-2.771631000000000078e-06
-2.779080999999999896e-06
-2.786531999999999954e-06
-2.793982000000000196e-06
-2.793982000000000196e-06
-2.801432999999999831e-06
-2.808883000000000073e-06
-2.808883000000000073e-06
-2.816334000000000131e-06
-2.823785000000000189e-06
-2.831235000000000007e-06
-2.838686000000000065e-06
-2.853586999999999941e-06
-2.853586999999999941e-06
-2.861037999999999999e-06
-2.868487999999999818e-06
-2.875938999999999876e-06
-2.883389000000000118e-06
-2.890840000000000176e-06
-2.898289999999999994e-06
-2.898289999999999994e-06
-2.898289999999999994e-06
-2.898289999999999994e-06
-2.905741000000000052e-06
-2.905741000000000052e-06
-2.905741000000000052e-06
-2.905741000000000052e-06
-2.913192000000000110e-06
-2.920641999999999929e-06
-2.920641999999999929e-06
-2.928092999999999987e-06
-2.935542999999999805e-06
-2.950444000000000105e-06
-2.957895000000000163e-06
-2.965345999999999798e-06
-2.972796000000000040e-06
-2.980247000000000098e-06
-2.980247000000000098e-06
-2.987696999999999916e-06
-2.995147999999999974e-06
-2.995147999999999974e-06
-3.002599000000000032e-06
-3.010048999999999851e-06
-3.017499999999999908e-06
-3.024950000000000151e-06
-3.032401000000000208e-06
-3.039851000000000027e-06
-3.047302000000000085e-06
-3.047302000000000085e-06
-3.047302000000000085e-06
-3.062202999999999961e-06
-3.069654000000000019e-06
-3.069654000000000019e-06
-3.077103999999999838e-06
-3.084554999999999896e-06
-3.092005000000000138e-06
-3.099456000000000196e-06
-3.099456000000000196e-06
-3.106906999999999830e-06
-3.106906999999999830e-06
-3.106906999999999830e-06
-3.106906999999999830e-06
-3.114357000000000072e-06
-3.114357000000000072e-06
-3.114357000000000072e-06
-3.114357000000000072e-06
-3.121808000000000130e-06
-3.121808000000000130e-06
-3.121808000000000130e-06
-3.121808000000000130e-06
-3.121808000000000130e-06
-3.129257999999999949e-06
-3.129257999999999949e-06
-3.129257999999999949e-06
-3.136709000000000007e-06
-3.144160000000000065e-06
-3.144160000000000065e-06
-3.151609999999999883e-06
-3.159060999999999941e-06
-3.166511000000000183e-06
-3.173961999999999818e-06
-3.173961999999999818e-06
-3.181412000000000060e-06
-3.188863000000000118e-06
-3.196314000000000175e-06
-3.203763999999999994e-06
-3.211215000000000052e-06
-3.218664999999999870e-06
-3.226115999999999928e-06
-3.233566999999999986e-06
-3.233566999999999986e-06
-3.248467999999999863e-06
-3.255918000000000105e-06
-3.263369000000000163e-06
-3.278270000000000039e-06
-3.285721000000000097e-06
-3.285721000000000097e-06
-3.293170999999999916e-06
-3.300621999999999974e-06
-3.300621999999999974e-06
-3.300621999999999974e-06
-3.308071999999999792e-06
-3.308071999999999792e-06
-3.315522999999999850e-06
-3.315522999999999850e-06
-3.315522999999999850e-06
-3.322973000000000092e-06
-3.322973000000000092e-06
-3.330424000000000150e-06
-3.330424000000000150e-06
-3.337875000000000208e-06
-3.345325000000000027e-06
-3.345325000000000027e-06
-3.352776000000000084e-06
-3.352776000000000084e-06
-3.360225999999999903e-06
-3.360225999999999903e-06
-3.360225999999999903e-06
-3.360225999999999903e-06
-3.367676999999999961e-06
-3.367676999999999961e-06
-3.367676999999999961e-06
-3.375128000000000019e-06
-3.375128000000000019e-06
-3.382577999999999837e-06
-3.382577999999999837e-06
-3.390028999999999895e-06
-3.397479000000000137e-06
-3.397479000000000137e-06
-3.404930000000000195e-06
-3.412380000000000014e-06
-3.419831000000000072e-06
-3.427282000000000130e-06
-3.427282000000000130e-06
-3.434731999999999948e-06
-3.442183000000000006e-06
-3.449632999999999825e-06
-3.457083999999999883e-06
-3.457083999999999883e-06
-3.464534999999999941e-06
-3.464534999999999941e-06
-3.471985000000000183e-06
-3.479435999999999817e-06
-3.479435999999999817e-06
-3.486886000000000059e-06
-3.486886000000000059e-06
-3.494337000000000117e-06
-3.501786999999999936e-06
-3.509237999999999994e-06
-3.509237999999999994e-06
-3.516689000000000051e-06
-3.531589999999999928e-06
-3.539040000000000170e-06
-3.546490999999999804e-06
-3.553941000000000047e-06
-3.561392000000000104e-06
-3.568843000000000162e-06
-3.576292999999999981e-06
-3.591193999999999857e-06
-3.606095999999999973e-06
-3.613545999999999792e-06
-3.620996999999999850e-06
-3.628447000000000092e-06
-3.643347999999999968e-06
-3.658250000000000084e-06
-3.673150999999999961e-06
-3.680601000000000203e-06
-3.688051999999999837e-06
-3.702953000000000137e-06
-3.717854000000000013e-06
-3.732754999999999890e-06
-3.740205999999999948e-06
-3.762557999999999882e-06
-3.777459000000000182e-06
-3.799811000000000117e-06
-3.807260999999999935e-06
-3.829627999999999648e-06
-3.851978999999999767e-06
-3.866879999999999643e-06
-3.889232000000000001e-06
-3.911584000000000359e-06
-3.933935999999999870e-06
-3.956286999999999989e-06
-3.986089999999999981e-06
-4.008441000000000100e-06
-4.038244000000000092e-06
-4.060595999999999603e-06
-4.090398000000000203e-06
-4.120199999999999956e-06
-4.150001999999999709e-06
-4.179804999999999701e-06
-4.209607000000000301e-06
-4.239409000000000054e-06
-4.261761000000000412e-06
-4.299013999999999799e-06
-4.328816000000000399e-06
-4.366068999999999786e-06
-4.388421000000000144e-06
-4.425674000000000379e-06
-4.455476000000000132e-06
-4.492729000000000366e-06
-4.529981999999999753e-06
-4.567234999999999988e-06
-4.597036999999999741e-06
-4.626839999999999733e-06
-4.671543000000000210e-06
-4.708795999999999597e-06
-4.746048999999999831e-06
-4.783302000000000066e-06
-4.820555000000000300e-06
-4.872709000000000411e-06
-4.909961999999999798e-06
-4.954665000000000275e-06
-4.999369000000000143e-06
-5.036622000000000378e-06
-5.081325000000000007e-06
-5.126028999999999876e-06
-5.163280999999999871e-06
-5.200534000000000106e-06
-5.245237999999999974e-06
-5.282491000000000209e-06
-5.327193999999999838e-06
-5.364447000000000072e-06
-5.401700000000000307e-06
-5.446404000000000176e-06
-5.483656000000000171e-06
-5.520909000000000405e-06
-5.565613000000000274e-06
-5.610315999999999903e-06
-5.640118999999999896e-06
-5.684822000000000372e-06
-5.729526000000000241e-06
-5.766778000000000236e-06
-5.804030999999999623e-06
-5.841283999999999858e-06
-5.885987999999999726e-06
-5.915790000000000326e-06
-5.953042999999999714e-06
-5.975395000000000072e-06
-6.005196999999999825e-06
-6.027549000000000183e-06
-6.049900999999999693e-06
-6.072251999999999812e-06
-6.087152999999999688e-06
-6.102054999999999804e-06
-6.124405999999999923e-06
-6.139308000000000039e-06
-6.146758000000000281e-06
-6.146758000000000281e-06
-6.154208999999999915e-06
-6.161659000000000157e-06
-6.161659000000000157e-06
-6.169109999999999792e-06
-6.169109999999999792e-06
-6.176560000000000034e-06
-6.184010999999999668e-06
-6.184010999999999668e-06
-6.191462000000000149e-06
-6.191462000000000149e-06
-6.198912000000000392e-06
-6.198912000000000392e-06
-6.198912000000000392e-06
-6.191462000000000149e-06
-6.191462000000000149e-06
-6.191462000000000149e-06
-6.191462000000000149e-06
-6.191462000000000149e-06
-6.191462000000000149e-06
-6.191462000000000149e-06
-6.191462000000000149e-06
-6.198912000000000392e-06
-6.198912000000000392e-06
-6.206363000000000026e-06
-6.206363000000000026e-06
-6.206363000000000026e-06
-6.206363000000000026e-06
-6.206363000000000026e-06
-6.206363000000000026e-06
-6.206363000000000026e-06
-6.206363000000000026e-06
-6.206363000000000026e-06
-6.198912000000000392e-06
-6.198912000000000392e-06
-6.191462000000000149e-06
-6.191462000000000149e-06
-6.184010999999999668e-06
-6.184010999999999668e-06
-6.176560000000000034e-06
-6.176560000000000034e-06
-6.169109999999999792e-06
-6.169109999999999792e-06
-6.169109999999999792e-06
-6.169109999999999792e-06
-6.169109999999999792e-06
-6.169109999999999792e-06
-6.169109999999999792e-06
-6.169109999999999792e-06
-6.169109999999999792e-06
-6.169109999999999792e-06
-6.169109999999999792e-06
-6.169109999999999792e-06
-6.169109999999999792e-06
-6.169109999999999792e-06
-6.176560000000000034e-06
-6.176560000000000034e-06
-6.169109999999999792e-06
-6.169109999999999792e-06
-6.161659000000000157e-06
-6.161659000000000157e-06
-6.154208999999999915e-06
-6.146758000000000281e-06
-6.146758000000000281e-06
-6.146758000000000281e-06
-6.146758000000000281e-06
-6.146758000000000281e-06
-6.139308000000000039e-06
-6.139308000000000039e-06
-6.139308000000000039e-06
-6.146758000000000281e-06
-6.146758000000000281e-06
-6.146758000000000281e-06
-6.146758000000000281e-06
-6.154208999999999915e-06
-6.161659000000000157e-06
-6.161659000000000157e-06
-6.169109999999999792e-06
-6.176560000000000034e-06
-6.176560000000000034e-06
-6.176560000000000034e-06
-6.184010999999999668e-06
-6.184010999999999668e-06
-6.184010999999999668e-06
-6.176560000000000034e-06
-6.176560000000000034e-06
-6.176560000000000034e-06
-6.169109999999999792e-06
-6.169109999999999792e-06
-6.161659000000000157e-06
-6.161659000000000157e-06
-6.154208999999999915e-06
-6.154208999999999915e-06
-6.154208999999999915e-06
-6.154208999999999915e-06
-6.154208999999999915e-06
-6.154208999999999915e-06
-6.154208999999999915e-06
-6.154208999999999915e-06
-6.154208999999999915e-06
-6.154208999999999915e-06
-6.146758000000000281e-06
-6.146758000000000281e-06
-6.146758000000000281e-06
-6.139308000000000039e-06
-6.131857000000000404e-06
-6.124405999999999923e-06
-6.116955999999999681e-06
-6.109505000000000046e-06
-6.109505000000000046e-06
-6.102054999999999804e-06
-6.102054999999999804e-06
-6.102054999999999804e-06
-6.094604000000000170e-06
-6.094604000000000170e-06
-6.094604000000000170e-06
-6.094604000000000170e-06
-6.094604000000000170e-06
-6.087152999999999688e-06
-6.087152999999999688e-06
-6.087152999999999688e-06
-6.087152999999999688e-06
-6.079703000000000293e-06
-6.072251999999999812e-06
-6.064802000000000417e-06
-6.057350999999999935e-06
-6.049900999999999693e-06
-6.049900999999999693e-06
-6.042450000000000059e-06
-6.042450000000000059e-06
-6.042450000000000059e-06
-6.042450000000000059e-06
-6.042450000000000059e-06
-6.034998999999999578e-06
-6.034998999999999578e-06
-6.034998999999999578e-06
-6.034998999999999578e-06
-6.027549000000000183e-06
-6.027549000000000183e-06
-6.027549000000000183e-06
-6.027549000000000183e-06
-6.027549000000000183e-06
-6.027549000000000183e-06
-6.027549000000000183e-06
-6.034998999999999578e-06
-6.034998999999999578e-06
-6.042450000000000059e-06
-6.049900999999999693e-06
-6.049900999999999693e-06
-6.049900999999999693e-06
-6.057350999999999935e-06
-6.057350999999999935e-06
-6.057350999999999935e-06
-6.057350999999999935e-06
-6.057350999999999935e-06
-6.057350999999999935e-06
-6.064802000000000417e-06
-6.064802000000000417e-06
-6.064802000000000417e-06
-6.072251999999999812e-06
-6.079703000000000293e-06
-6.079703000000000293e-06
-6.087152999999999688e-06
-6.087152999999999688e-06
-6.087152999999999688e-06
-6.087152999999999688e-06
-6.087152999999999688e-06
-6.087152999999999688e-06
-6.087152999999999688e-06
-6.087152999999999688e-06
-6.087152999999999688e-06
-6.087152999999999688e-06
-6.079703000000000293e-06
-6.079703000000000293e-06
-6.079703000000000293e-06
-6.072251999999999812e-06
-6.072251999999999812e-06
-6.079703000000000293e-06
-6.079703000000000293e-06
-6.087152999999999688e-06
-6.087152999999999688e-06
-6.087152999999999688e-06
-6.094604000000000170e-06
-6.094604000000000170e-06
-6.094604000000000170e-06
-6.094604000000000170e-06
-6.094604000000000170e-06
-6.094604000000000170e-06
-6.087152999999999688e-06
-6.087152999999999688e-06
-6.079703000000000293e-06
-6.079703000000000293e-06
-6.072251999999999812e-06
-6.064802000000000417e-06
-6.057350999999999935e-06
-6.057350999999999935e-06
-6.057350999999999935e-06
-6.057350999999999935e-06
-6.057350999999999935e-06
-6.057350999999999935e-06
-6.057350999999999935e-06
-6.064802000000000417e-06
-6.064802000000000417e-06
-6.064802000000000417e-06
-6.064802000000000417e-06
-6.064802000000000417e-06
-6.064802000000000417e-06
-6.064802000000000417e-06
-6.064802000000000417e-06
-6.064802000000000417e-06
-6.064802000000000417e-06
-6.057350999999999935e-06
-6.057350999999999935e-06
-6.049900999999999693e-06
-6.042450000000000059e-06
-6.034998999999999578e-06
-6.027549000000000183e-06
-6.027549000000000183e-06
-6.020097999999999701e-06
-6.020097999999999701e-06
-6.020097999999999701e-06
-6.020097999999999701e-06
-6.020097999999999701e-06
-6.027549000000000183e-06
-6.027549000000000183e-06
-6.027549000000000183e-06
-6.034998999999999578e-06
-6.034998999999999578e-06
-6.042450000000000059e-06
-6.042450000000000059e-06
-6.049900999999999693e-06
-6.049900999999999693e-06
-6.049900999999999693e-06
-6.049900999999999693e-06
-6.049900999999999693e-06
-6.057350999999999935e-06
-6.057350999999999935e-06
-6.057350999999999935e-06
-6.057350999999999935e-06
-6.057350999999999935e-06
-6.057350999999999935e-06
-6.057350999999999935e-06
-6.057350999999999935e-06
-6.057350999999999935e-06
-6.057350999999999935e-06
-6.057350999999999935e-06
-6.057350999999999935e-06
-6.064802000000000417e-06
-6.064802000000000417e-06
-6.064802000000000417e-06
-6.064802000000000417e-06
-6.064802000000000417e-06
-6.064802000000000417e-06
-6.064802000000000417e-06
-6.064802000000000417e-06
-6.064802000000000417e-06
-6.064802000000000417e-06
-6.064802000000000417e-06
-6.057350999999999935e-06
-6.057350999999999935e-06
-6.057350999999999935e-06
-6.049900999999999693e-06
-6.049900999999999693e-06
-6.049900999999999693e-06
-6.042450000000000059e-06
-6.034998999999999578e-06
-6.034998999999999578e-06
-6.027549000000000183e-06
-6.027549000000000183e-06
-6.020097999999999701e-06
-6.020097999999999701e-06
-6.020097999999999701e-06
-6.020097999999999701e-06
-6.020097999999999701e-06
-6.027549000000000183e-06
-6.020097999999999701e-06
-6.020097999999999701e-06
-6.020097999999999701e-06
-6.020097999999999701e-06
-6.020097999999999701e-06
-6.020097999999999701e-06
-6.020097999999999701e-06
-6.020097999999999701e-06
-6.020097999999999701e-06
-6.020097999999999701e-06
-6.020097999999999701e-06
-6.020097999999999701e-06
-6.020097999999999701e-06
-6.020097999999999701e-06
-6.020097999999999701e-06
-6.020097999999999701e-06
-6.020097999999999701e-06
-6.012648000000000306e-06
-6.012648000000000306e-06
-6.012648000000000306e-06
-6.012648000000000306e-06
-6.012648000000000306e-06
-6.012648000000000306e-06
-6.020097999999999701e-06
-6.020097999999999701e-06
-6.020097999999999701e-06
-6.020097999999999701e-06
-6.027549000000000183e-06
-6.034998999999999578e-06
-6.034998999999999578e-06
-6.034998999999999578e-06
-6.042450000000000059e-06
-6.042450000000000059e-06
-6.049900999999999693e-06
-6.049900999999999693e-06
-6.049900999999999693e-06
-6.049900999999999693e-06
-6.049900999999999693e-06
-6.049900999999999693e-06
-6.042450000000000059e-06
-6.042450000000000059e-06
-6.042450000000000059e-06
-6.034998999999999578e-06
-6.034998999999999578e-06
-6.034998999999999578e-06
-6.034998999999999578e-06
-6.034998999999999578e-06
-6.027549000000000183e-06
-6.027549000000000183e-06
-6.027549000000000183e-06
-6.020097999999999701e-06
-6.020097999999999701e-06
-6.020097999999999701e-06
-6.020097999999999701e-06
-6.012648000000000306e-06
-6.012648000000000306e-06
-6.012648000000000306e-06
-6.012648000000000306e-06
-6.012648000000000306e-06
-6.012648000000000306e-06
-6.012648000000000306e-06
-6.012648000000000306e-06
-6.005196999999999825e-06
-6.005196999999999825e-06
-5.997746000000000190e-06
-5.990295999999999948e-06
-5.982845000000000314e-06
-5.982845000000000314e-06
-5.975395000000000072e-06
-5.967943999999999590e-06
-5.967943999999999590e-06
-5.960494000000000195e-06
-5.960494000000000195e-06
-5.960494000000000195e-06
-5.967943999999999590e-06
-5.967943999999999590e-06
-5.975395000000000072e-06
-5.975395000000000072e-06
-5.982845000000000314e-06
-5.990295999999999948e-06
-5.990295999999999948e-06
-5.990295999999999948e-06
-5.997746000000000190e-06
-5.997746000000000190e-06
-5.997746000000000190e-06
-5.997746000000000190e-06
-5.997746000000000190e-06
-5.997746000000000190e-06
-6.005196999999999825e-06
-6.005196999999999825e-06
-6.005196999999999825e-06
-6.005196999999999825e-06
-6.005196999999999825e-06
-5.997746000000000190e-06
-5.997746000000000190e-06
-5.997746000000000190e-06
-5.990295999999999948e-06
-5.990295999999999948e-06
-5.982845000000000314e-06
-5.982845000000000314e-06
-5.975395000000000072e-06
-5.975395000000000072e-06
-5.967943999999999590e-06
-5.967943999999999590e-06
-5.967943999999999590e-06
-5.967943999999999590e-06
-5.967943999999999590e-06
-5.967943999999999590e-06
-5.967943999999999590e-06
-5.967943999999999590e-06
-5.975395000000000072e-06
-5.982845000000000314e-06
-5.982845000000000314e-06
-5.990295999999999948e-06
-5.990295999999999948e-06
-5.997746000000000190e-06
-5.997746000000000190e-06
-6.005196999999999825e-06
-6.005196999999999825e-06
-6.012648000000000306e-06
-6.012648000000000306e-06
-6.012648000000000306e-06
-6.012648000000000306e-06
-6.012648000000000306e-06
-6.012648000000000306e-06
-6.012648000000000306e-06
-6.012648000000000306e-06
-6.005196999999999825e-06
-6.005196999999999825e-06
-6.005196999999999825e-06
-5.997746000000000190e-06
-5.997746000000000190e-06
-5.990295999999999948e-06
-5.982845000000000314e-06
-5.982845000000000314e-06
-5.975395000000000072e-06
-5.967943999999999590e-06
-5.967943999999999590e-06
-5.967943999999999590e-06
-5.967943999999999590e-06
-5.967943999999999590e-06
-5.967943999999999590e-06
-5.967943999999999590e-06
-5.975395000000000072e-06
-5.982845000000000314e-06
-5.982845000000000314e-06
-5.990295999999999948e-06
-5.997746000000000190e-06
-6.005196999999999825e-06
-6.012648000000000306e-06
-6.020097999999999701e-06
-6.020097999999999701e-06
-6.020097999999999701e-06
-6.027549000000000183e-06
-6.027549000000000183e-06
-6.034998999999999578e-06
-6.034998999999999578e-06
-6.034998999999999578e-06
-6.027549000000000183e-06
-6.027549000000000183e-06
-6.027549000000000183e-06
-6.020097999999999701e-06
-6.020097999999999701e-06
-6.020097999999999701e-06
-6.020097999999999701e-06
-6.020097999999999701e-06
-6.012648000000000306e-06
-6.005196999999999825e-06
-5.997746000000000190e-06
-5.990295999999999948e-06
-5.990295999999999948e-06
-5.982845000000000314e-06
-5.975395000000000072e-06
-5.967943999999999590e-06
-5.967943999999999590e-06
-5.960494000000000195e-06
-5.960494000000000195e-06
-5.960494000000000195e-06
-5.960494000000000195e-06
-5.960494000000000195e-06
-5.960494000000000195e-06
-5.960494000000000195e-06
-5.960494000000000195e-06
-5.960494000000000195e-06
-5.960494000000000195e-06
-5.960494000000000195e-06
-5.960494000000000195e-06
-5.960494000000000195e-06
-5.960494000000000195e-06
-5.960494000000000195e-06
-5.960494000000000195e-06
-5.960494000000000195e-06
-5.960494000000000195e-06
-5.960494000000000195e-06
-5.960494000000000195e-06
-5.960494000000000195e-06
-5.960494000000000195e-06
-5.960494000000000195e-06
-5.960494000000000195e-06
-5.960494000000000195e-06
-5.960494000000000195e-06
-5.960494000000000195e-06
-5.960494000000000195e-06
-5.960494000000000195e-06
-5.960494000000000195e-06
-5.960494000000000195e-06
-5.960494000000000195e-06
-5.967943999999999590e-06
-5.975395000000000072e-06
-5.975395000000000072e-06
-5.982845000000000314e-06
-5.982845000000000314e-06
-5.982845000000000314e-06
-5.982845000000000314e-06
-5.982845000000000314e-06
-5.975395000000000072e-06
-5.967943999999999590e-06
-5.960494000000000195e-06
-5.960494000000000195e-06
-5.960494000000000195e-06
-5.960494000000000195e-06
-5.953042999999999714e-06
-5.953042999999999714e-06
-5.945592000000000079e-06
-5.945592000000000079e-06
-5.945592000000000079e-06
-5.945592000000000079e-06
-5.945592000000000079e-06
-5.938141999999999837e-06
-5.938141999999999837e-06
-5.938141999999999837e-06
-5.938141999999999837e-06
-5.930691000000000203e-06
-5.930691000000000203e-06
-5.930691000000000203e-06
-5.923240999999999961e-06
-5.923240999999999961e-06
-5.923240999999999961e-06
-5.923240999999999961e-06
-5.923240999999999961e-06
-5.923240999999999961e-06
-5.930691000000000203e-06
-5.923240999999999961e-06
-5.923240999999999961e-06
-5.923240999999999961e-06
-5.923240999999999961e-06
-5.915790000000000326e-06
-5.915790000000000326e-06
-5.908340000000000084e-06
-5.908340000000000084e-06
-5.900888999999999603e-06
-5.900888999999999603e-06
-5.893437999999999968e-06
-5.893437999999999968e-06
-5.893437999999999968e-06
-5.900888999999999603e-06
-5.900888999999999603e-06
-5.900888999999999603e-06
-5.908340000000000084e-06
-5.908340000000000084e-06
-5.908340000000000084e-06
-5.908340000000000084e-06
-5.908340000000000084e-06
-5.908340000000000084e-06
-5.908340000000000084e-06
-5.908340000000000084e-06
-5.908340000000000084e-06
-5.908340000000000084e-06
-5.908340000000000084e-06
-5.915790000000000326e-06
-5.915790000000000326e-06
-5.923240999999999961e-06
-5.923240999999999961e-06
-5.923240999999999961e-06
-5.930691000000000203e-06
-5.930691000000000203e-06
-5.923240999999999961e-06
-5.923240999999999961e-06
-5.923240999999999961e-06
-5.915790000000000326e-06
-5.908340000000000084e-06
-5.908340000000000084e-06
-5.900888999999999603e-06
-5.893437999999999968e-06
-5.893437999999999968e-06
-5.893437999999999968e-06
-5.885987999999999726e-06
-5.878537000000000092e-06
-5.871086999999999850e-06
-5.871086999999999850e-06
-5.863636000000000216e-06
-5.856184999999999734e-06
-5.848735000000000339e-06
-5.848735000000000339e-06
-5.848735000000000339e-06
-5.841283999999999858e-06
-5.841283999999999858e-06
-5.841283999999999858e-06
-5.841283999999999858e-06
