5.000060000000000393e+00
4.999570000000000292e+00
4.997569999999999624e+00
4.994500000000000384e+00
4.992429999999999701e+00
4.989370000000000083e+00
4.987309999999999910e+00
4.984250000000000291e+00
4.982219999999999871e+00
4.979140000000000121e+00
4.977089999999999570e+00
4.974000000000000199e+00
4.971949999999999648e+00
4.968869999999999898e+00
4.966840000000000366e+00
4.963799999999999990e+00
4.961940000000000239e+00
4.958879999999999733e+00
4.956819999999999560e+00
4.953759999999999941e+00
4.951740000000000030e+00
4.948669999999999902e+00
4.946600000000000108e+00
4.943520000000000358e+00
4.941469999999999807e+00
4.938410000000000188e+00
4.936370000000000147e+00
4.933309999999999640e+00
4.931239999999999846e+00
4.928180000000000227e+00
4.926110000000000433e+00
4.923029999999999795e+00
4.921009999999999884e+00
4.917939999999999756e+00
4.915890000000000093e+00
4.912860000000000227e+00
4.910809999999999675e+00
4.907750000000000057e+00
4.905700000000000394e+00
4.902630000000000265e+00
4.900579999999999714e+00
4.897529999999999717e+00
4.895450000000000301e+00
4.892400000000000304e+00
4.890340000000000131e+00
4.887270000000000003e+00
4.885239999999999583e+00
4.882170000000000343e+00
4.880099999999999660e+00
4.877019999999999911e+00
4.874979999999999869e+00
4.871909999999999741e+00
4.869889999999999830e+00
4.866830000000000211e+00
4.864799999999999791e+00
4.861729999999999663e+00
4.859680000000000000e+00
4.856620000000000381e+00
4.854580000000000339e+00
4.851490000000000080e+00
4.849450000000000038e+00
4.846359999999999779e+00
4.844330000000000247e+00
4.841269999999999740e+00
4.839240000000000208e+00
4.836149999999999949e+00
4.834120000000000417e+00
4.831229999999999691e+00
4.829159999999999897e+00
4.826100000000000279e+00
4.824049999999999727e+00
4.820979999999999599e+00
4.818950000000000067e+00
4.815909999999999691e+00
4.813850000000000406e+00
4.810780000000000278e+00
4.808740000000000236e+00
4.805649999999999977e+00
4.803619999999999557e+00
4.800559999999999938e+00
4.798490000000000144e+00
4.795429999999999637e+00
4.793389999999999596e+00
4.790329999999999977e+00
4.788299999999999557e+00
4.785199999999999676e+00
4.783150000000000013e+00
4.780059999999999754e+00
4.778019999999999712e+00
4.774949999999999584e+00
4.772910000000000430e+00
4.769849999999999923e+00
4.767830000000000013e+00
4.764759999999999884e+00
4.762719999999999843e+00
4.759669999999999845e+00
4.757600000000000051e+00
4.754520000000000302e+00
4.752480000000000260e+00
4.749399999999999622e+00
4.747379999999999711e+00
4.744299999999999962e+00
4.742239999999999789e+00
4.739180000000000170e+00
4.737140000000000128e+00
4.734079999999999622e+00
4.732000000000000206e+00
4.728939999999999699e+00
4.726890000000000036e+00
4.723819999999999908e+00
4.721790000000000376e+00
4.718750000000000000e+00
4.716709999999999958e+00
4.713639999999999830e+00
4.711610000000000298e+00
4.708669999999999689e+00
4.706640000000000157e+00
4.703579999999999650e+00
4.701509999999999856e+00
4.698450000000000237e+00
4.696390000000000065e+00
4.693329999999999558e+00
4.691290000000000404e+00
4.688220000000000276e+00
4.686180000000000234e+00
4.683089999999999975e+00
4.681060000000000443e+00
4.677970000000000184e+00
4.675919999999999632e+00
4.672869999999999635e+00
4.670849999999999724e+00
4.667799999999999727e+00
4.665750000000000064e+00
4.662689999999999557e+00
4.660610000000000142e+00
4.657540000000000013e+00
4.655509999999999593e+00
4.652429999999999843e+00
4.650380000000000180e+00
4.647310000000000052e+00
4.645260000000000389e+00
4.642199999999999882e+00
4.640170000000000350e+00
4.637109999999999843e+00
4.635040000000000049e+00
4.631969999999999921e+00
4.629920000000000258e+00
4.626839999999999620e+00
4.624819999999999709e+00
4.621789999999999843e+00
4.619729999999999670e+00
4.616660000000000430e+00
4.614609999999999879e+00
4.611530000000000129e+00
4.609479999999999578e+00
4.606399999999999828e+00
4.604379999999999917e+00
4.601309999999999789e+00
4.599249999999999616e+00
4.596350000000000158e+00
4.594310000000000116e+00
4.591239999999999988e+00
4.589209999999999567e+00
4.586109999999999687e+00
4.584069999999999645e+00
4.580980000000000274e+00
4.578940000000000232e+00
4.575899999999999856e+00
4.573879999999999946e+00
4.570829999999999949e+00
4.568749999999999645e+00
4.565690000000000026e+00
4.563609999999999722e+00
4.560559999999999725e+00
4.558530000000000193e+00
4.555450000000000443e+00
4.553410000000000402e+00
4.550320000000000142e+00
4.548289999999999722e+00
4.545209999999999972e+00
4.543169999999999931e+00
4.540119999999999933e+00
4.538050000000000139e+00
4.534970000000000390e+00
4.532910000000000217e+00
4.529849999999999710e+00
4.527829999999999799e+00
4.524779999999999802e+00
4.522770000000000401e+00
4.519669999999999632e+00
4.517629999999999590e+00
4.514540000000000219e+00
4.512489999999999668e+00
4.509420000000000428e+00
4.507390000000000008e+00
4.504330000000000389e+00
4.502259999999999707e+00
4.499189999999999579e+00
4.497139999999999915e+00
4.494080000000000297e+00
4.492060000000000386e+00
4.488959999999999617e+00
4.486900000000000333e+00
4.483839999999999826e+00
4.481779999999999653e+00
4.478909999999999947e+00
4.476910000000000167e+00
4.473819999999999908e+00
4.471759999999999735e+00
4.468709999999999738e+00
4.466630000000000322e+00
4.463580000000000325e+00
4.461549999999999905e+00
4.458490000000000286e+00
4.456430000000000113e+00
4.453359999999999985e+00
4.451310000000000322e+00
4.448229999999999684e+00
4.446209999999999773e+00
4.443130000000000024e+00
4.441080000000000361e+00
4.438010000000000232e+00
4.435950000000000060e+00
4.432900000000000063e+00
4.430869999999999642e+00
4.427819999999999645e+00
4.425799999999999734e+00
4.422699999999999854e+00
4.420650000000000190e+00
4.417570000000000441e+00
4.415519999999999889e+00
4.412449999999999761e+00
4.410420000000000229e+00
4.407350000000000101e+00
4.405289999999999928e+00
4.402230000000000310e+00
4.400179999999999758e+00
4.397109999999999630e+00
4.395089999999999719e+00
4.391989999999999839e+00
4.389940000000000175e+00
4.386870000000000047e+00
4.384820000000000384e+00
4.381809999999999761e+00
4.379769999999999719e+00
4.376689999999999969e+00
4.374640000000000306e+00
4.371570000000000178e+00
4.369510000000000005e+00
4.366450000000000387e+00
4.364390000000000214e+00
4.361320000000000086e+00
4.359289999999999665e+00
4.356200000000000294e+00
4.354180000000000383e+00
4.351119999999999877e+00
4.349050000000000082e+00
4.345959999999999823e+00
4.343930000000000291e+00
4.341039999999999566e+00
4.338969999999999771e+00
4.335919999999999774e+00
4.333879999999999733e+00
4.330849999999999866e+00
4.328809999999999825e+00
4.325730000000000075e+00
4.323680000000000412e+00
4.320610000000000284e+00
4.318570000000000242e+00
4.315470000000000361e+00
4.313430000000000319e+00
4.310360000000000191e+00
4.308309999999999640e+00
4.305259999999999643e+00
4.303200000000000358e+00
4.300139999999999851e+00
4.298090000000000188e+00
4.294999999999999929e+00
4.292959999999999887e+00
4.289889999999999759e+00
4.287849999999999717e+00
4.284810000000000230e+00
4.282770000000000188e+00
4.279700000000000060e+00
4.277669999999999639e+00
4.274619999999999642e+00
4.272529999999999717e+00
4.269479999999999720e+00
4.267409999999999926e+00
4.264330000000000176e+00
4.262299999999999756e+00
4.259220000000000006e+00
4.257170000000000343e+00
4.254100000000000215e+00
4.252049999999999663e+00
4.248960000000000292e+00
4.246920000000000250e+00
4.243879999999999875e+00
4.241810000000000080e+00
4.238749999999999574e+00
4.236729999999999663e+00
4.233660000000000423e+00
4.231810000000000294e+00
4.228740000000000165e+00
4.226689999999999614e+00
4.223609999999999864e+00
4.221569999999999823e+00
4.218479999999999563e+00
4.216429999999999900e+00
4.213359999999999772e+00
4.211310000000000109e+00
4.208260000000000112e+00
4.206199999999999939e+00
4.203140000000000320e+00
4.201089999999999769e+00
4.198010000000000019e+00
4.195969999999999978e+00
4.192910000000000359e+00
4.190870000000000317e+00
4.187829999999999941e+00
4.185780000000000278e+00
4.182699999999999640e+00
4.180679999999999730e+00
4.177620000000000111e+00
4.175530000000000186e+00
4.172469999999999679e+00
4.170420000000000016e+00
4.167340000000000266e+00
4.165300000000000225e+00
4.162230000000000096e+00
4.160199999999999676e+00
4.157099999999999795e+00
4.155059999999999754e+00
4.151980000000000004e+00
4.149960000000000093e+00
4.146899999999999586e+00
4.144829999999999792e+00
4.141779999999999795e+00
4.139759999999999884e+00
4.136700000000000266e+00
4.134629999999999583e+00
4.131579999999999586e+00
4.129540000000000433e+00
4.126450000000000173e+00
4.124410000000000132e+00
4.121330000000000382e+00
4.119279999999999831e+00
4.116380000000000372e+00
4.114349999999999952e+00
4.111279999999999824e+00
4.109219999999999651e+00
4.106160000000000032e+00
4.104090000000000238e+00
4.101029999999999731e+00
4.099009999999999820e+00
4.095919999999999561e+00
4.093860000000000277e+00
4.090840000000000032e+00
4.088799999999999990e+00
4.085720000000000240e+00
4.083689999999999820e+00
4.080619999999999692e+00
4.078540000000000276e+00
4.075479999999999769e+00
4.073419999999999597e+00
4.070359999999999978e+00
4.068340000000000067e+00
4.065279999999999561e+00
4.063220000000000276e+00
4.060130000000000017e+00
4.058110000000000106e+00
4.055019999999999847e+00
4.052970000000000184e+00
4.049909999999999677e+00
4.047860000000000014e+00
4.044800000000000395e+00
4.042779999999999596e+00
4.039719999999999978e+00
4.037679999999999936e+00
4.034629999999999939e+00
4.032589999999999897e+00
4.029490000000000016e+00
4.027440000000000353e+00
4.024359999999999715e+00
4.022310000000000052e+00
4.019239999999999924e+00
4.017210000000000392e+00
4.014140000000000263e+00
4.012080000000000091e+00
4.009019999999999584e+00
4.006960000000000299e+00
4.004059999999999953e+00
4.002030000000000420e+00
3.998949999999999783e+00
3.996900000000000119e+00
3.993869999999999809e+00
3.991839999999999833e+00
3.988770000000000149e+00
3.986740000000000173e+00
3.983639999999999848e+00
3.981580000000000119e+00
3.978520000000000056e+00
3.976449999999999818e+00
3.973399999999999821e+00
3.971340000000000092e+00
3.968290000000000095e+00
3.966250000000000053e+00
3.963169999999999860e+00
3.961129999999999818e+00
3.958050000000000068e+00
3.955999999999999961e+00
3.952920000000000211e+00
3.950899999999999856e+00
3.947810000000000041e+00
3.945800000000000196e+00
3.942750000000000199e+00
3.940690000000000026e+00
3.937629999999999963e+00
3.935589999999999922e+00
3.932500000000000107e+00
3.930460000000000065e+00
3.927369999999999806e+00
3.925330000000000208e+00
3.922250000000000014e+00
3.920220000000000038e+00
3.917149999999999910e+00
3.915099999999999802e+00
3.912049999999999805e+00
3.909990000000000077e+00
3.906919999999999948e+00
3.904869999999999841e+00
3.901780000000000026e+00
3.899739999999999984e+00
3.896720000000000184e+00
3.894680000000000142e+00
3.891610000000000014e+00
3.889559999999999906e+00
3.886470000000000091e+00
3.884430000000000049e+00
3.881530000000000147e+00
3.879490000000000105e+00
3.877260000000000151e+00
3.874159999999999826e+00
3.872149999999999981e+00
3.869079999999999853e+00
3.867020000000000124e+00
3.863960000000000061e+00
3.861899999999999888e+00
3.858839999999999826e+00
3.856799999999999784e+00
3.853730000000000100e+00
3.851659999999999862e+00
3.848650000000000126e+00
3.846620000000000150e+00
3.843539999999999957e+00
3.841509999999999980e+00
3.838420000000000165e+00
3.836359999999999992e+00
3.833309999999999995e+00
3.831240000000000201e+00
3.828190000000000204e+00
3.826119999999999965e+00
3.823059999999999903e+00
3.821009999999999796e+00
3.817950000000000177e+00
3.816069999999999851e+00
3.812990000000000101e+00
3.810950000000000060e+00
3.807869999999999866e+00
3.805839999999999890e+00
3.802760000000000140e+00
3.800759999999999916e+00
3.797709999999999919e+00
3.795640000000000125e+00
3.792569999999999997e+00
3.790540000000000020e+00
3.787450000000000205e+00
3.785410000000000164e+00
3.782329999999999970e+00
3.780279999999999863e+00
3.777179999999999982e+00
3.775170000000000137e+00
3.772110000000000074e+00
3.770049999999999901e+00
3.766980000000000217e+00
3.764909999999999979e+00
3.761859999999999982e+00
3.759830000000000005e+00
3.756759999999999877e+00
3.754700000000000149e+00
3.751689999999999969e+00
3.749620000000000175e+00
3.746560000000000112e+00
3.744520000000000071e+00
3.741429999999999811e+00
3.739370000000000083e+00
3.736340000000000217e+00
3.734269999999999978e+00
3.731189999999999785e+00
3.729140000000000121e+00
3.726069999999999993e+00
3.724050000000000082e+00
3.720979999999999954e+00
3.718939999999999912e+00
3.715840000000000032e+00
3.713789999999999925e+00
3.710710000000000175e+00
3.708670000000000133e+00
3.705620000000000136e+00
3.703599999999999781e+00
3.700540000000000163e+00
3.698479999999999990e+00
3.695409999999999862e+00
3.693379999999999885e+00
3.690319999999999823e+00
3.688419999999999810e+00
3.685329999999999995e+00
3.683279999999999887e+00
3.680219999999999825e+00
3.678199999999999914e+00
3.675149999999999917e+00
3.673090000000000188e+00
3.670020000000000060e+00
3.667949999999999822e+00
3.664890000000000203e+00
3.662840000000000096e+00
3.659769999999999968e+00
3.657739999999999991e+00
3.654710000000000125e+00
3.652660000000000018e+00
3.649589999999999890e+00
3.647539999999999782e+00
3.644449999999999967e+00
3.642440000000000122e+00
3.639380000000000059e+00
3.637300000000000200e+00
3.634209999999999940e+00
3.632159999999999833e+00
3.629109999999999836e+00
3.627089999999999925e+00
3.624010000000000176e+00
3.621960000000000068e+00
3.618869999999999809e+00
3.616830000000000211e+00
3.613750000000000018e+00
3.611740000000000173e+00
3.608659999999999979e+00
3.606640000000000068e+00
3.603569999999999940e+00
3.601519999999999833e+00
3.598460000000000214e+00
3.596410000000000107e+00
3.593339999999999979e+00
3.591299999999999937e+00
3.588210000000000122e+00
3.586149999999999949e+00
3.583070000000000199e+00
3.581030000000000157e+00
3.577970000000000095e+00
3.575930000000000053e+00
3.572869999999999990e+00
3.570800000000000196e+00
3.567909999999999915e+00
3.565869999999999873e+00
3.562800000000000189e+00
3.560760000000000147e+00
3.557720000000000216e+00
3.555680000000000174e+00
3.552610000000000046e+00
3.550559999999999938e+00
3.547480000000000189e+00
3.545450000000000212e+00
3.542390000000000150e+00
3.540309999999999846e+00
3.537240000000000162e+00
3.535179999999999989e+00
3.532129999999999992e+00
3.530100000000000016e+00
3.527029999999999887e+00
3.524960000000000093e+00
3.521879999999999900e+00
3.519849999999999923e+00
3.516779999999999795e+00
3.514749999999999819e+00
3.511680000000000135e+00
3.509650000000000158e+00
3.506600000000000161e+00
3.504529999999999923e+00
3.501469999999999860e+00
3.499400000000000066e+00
3.496340000000000003e+00
3.494299999999999962e+00
3.491210000000000147e+00
3.489170000000000105e+00
3.486079999999999846e+00
3.484059999999999935e+00
3.480970000000000120e+00
3.478950000000000209e+00
3.475870000000000015e+00
3.473800000000000221e+00
3.470759999999999845e+00
3.468690000000000051e+00
3.465619999999999923e+00
3.463589999999999947e+00
3.460560000000000080e+00
3.458509999999999973e+00
3.455439999999999845e+00
3.453409999999999869e+00
3.450299999999999923e+00
3.448269999999999946e+00
3.445209999999999884e+00
3.443150000000000155e+00
3.440080000000000027e+00
3.438019999999999854e+00
3.434979999999999922e+00
3.432929999999999815e+00
3.429860000000000131e+00
3.427979999999999805e+00
3.424889999999999990e+00
3.422860000000000014e+00
3.419779999999999820e+00
3.417730000000000157e+00
3.414680000000000160e+00
3.412659999999999805e+00
3.409609999999999808e+00
3.407560000000000144e+00
3.404500000000000082e+00
3.402410000000000156e+00
3.399350000000000094e+00
3.397299999999999986e+00
3.394239999999999924e+00
3.392180000000000195e+00
3.389110000000000067e+00
3.387059999999999960e+00
3.383989999999999831e+00
3.381959999999999855e+00
3.378890000000000171e+00
3.376840000000000064e+00
3.373780000000000001e+00
3.371710000000000207e+00
3.368650000000000144e+00
3.366600000000000037e+00
3.363570000000000171e+00
3.361549999999999816e+00
3.358480000000000132e+00
3.356419999999999959e+00
3.353330000000000144e+00
3.351300000000000168e+00
3.348209999999999908e+00
3.346179999999999932e+00
3.343109999999999804e+00
3.341029999999999944e+00
3.337990000000000013e+00
3.335929999999999840e+00
3.332860000000000156e+00
3.330839999999999801e+00
3.327749999999999986e+00
3.325730000000000075e+00
3.322630000000000194e+00
3.320580000000000087e+00
3.317520000000000024e+00
3.315519999999999801e+00
3.312640000000000029e+00
3.310569999999999791e+00
3.307500000000000107e+00
3.305410000000000181e+00
3.302350000000000119e+00
3.300320000000000142e+00
3.297239999999999949e+00
3.295209999999999972e+00
3.292120000000000157e+00
3.290080000000000116e+00
3.287030000000000118e+00
3.284990000000000077e+00
3.281919999999999948e+00
3.279860000000000220e+00
3.276800000000000157e+00
3.274739999999999984e+00
3.271679999999999922e+00
3.269639999999999880e+00
3.266610000000000014e+00
3.264569999999999972e+00
3.261509999999999909e+00
3.259450000000000180e+00
3.256349999999999856e+00
3.254309999999999814e+00
3.251230000000000064e+00
3.249220000000000219e+00
3.246150000000000091e+00
3.244079999999999853e+00
3.241019999999999790e+00
3.238960000000000061e+00
3.235899999999999999e+00
3.233870000000000022e+00
3.230799999999999894e+00
3.228740000000000165e+00
3.225649999999999906e+00
3.223609999999999864e+00
3.220559999999999867e+00
3.218560000000000088e+00
3.215489999999999959e+00
3.213429999999999787e+00
3.210360000000000102e+00
3.208279999999999799e+00
3.205239999999999867e+00
3.203180000000000138e+00
3.200099999999999945e+00
3.198059999999999903e+00
3.194970000000000088e+00
3.192940000000000111e+00
3.189880000000000049e+00
3.187819999999999876e+00
3.184919999999999973e+00
3.182869999999999866e+00
3.179819999999999869e+00
3.177750000000000075e+00
3.174690000000000012e+00
3.172649999999999970e+00
3.169620000000000104e+00
3.167590000000000128e+00
3.164520000000000000e+00
3.162459999999999827e+00
3.159370000000000012e+00
3.157329999999999970e+00
3.154250000000000220e+00
3.152229999999999865e+00
3.149140000000000050e+00
3.147069999999999812e+00
3.144019999999999815e+00
3.141960000000000086e+00
3.138910000000000089e+00
3.136880000000000113e+00
3.133789999999999853e+00
3.131730000000000125e+00
3.128659999999999997e+00
3.126609999999999889e+00
3.123559999999999892e+00
3.121550000000000047e+00
3.118469999999999853e+00
3.116429999999999811e+00
3.113350000000000062e+00
3.111279999999999824e+00
3.108229999999999826e+00
3.106170000000000098e+00
3.103079999999999838e+00
3.101030000000000175e+00
3.098030000000000062e+00
3.095969999999999889e+00
3.092909999999999826e+00
3.090879999999999850e+00
3.087779999999999969e+00
3.085770000000000124e+00
3.082689999999999930e+00
3.080620000000000136e+00
3.077570000000000139e+00
3.075549999999999784e+00
3.072499999999999787e+00
3.070460000000000189e+00
3.067379999999999995e+00
3.065339999999999954e+00
3.062240000000000073e+00
3.060220000000000162e+00
3.057139999999999969e+00
3.055099999999999927e+00
3.052010000000000112e+00
3.050120000000000164e+00
3.047079999999999789e+00
3.044869999999999965e+00
3.041980000000000128e+00
3.039919999999999956e+00
3.036830000000000140e+00
3.034800000000000164e+00
3.031719999999999970e+00
3.029669999999999863e+00
3.026639999999999997e+00
3.024599999999999955e+00
3.021529999999999827e+00
3.019499999999999851e+00
3.016430000000000167e+00
3.014349999999999863e+00
3.011299999999999866e+00
3.009240000000000137e+00
3.006149999999999878e+00
3.004119999999999902e+00
3.001050000000000217e+00
2.999000000000000110e+00
2.995950000000000113e+00
2.993900000000000006e+00
2.990810000000000191e+00
2.988780000000000214e+00
2.985710000000000086e+00
2.983649999999999913e+00
2.980589999999999851e+00
2.978559999999999874e+00
2.975530000000000008e+00
2.973479999999999901e+00
2.970410000000000217e+00
2.968370000000000175e+00
2.965300000000000047e+00
2.963239999999999874e+00
2.960150000000000059e+00
2.958110000000000017e+00
2.955020000000000202e+00
2.952980000000000160e+00
2.949939999999999785e+00
2.947869999999999990e+00
2.944819999999999993e+00
2.942750000000000199e+00
2.939680000000000071e+00
2.937660000000000160e+00
2.934590000000000032e+00
2.932539999999999925e+00
2.929479999999999862e+00
2.927439999999999820e+00
2.924370000000000136e+00
2.922349999999999781e+00
2.919290000000000163e+00
2.917209999999999859e+00
2.914320000000000022e+00
2.912249999999999783e+00
2.909170000000000034e+00
2.907129999999999992e+00
2.904079999999999995e+00
2.902039999999999953e+00
2.898969999999999825e+00
2.896929999999999783e+00
2.893829999999999902e+00
2.891799999999999926e+00
2.888749999999999929e+00
2.886690000000000200e+00
2.883630000000000138e+00
2.881609999999999783e+00
2.878550000000000164e+00
2.876500000000000057e+00
2.873439999999999994e+00
2.871410000000000018e+00
2.868329999999999824e+00
2.866280000000000161e+00
2.863179999999999836e+00
2.861130000000000173e+00
2.858039999999999914e+00
2.856030000000000069e+00
2.852970000000000006e+00
2.850919999999999899e+00
2.847850000000000215e+00
2.845769999999999911e+00
2.842719999999999914e+00
2.840689999999999937e+00
2.837629999999999875e+00
2.835560000000000080e+00
2.832530000000000214e+00
2.830490000000000173e+00
2.827409999999999979e+00
2.825380000000000003e+00
2.822309999999999874e+00
2.820230000000000015e+00
2.817180000000000017e+00
2.815109999999999779e+00
2.812050000000000161e+00
2.809989999999999988e+00
2.806929999999999925e+00
2.804910000000000014e+00
2.801829999999999821e+00
2.799780000000000157e+00
2.796689999999999898e+00
2.794639999999999791e+00
2.791760000000000019e+00
2.789719999999999978e+00
2.786630000000000162e+00
2.784619999999999873e+00
2.781569999999999876e+00
2.779510000000000147e+00
2.776450000000000085e+00
2.774430000000000174e+00
2.771329999999999849e+00
2.769270000000000120e+00
2.766199999999999992e+00
2.764159999999999950e+00
2.761070000000000135e+00
2.759049999999999780e+00
2.755999999999999783e+00
2.753929999999999989e+00
2.750859999999999861e+00
2.748780000000000001e+00
2.745740000000000069e+00
2.743689999999999962e+00
2.740619999999999834e+00
2.738560000000000105e+00
2.735520000000000174e+00
2.733499999999999819e+00
2.730430000000000135e+00
2.728390000000000093e+00
2.725299999999999834e+00
2.723250000000000171e+00
2.720169999999999977e+00
2.718119999999999870e+00
2.715050000000000185e+00
2.712969999999999882e+00
2.709919999999999884e+00
2.707889999999999908e+00
2.704810000000000159e+00
2.702770000000000117e+00
2.699679999999999858e+00
2.697649999999999881e+00
2.694560000000000066e+00
2.692540000000000155e+00
2.689459999999999962e+00
2.687450000000000117e+00
2.684410000000000185e+00
2.682350000000000012e+00
2.679289999999999949e+00
2.677420000000000133e+00
2.674339999999999939e+00
2.672280000000000211e+00
2.669210000000000083e+00
2.667149999999999910e+00
2.664070000000000160e+00
2.662040000000000184e+00
2.658980000000000121e+00
2.656940000000000079e+00
2.653869999999999951e+00
2.651809999999999778e+00
2.648769999999999847e+00
2.646710000000000118e+00
2.643609999999999793e+00
2.641570000000000196e+00
2.638560000000000016e+00
2.636519999999999975e+00
2.633449999999999847e+00
2.631400000000000183e+00
2.628309999999999924e+00
2.626259999999999817e+00
2.623209999999999820e+00
2.621129999999999960e+00
2.618069999999999897e+00
2.615990000000000038e+00
2.612950000000000106e+00
2.610910000000000064e+00
2.607860000000000067e+00
2.605809999999999960e+00
2.602730000000000210e+00
2.600690000000000168e+00
2.597599999999999909e+00
2.595569999999999933e+00
2.592490000000000183e+00
2.590479999999999894e+00
2.587439999999999962e+00
2.585370000000000168e+00
2.582310000000000105e+00
2.580249999999999932e+00
2.577179999999999804e+00
2.575140000000000207e+00
2.572060000000000013e+00
2.570040000000000102e+00
2.567089999999999872e+00
2.565059999999999896e+00
2.561990000000000212e+00
2.559950000000000170e+00
2.556900000000000173e+00
2.554829999999999934e+00
2.551769999999999872e+00
2.549700000000000077e+00
2.546640000000000015e+00
2.544599999999999973e+00
2.541570000000000107e+00
2.539530000000000065e+00
2.536449999999999871e+00
2.534400000000000208e+00
2.531289999999999818e+00
2.529279999999999973e+00
2.526219999999999910e+00
2.524160000000000181e+00
2.521069999999999922e+00
2.519010000000000193e+00
2.515969999999999818e+00
2.513949999999999907e+00
2.510879999999999779e+00
2.508820000000000050e+00
2.505749999999999922e+00
2.503709999999999880e+00
2.500630000000000130e+00
2.498590000000000089e+00
2.495519999999999960e+00
2.493529999999999802e+00
2.490460000000000118e+00
2.488410000000000011e+00
2.485349999999999948e+00
2.483260000000000023e+00
2.480210000000000026e+00
2.478190000000000115e+00
2.475119999999999987e+00
2.473050000000000193e+00
2.469959999999999933e+00
2.467909999999999826e+00
2.464850000000000207e+00
2.462839999999999918e+00
2.459769999999999790e+00
2.457689999999999930e+00
2.454629999999999868e+00
2.452570000000000139e+00
2.449660000000000171e+00
2.447649999999999881e+00
2.444630000000000081e+00
2.442579999999999973e+00
2.439490000000000158e+00
2.437429999999999986e+00
2.434330000000000105e+00
2.432319999999999816e+00
2.429250000000000131e+00
2.427189999999999959e+00
2.424110000000000209e+00
2.422039999999999971e+00
2.418989999999999974e+00
2.416970000000000063e+00
2.413889999999999869e+00
2.411849999999999827e+00
2.408760000000000012e+00
2.406730000000000036e+00
2.403640000000000221e+00
2.401600000000000179e+00
2.398550000000000182e+00
2.396549999999999958e+00
2.393489999999999895e+00
2.391420000000000101e+00
2.388349999999999973e+00
2.386270000000000113e+00
2.383210000000000051e+00
2.381190000000000140e+00
2.378099999999999881e+00
2.376040000000000152e+00
2.372949999999999893e+00
2.370919999999999916e+00
2.367849999999999788e+00
2.365839999999999943e+00
2.362760000000000193e+00
2.360689999999999955e+00
2.357629999999999892e+00
2.355560000000000098e+00
2.352500000000000036e+00
2.350470000000000059e+00
2.347449999999999815e+00
2.345390000000000086e+00
2.342309999999999892e+00
2.340269999999999850e+00
2.337330000000000130e+00
2.335310000000000219e+00
2.332219999999999960e+00
2.330169999999999852e+00
2.327090000000000103e+00
2.325009999999999799e+00
2.321989999999999998e+00
2.319949999999999957e+00
2.316889999999999894e+00
2.314849999999999852e+00
2.311770000000000103e+00
2.309719999999999995e+00
2.306639999999999802e+00
2.304590000000000138e+00
2.301540000000000141e+00
2.299529999999999852e+00
2.296489999999999920e+00
2.294430000000000192e+00
2.291360000000000063e+00
2.289280000000000204e+00
2.286239999999999828e+00
2.284209999999999852e+00
2.281109999999999971e+00
2.279049999999999798e+00
2.275980000000000114e+00
2.273940000000000072e+00
2.270869999999999944e+00
2.268850000000000033e+00
2.265760000000000218e+00
2.263700000000000045e+00
2.260650000000000048e+00
2.258589999999999876e+00
2.255529999999999813e+00
2.253490000000000215e+00
2.250449999999999839e+00
2.248409999999999798e+00
2.245359999999999800e+00
2.243300000000000072e+00
2.240219999999999878e+00
2.238170000000000215e+00
2.235090000000000021e+00
2.233049999999999979e+00
2.229960000000000164e+00
2.227899999999999991e+00
2.224860000000000060e+00
2.222789999999999822e+00
2.219739999999999824e+00
2.217880000000000074e+00
2.214809999999999945e+00
2.212759999999999838e+00
2.209690000000000154e+00
2.207650000000000112e+00
2.204579999999999984e+00
2.202570000000000139e+00
2.199510000000000076e+00
2.197449999999999903e+00
2.194399999999999906e+00
2.192309999999999981e+00
2.189270000000000049e+00
2.187219999999999942e+00
2.184140000000000192e+00
2.182080000000000020e+00
2.178999999999999826e+00
2.176979999999999915e+00
2.173900000000000166e+00
2.171860000000000124e+00
2.168779999999999930e+00
2.166739999999999888e+00
2.163679999999999826e+00
2.161620000000000097e+00
2.158560000000000034e+00
2.156489999999999796e+00
2.153459999999999930e+00
2.151450000000000085e+00
2.148369999999999891e+00
2.146319999999999784e+00
2.143219999999999903e+00
2.141169999999999796e+00
2.138079999999999981e+00
2.136050000000000004e+00
2.132969999999999811e+00
2.130939999999999834e+00
2.127899999999999903e+00
2.125840000000000174e+00
2.122780000000000111e+00
2.120730000000000004e+00
2.117659999999999876e+00
2.115619999999999834e+00
2.112550000000000150e+00
2.110489999999999977e+00
2.107610000000000205e+00
2.105430000000000135e+00
2.102539999999999853e+00
2.100490000000000190e+00
2.097420000000000062e+00
2.095349999999999824e+00
2.092299999999999827e+00
2.090240000000000098e+00
2.085789999999999811e+00
2.079460000000000086e+00
2.069869999999999877e+00
2.063470000000000137e+00
2.054499999999999993e+00
2.048059999999999992e+00
2.038440000000000030e+00
2.032049999999999912e+00
2.022470000000000212e+00
2.016070000000000029e+00
2.006580000000000030e+00
2.000150000000000095e+00
1.990529999999999911e+00
1.984150000000000080e+00
1.974499999999999922e+00
1.968150000000000066e+00
1.958579999999999988e+00
1.952180000000000026e+00
1.942560000000000064e+00
1.936139999999999972e+00
1.926539999999999919e+00
1.920190000000000063e+00
1.910600000000000076e+00
1.904239999999999933e+00
1.894630000000000036e+00
1.888209999999999944e+00
1.878659999999999997e+00
1.872230000000000061e+00
1.862710000000000088e+00
1.856289999999999996e+00
1.846700000000000008e+00
1.840270000000000072e+00
1.830740000000000034e+00
1.824349999999999916e+00
1.814750000000000085e+00
1.808389999999999942e+00
1.798759999999999915e+00
1.792359999999999953e+00
1.782790000000000097e+00
1.776370000000000005e+00
1.766820000000000057e+00
1.760429999999999939e+00
1.750769999999999937e+00
1.744380000000000042e+00
1.738059999999999938e+00
1.728420000000000067e+00
1.722050000000000081e+00
1.712499999999999911e+00
1.706090000000000106e+00
1.696479999999999988e+00
1.690090000000000092e+00
1.680509999999999948e+00
1.674099999999999921e+00
1.664560000000000040e+00
1.658120000000000038e+00
1.648539999999999894e+00
1.642149999999999999e+00
1.632589999999999986e+00
1.626179999999999959e+00
1.616630000000000011e+00
1.610219999999999985e+00
1.600589999999999957e+00
1.594179999999999930e+00
1.584619999999999918e+00
1.578209999999999891e+00
1.568650000000000100e+00
1.562249999999999917e+00
1.552580000000000071e+00
1.546289999999999942e+00
1.536680000000000046e+00
1.530289999999999928e+00
1.520739999999999981e+00
1.514350000000000085e+00
1.504729999999999901e+00
1.498350000000000071e+00
1.488779999999999992e+00
1.482339999999999991e+00
1.472849999999999993e+00
1.466399999999999926e+00
1.456830000000000069e+00
1.450469999999999926e+00
1.441370000000000040e+00
1.434970000000000079e+00
1.425480000000000080e+00
1.419010000000000105e+00
1.409440000000000026e+00
1.403070000000000039e+00
1.393429999999999946e+00
1.387070000000000025e+00
1.377490000000000103e+00
1.371089999999999920e+00
1.361459999999999892e+00
1.355080000000000062e+00
1.345480000000000009e+00
1.339139999999999997e+00
1.329569999999999919e+00
1.323169999999999957e+00
1.313609999999999944e+00
1.307129999999999903e+00
1.297549999999999981e+00
1.291190000000000060e+00
1.281630000000000047e+00
1.275260000000000060e+00
1.265640000000000098e+00
1.259179999999999966e+00
1.249670000000000059e+00
1.243249999999999966e+00
1.233700000000000019e+00
1.227349999999999941e+00
1.217680000000000096e+00
1.211279999999999912e+00
1.201710000000000056e+00
1.195289999999999964e+00
1.185740000000000016e+00
1.179349999999999898e+00
1.169699999999999962e+00
1.163300000000000001e+00
1.153739999999999988e+00
1.147319999999999895e+00
1.137799999999999923e+00
1.131389999999999896e+00
1.121799999999999908e+00
1.115369999999999973e+00
1.105839999999999934e+00
1.099399999999999933e+00
1.089909999999999934e+00
1.083479999999999999e+00
1.073879999999999946e+00
1.067469999999999919e+00
1.058400000000000007e+00
1.052030000000000021e+00
1.042459999999999942e+00
1.036100000000000021e+00
1.026499999999999968e+00
1.020049999999999901e+00
1.010490000000000110e+00
1.004119999999999902e+00
9.944899999999999851e-01
9.881499999999999728e-01
9.784899999999999709e-01
9.720699999999999896e-01
9.625200000000000422e-01
9.561300000000000354e-01
9.465599999999999570e-01
9.402099999999999902e-01
9.306600000000000428e-01
9.241800000000000015e-01
9.146699999999999831e-01
9.082400000000000473e-01
8.986300000000000399e-01
8.922999999999999821e-01
8.826500000000000457e-01
8.762299999999999534e-01
8.666899999999999604e-01
8.602800000000000447e-01
8.506899999999999462e-01
8.443500000000000449e-01
8.347200000000000175e-01
8.283399999999999652e-01
8.187100000000000488e-01
8.123099999999999765e-01
8.027100000000000346e-01
7.963400000000000478e-01
7.867300000000000404e-01
7.803200000000000136e-01
7.707300000000000262e-01
7.643499999999999739e-01
7.548000000000000265e-01
7.484399999999999942e-01
7.388599999999999612e-01
7.324399999999999800e-01
7.228299999999999725e-01
7.164599999999999858e-01
7.068600000000000438e-01
7.005099999999999660e-01
6.909399999999999986e-01
6.850600000000000023e-01
6.754599999999999493e-01
6.690800000000000081e-01
6.594600000000000461e-01
6.531400000000000539e-01
6.435100000000000264e-01
6.371099999999999541e-01
6.275199999999999667e-01
6.211100000000000509e-01
6.115000000000000435e-01
6.051900000000000057e-01
5.955399999999999583e-01
5.891399999999999970e-01
5.796299999999999786e-01
5.731699999999999573e-01
5.635999999999999899e-01
5.572599999999999776e-01
5.476400000000000157e-01
5.412400000000000544e-01
5.316999999999999504e-01
5.252799999999999692e-01
5.157300000000000217e-01
5.093400000000000150e-01
4.997199999999999975e-01
4.933400000000000007e-01
4.836900000000000088e-01
4.773499999999999965e-01
4.677399999999999891e-01
4.613499999999999823e-01
4.517800000000000149e-01
4.453699999999999881e-01
4.357500000000000262e-01
4.294000000000000039e-01
4.198100000000000165e-01
4.133899999999999797e-01
4.038399999999999768e-01
3.973800000000000110e-01
3.877399999999999736e-01
3.814000000000000168e-01
3.718299999999999939e-01
3.654399999999999871e-01
3.559700000000000086e-01
3.495099999999999874e-01
3.404300000000000104e-01
3.340899999999999981e-01
3.244400000000000062e-01
3.180600000000000094e-01
3.085100000000000064e-01
3.020800000000000152e-01
2.924700000000000077e-01
2.861099999999999755e-01
2.765000000000000235e-01
2.701299999999999812e-01
2.605600000000000138e-01
2.541700000000000070e-01
2.444999999999999951e-01
2.381500000000000006e-01
2.285399999999999932e-01
2.221499999999999864e-01
2.126000000000000112e-01
2.061699999999999922e-01
1.965800000000000047e-01
1.902099999999999902e-01
1.806999999999999995e-01
1.742599999999999982e-01
1.647200000000000053e-01
1.583199999999999885e-01
1.486399999999999944e-01
1.423000000000000098e-01
1.327299999999999869e-01
1.263199999999999878e-01
1.167699999999999988e-01
1.103599999999999998e-01
1.006800000000000056e-01
9.435000000000000331e-02
8.472999999999999976e-02
7.835999999999999910e-02
6.880999999999999617e-02
6.237000000000000183e-02
5.274000000000000216e-02
4.637000000000000149e-02
3.676999999999999713e-02
3.036000000000000157e-02
2.085000000000000048e-02
1.444999999999999930e-02
4.810000000000000039e-03
-1.700000000000000122e-04
-3.200000000000000262e-04
-3.200000000000000262e-04
-3.299999999999999982e-04
-3.299999999999999982e-04
-3.299999999999999982e-04
-3.200000000000000262e-04
-3.299999999999999982e-04
-3.299999999999999982e-04
-3.400000000000000244e-04
-3.400000000000000244e-04
-3.400000000000000244e-04
-3.400000000000000244e-04
-3.400000000000000244e-04
-3.400000000000000244e-04
-3.400000000000000244e-04
-3.400000000000000244e-04
-3.400000000000000244e-04
-3.400000000000000244e-04
-3.499999999999999964e-04
-3.499999999999999964e-04
-3.499999999999999964e-04
-3.499999999999999964e-04
-3.499999999999999964e-04
-3.499999999999999964e-04
-3.499999999999999964e-04
-3.499999999999999964e-04
-3.499999999999999964e-04
-3.499999999999999964e-04
-3.499999999999999964e-04
-3.499999999999999964e-04
-3.499999999999999964e-04
-3.499999999999999964e-04
-3.499999999999999964e-04
-3.499999999999999964e-04
-3.499999999999999964e-04
-3.499999999999999964e-04
-3.499999999999999964e-04
-3.499999999999999964e-04
-3.499999999999999964e-04
-3.499999999999999964e-04
-3.499999999999999964e-04
-3.499999999999999964e-04
-3.499999999999999964e-04
-3.499999999999999964e-04
-3.499999999999999964e-04
-3.499999999999999964e-04
-3.499999999999999964e-04
-3.499999999999999964e-04
-3.499999999999999964e-04
-3.499999999999999964e-04
-3.499999999999999964e-04
-3.499999999999999964e-04
-3.499999999999999964e-04
-3.499999999999999964e-04
-3.499999999999999964e-04
-3.499999999999999964e-04
-3.499999999999999964e-04
-3.499999999999999964e-04
-3.499999999999999964e-04
-3.499999999999999964e-04
-3.499999999999999964e-04
-3.499999999999999964e-04
-3.499999999999999964e-04
-3.499999999999999964e-04
-3.499999999999999964e-04
-3.499999999999999964e-04
-3.499999999999999964e-04
-3.499999999999999964e-04
-3.499999999999999964e-04
-3.499999999999999964e-04
-3.499999999999999964e-04
-3.499999999999999964e-04
-3.499999999999999964e-04
-3.499999999999999964e-04
-3.499999999999999964e-04
-3.499999999999999964e-04
-3.499999999999999964e-04
-3.499999999999999964e-04
-3.499999999999999964e-04
-3.499999999999999964e-04
-3.499999999999999964e-04
-3.499999999999999964e-04
-3.499999999999999964e-04
-3.499999999999999964e-04
-3.499999999999999964e-04
-3.499999999999999964e-04
-3.600000000000000227e-04
-3.600000000000000227e-04
-3.600000000000000227e-04
-3.499999999999999964e-04
-3.499999999999999964e-04
-3.499999999999999964e-04
-3.600000000000000227e-04
-3.499999999999999964e-04
-3.499999999999999964e-04
-3.499999999999999964e-04
-3.600000000000000227e-04
-3.499999999999999964e-04
-3.499999999999999964e-04
-3.499999999999999964e-04
-3.499999999999999964e-04
-3.499999999999999964e-04
-3.499999999999999964e-04
-3.499999999999999964e-04
-3.600000000000000227e-04
-3.600000000000000227e-04
-3.600000000000000227e-04
-3.600000000000000227e-04
-3.600000000000000227e-04
-3.600000000000000227e-04
-3.499999999999999964e-04
-3.499999999999999964e-04
-3.499999999999999964e-04
-3.499999999999999964e-04
-3.499999999999999964e-04
-3.499999999999999964e-04
-3.600000000000000227e-04
-3.600000000000000227e-04
-3.600000000000000227e-04
-3.499999999999999964e-04
-3.499999999999999964e-04
-3.499999999999999964e-04
-3.600000000000000227e-04
-3.600000000000000227e-04
-3.600000000000000227e-04
-3.600000000000000227e-04
-3.600000000000000227e-04
-3.600000000000000227e-04
-3.600000000000000227e-04
-3.600000000000000227e-04
-3.600000000000000227e-04
-3.600000000000000227e-04
-3.600000000000000227e-04
-3.600000000000000227e-04
-3.600000000000000227e-04
-3.600000000000000227e-04
-3.600000000000000227e-04
-3.600000000000000227e-04
-3.600000000000000227e-04
-3.600000000000000227e-04
-3.600000000000000227e-04
-3.600000000000000227e-04
-3.600000000000000227e-04
-3.600000000000000227e-04
-3.600000000000000227e-04
-3.600000000000000227e-04
-3.600000000000000227e-04
-3.600000000000000227e-04
-3.600000000000000227e-04
-3.600000000000000227e-04
-3.600000000000000227e-04
-3.600000000000000227e-04
-3.600000000000000227e-04
-3.600000000000000227e-04
-3.600000000000000227e-04
-3.600000000000000227e-04
-3.600000000000000227e-04
-3.600000000000000227e-04
-3.600000000000000227e-04
-3.600000000000000227e-04
-3.600000000000000227e-04
-3.600000000000000227e-04
-3.600000000000000227e-04
-3.600000000000000227e-04
-3.600000000000000227e-04
-3.600000000000000227e-04
-3.600000000000000227e-04
-3.600000000000000227e-04
-3.600000000000000227e-04
-3.600000000000000227e-04
-3.600000000000000227e-04
-3.600000000000000227e-04
-3.600000000000000227e-04
-3.600000000000000227e-04
-3.600000000000000227e-04
-3.600000000000000227e-04
-3.600000000000000227e-04
-3.600000000000000227e-04
-3.600000000000000227e-04
-3.600000000000000227e-04
-3.600000000000000227e-04
-3.600000000000000227e-04
-3.600000000000000227e-04
-3.600000000000000227e-04
-3.600000000000000227e-04
-3.600000000000000227e-04
-3.600000000000000227e-04
-3.600000000000000227e-04
-3.600000000000000227e-04
-3.600000000000000227e-04
-3.600000000000000227e-04
-3.600000000000000227e-04
-3.600000000000000227e-04
-3.600000000000000227e-04
-3.600000000000000227e-04
-3.600000000000000227e-04
-3.600000000000000227e-04
-3.600000000000000227e-04
-3.600000000000000227e-04
-3.600000000000000227e-04
-3.600000000000000227e-04
-3.600000000000000227e-04
-3.600000000000000227e-04
-3.600000000000000227e-04
-3.600000000000000227e-04
-3.600000000000000227e-04
-3.600000000000000227e-04
-3.600000000000000227e-04
-3.600000000000000227e-04
-3.600000000000000227e-04
-3.600000000000000227e-04
-3.600000000000000227e-04
-3.600000000000000227e-04
-3.600000000000000227e-04
-3.600000000000000227e-04
-3.600000000000000227e-04
-3.600000000000000227e-04
-3.600000000000000227e-04
-3.600000000000000227e-04
-3.600000000000000227e-04
-3.600000000000000227e-04
-3.600000000000000227e-04
-3.600000000000000227e-04
-3.600000000000000227e-04
-3.600000000000000227e-04
-3.600000000000000227e-04
-3.600000000000000227e-04
-3.600000000000000227e-04
-3.600000000000000227e-04
-3.600000000000000227e-04
-3.600000000000000227e-04
-3.600000000000000227e-04
-3.600000000000000227e-04
-3.600000000000000227e-04
-3.600000000000000227e-04
-3.600000000000000227e-04
-3.600000000000000227e-04
-3.600000000000000227e-04
-3.600000000000000227e-04
-3.600000000000000227e-04
-3.600000000000000227e-04
-3.600000000000000227e-04
-3.600000000000000227e-04
-3.600000000000000227e-04
-3.600000000000000227e-04
-3.600000000000000227e-04
-3.600000000000000227e-04
-3.600000000000000227e-04
-3.600000000000000227e-04
-3.600000000000000227e-04
-3.600000000000000227e-04
-3.600000000000000227e-04
-3.600000000000000227e-04
-3.600000000000000227e-04
-3.600000000000000227e-04
-3.600000000000000227e-04
-3.600000000000000227e-04
-3.600000000000000227e-04
-3.600000000000000227e-04
-3.600000000000000227e-04
-3.600000000000000227e-04
-3.600000000000000227e-04
-3.600000000000000227e-04
-3.600000000000000227e-04
-3.600000000000000227e-04
-3.600000000000000227e-04
-3.600000000000000227e-04
-3.600000000000000227e-04
-3.600000000000000227e-04
-3.600000000000000227e-04
-3.600000000000000227e-04
-3.600000000000000227e-04
-3.600000000000000227e-04
-3.600000000000000227e-04
-3.600000000000000227e-04
-3.600000000000000227e-04
-3.600000000000000227e-04
-3.600000000000000227e-04
-3.600000000000000227e-04
-3.600000000000000227e-04
-3.600000000000000227e-04
-3.600000000000000227e-04
-3.600000000000000227e-04
-3.600000000000000227e-04
-3.600000000000000227e-04
-3.600000000000000227e-04
-3.600000000000000227e-04
-3.600000000000000227e-04
-3.600000000000000227e-04
-3.600000000000000227e-04
-3.600000000000000227e-04
-3.600000000000000227e-04
-3.600000000000000227e-04
-3.600000000000000227e-04
-3.600000000000000227e-04
-3.600000000000000227e-04
-3.600000000000000227e-04
-3.600000000000000227e-04
-3.600000000000000227e-04
-3.600000000000000227e-04
-3.600000000000000227e-04
-3.600000000000000227e-04
-3.600000000000000227e-04
-3.600000000000000227e-04
-3.600000000000000227e-04
-3.600000000000000227e-04
-3.600000000000000227e-04
-3.600000000000000227e-04
-3.600000000000000227e-04
-3.600000000000000227e-04
-3.600000000000000227e-04
-3.600000000000000227e-04
-3.600000000000000227e-04
-3.600000000000000227e-04
-3.600000000000000227e-04
-3.600000000000000227e-04
-3.600000000000000227e-04
-3.600000000000000227e-04
-3.600000000000000227e-04
-3.600000000000000227e-04
-3.600000000000000227e-04
-3.600000000000000227e-04
-3.600000000000000227e-04
-3.600000000000000227e-04
-3.600000000000000227e-04
-3.600000000000000227e-04
-3.600000000000000227e-04
-3.600000000000000227e-04
-3.600000000000000227e-04
-3.600000000000000227e-04
-3.600000000000000227e-04
-3.600000000000000227e-04
-3.600000000000000227e-04
-3.600000000000000227e-04
-3.600000000000000227e-04
-3.600000000000000227e-04
-3.600000000000000227e-04
-3.600000000000000227e-04
-3.600000000000000227e-04
-3.600000000000000227e-04
-3.600000000000000227e-04
-3.600000000000000227e-04
-3.600000000000000227e-04
-3.600000000000000227e-04
-3.600000000000000227e-04
-3.600000000000000227e-04
-3.600000000000000227e-04
-3.600000000000000227e-04
-3.600000000000000227e-04
-3.600000000000000227e-04
-3.600000000000000227e-04
-3.600000000000000227e-04
-3.600000000000000227e-04
-3.600000000000000227e-04
-3.600000000000000227e-04
-3.600000000000000227e-04
-3.600000000000000227e-04
-3.600000000000000227e-04
-3.600000000000000227e-04
-3.600000000000000227e-04
-3.600000000000000227e-04
-3.600000000000000227e-04
-3.600000000000000227e-04
-3.600000000000000227e-04
-3.600000000000000227e-04
-3.600000000000000227e-04
-3.600000000000000227e-04
-3.600000000000000227e-04
-3.600000000000000227e-04
-3.600000000000000227e-04
-3.600000000000000227e-04
-3.600000000000000227e-04
-3.600000000000000227e-04
-3.600000000000000227e-04
-3.600000000000000227e-04
-3.600000000000000227e-04
-3.600000000000000227e-04
-3.600000000000000227e-04
-3.600000000000000227e-04
-3.600000000000000227e-04
-3.600000000000000227e-04
-3.600000000000000227e-04
-3.600000000000000227e-04
-3.600000000000000227e-04
-3.600000000000000227e-04
-3.600000000000000227e-04
-3.600000000000000227e-04
-3.600000000000000227e-04
-3.600000000000000227e-04
-3.600000000000000227e-04
-3.600000000000000227e-04
-3.600000000000000227e-04
-3.600000000000000227e-04
-3.600000000000000227e-04
-3.600000000000000227e-04
-3.600000000000000227e-04
-3.600000000000000227e-04
-3.600000000000000227e-04
-3.600000000000000227e-04
-3.600000000000000227e-04
-3.600000000000000227e-04
-3.600000000000000227e-04
-3.600000000000000227e-04
-3.600000000000000227e-04
-3.600000000000000227e-04
-3.600000000000000227e-04
-3.600000000000000227e-04
-3.600000000000000227e-04
-3.600000000000000227e-04
-3.600000000000000227e-04
-3.600000000000000227e-04
-3.600000000000000227e-04
-3.600000000000000227e-04
-3.600000000000000227e-04
-3.600000000000000227e-04
-3.600000000000000227e-04
-3.600000000000000227e-04
-3.600000000000000227e-04
-3.600000000000000227e-04
-3.600000000000000227e-04
-3.600000000000000227e-04
-3.600000000000000227e-04
-3.600000000000000227e-04
-3.600000000000000227e-04
-3.600000000000000227e-04
-3.600000000000000227e-04
-3.600000000000000227e-04
-3.600000000000000227e-04
-3.600000000000000227e-04
-3.600000000000000227e-04
-3.600000000000000227e-04
-3.600000000000000227e-04
-3.600000000000000227e-04
-3.600000000000000227e-04
-3.600000000000000227e-04
-3.600000000000000227e-04
-3.600000000000000227e-04
-3.600000000000000227e-04
-3.600000000000000227e-04
-3.600000000000000227e-04
-3.600000000000000227e-04
-3.600000000000000227e-04
-3.600000000000000227e-04
-3.600000000000000227e-04
-3.600000000000000227e-04
-3.600000000000000227e-04
-3.600000000000000227e-04
-3.600000000000000227e-04
-3.600000000000000227e-04
-3.600000000000000227e-04
-3.600000000000000227e-04
-3.600000000000000227e-04
-3.600000000000000227e-04
-3.600000000000000227e-04
-3.600000000000000227e-04
-3.600000000000000227e-04
-3.600000000000000227e-04
-3.600000000000000227e-04
-3.600000000000000227e-04
-3.600000000000000227e-04
-3.600000000000000227e-04
-3.600000000000000227e-04
-3.600000000000000227e-04
-3.600000000000000227e-04
-3.600000000000000227e-04
-3.600000000000000227e-04
-3.600000000000000227e-04
-3.600000000000000227e-04
-3.600000000000000227e-04
-3.600000000000000227e-04
-3.600000000000000227e-04
-3.600000000000000227e-04
-3.600000000000000227e-04
-3.600000000000000227e-04
-3.600000000000000227e-04
-3.600000000000000227e-04
-3.600000000000000227e-04
-3.600000000000000227e-04
-3.600000000000000227e-04
-3.600000000000000227e-04
-3.600000000000000227e-04
-3.600000000000000227e-04
-3.600000000000000227e-04
-3.600000000000000227e-04
-3.600000000000000227e-04
-3.600000000000000227e-04
-3.600000000000000227e-04
-3.600000000000000227e-04
-3.600000000000000227e-04
-3.600000000000000227e-04
-3.600000000000000227e-04
-3.600000000000000227e-04
-3.600000000000000227e-04
-3.600000000000000227e-04
-3.600000000000000227e-04
-3.600000000000000227e-04
-3.600000000000000227e-04
-3.600000000000000227e-04
-3.600000000000000227e-04
-3.600000000000000227e-04
-3.600000000000000227e-04
-3.600000000000000227e-04
-3.600000000000000227e-04
-3.600000000000000227e-04
-3.600000000000000227e-04
-3.600000000000000227e-04
-3.600000000000000227e-04
-3.600000000000000227e-04
-3.600000000000000227e-04
-3.600000000000000227e-04
-3.600000000000000227e-04
-3.600000000000000227e-04
-3.600000000000000227e-04
-3.600000000000000227e-04
-3.600000000000000227e-04
-3.600000000000000227e-04
-3.600000000000000227e-04
-3.600000000000000227e-04
-3.600000000000000227e-04
-3.600000000000000227e-04
-3.600000000000000227e-04
-3.600000000000000227e-04
-3.600000000000000227e-04
-3.600000000000000227e-04
-3.600000000000000227e-04
-3.600000000000000227e-04
-3.600000000000000227e-04
-3.600000000000000227e-04
-3.600000000000000227e-04
-3.600000000000000227e-04
-3.600000000000000227e-04
-3.600000000000000227e-04
-3.600000000000000227e-04
-3.600000000000000227e-04
-3.600000000000000227e-04
-3.600000000000000227e-04
-3.600000000000000227e-04
-3.600000000000000227e-04
-3.600000000000000227e-04
-3.600000000000000227e-04
-3.600000000000000227e-04
-3.600000000000000227e-04
-3.600000000000000227e-04
-3.600000000000000227e-04
-3.600000000000000227e-04
-3.600000000000000227e-04
-3.600000000000000227e-04
-3.600000000000000227e-04
-3.600000000000000227e-04
-3.600000000000000227e-04
-3.600000000000000227e-04
-3.600000000000000227e-04
-3.600000000000000227e-04
-3.600000000000000227e-04
-3.600000000000000227e-04
-3.600000000000000227e-04
-3.600000000000000227e-04
-3.600000000000000227e-04
-3.600000000000000227e-04
-3.600000000000000227e-04
-3.600000000000000227e-04
-3.600000000000000227e-04
-3.600000000000000227e-04
-3.600000000000000227e-04
-3.600000000000000227e-04
-3.600000000000000227e-04
-3.600000000000000227e-04
-3.600000000000000227e-04
-3.600000000000000227e-04
-3.600000000000000227e-04
-3.600000000000000227e-04
-3.600000000000000227e-04
-3.600000000000000227e-04
-3.600000000000000227e-04
-3.600000000000000227e-04
-3.600000000000000227e-04
-3.600000000000000227e-04
-3.600000000000000227e-04
-3.600000000000000227e-04
-3.600000000000000227e-04
-3.600000000000000227e-04
-3.600000000000000227e-04
-3.600000000000000227e-04
-3.600000000000000227e-04
-3.600000000000000227e-04
-3.600000000000000227e-04
-3.600000000000000227e-04
-3.600000000000000227e-04
-3.600000000000000227e-04
-3.600000000000000227e-04
-3.600000000000000227e-04
-3.600000000000000227e-04
-3.600000000000000227e-04
-3.600000000000000227e-04
-3.600000000000000227e-04
