4.434981000000000085e-05
4.437216999999999973e-05
4.439451999999999792e-05
4.440196999999999731e-05
4.440569000000000005e-05
4.439824000000000065e-05
4.438706999999999852e-05
4.436470999999999964e-05
4.433863999999999872e-05
4.431255999999999710e-05
4.428275999999999952e-05
4.425296000000000194e-05
4.422314999999999688e-05
4.418963000000000334e-05
4.415981999999999828e-05
4.412629999999999797e-05
4.409276999999999695e-05
4.405551999999999998e-05
4.401081000000000291e-05
4.395866000000000037e-05
4.389904999999999773e-05
4.383571999999999913e-05
4.376494000000000114e-05
4.369416000000000315e-05
4.361966000000000243e-05
4.354515000000000100e-05
4.347809999999999967e-05
4.341477000000000107e-05
4.334770999999999904e-05
4.328438000000000045e-05
4.321732999999999911e-05
4.315400000000000052e-05
4.308693999999999849e-05
4.302360999999999989e-05
4.295655999999999856e-05
4.289322999999999996e-05
4.282990000000000137e-05
4.276283999999999934e-05
4.269206000000000135e-05
4.262128000000000336e-05
4.254677000000000193e-05
4.247227000000000120e-05
4.239775999999999978e-05
4.232698000000000179e-05
4.225248000000000106e-05
4.217796999999999963e-05
4.210345999999999821e-05
4.202523000000000082e-05
4.194699999999999666e-05
4.186505000000000331e-05
4.178309000000000249e-05
4.170485999999999833e-05
4.162663000000000094e-05
4.154839999999999678e-05
4.147761999999999879e-05
4.140683000000000010e-05
4.133232999999999937e-05
4.126155000000000138e-05
4.119076999999999662e-05
4.111253999999999923e-05
4.103431000000000184e-05
4.095235000000000102e-05
4.087411999999999686e-05
4.078844000000000008e-05
4.070647999999999926e-05
4.062451999999999844e-05
4.053884000000000166e-05
4.046060999999999749e-05
4.038238000000000011e-05
4.031160000000000212e-05
4.023709000000000069e-05
4.016631000000000270e-05
4.009926000000000137e-05
4.003219999999999934e-05
3.996142000000000135e-05
3.989809000000000275e-05
3.983104000000000142e-05
3.975652999999999999e-05
3.968202999999999927e-05
3.961124000000000058e-05
3.952929000000000046e-05
3.945106000000000307e-05
3.936910000000000225e-05
3.929086999999999809e-05
3.920890999999999726e-05
3.913067999999999988e-05
3.904872999999999976e-05
3.897049000000000167e-05
3.889599000000000095e-05
3.882521000000000295e-05
3.875815000000000092e-05
3.869854999999999899e-05
3.863894000000000313e-05
3.858305999999999715e-05
3.852718999999999865e-05
3.846758000000000279e-05
3.841169999999999681e-05
3.834836999999999822e-05
3.828131999999999688e-05
3.821426000000000163e-05
3.813975000000000020e-05
3.806152000000000282e-05
3.797583999999999926e-05
3.789016000000000248e-05
3.780447999999999892e-05
3.771506999999999871e-05
3.762939000000000193e-05
3.755115999999999776e-05
3.746919999999999694e-05
3.739470000000000299e-05
3.732019000000000157e-05
3.724569000000000084e-05
3.717490000000000215e-05
3.710411999999999738e-05
3.703333999999999939e-05
3.697001000000000079e-05
3.691413000000000159e-05
3.685826000000000309e-05
3.680609999999999985e-05
3.675394999999999731e-05
3.670179000000000085e-05
3.664963999999999830e-05
3.659375999999999910e-05
3.653787999999999990e-05
3.648200000000000070e-05
3.642239999999999877e-05
3.636651999999999956e-05
3.631064000000000036e-05
3.625102999999999773e-05
3.618769999999999913e-05
3.612437000000000054e-05
3.606104000000000194e-05
3.599771000000000334e-05
3.593066000000000201e-05
3.586732999999999664e-05
3.580027000000000139e-05
3.573322000000000005e-05
3.566989000000000146e-05
3.560282999999999943e-05
3.553950000000000083e-05
3.547244999999999950e-05
3.540538999999999747e-05
3.533834000000000291e-05
3.527500999999999754e-05
3.520795000000000229e-05
3.514090000000000096e-05
3.507757000000000236e-05
3.501051000000000033e-05
3.494718000000000173e-05
3.488385000000000314e-05
3.482425000000000120e-05
3.476092000000000260e-05
3.469758999999999723e-05
3.463425999999999864e-05
3.457093000000000004e-05
3.450386999999999801e-05
3.444053999999999941e-05
3.437348999999999808e-05
3.431015999999999949e-05
3.424683000000000089e-05
3.418350000000000229e-05
3.412016999999999692e-05
3.406056000000000106e-05
3.399723000000000247e-05
3.393763000000000053e-05
3.387801999999999789e-05
3.381842000000000273e-05
3.375881000000000010e-05
3.369920999999999816e-05
3.363960000000000230e-05
3.358000000000000037e-05
3.351667000000000177e-05
3.345706999999999983e-05
3.339745999999999720e-05
3.333412999999999860e-05
3.327452999999999666e-05
3.321492000000000080e-05
3.315159000000000221e-05
3.309199000000000027e-05
3.302492999999999824e-05
3.296533000000000308e-05
3.290199999999999771e-05
3.283866999999999911e-05
3.277534000000000052e-05
3.270827999999999849e-05
3.264494999999999989e-05
3.258534999999999795e-05
3.252201999999999936e-05
3.246614000000000016e-05
3.241026000000000096e-05
3.235438000000000176e-05
3.229476999999999912e-05
3.223516999999999718e-05
3.217557000000000202e-05
3.211223999999999665e-05
3.205263000000000079e-05
3.198930000000000219e-05
3.192596999999999682e-05
3.186637000000000166e-05
3.181049000000000246e-05
3.175461000000000326e-05
3.169872999999999728e-05
3.164657000000000082e-05
3.159815000000000171e-05
3.154227000000000251e-05
3.149010999999999927e-05
3.143423000000000007e-05
3.137462999999999813e-05
3.131129999999999954e-05
3.124423999999999751e-05
3.117719000000000295e-05
3.110640999999999818e-05
3.103935000000000293e-05
3.096856999999999816e-05
3.090523999999999957e-05
3.084191000000000097e-05
3.078603000000000177e-05
3.073015000000000257e-05
3.067427000000000337e-05
3.062212000000000083e-05
3.056996999999999829e-05
3.051781000000000182e-05
3.046181999999999831e-05
3.041338999999999851e-05
3.035750999999999931e-05
3.030163000000000011e-05
3.024202000000000086e-05
3.018986999999999832e-05
3.013398999999999912e-05
3.008183999999999996e-05
3.002596000000000076e-05
2.997380000000000091e-05
2.992164999999999837e-05
2.986576999999999917e-05
2.981360999999999931e-05
2.976146000000000016e-05
2.970186000000000161e-05
2.964969999999999837e-05
2.959009999999999982e-05
2.953049000000000057e-05
2.946715999999999859e-05
2.939638000000000060e-05
2.932187999999999987e-05
2.924736999999999845e-05
2.916914000000000106e-05
2.910207999999999903e-05
2.903130000000000104e-05
2.896796999999999906e-05
2.890464000000000046e-05
2.884503999999999852e-05
2.878170999999999993e-05
2.871838000000000133e-05
2.865876999999999870e-05
2.859544000000000010e-05
2.853584000000000155e-05
2.848368999999999901e-05
2.842780999999999981e-05
2.837193000000000061e-05
2.832350000000000080e-05
2.827134000000000095e-05
2.821918999999999841e-05
2.817448999999999865e-05
2.811860999999999945e-05
2.806644999999999960e-05
2.801057000000000040e-05
2.794723999999999841e-05
2.788019000000000047e-05
2.780940999999999909e-05
2.773863000000000110e-05
2.767156999999999907e-05
2.759706999999999834e-05
2.753000999999999970e-05
2.745922999999999832e-05
2.739218000000000037e-05
2.732884999999999839e-05
2.726923999999999914e-05
2.721335999999999994e-05
2.716121000000000079e-05
2.711278000000000098e-05
2.706808000000000122e-05
2.702337000000000077e-05
2.698239000000000036e-05
2.694887000000000004e-05
2.691533999999999902e-05
2.687808999999999866e-05
2.683338000000000159e-05
2.678867999999999845e-05
2.674397999999999869e-05
2.669554999999999888e-05
2.664338999999999903e-05
2.659495999999999922e-05
2.653908000000000002e-05
2.648321000000000152e-05
2.643105000000000167e-05
2.637889999999999913e-05
2.632673999999999927e-05
2.628203999999999951e-05
2.623733999999999976e-05
2.619262999999999930e-05
2.614792999999999954e-05
2.609576999999999969e-05
2.604362000000000053e-05
2.598401999999999860e-05
2.592813999999999940e-05
2.586108000000000075e-05
2.579774999999999877e-05
2.573070000000000083e-05
2.566736999999999884e-05
2.560404000000000025e-05
2.554443000000000100e-05
2.548854999999999841e-05
2.543266999999999921e-05
2.538423999999999940e-05
2.533582000000000030e-05
2.528739000000000049e-05
2.523523000000000064e-05
2.517935000000000144e-05
2.512346999999999885e-05
2.506758999999999965e-05
2.501544000000000049e-05
2.496329000000000134e-05
2.492231000000000093e-05
2.487388000000000112e-05
2.483290000000000071e-05
2.479565000000000035e-05
2.475839999999999999e-05
2.471741999999999958e-05
2.467643999999999917e-05
2.463545999999999876e-05
2.459447999999999835e-05
2.455350000000000132e-05
2.451625000000000096e-05
2.447900000000000060e-05
2.444175000000000023e-05
2.440448999999999917e-05
2.436723999999999881e-05
2.433371000000000118e-05
2.429646000000000082e-05
2.425548000000000040e-05
2.422194999999999939e-05
2.417353000000000028e-05
2.412510000000000048e-05
2.406922000000000128e-05
2.401333999999999869e-05
2.395372999999999944e-05
2.388668000000000150e-05
2.381961999999999947e-05
2.375629000000000087e-05
2.369295999999999889e-05
2.362218000000000089e-05
2.355884999999999891e-05
2.349552000000000032e-05
2.344337000000000116e-05
2.339866000000000070e-05
2.335024000000000160e-05
2.330926000000000119e-05
2.327200000000000012e-05
2.323474999999999976e-05
2.319749999999999940e-05
2.316024999999999903e-05
2.312672000000000141e-05
2.309692000000000044e-05
2.306710999999999877e-05
2.303358999999999845e-05
2.300378000000000017e-05
2.297025999999999986e-05
2.293672999999999884e-05
2.290320000000000122e-05
2.286595000000000085e-05
2.282870000000000049e-05
2.278399000000000003e-05
2.273929000000000027e-05
2.269086000000000047e-05
2.263871000000000131e-05
2.258282999999999872e-05
2.252694999999999952e-05
2.246734000000000028e-05
2.240773999999999834e-05
2.234440999999999974e-05
2.228480000000000050e-05
2.222519999999999856e-05
2.216931999999999936e-05
2.211715999999999951e-05
2.206501000000000035e-05
2.200913000000000115e-05
2.195697999999999861e-05
2.191227000000000154e-05
2.186011999999999900e-05
2.181541999999999924e-05
2.177443999999999883e-05
2.173345999999999842e-05
2.168875999999999866e-05
2.164778000000000164e-05
2.160680000000000123e-05
2.156582000000000082e-05
2.152857000000000045e-05
2.148014000000000065e-05
2.143171000000000084e-05
2.138701000000000108e-05
2.133858000000000128e-05
2.128642999999999874e-05
2.123426999999999888e-05
2.118583999999999908e-05
2.114113999999999932e-05
2.109270999999999951e-05
2.104056000000000036e-05
2.099213000000000055e-05
2.094742000000000010e-05
2.089899000000000029e-05
2.085057000000000119e-05
2.080586000000000073e-05
2.076116000000000097e-05
2.070900999999999843e-05
2.065684999999999857e-05
2.061214999999999882e-05
2.057116999999999841e-05
2.053764000000000078e-05
2.050410999999999976e-05
2.047058999999999945e-05
2.044078000000000117e-05
2.041471000000000025e-05
2.039235999999999867e-05
2.036999999999999979e-05
2.035510000000000100e-05
2.034019999999999882e-05
2.032530000000000003e-05
2.029921999999999841e-05
2.026942000000000083e-05
2.023961999999999986e-05
2.021354000000000163e-05
2.018746000000000001e-05
2.015020999999999964e-05
2.010550999999999989e-05
2.006079999999999943e-05
2.001238000000000032e-05
1.996022000000000047e-05
1.989688999999999848e-05
1.983355999999999989e-05
1.977396000000000134e-05
1.972553000000000153e-05
1.967709999999999834e-05
1.962866999999999854e-05
1.958023999999999873e-05
1.953553999999999897e-05
1.950201000000000134e-05
1.946476000000000098e-05
1.942751000000000062e-05
1.939024999999999955e-05
1.935299999999999919e-05
1.931574999999999883e-05
1.927476999999999842e-05
1.923752000000000144e-05
1.920026000000000038e-05
1.915927999999999997e-05
1.911831000000000026e-05
1.907359999999999980e-05
1.903261999999999939e-05
1.899536999999999903e-05
1.895811999999999866e-05
1.892087000000000169e-05
1.888361000000000062e-05
1.884263000000000021e-05
1.880537999999999985e-05
1.876439999999999944e-05
1.872342999999999973e-05
1.868244999999999932e-05
1.863401999999999951e-05
1.858931999999999975e-05
1.854460999999999930e-05
1.849246000000000014e-05
1.844774999999999968e-05
1.839933000000000058e-05
1.835462000000000012e-05
1.831363999999999971e-05
1.827267000000000000e-05
1.823168999999999959e-05
1.818697999999999913e-05
1.813854999999999932e-05
1.809013000000000022e-05
1.804170000000000041e-05
1.798954000000000056e-05
1.794484000000000080e-05
1.789641000000000100e-05
1.785543000000000058e-05
1.781073000000000083e-05
1.777348000000000046e-05
1.773250000000000005e-05
1.769896999999999904e-05
1.766544000000000141e-05
1.763564000000000044e-05
1.759839000000000008e-05
1.756112999999999901e-05
1.752015999999999930e-05
1.747917999999999889e-05
1.743074999999999909e-05
1.738604999999999933e-05
1.734879000000000165e-05
1.730781999999999856e-05
1.727429000000000093e-05
1.724448999999999996e-05
1.721095999999999894e-05
1.717743000000000132e-05
1.713645000000000091e-05
1.709920000000000054e-05
1.705822000000000013e-05
1.700979000000000033e-05
1.696136000000000052e-05
1.690921000000000137e-05
1.685705999999999883e-05
1.680489999999999897e-05
1.674901999999999977e-05
1.670058999999999997e-05
1.665589000000000021e-05
1.661490999999999980e-05
1.657392999999999939e-05
1.653294999999999898e-05
1.649942999999999866e-05
1.646590000000000103e-05
1.643237000000000002e-05
1.639883999999999900e-05
1.636904000000000142e-05
1.632806000000000101e-05
1.629081000000000065e-05
1.625356000000000028e-05
1.621257999999999987e-05
1.616788000000000011e-05
1.612689999999999970e-05
1.608964999999999934e-05
1.605239000000000167e-05
1.600395999999999847e-05
1.595925999999999871e-05
1.591828000000000169e-05
1.588103000000000133e-05
1.584005000000000092e-05
1.579907000000000051e-05
1.575437000000000075e-05
1.571339000000000034e-05
1.567240999999999993e-05
1.562771000000000017e-05
1.557928000000000036e-05
1.553829999999999995e-05
1.550476999999999894e-05
1.548242000000000075e-05
1.545634999999999983e-05
1.543399000000000095e-05
1.540792000000000003e-05
1.538556999999999845e-05
1.536320999999999957e-05
1.534086000000000138e-05
1.530733000000000037e-05
1.526636000000000066e-05
1.522904000000000048e-05
1.519179000000000011e-05
1.515453999999999975e-05
1.511728999999999939e-05
1.507258000000000062e-05
1.503533000000000026e-05
1.500179999999999924e-05
1.497573000000000002e-05
1.495709999999999949e-05
1.493474999999999961e-05
1.490122000000000029e-05
1.485652000000000053e-05
1.481554000000000012e-05
1.477082999999999966e-05
1.472985999999999995e-05
1.468887999999999954e-05
1.464417000000000077e-05
1.460319999999999937e-05
1.456594000000000000e-05
1.453241999999999968e-05
1.450260999999999971e-05
1.446535999999999935e-05
1.442811000000000068e-05
1.439830999999999971e-05
1.436478000000000039e-05
1.432751999999999932e-05
1.428654999999999961e-05
1.424929000000000024e-05
1.421203999999999988e-05
1.416734000000000012e-05
1.412635999999999971e-05
1.408910999999999935e-05
1.404440000000000058e-05
1.400342000000000017e-05
1.396616999999999981e-05
1.393264000000000049e-05
1.390283999999999952e-05
1.387304000000000025e-05
1.384696000000000032e-05
1.382461000000000044e-05
1.380226000000000056e-05
1.377245999999999959e-05
1.375010000000000071e-05
1.372775000000000083e-05
1.370539999999999926e-05
1.367931999999999933e-05
1.365325000000000010e-05
1.363090000000000022e-05
1.360482000000000030e-05
1.358247000000000042e-05
1.355266000000000044e-05
1.353031000000000057e-05
1.350423999999999964e-05
1.347442999999999967e-05
1.344836000000000044e-05
1.341855000000000047e-05
1.339247999999999955e-05
1.336639999999999962e-05
1.334404999999999974e-05
1.332169999999999986e-05
1.329933999999999929e-05
1.327327000000000006e-05
1.325463999999999953e-05
1.323601000000000069e-05
1.321366000000000081e-05
1.319130999999999924e-05
1.316895999999999936e-05
1.314660999999999948e-05
1.312052999999999955e-05
1.309817999999999967e-05
1.307582999999999979e-05
1.304974999999999987e-05
1.303111999999999934e-05
1.300876999999999946e-05
1.298641999999999958e-05
1.296406999999999970e-05
1.294543999999999917e-05
1.292308999999999929e-05
1.290073999999999941e-05
1.288211000000000057e-05
1.285976000000000069e-05
1.284113000000000016e-05
1.282251000000000033e-05
1.280760999999999984e-05
1.278897999999999931e-05
1.277035000000000048e-05
1.275173000000000064e-05
1.272938000000000076e-05
1.271075000000000023e-05
1.269584999999999975e-05
1.267349999999999987e-05
1.265486999999999934e-05
1.263251999999999946e-05
1.261389000000000062e-05
1.259526000000000009e-05
1.257664000000000026e-05
1.255800999999999973e-05
1.253938999999999989e-05
1.252075999999999936e-05
1.250586000000000057e-05
1.248351000000000069e-05
1.246488000000000016e-05
1.244624999999999963e-05
1.242762999999999980e-05
1.240899999999999927e-05
1.239037000000000043e-05
1.237175000000000060e-05
1.235312000000000007e-05
1.233821999999999958e-05
1.232332000000000079e-05
1.230842000000000031e-05
1.229723999999999917e-05
1.228607000000000043e-05
1.227115999999999925e-05
1.225253999999999941e-05
1.224135999999999997e-05
1.222274000000000014e-05
1.221156000000000070e-05
1.219666000000000021e-05
1.218548000000000077e-05
1.216685999999999925e-05
1.215567999999999980e-05
1.214077999999999932e-05
1.212588000000000053e-05
1.211469999999999939e-05
1.210353000000000065e-05
1.209607999999999956e-05
1.208490000000000012e-05
1.207745000000000072e-05
1.207372000000000068e-05
1.206626999999999959e-05
1.206255000000000024e-05
1.206255000000000024e-05
1.205510000000000084e-05
1.205137000000000080e-05
1.204764999999999975e-05
1.204764999999999975e-05
1.204764999999999975e-05
1.204764999999999975e-05
1.204391999999999971e-05
1.204391999999999971e-05
1.203647000000000031e-05
1.203274999999999927e-05
1.202156999999999983e-05
1.200666999999999934e-05
1.199548999999999990e-05
1.198058999999999942e-05
1.196569000000000063e-05
1.195079000000000014e-05
1.193588999999999966e-05
1.192844000000000026e-05
1.191353999999999978e-05
1.190236000000000034e-05
1.188745999999999985e-05
1.187255999999999937e-05
1.186137999999999993e-05
1.184276000000000010e-05
1.182785000000000061e-05
1.180923000000000077e-05
1.179060000000000024e-05
1.177942999999999981e-05
1.176825000000000036e-05
1.176079999999999927e-05
1.176079999999999927e-05
1.176079999999999927e-05
1.176825000000000036e-05
1.177942999999999981e-05
1.179804999999999964e-05
1.181668000000000017e-05
1.184276000000000010e-05
1.186137999999999993e-05
1.188372999999999981e-05
1.190609000000000038e-05
1.192844000000000026e-05
1.194706000000000010e-05
1.196942000000000067e-05
1.198431999999999946e-05
1.199921999999999995e-05
1.201039000000000039e-05
1.203274999999999927e-05
1.204391999999999971e-05
1.205510000000000084e-05
1.206255000000000024e-05
1.206255000000000024e-05
1.206255000000000024e-05
1.206255000000000024e-05
1.206626999999999959e-05
1.208117000000000007e-05
1.209607999999999956e-05
1.211469999999999939e-05
1.212959999999999988e-05
1.214450000000000036e-05
1.215567999999999980e-05
1.215940999999999985e-05
1.216312999999999920e-05
1.216685999999999925e-05
1.217058000000000029e-05
1.217431000000000033e-05
1.217802999999999968e-05
1.218921000000000082e-05
1.219293000000000017e-05
1.220410999999999961e-05
1.222274000000000014e-05
1.223764000000000062e-05
1.225626000000000046e-05
1.227861999999999934e-05
1.229723999999999917e-05
1.231959000000000075e-05
1.234567000000000067e-05
1.237175000000000060e-05
1.239781999999999983e-05
1.242389999999999975e-05
1.245370000000000072e-05
1.248351000000000069e-05
1.250586000000000057e-05
1.253565999999999985e-05
1.255429000000000038e-05
1.257664000000000026e-05
1.259899000000000014e-05
1.261762000000000067e-05
1.263624000000000050e-05
1.265486999999999934e-05
1.266605000000000047e-05
1.267349999999999987e-05
1.268094999999999926e-05
1.268094999999999926e-05
1.267721999999999922e-05
1.266605000000000047e-05
1.265486999999999934e-05
1.263624000000000050e-05
1.262507000000000006e-05
1.261016999999999958e-05
1.259899000000000014e-05
1.259526000000000009e-05
1.258781000000000070e-05
1.258781000000000070e-05
1.259154000000000074e-05
1.259899000000000014e-05
1.260643999999999953e-05
1.262134000000000002e-05
1.263624000000000050e-05
1.266232000000000043e-05
1.268840000000000035e-05
1.271819999999999963e-05
1.275173000000000064e-05
1.278524999999999927e-05
1.282251000000000033e-05
1.285603999999999965e-05
1.288584000000000062e-05
1.291935999999999924e-05
1.294543999999999917e-05
1.297152000000000079e-05
1.299760000000000071e-05
1.302366999999999994e-05
1.304974999999999987e-05
1.307582999999999979e-05
1.310190000000000071e-05
1.312798000000000064e-05
1.315406000000000057e-05
1.318014000000000049e-05
1.320620999999999972e-05
1.323601000000000069e-05
1.325463999999999953e-05
1.327698999999999941e-05
1.329933999999999929e-05
1.332541999999999921e-05
1.335150000000000083e-05
1.337385000000000071e-05
1.339620000000000059e-05
1.342228000000000052e-05
1.344463000000000040e-05
1.346698000000000028e-05
1.349306000000000020e-05
1.351914000000000013e-05
1.355266000000000044e-05
1.358247000000000042e-05
1.361599000000000073e-05
1.364952000000000006e-05
1.368304999999999938e-05
1.372029999999999974e-05
1.375383000000000076e-05
1.378736000000000008e-05
1.381715999999999935e-05
1.384696000000000032e-05
1.387675999999999959e-05
1.390283999999999952e-05
1.393264000000000049e-05
1.396245000000000046e-05
1.398851999999999969e-05
1.401459999999999962e-05
1.404067999999999954e-05
1.407048000000000051e-05
1.409656000000000044e-05
1.412635999999999971e-05
1.415243999999999964e-05
1.418595999999999995e-05
1.421576999999999993e-05
1.424556999999999920e-05
1.427910000000000022e-05
1.431262000000000053e-05
1.434987999999999990e-05
1.438713000000000027e-05
1.442065999999999959e-05
1.445790999999999995e-05
1.449516000000000031e-05
1.453241999999999968e-05
1.456594000000000000e-05
1.460319999999999937e-05
1.464044999999999973e-05
1.467770000000000009e-05
1.471495000000000046e-05
1.475220999999999983e-05
1.478574000000000084e-05
1.481925999999999946e-05
1.485279000000000048e-05
1.488258999999999975e-05
1.491239999999999973e-05
1.494220000000000070e-05
1.496826999999999992e-05
1.499434999999999985e-05
1.502415000000000082e-05
1.505396000000000079e-05
1.508747999999999941e-05
1.512845999999999982e-05
1.516944000000000023e-05
1.521787000000000004e-05
1.526263000000000061e-05
1.530733000000000037e-05
1.535204000000000082e-05
1.538929000000000119e-05
1.542281999999999882e-05
1.546006999999999918e-05
1.548987000000000015e-05
1.552340000000000116e-05
1.554947999999999939e-05
1.557928000000000036e-05
1.560908000000000133e-05
1.563888999999999961e-05
1.567240999999999993e-05
1.571339000000000034e-05
1.575437000000000075e-05
1.578789999999999838e-05
1.581769999999999934e-05
1.583260000000000152e-05
1.583260000000000152e-05
1.583260000000000152e-05
1.583633000000000157e-05
1.583260000000000152e-05
1.584378000000000096e-05
1.585867999999999975e-05
1.587357999999999854e-05
1.589593000000000012e-05
1.593318000000000048e-05
1.597416000000000089e-05
1.602259000000000070e-05
1.608218999999999925e-05
1.614179999999999849e-05
1.618650000000000164e-05
1.623866000000000149e-05
1.629081000000000065e-05
1.633179000000000106e-05
1.635786999999999929e-05
1.637649000000000082e-05
1.640256999999999905e-05
1.643610000000000006e-05
1.646217000000000099e-05
1.647708000000000047e-05
1.650688000000000144e-05
1.654412999999999842e-05
1.657392999999999939e-05
1.660374000000000105e-05
1.664844000000000081e-05
1.671176999999999941e-05
1.678255000000000079e-05
1.683842999999999999e-05
1.686078000000000156e-05
1.685705999999999883e-05
1.684214999999999934e-05
1.683842999999999999e-05
1.685705999999999883e-05
1.689057999999999914e-05
1.692411000000000016e-05
1.692784000000000020e-05
1.688685999999999979e-05
1.681234999999999837e-05
1.670432000000000001e-05
1.659256000000000161e-05
1.651060000000000079e-05
1.647335000000000043e-05
1.649569999999999861e-05
1.658883000000000156e-05
1.673040000000000163e-05
1.689802999999999854e-05
1.706195000000000018e-05
1.718488000000000071e-05
1.725565999999999870e-05
1.728174000000000032e-05
1.728174000000000032e-05
1.728918999999999972e-05
1.732644000000000008e-05
1.740095000000000151e-05
1.750153000000000047e-05
1.760583999999999947e-05
1.768407000000000025e-05
1.771760000000000126e-05
1.769151999999999964e-05
1.762074000000000165e-05
1.753133000000000143e-05
1.745310000000000066e-05
1.740095000000000151e-05
1.737486999999999989e-05
1.735251999999999831e-05
1.732644000000000008e-05
1.726684000000000153e-05
1.716624999999999849e-05
1.702841999999999916e-05
1.685705999999999883e-05
1.668569000000000118e-05
1.654412999999999842e-05
1.646590000000000103e-05
1.645099999999999885e-05
1.649942999999999866e-05
1.659256000000000161e-05
1.669314000000000057e-05
1.677510000000000139e-05
1.683098000000000059e-05
1.686823000000000096e-05
1.690921000000000137e-05
1.696509000000000057e-05
1.703586999999999856e-05
1.712154999999999873e-05
1.718116000000000136e-05
1.721095999999999894e-05
1.721468000000000168e-05
1.720722999999999890e-05
1.720722999999999890e-05
1.723702999999999986e-05
1.728918999999999972e-05
1.735624000000000105e-05
1.741585000000000030e-05
1.744565000000000127e-05
1.745310000000000066e-05
1.745683000000000071e-05
1.747544999999999885e-05
1.750897999999999986e-05
1.755740999999999967e-05
1.760583999999999947e-05
1.762446000000000100e-05
1.760583999999999947e-05
1.754996000000000027e-05
1.746055000000000006e-05
1.734506999999999892e-05
1.722586000000000112e-05
1.712900000000000151e-05
1.706939999999999957e-05
1.706566999999999953e-05
1.712900000000000151e-05
1.725565999999999870e-05
1.744192999999999853e-05
1.768034000000000020e-05
1.796346999999999964e-05
1.827267000000000000e-05
1.860048999999999850e-05
1.892459000000000103e-05
1.922260999999999856e-05
1.947965999999999977e-05
1.967337000000000168e-05
1.978513000000000008e-05
1.980375999999999892e-05
1.973670000000000028e-05
1.960259000000000030e-05
1.943122999999999996e-05
1.925613999999999958e-05
1.909595000000000137e-05
1.895438999999999861e-05
1.880910999999999990e-05
1.866755000000000053e-05
1.852226000000000111e-05
1.839560000000000053e-05
1.830247000000000097e-05
1.823168999999999959e-05
1.817581000000000039e-05
1.812365000000000053e-05
1.808268000000000082e-05
1.805286999999999916e-05
1.802307000000000158e-05
1.799698999999999995e-05
1.797463999999999838e-05
1.795229000000000020e-05
1.792620999999999858e-05
1.790386000000000039e-05
1.788896000000000160e-05
1.787777999999999877e-05
1.787032999999999937e-05
1.787777999999999877e-05
1.788896000000000160e-05
1.790759000000000044e-05
1.793739000000000141e-05
1.797463999999999838e-05
1.801561999999999879e-05
1.806031999999999855e-05
1.810874999999999836e-05
1.814600999999999942e-05
1.818325999999999978e-05
1.821306000000000075e-05
1.823168999999999959e-05
1.823540999999999894e-05
1.823913999999999898e-05
1.823168999999999959e-05
1.822051000000000015e-05
1.821679000000000080e-05
1.821306000000000075e-05
1.821306000000000075e-05
1.822795999999999954e-05
1.825031000000000111e-05
1.827638999999999935e-05
1.830992000000000036e-05
1.835462000000000012e-05
1.840677999999999997e-05
1.845892999999999913e-05
1.852226000000000111e-05
1.858558999999999971e-05
1.863401999999999951e-05
1.867871999999999927e-05
1.872342999999999973e-05
1.877184999999999883e-05
1.880910999999999990e-05
1.884263000000000021e-05
1.888361000000000062e-05
1.892087000000000169e-05
1.895066999999999927e-05
1.897302000000000084e-05
1.900281999999999842e-05
1.904752999999999888e-05
1.909968000000000142e-05
1.914811000000000123e-05
1.917790999999999881e-05
1.918909000000000164e-05
1.918909000000000164e-05
1.920026000000000038e-05
1.922633999999999861e-05
1.925613999999999958e-05
1.928222000000000120e-05
1.931201999999999878e-05
1.934181999999999975e-05
1.938653000000000021e-05
1.944985999999999880e-05
1.951691000000000013e-05
1.956906999999999999e-05
1.959887000000000096e-05
1.961749999999999979e-05
1.963239999999999858e-05
1.964357000000000071e-05
1.964357000000000071e-05
1.963985000000000137e-05
1.963985000000000137e-05
1.963612000000000132e-05
1.963239999999999858e-05
1.962121999999999914e-05
1.961376999999999975e-05
1.961003999999999970e-05
1.959887000000000096e-05
1.958396999999999878e-05
1.957651999999999938e-05
1.958023999999999873e-05
1.958396999999999878e-05
1.959887000000000096e-05
1.962121999999999914e-05
1.965475000000000016e-05
1.969573000000000057e-05
1.973298000000000093e-05
1.978513000000000008e-05
1.984473999999999933e-05
1.990061999999999853e-05
1.996022000000000047e-05
2.002354999999999906e-05
2.007570999999999892e-05
2.013531000000000085e-05
2.018746000000000001e-05
2.022844000000000042e-05
2.026570000000000148e-05
2.029549999999999906e-05
2.032530000000000003e-05
2.035510000000000100e-05
2.039235999999999867e-05
2.043332999999999838e-05
2.048549000000000162e-05
2.053764000000000078e-05
2.058607000000000058e-05
2.063821999999999974e-05
2.067548000000000080e-05
2.071273000000000116e-05
2.074998000000000153e-05
2.078350999999999915e-05
2.082448999999999956e-05
2.086918999999999932e-05
2.091761999999999913e-05
2.097349999999999833e-05
2.103311000000000097e-05
2.110015999999999891e-05
2.117094000000000029e-05
2.124544999999999833e-05
2.131994999999999905e-05
2.140562999999999922e-05
2.148759000000000004e-05
2.157700000000000026e-05
2.167012999999999982e-05
2.176698999999999943e-05
2.186384999999999905e-05
2.196443000000000139e-05
2.206874000000000040e-05
2.217303999999999871e-05
2.227735000000000110e-05
2.238166000000000011e-05
2.248223999999999907e-05
2.258655000000000146e-05
2.267968000000000102e-05
2.277282000000000129e-05
2.285477000000000141e-05
2.292927999999999945e-05
2.300006000000000083e-05
2.306710999999999877e-05
2.313044000000000075e-05
2.319749999999999940e-05
2.326455000000000073e-05
2.333532999999999872e-05
2.340239000000000075e-05
2.346571999999999935e-05
2.353278000000000138e-05
2.359610999999999997e-05
2.365943999999999857e-05
2.372277000000000055e-05
2.378608999999999845e-05
2.384942000000000043e-05
2.390902999999999968e-05
2.396863000000000162e-05
2.402451000000000082e-05
2.408039000000000002e-05
2.413254999999999987e-05
2.418842999999999907e-05
2.424431000000000166e-05
2.429646000000000082e-05
2.434860999999999997e-05
2.439332000000000043e-05
2.443430000000000084e-05
2.447527000000000055e-05
2.450880000000000156e-05
2.454232999999999919e-05
2.457213000000000016e-05
2.460566000000000118e-05
2.463545999999999876e-05
2.466525999999999972e-05
2.468761999999999861e-05
2.470624000000000013e-05
2.472113999999999892e-05
2.473231999999999837e-05
2.473231999999999837e-05
2.473231999999999837e-05
2.472486999999999897e-05
2.470997000000000018e-05
2.469507000000000139e-05
2.467643999999999917e-05
2.466154000000000038e-05
2.464291000000000154e-05
2.462800999999999936e-05
2.460938000000000052e-05
2.459447999999999835e-05
2.457957999999999955e-05
2.456841000000000081e-05
2.455723000000000137e-05
2.454604999999999854e-05
2.454232999999999919e-05
2.453859999999999914e-05
2.453487999999999980e-05
2.453859999999999914e-05
2.454232999999999919e-05
2.454604999999999854e-05
2.455723000000000137e-05
2.457213000000000016e-05
2.459447999999999835e-05
2.461682999999999992e-05
2.463545999999999876e-05
2.465781000000000033e-05
2.468388999999999856e-05
2.471368999999999953e-05
2.474722000000000055e-05
2.477702000000000151e-05
2.481054999999999914e-05
2.484408000000000016e-05
2.487761000000000117e-05
2.490740999999999875e-05
2.493347999999999967e-05
2.496329000000000134e-05
2.500053999999999832e-05
2.504897000000000151e-05
2.511230000000000011e-05
2.519053000000000088e-05
2.527248999999999831e-05
2.535816999999999848e-05
2.543266999999999921e-05
2.550718000000000063e-05
2.557422999999999858e-05
2.564874000000000000e-05
2.572697000000000078e-05
2.581265000000000095e-05
2.590579000000000121e-05
2.599892000000000078e-05
2.609205000000000034e-05
2.618517999999999990e-05
2.627830999999999947e-05
2.637889999999999913e-05
2.648693000000000087e-05
2.660613999999999866e-05
2.673651999999999859e-05
2.687063999999999927e-05
2.700474999999999924e-05
2.713885999999999922e-05
2.727668999999999854e-05
2.742570000000000069e-05
2.758216999999999955e-05
2.774608000000000049e-05
2.790626999999999870e-05
2.806644999999999960e-05
2.823037000000000124e-05
2.839800000000000153e-05
2.856563999999999913e-05
2.874445999999999956e-05
2.891954999999999995e-05
2.909462999999999963e-05
2.926600000000000067e-05
2.943364000000000166e-05
2.959754999999999922e-05
2.975774000000000081e-05
2.992164999999999837e-05
3.008555999999999931e-05
3.026064999999999970e-05
3.043574000000000008e-05
3.061467000000000143e-05
3.078975999999999843e-05
3.096856999999999816e-05
3.113992999999999850e-05
3.131502000000000227e-05
3.148639000000000331e-05
3.165774999999999687e-05
3.182539000000000125e-05
3.198185000000000280e-05
3.213830999999999757e-05
3.228359999999999699e-05
3.242515999999999975e-05
3.256672000000000250e-05
3.270082999999999909e-05
3.283121999999999972e-05
3.295415000000000025e-05
3.306963000000000139e-05
3.318512000000000322e-05
3.328198000000000284e-05
3.338255999999999841e-05
3.347196999999999862e-05
3.355765000000000218e-05
3.363960000000000230e-05
3.371784000000000039e-05
3.378861999999999838e-05
3.386311999999999910e-05
3.393763000000000053e-05
3.400840999999999852e-05
3.408290999999999925e-05
3.415742000000000067e-05
3.423193000000000210e-05
3.431760999999999888e-05
3.440329000000000244e-05
3.450760000000000145e-05
3.461563000000000319e-05
3.473855999999999694e-05
3.486522000000000091e-05
3.498816000000000214e-05
3.511481999999999933e-05
3.524519999999999926e-05
3.537186000000000323e-05
3.550596999999999982e-05
3.564754000000000327e-05
3.579282000000000199e-05
3.594556000000000080e-05
3.609829999999999962e-05
3.626221000000000056e-05
3.643357000000000090e-05
3.661239000000000133e-05
3.679865000000000046e-05
3.698490999999999958e-05
3.718236000000000224e-05
3.739096999999999956e-05
3.759586000000000091e-05
3.780820000000000166e-05
3.802426999999999907e-05
3.824779000000000265e-05
3.847503000000000218e-05
3.870599999999999838e-05
3.893323999999999792e-05
3.915676000000000150e-05
3.938400000000000104e-05
3.962615000000000007e-05
3.988692000000000062e-05
4.015886000000000331e-05
4.043825999999999931e-05
4.071021000000000269e-05
4.098214999999999860e-05
4.126526999999999734e-05
4.155585000000000295e-05
4.184642000000000109e-05
4.212953999999999983e-05
4.239775999999999978e-05
4.263990999999999880e-05
4.286342000000000168e-05
4.306085999999999687e-05
4.324712999999999669e-05
4.342222000000000047e-05
4.360475999999999686e-05
4.380219999999999882e-05
4.402571000000000170e-05
4.427903000000000286e-05
4.457332999999999765e-05
4.490488000000000297e-05
4.527368999999999919e-05
4.566857000000000311e-05
4.609324999999999783e-05
4.651792999999999933e-05
4.694262000000000152e-05
4.734494999999999806e-05
4.771747999999999702e-05
4.804158000000000294e-05
4.831725000000000229e-05
4.853330999999999899e-05
4.869723000000000064e-05
4.880526000000000238e-05
4.886859000000000098e-05
4.889467000000000260e-05
4.889467000000000260e-05
4.887604000000000037e-05
4.885741999999999884e-05
4.884995999999999875e-05
4.886859000000000098e-05
4.893565000000000301e-05
4.905857999999999676e-05
4.924111999999999993e-05
4.946463999999999673e-05
4.972168000000000063e-05
4.997127999999999905e-05
5.020224000000000133e-05
5.041085999999999934e-05
5.061202999999999796e-05
5.082436999999999871e-05
5.104789000000000229e-05
5.128258000000000122e-05
5.149864999999999863e-05
5.169609000000000059e-05
5.188234999999999971e-05
5.206115999999999945e-05
5.223625000000000322e-05
5.238526999999999930e-05
5.250447000000000317e-05
5.260878000000000218e-05
5.270936999999999845e-05
5.279876999999999796e-05
5.286582999999999999e-05
5.292170999999999919e-05
5.298131000000000113e-05
5.307443999999999731e-05
5.318992999999999914e-05
5.330913999999999694e-05
5.342090000000000212e-05
5.351402999999999829e-05
5.360342999999999781e-05
5.369283999999999803e-05
5.378224999999999824e-05
5.385303000000000301e-05
5.389772999999999938e-05
5.392753999999999766e-05
5.394989000000000262e-05
5.396850999999999737e-05
5.397969000000000020e-05
5.399087000000000303e-05
5.399458999999999899e-05
5.399087000000000303e-05
5.398713999999999960e-05
5.398341000000000294e-05
5.397595999999999677e-05
5.395734000000000202e-05
5.393126000000000040e-05
5.392007999999999757e-05
5.389772999999999938e-05
5.387910999999999785e-05
5.386048000000000241e-05
5.384557999999999684e-05
5.383067999999999805e-05
5.382322999999999865e-05
5.383067999999999805e-05
5.383812999999999744e-05
5.386420999999999906e-05
5.389772999999999938e-05
5.392753999999999766e-05
5.396479000000000141e-05
5.400577000000000182e-05
5.404301999999999880e-05
5.407654999999999981e-05
5.411007000000000013e-05
5.414732999999999780e-05
5.418458000000000156e-05
5.423301000000000136e-05
5.427770999999999773e-05
5.433358999999999693e-05
5.438575000000000017e-05
5.444535000000000211e-05
5.450868000000000071e-05
5.457200999999999930e-05
5.463533999999999790e-05
5.469867000000000327e-05
5.475826999999999843e-05
5.481788000000000107e-05
5.487748000000000300e-05
5.492591000000000281e-05
5.497434000000000261e-05
5.501532000000000302e-05
5.505629999999999666e-05
5.508982999999999767e-05
5.511963000000000203e-05
5.513824999999999678e-05
5.515687999999999901e-05
5.516432999999999840e-05
5.516432999999999840e-05
5.516432999999999840e-05
5.515687999999999901e-05
5.513453000000000082e-05
5.511589999999999860e-05
5.508982999999999767e-05
5.506001999999999939e-05
5.502649999999999908e-05
5.497806999999999927e-05
5.493336000000000220e-05
5.487748000000000300e-05
5.482905999999999712e-05
5.478062999999999731e-05
5.472847000000000085e-05
5.468376999999999770e-05
5.463533999999999790e-05
5.459435999999999749e-05
5.456829000000000334e-05
5.455337999999999708e-05
5.455337999999999708e-05
5.456083000000000325e-05
5.457574000000000274e-05
5.460180999999999688e-05
5.463162000000000194e-05
5.466886999999999891e-05
5.470984999999999932e-05
5.475081999999999903e-05
5.479179999999999945e-05
5.481788000000000107e-05
5.481414999999999763e-05
5.478435000000000005e-05
5.474710000000000307e-05
5.472474999999999811e-05
5.474710000000000307e-05
5.479179999999999945e-05
5.484767999999999865e-05
5.488493000000000240e-05
5.488120999999999966e-05
5.482159999999999703e-05
5.469867000000000327e-05
5.451985999999999676e-05
5.428144000000000117e-05
5.399832000000000243e-05
5.367422000000000328e-05
5.332775999999999847e-05
5.295522999999999951e-05
5.257525000000000116e-05
5.219527999999999673e-05
5.182274999999999778e-05
5.145766999999999822e-05
5.111122000000000088e-05
5.078338999999999830e-05
5.049654000000000290e-05
5.026184999999999719e-05
5.009420999999999958e-05
5.000107999999999663e-05
4.999362999999999724e-05
5.008676000000000019e-05
5.028420000000000215e-05
5.057104999999999755e-05
5.095474999999999863e-05
5.141296000000000115e-05
5.193450000000000226e-05
5.250075000000000043e-05
5.309306999999999953e-05
5.369657000000000146e-05
5.427770999999999773e-05
5.481788000000000107e-05
5.528726999999999963e-05
5.566724999999999798e-05
5.593919000000000067e-05
5.608820000000000282e-05
5.611801000000000110e-05
5.603605000000000028e-05
5.584605999999999772e-05
5.557411000000000111e-05
5.524628999999999922e-05
5.490729000000000128e-05
5.460180999999999688e-05
5.436339000000000129e-05
5.419203000000000095e-05
5.407282000000000315e-05
5.398713999999999960e-05
5.390891000000000221e-05
5.384929999999999958e-05
5.382322999999999865e-05
5.383812999999999744e-05
5.388655999999999725e-05
5.394615999999999919e-05
5.399832000000000243e-05
5.406165000000000102e-05
5.413987999999999841e-05
5.424046000000000076e-05
5.433732000000000037e-05
5.441927000000000049e-05
5.448259999999999909e-05
5.454966000000000112e-05
5.462416000000000184e-05
5.470984999999999932e-05
5.478435000000000005e-05
5.484022999999999925e-05
5.487748000000000300e-05
5.491474000000000068e-05
5.495943999999999705e-05
5.499296999999999806e-05
5.501532000000000302e-05
5.503767000000000121e-05
5.506375000000000283e-05
5.510099999999999981e-05
5.513079999999999739e-05
5.516806000000000184e-05
5.520904000000000225e-05
5.523883999999999983e-05
5.526863999999999741e-05
5.529099000000000237e-05
5.529471999999999903e-05
5.529099000000000237e-05
5.528726999999999963e-05
5.528354000000000297e-05
5.526491000000000075e-05
5.522765999999999700e-05
5.519413000000000276e-05
5.515687999999999901e-05
5.511218000000000264e-05
5.506001999999999939e-05
5.500786999999999685e-05
5.497434000000000261e-05
5.494081000000000160e-05
5.490355999999999785e-05
5.487376000000000027e-05
5.485141000000000208e-05
5.484022999999999925e-05
5.482905999999999712e-05
5.482159999999999703e-05
5.482159999999999703e-05
5.481414999999999763e-05
5.479179999999999945e-05
5.478062999999999731e-05
5.476200000000000187e-05
5.473592000000000024e-05
5.470612000000000266e-05
5.468004000000000104e-05
5.466141999999999952e-05
5.463907000000000133e-05
5.462416000000000184e-05
5.459809000000000092e-05
5.457200999999999930e-05
5.454966000000000112e-05
5.453102999999999889e-05
5.452357999999999950e-05
5.453102999999999889e-05
5.454592999999999768e-05
5.457200999999999930e-05
5.460180999999999688e-05
5.462788999999999850e-05
5.465397000000000012e-05
5.466514000000000225e-05
5.467631999999999831e-05
5.468376999999999770e-05
5.469121999999999710e-05
5.470984999999999932e-05
5.472102000000000145e-05
5.473592000000000024e-05
5.475826999999999843e-05
5.478435000000000005e-05
5.482159999999999703e-05
5.485886000000000148e-05
5.489984000000000189e-05
5.494081000000000160e-05
5.497806999999999927e-05
5.500414000000000019e-05
5.501904999999999968e-05
5.502649999999999908e-05
5.501904999999999968e-05
5.500414000000000019e-05
5.498551999999999867e-05
5.496689000000000322e-05
5.495198999999999765e-05
5.494081000000000160e-05
5.493708999999999886e-05
5.493336000000000220e-05
5.492219000000000007e-05
5.491474000000000068e-05
5.491100999999999724e-05
5.491100999999999724e-05
5.490729000000000128e-05
5.489984000000000189e-05
5.489239000000000249e-05
5.488120999999999966e-05
5.487376000000000027e-05
5.485512999999999804e-05
5.484022999999999925e-05
5.481788000000000107e-05
5.480298000000000228e-05
5.479179999999999945e-05
5.478062999999999731e-05
5.476572999999999852e-05
5.475081999999999903e-05
5.473964999999999690e-05
5.472474999999999811e-05
5.471729999999999872e-05
5.470612000000000266e-05
5.469493999999999983e-05
5.468749000000000044e-05
5.468004000000000104e-05
5.467631999999999831e-05
5.467259000000000165e-05
5.467631999999999831e-05
5.467631999999999831e-05
5.468004000000000104e-05
5.468749000000000044e-05
5.470239999999999993e-05
5.471729999999999872e-05
5.472847000000000085e-05
5.474710000000000307e-05
5.476200000000000187e-05
5.478062999999999731e-05
5.479924999999999884e-05
5.481788000000000107e-05
5.484396000000000269e-05
5.486257999999999744e-05
5.488120999999999966e-05
5.489984000000000189e-05
5.491100999999999724e-05
5.492219000000000007e-05
5.492963999999999947e-05
5.493708999999999886e-05
5.494081000000000160e-05
5.494081000000000160e-05
5.494081000000000160e-05
5.494081000000000160e-05
5.494081000000000160e-05
5.494081000000000160e-05
5.494081000000000160e-05
5.494081000000000160e-05
5.494081000000000160e-05
5.494081000000000160e-05
5.493336000000000220e-05
5.492219000000000007e-05
5.491100999999999724e-05
5.490355999999999785e-05
5.489610999999999845e-05
5.488493000000000240e-05
5.487376000000000027e-05
5.485512999999999804e-05
5.484022999999999925e-05
5.481414999999999763e-05
5.479179999999999945e-05
5.476945000000000126e-05
5.474710000000000307e-05
5.472474999999999811e-05
5.471729999999999872e-05
5.470612000000000266e-05
5.470239999999999993e-05
5.470239999999999993e-05
5.470612000000000266e-05
5.471357000000000206e-05
5.472102000000000145e-05
5.472474999999999811e-05
5.472847000000000085e-05
5.472847000000000085e-05
5.472474999999999811e-05
5.472102000000000145e-05
5.471729999999999872e-05
5.471357000000000206e-05
5.471729999999999872e-05
5.472102000000000145e-05
5.472474999999999811e-05
5.473592000000000024e-05
5.474336999999999964e-05
5.475081999999999903e-05
5.475081999999999903e-05
5.475455000000000247e-05
5.475081999999999903e-05
5.475081999999999903e-05
5.474710000000000307e-05
5.474336999999999964e-05
5.474336999999999964e-05
5.474710000000000307e-05
5.475081999999999903e-05
5.476200000000000187e-05
5.478062999999999731e-05
5.479179999999999945e-05
5.481043000000000167e-05
5.481788000000000107e-05
5.482533000000000046e-05
5.482533000000000046e-05
5.482159999999999703e-05
5.481414999999999763e-05
5.480669999999999824e-05
5.479179999999999945e-05
5.478435000000000005e-05
5.476945000000000126e-05
5.475455000000000247e-05
5.474710000000000307e-05
5.473964999999999690e-05
5.473592000000000024e-05
5.473219999999999751e-05
5.473592000000000024e-05
5.473592000000000024e-05
5.474336999999999964e-05
5.475081999999999903e-05
5.475081999999999903e-05
5.475455000000000247e-05
5.475455000000000247e-05
5.475455000000000247e-05
5.475826999999999843e-05
5.476200000000000187e-05
5.476200000000000187e-05
5.476572999999999852e-05
5.476945000000000126e-05
5.476945000000000126e-05
5.476945000000000126e-05
5.476945000000000126e-05
5.476572999999999852e-05
5.476200000000000187e-05
5.475826999999999843e-05
5.475455000000000247e-05
5.475081999999999903e-05
5.474336999999999964e-05
5.473964999999999690e-05
5.473964999999999690e-05
5.473592000000000024e-05
5.473592000000000024e-05
5.473219999999999751e-05
5.472474999999999811e-05
5.472102000000000145e-05
5.471729999999999872e-05
5.471357000000000206e-05
5.470984999999999932e-05
5.470612000000000266e-05
5.470239999999999993e-05
5.469867000000000327e-05
5.469493999999999983e-05
5.468749000000000044e-05
5.468749000000000044e-05
5.467631999999999831e-05
5.466886999999999891e-05
5.465769000000000286e-05
5.465397000000000012e-05
5.465023999999999669e-05
5.465023999999999669e-05
5.465397000000000012e-05
5.466141999999999952e-05
5.467259000000000165e-05
5.468749000000000044e-05
5.469867000000000327e-05
5.471357000000000206e-05
5.472847000000000085e-05
5.475081999999999903e-05
5.476945000000000126e-05
5.479179999999999945e-05
5.481414999999999763e-05
5.483651000000000329e-05
5.485512999999999804e-05
5.487002999999999683e-05
5.488120999999999966e-05
5.488865999999999906e-05
5.488865999999999906e-05
5.488493000000000240e-05
5.487376000000000027e-05
5.485512999999999804e-05
5.483651000000000329e-05
5.481043000000000167e-05
5.478435000000000005e-05
5.475081999999999903e-05
5.472102000000000145e-05
5.469121999999999710e-05
5.466886999999999891e-05
5.465023999999999669e-05
5.463162000000000194e-05
5.461671000000000245e-05
5.460554000000000032e-05
5.459435999999999749e-05
5.459435999999999749e-05
5.458690999999999809e-05
5.457574000000000274e-05
5.456829000000000334e-05
5.456455999999999991e-05
5.456083000000000325e-05
5.455711000000000051e-05
5.455711000000000051e-05
5.456083000000000325e-05
5.456455999999999991e-05
5.457945999999999870e-05
5.459809000000000092e-05
5.462416000000000184e-05
5.465397000000000012e-05
5.468004000000000104e-05
5.470612000000000266e-05
5.472102000000000145e-05
5.473592000000000024e-05
5.474336999999999964e-05
5.474710000000000307e-05
5.474710000000000307e-05
5.474710000000000307e-05
5.474710000000000307e-05
5.475081999999999903e-05
5.475826999999999843e-05
5.476945000000000126e-05
5.478062999999999731e-05
5.479179999999999945e-05
5.480669999999999824e-05
5.481414999999999763e-05
5.482533000000000046e-05
5.482905999999999712e-05
5.482905999999999712e-05
5.482159999999999703e-05
5.481414999999999763e-05
5.481043000000000167e-05
5.479924999999999884e-05
5.479179999999999945e-05
5.478807999999999671e-05
5.478807999999999671e-05
5.479179999999999945e-05
5.479553000000000288e-05
5.479924999999999884e-05
5.480298000000000228e-05
5.481043000000000167e-05
5.481414999999999763e-05
5.481788000000000107e-05
5.482159999999999703e-05
5.483277999999999986e-05
5.484022999999999925e-05
5.484767999999999865e-05
5.485886000000000148e-05
5.487002999999999683e-05
5.488120999999999966e-05
5.489239000000000249e-05
5.490355999999999785e-05
5.491100999999999724e-05
5.491474000000000068e-05
5.491845999999999664e-05
5.491845999999999664e-05
5.491100999999999724e-05
5.489984000000000189e-05
5.488493000000000240e-05
5.487002999999999683e-05
5.485141000000000208e-05
5.483651000000000329e-05
5.481414999999999763e-05
5.479553000000000288e-05
5.477690000000000066e-05
5.475455000000000247e-05
5.473592000000000024e-05
5.472102000000000145e-05
5.470984999999999932e-05
5.470239999999999993e-05
5.470612000000000266e-05
5.470984999999999932e-05
5.472102000000000145e-05
5.473219999999999751e-05
5.473964999999999690e-05
5.474710000000000307e-05
5.475081999999999903e-05
5.475081999999999903e-05
5.474710000000000307e-05
5.474336999999999964e-05
5.473592000000000024e-05
5.473219999999999751e-05
5.472847000000000085e-05
5.472847000000000085e-05
5.473592000000000024e-05
5.474710000000000307e-05
5.475455000000000247e-05
5.476572999999999852e-05
5.478062999999999731e-05
5.478807999999999671e-05
5.479179999999999945e-05
5.479553000000000288e-05
5.479553000000000288e-05
5.478807999999999671e-05
5.478435000000000005e-05
5.477690000000000066e-05
5.476945000000000126e-05
5.476945000000000126e-05
5.477317999999999792e-05
5.477690000000000066e-05
5.478435000000000005e-05
5.479924999999999884e-05
5.481043000000000167e-05
5.481788000000000107e-05
5.482533000000000046e-05
5.482905999999999712e-05
5.482533000000000046e-05
5.482159999999999703e-05
5.481414999999999763e-05
5.481043000000000167e-05
5.480669999999999824e-05
5.480669999999999824e-05
5.481043000000000167e-05
5.481788000000000107e-05
5.482905999999999712e-05
5.484767999999999865e-05
5.486631000000000087e-05
5.488493000000000240e-05
5.491100999999999724e-05
5.493708999999999886e-05
5.495943999999999705e-05
5.498551999999999867e-05
5.500414000000000019e-05
5.503022000000000181e-05
5.504884999999999726e-05
5.506375000000000283e-05
5.507491999999999818e-05
5.508237999999999828e-05
5.508237999999999828e-05
5.507865000000000162e-05
5.506746999999999879e-05
5.505629999999999666e-05
5.503767000000000121e-05
5.502277000000000242e-05
5.500414000000000019e-05
5.498924000000000140e-05
5.497061999999999988e-05
5.494826000000000099e-05
5.493336000000000220e-05
5.491100999999999724e-05
5.489610999999999845e-05
5.488493000000000240e-05
5.487376000000000027e-05
5.485886000000000148e-05
5.484767999999999865e-05
