5.000070000000000014e+00
5.000079999999999636e+00
4.997580000000000133e+00
4.995549999999999713e+00
4.992460000000000342e+00
4.990420000000000300e+00
4.987359999999999793e+00
4.985310000000000130e+00
4.982260000000000133e+00
4.980199999999999960e+00
4.977129999999999832e+00
4.975050000000000416e+00
4.971989999999999910e+00
4.969960000000000377e+00
4.966890000000000249e+00
4.964850000000000207e+00
4.961800000000000210e+00
4.959760000000000169e+00
4.956680000000000419e+00
4.954659999999999620e+00
4.951579999999999870e+00
4.949530000000000207e+00
4.946640000000000370e+00
4.944569999999999688e+00
4.941499999999999559e+00
4.939460000000000406e+00
4.936399999999999899e+00
4.934350000000000236e+00
4.931280000000000108e+00
4.929229999999999556e+00
4.926140000000000185e+00
4.924100000000000144e+00
4.921030000000000015e+00
4.918989999999999974e+00
4.915930000000000355e+00
4.913909999999999556e+00
4.910849999999999937e+00
4.908800000000000274e+00
4.905739999999999768e+00
4.903710000000000235e+00
4.900619999999999976e+00
4.898570000000000313e+00
4.895489999999999675e+00
4.893440000000000012e+00
4.890380000000000393e+00
4.888329999999999842e+00
4.885279999999999845e+00
4.883210000000000051e+00
4.880150000000000432e+00
4.878079999999999750e+00
4.875009999999999621e+00
4.873000000000000220e+00
4.869909999999999961e+00
4.867860000000000298e+00
4.864830000000000432e+00
4.862790000000000390e+00
4.859720000000000262e+00
4.857669999999999710e+00
4.854619999999999713e+00
4.852540000000000298e+00
4.849479999999999791e+00
4.847419999999999618e+00
4.844350000000000378e+00
4.842319999999999958e+00
4.839260000000000339e+00
4.837240000000000428e+00
4.834150000000000169e+00
4.832259999999999778e+00
4.829189999999999650e+00
4.827130000000000365e+00
4.824080000000000368e+00
4.822040000000000326e+00
4.818970000000000198e+00
4.816959999999999908e+00
4.813880000000000159e+00
4.811829999999999607e+00
4.808760000000000367e+00
4.806739999999999569e+00
4.803659999999999819e+00
4.801599999999999646e+00
4.798519999999999897e+00
4.796470000000000233e+00
4.793400000000000105e+00
4.791400000000000325e+00
4.788299999999999557e+00
4.786240000000000272e+00
4.783179999999999765e+00
4.781119999999999592e+00
4.778069999999999595e+00
4.776030000000000442e+00
4.772940000000000182e+00
4.770900000000000141e+00
4.767870000000000275e+00
4.765819999999999723e+00
4.762749999999999595e+00
4.760710000000000441e+00
4.757620000000000182e+00
4.755580000000000140e+00
4.752519999999999634e+00
4.750460000000000349e+00
4.747399999999999842e+00
4.745350000000000179e+00
4.742280000000000051e+00
4.740260000000000140e+00
4.737169999999999881e+00
4.735120000000000218e+00
4.732029999999999959e+00
4.729980000000000295e+00
4.726919999999999789e+00
4.724879999999999747e+00
4.721989999999999910e+00
4.719979999999999620e+00
4.716910000000000380e+00
4.714850000000000207e+00
4.711780000000000079e+00
4.709760000000000169e+00
4.706669999999999909e+00
4.704609999999999737e+00
4.701539999999999608e+00
4.699499999999999567e+00
4.696449999999999569e+00
4.694399999999999906e+00
4.691320000000000157e+00
4.689259999999999984e+00
4.686200000000000365e+00
4.684140000000000192e+00
4.681079999999999686e+00
4.679020000000000401e+00
4.675959999999999894e+00
4.673910000000000231e+00
4.670889999999999986e+00
4.668849999999999945e+00
4.665799999999999947e+00
4.663739999999999775e+00
4.660630000000000273e+00
4.658599999999999852e+00
4.655529999999999724e+00
4.653470000000000439e+00
4.650420000000000442e+00
4.648360000000000269e+00
4.645299999999999763e+00
4.643270000000000231e+00
4.640189999999999593e+00
4.638139999999999930e+00
4.635060000000000180e+00
4.633029999999999760e+00
4.629929999999999879e+00
4.627909999999999968e+00
4.624850000000000350e+00
4.622830000000000439e+00
4.619760000000000311e+00
4.617709999999999759e+00
4.614650000000000141e+00
4.612599999999999589e+00
4.609519999999999840e+00
4.607459999999999667e+00
4.604390000000000427e+00
4.602360000000000007e+00
4.599450000000000038e+00
4.597229999999999706e+00
4.594159999999999577e+00
4.592299999999999827e+00
4.589240000000000208e+00
4.587159999999999904e+00
4.584100000000000286e+00
4.582040000000000113e+00
4.578960000000000363e+00
4.576939999999999564e+00
4.573920000000000208e+00
4.571869999999999656e+00
4.568789999999999907e+00
4.566729999999999734e+00
4.563659999999999606e+00
4.561630000000000074e+00
4.558559999999999945e+00
4.556490000000000151e+00
4.553429999999999644e+00
4.551379999999999981e+00
4.548300000000000232e+00
4.546280000000000321e+00
4.543219999999999814e+00
4.541170000000000151e+00
4.538070000000000270e+00
4.536030000000000229e+00
4.532960000000000100e+00
4.530910000000000437e+00
4.527860000000000440e+00
4.525830000000000020e+00
4.522789999999999644e+00
4.520719999999999850e+00
4.517649999999999721e+00
4.515609999999999680e+00
4.512529999999999930e+00
4.510510000000000019e+00
4.507430000000000270e+00
4.505379999999999718e+00
4.502290000000000347e+00
4.500239999999999796e+00
4.497180000000000177e+00
4.495129999999999626e+00
4.492090000000000138e+00
4.490000000000000213e+00
4.486939999999999706e+00
4.484869999999999912e+00
4.481810000000000294e+00
4.479800000000000004e+00
4.476770000000000138e+00
4.474890000000000256e+00
4.471799999999999997e+00
4.469750000000000334e+00
4.466669999999999696e+00
4.464640000000000164e+00
4.461590000000000167e+00
4.459520000000000373e+00
4.456450000000000244e+00
4.454399999999999693e+00
4.451340000000000074e+00
4.449300000000000033e+00
4.446229999999999905e+00
4.444189999999999863e+00
4.441110000000000113e+00
4.439049999999999940e+00
4.435979999999999812e+00
4.433950000000000280e+00
4.430909999999999904e+00
4.428889999999999993e+00
4.425830000000000375e+00
4.423759999999999692e+00
4.420679999999999943e+00
4.418619999999999770e+00
4.415560000000000151e+00
4.413529999999999731e+00
4.410449999999999982e+00
4.408400000000000318e+00
4.405310000000000059e+00
4.403279999999999639e+00
4.400199999999999889e+00
4.398170000000000357e+00
4.395100000000000229e+00
4.393030000000000435e+00
4.389960000000000306e+00
4.387920000000000265e+00
4.384859999999999758e+00
4.382839999999999847e+00
4.379789999999999850e+00
4.377740000000000187e+00
4.374670000000000059e+00
4.372620000000000395e+00
4.369530000000000136e+00
4.367479999999999585e+00
4.364419999999999966e+00
4.362379999999999924e+00
4.359479999999999578e+00
4.357429999999999914e+00
4.354359999999999786e+00
4.352330000000000254e+00
4.349260000000000126e+00
4.347220000000000084e+00
4.344129999999999825e+00
4.342080000000000162e+00
4.339010000000000034e+00
4.336949999999999861e+00
4.333929999999999616e+00
4.331900000000000084e+00
4.328839999999999577e+00
4.326769999999999783e+00
4.323710000000000164e+00
4.321649999999999991e+00
4.318579999999999863e+00
4.316550000000000331e+00
4.313469999999999693e+00
4.311420000000000030e+00
4.308329999999999771e+00
4.306300000000000239e+00
4.303239999999999732e+00
4.301199999999999690e+00
4.298110000000000319e+00
4.296050000000000146e+00
4.293000000000000149e+00
4.290930000000000355e+00
4.287869999999999848e+00
4.285840000000000316e+00
4.282799999999999940e+00
4.280770000000000408e+00
4.277669999999999639e+00
4.275640000000000107e+00
4.272549999999999848e+00
4.270509999999999806e+00
4.267430000000000057e+00
4.265399999999999636e+00
4.262330000000000396e+00
4.260250000000000092e+00
4.257209999999999717e+00
4.255150000000000432e+00
4.252080000000000304e+00
4.250040000000000262e+00
4.246950000000000003e+00
4.244909999999999961e+00
4.241999999999999993e+00
4.239969999999999573e+00
4.236919999999999575e+00
4.234890000000000043e+00
4.231840000000000046e+00
4.229779999999999873e+00
4.226720000000000255e+00
4.224660000000000082e+00
4.221589999999999954e+00
4.219549999999999912e+00
4.216470000000000162e+00
4.214419999999999611e+00
4.211339999999999861e+00
4.209299999999999820e+00
4.206220000000000070e+00
4.204180000000000028e+00
4.201109999999999900e+00
4.199060000000000237e+00
4.195999999999999730e+00
4.193959999999999688e+00
4.190870000000000317e+00
4.188850000000000406e+00
4.185789999999999900e+00
4.183769999999999989e+00
4.180699999999999861e+00
4.178659999999999819e+00
4.175569999999999560e+00
4.173519999999999897e+00
4.170440000000000147e+00
4.168409999999999727e+00
4.165329999999999977e+00
4.163280000000000314e+00
4.160219999999999807e+00
4.158150000000000013e+00
4.155100000000000016e+00
4.153059999999999974e+00
4.149980000000000224e+00
4.147940000000000182e+00
4.144870000000000054e+00
4.142820000000000391e+00
4.139780000000000015e+00
4.137739999999999974e+00
4.134669999999999845e+00
4.132620000000000182e+00
4.129739999999999966e+00
4.127670000000000172e+00
4.124600000000000044e+00
4.122550000000000381e+00
4.119480000000000253e+00
4.117449999999999832e+00
4.114370000000000083e+00
4.112320000000000420e+00
4.109250000000000291e+00
4.107199999999999740e+00
4.104129999999999612e+00
4.102089999999999570e+00
4.099050000000000082e+00
4.096980000000000288e+00
4.093890000000000029e+00
4.091879999999999740e+00
4.088820000000000121e+00
4.086789999999999701e+00
4.083730000000000082e+00
4.081660000000000288e+00
4.078579999999999650e+00
4.076529999999999987e+00
4.073450000000000237e+00
4.071419999999999817e+00
4.068349999999999689e+00
4.066320000000000157e+00
4.063250000000000028e+00
4.061200000000000365e+00
4.058130000000000237e+00
4.056079999999999686e+00
4.053020000000000067e+00
4.050970000000000404e+00
4.047909999999999897e+00
4.045849999999999724e+00
4.042810000000000237e+00
4.040770000000000195e+00
4.037700000000000067e+00
4.035680000000000156e+00
4.032600000000000406e+00
4.030520000000000103e+00
4.027479999999999727e+00
4.025400000000000311e+00
4.022339999999999804e+00
4.020319999999999894e+00
4.017420000000000435e+00
4.015369999999999884e+00
4.012290000000000134e+00
4.010229999999999961e+00
4.007150000000000212e+00
4.005119999999999791e+00
4.002060000000000173e+00
3.999989999999999934e+00
3.996929999999999872e+00
3.994909999999999961e+00
3.991870000000000029e+00
3.989829999999999988e+00
3.986769999999999925e+00
3.984700000000000131e+00
3.981619999999999937e+00
3.979560000000000208e+00
3.976490000000000080e+00
3.974450000000000038e+00
3.971379999999999910e+00
3.969320000000000181e+00
3.966270000000000184e+00
3.964199999999999946e+00
3.961139999999999883e+00
3.959099999999999842e+00
3.956020000000000092e+00
3.953990000000000116e+00
3.950909999999999922e+00
3.948859999999999815e+00
3.945840000000000014e+00
3.943789999999999907e+00
3.940710000000000157e+00
3.938699999999999868e+00
3.935630000000000184e+00
3.933539999999999814e+00
3.930480000000000196e+00
3.928409999999999958e+00
3.925359999999999960e+00
3.923309999999999853e+00
3.920249999999999790e+00
3.918200000000000127e+00
3.915129999999999999e+00
3.913079999999999892e+00
3.910000000000000142e+00
3.907979999999999787e+00
3.905050000000000132e+00
3.902839999999999865e+00
3.899770000000000181e+00
3.897759999999999891e+00
3.894719999999999960e+00
3.892830000000000013e+00
3.889759999999999884e+00
3.887719999999999843e+00
3.884630000000000027e+00
3.882579999999999920e+00
3.879490000000000105e+00
3.877479999999999816e+00
3.874369999999999870e+00
3.872329999999999828e+00
3.869279999999999831e+00
3.867230000000000167e+00
3.864170000000000105e+00
3.862099999999999866e+00
3.859039999999999804e+00
3.857000000000000206e+00
3.853930000000000078e+00
3.851869999999999905e+00
3.848840000000000039e+00
3.846799999999999997e+00
3.843729999999999869e+00
3.841699999999999893e+00
3.838620000000000143e+00
3.836549999999999905e+00
3.833509999999999973e+00
3.831449999999999800e+00
3.828380000000000116e+00
3.826330000000000009e+00
3.823240000000000194e+00
3.821219999999999839e+00
3.818160000000000220e+00
3.816110000000000113e+00
3.813019999999999854e+00
3.810970000000000191e+00
3.807900000000000063e+00
3.805849999999999955e+00
3.802789999999999893e+00
3.800769999999999982e+00
3.797730000000000050e+00
3.795669999999999877e+00
3.792590000000000128e+00
3.790570000000000217e+00
3.787479999999999958e+00
3.785439999999999916e+00
3.782360000000000166e+00
3.780299999999999994e+00
3.777219999999999800e+00
3.775360000000000049e+00
3.772310000000000052e+00
3.770239999999999814e+00
3.767199999999999882e+00
3.765120000000000022e+00
3.762049999999999894e+00
3.760019999999999918e+00
3.756940000000000168e+00
3.754890000000000061e+00
3.751879999999999882e+00
3.749839999999999840e+00
3.746739999999999959e+00
3.744720000000000049e+00
3.741639999999999855e+00
3.739580000000000126e+00
3.736530000000000129e+00
3.734459999999999891e+00
3.731390000000000207e+00
3.729340000000000099e+00
3.726269999999999971e+00
3.724239999999999995e+00
3.721179999999999932e+00
3.719139999999999890e+00
3.716040000000000010e+00
3.713979999999999837e+00
3.710910000000000153e+00
3.708880000000000177e+00
3.705830000000000179e+00
3.703800000000000203e+00
3.700730000000000075e+00
3.698679999999999968e+00
3.695609999999999840e+00
3.693579999999999863e+00
3.690500000000000114e+00
3.688450000000000006e+00
3.685360000000000191e+00
3.683320000000000149e+00
3.680239999999999956e+00
3.678220000000000045e+00
3.675170000000000048e+00
3.673109999999999875e+00
3.670049999999999812e+00
3.667980000000000018e+00
3.664919999999999956e+00
3.662869999999999848e+00
3.659800000000000164e+00
3.657770000000000188e+00
3.654739999999999878e+00
3.652690000000000214e+00
3.649610000000000021e+00
3.647559999999999913e+00
3.644470000000000098e+00
3.642459999999999809e+00
3.639390000000000125e+00
3.637319999999999887e+00
3.634259999999999824e+00
3.632369999999999877e+00
3.629309999999999814e+00
3.627289999999999903e+00
3.624210000000000154e+00
3.622160000000000046e+00
3.619050000000000100e+00
3.617020000000000124e+00
3.613949999999999996e+00
3.611920000000000019e+00
3.608859999999999957e+00
3.606829999999999981e+00
3.603769999999999918e+00
3.601710000000000189e+00
3.598669999999999813e+00
3.596610000000000085e+00
3.593529999999999891e+00
3.591479999999999784e+00
3.588389999999999969e+00
3.586349999999999927e+00
3.583279999999999799e+00
3.581249999999999822e+00
3.578180000000000138e+00
3.576150000000000162e+00
3.573069999999999968e+00
3.570990000000000109e+00
3.567930000000000046e+00
3.565859999999999808e+00
3.562809999999999810e+00
3.560789999999999900e+00
3.557749999999999968e+00
3.555699999999999861e+00
3.552639999999999798e+00
3.550600000000000200e+00
3.547499999999999876e+00
3.545469999999999899e+00
3.542400000000000215e+00
3.540329999999999977e+00
3.537269999999999914e+00
3.535190000000000055e+00
3.532169999999999810e+00
3.530120000000000147e+00
3.527050000000000018e+00
3.525009999999999977e+00
3.521900000000000031e+00
3.519880000000000120e+00
3.516789999999999861e+00
3.514940000000000175e+00
3.511859999999999982e+00
3.509840000000000071e+00
3.506780000000000008e+00
3.504729999999999901e+00
3.501669999999999838e+00
3.499620000000000175e+00
3.496529999999999916e+00
3.494489999999999874e+00
3.491410000000000124e+00
3.489360000000000017e+00
3.486260000000000137e+00
3.484230000000000160e+00
3.481160000000000032e+00
3.479130000000000056e+00
3.476069999999999993e+00
3.474000000000000199e+00
3.470940000000000136e+00
3.468890000000000029e+00
3.465819999999999901e+00
3.463779999999999859e+00
3.460749999999999993e+00
3.458709999999999951e+00
3.455639999999999823e+00
3.453599999999999781e+00
3.450509999999999966e+00
3.448469999999999924e+00
3.445399999999999796e+00
3.443350000000000133e+00
3.440269999999999939e+00
3.438210000000000210e+00
3.435160000000000213e+00
3.433110000000000106e+00
3.430039999999999978e+00
3.427999999999999936e+00
3.424929999999999808e+00
3.422890000000000210e+00
3.419820000000000082e+00
3.417769999999999975e+00
3.414709999999999912e+00
3.412690000000000001e+00
3.409629999999999939e+00
3.407570000000000210e+00
3.404520000000000213e+00
3.402420000000000222e+00
3.399360000000000159e+00
3.397330000000000183e+00
3.394260000000000055e+00
3.392209999999999948e+00
3.389139999999999819e+00
3.387090000000000156e+00
3.384180000000000188e+00
3.382150000000000212e+00
3.379090000000000149e+00
3.377009999999999845e+00
3.373979999999999979e+00
3.371900000000000119e+00
3.368850000000000122e+00
3.366800000000000015e+00
3.363780000000000214e+00
3.361740000000000173e+00
3.358659999999999979e+00
3.356619999999999937e+00
3.353520000000000056e+00
3.351469999999999949e+00
3.348399999999999821e+00
3.346359999999999779e+00
3.343300000000000161e+00
3.341239999999999988e+00
3.338189999999999991e+00
3.336129999999999818e+00
3.333060000000000134e+00
3.331030000000000157e+00
3.327939999999999898e+00
3.325889999999999791e+00
3.322810000000000041e+00
3.320759999999999934e+00
3.317699999999999871e+00
3.315710000000000157e+00
3.312650000000000095e+00
3.310599999999999987e+00
3.307529999999999859e+00
3.305449999999999999e+00
3.302379999999999871e+00
3.300339999999999829e+00
3.297270000000000145e+00
3.295209999999999972e+00
3.292139999999999844e+00
3.290109999999999868e+00
3.288069999999999826e+00
3.285019999999999829e+00
3.282960000000000100e+00
3.279900000000000038e+00
3.277849999999999930e+00
3.274770000000000181e+00
3.272720000000000073e+00
3.269660000000000011e+00
3.267650000000000166e+00
3.264619999999999855e+00
3.262539999999999996e+00
3.259489999999999998e+00
3.257410000000000139e+00
3.254329999999999945e+00
3.252299999999999969e+00
3.249239999999999906e+00
3.247189999999999799e+00
3.244089999999999918e+00
3.242059999999999942e+00
3.238980000000000192e+00
3.236959999999999837e+00
3.233900000000000219e+00
3.231829999999999981e+00
3.228769999999999918e+00
3.226700000000000124e+00
3.223629999999999995e+00
3.221589999999999954e+00
3.218580000000000219e+00
3.216530000000000111e+00
3.213439999999999852e+00
3.211399999999999810e+00
3.208299999999999930e+00
3.206280000000000019e+00
3.203219999999999956e+00
3.201159999999999783e+00
3.198090000000000099e+00
3.196019999999999861e+00
3.192959999999999798e+00
3.190910000000000135e+00
3.188019999999999854e+00
3.185989999999999878e+00
3.182910000000000128e+00
3.180860000000000021e+00
3.177789999999999893e+00
3.175730000000000164e+00
3.172680000000000167e+00
3.170669999999999877e+00
3.167619999999999880e+00
3.165540000000000020e+00
3.162479999999999958e+00
3.160410000000000164e+00
3.157350000000000101e+00
3.155320000000000125e+00
3.152260000000000062e+00
3.150189999999999824e+00
3.147100000000000009e+00
3.145059999999999967e+00
3.141980000000000217e+00
3.139959999999999862e+00
3.136890000000000178e+00
3.134830000000000005e+00
3.131759999999999877e+00
3.129700000000000149e+00
3.126630000000000020e+00
3.124610000000000110e+00
3.121589999999999865e+00
3.119540000000000202e+00
3.116449999999999942e+00
3.114399999999999835e+00
3.111299999999999955e+00
3.109259999999999913e+00
3.106189999999999785e+00
3.104150000000000187e+00
3.101069999999999993e+00
3.099050000000000082e+00
3.096000000000000085e+00
3.093949999999999978e+00
3.090889999999999915e+00
3.088870000000000005e+00
3.085770000000000124e+00
3.083720000000000017e+00
3.080659999999999954e+00
3.078609999999999847e+00
3.075569999999999915e+00
3.073560000000000070e+00
3.070500000000000007e+00
3.068430000000000213e+00
3.065519999999999801e+00
3.063450000000000006e+00
3.060410000000000075e+00
3.058370000000000033e+00
3.055289999999999839e+00
3.053230000000000111e+00
3.050149999999999917e+00
3.048130000000000006e+00
3.045059999999999878e+00
3.043019999999999836e+00
3.039940000000000087e+00
3.037879999999999914e+00
3.034819999999999851e+00
3.032760000000000122e+00
3.029710000000000125e+00
3.027670000000000083e+00
3.024630000000000152e+00
3.022600000000000176e+00
3.019509999999999916e+00
3.017469999999999875e+00
3.014380000000000059e+00
3.012329999999999952e+00
3.009250000000000203e+00
3.007219999999999782e+00
3.004150000000000098e+00
3.002079999999999860e+00
2.999039999999999928e+00
2.996989999999999821e+00
2.993920000000000137e+00
2.991880000000000095e+00
2.988809999999999967e+00
2.986759999999999859e+00
2.983680000000000110e+00
2.981630000000000003e+00
2.978600000000000136e+00
2.976570000000000160e+00
2.973500000000000032e+00
2.971449999999999925e+00
2.968379999999999797e+00
2.966330000000000133e+00
2.963270000000000071e+00
2.961219999999999963e+00
2.958130000000000148e+00
2.956080000000000041e+00
2.953009999999999913e+00
2.950979999999999936e+00
2.947919999999999874e+00
2.946039999999999992e+00
2.942940000000000111e+00
2.940900000000000070e+00
2.937840000000000007e+00
2.935789999999999900e+00
2.932720000000000216e+00
2.930680000000000174e+00
2.927639999999999798e+00
2.925609999999999822e+00
2.922530000000000072e+00
2.920500000000000096e+00
2.917409999999999837e+00
2.915360000000000174e+00
2.912259999999999849e+00
2.910229999999999873e+00
2.907160000000000188e+00
2.905100000000000016e+00
2.902070000000000149e+00
2.899999999999999911e+00
2.896949999999999914e+00
2.894890000000000185e+00
2.891820000000000057e+00
2.889800000000000146e+00
2.886709999999999887e+00
2.884669999999999845e+00
2.881629999999999914e+00
2.879599999999999937e+00
2.876529999999999809e+00
2.874490000000000212e+00
2.871430000000000149e+00
2.869349999999999845e+00
2.866299999999999848e+00
2.864230000000000054e+00
2.861159999999999926e+00
2.859119999999999884e+00
2.856059999999999821e+00
2.854029999999999845e+00
2.850940000000000030e+00
2.848899999999999988e+00
2.845790000000000042e+00
2.843770000000000131e+00
2.840720000000000134e+00
2.838670000000000027e+00
2.835580000000000211e+00
2.833549999999999791e+00
2.830509999999999859e+00
2.828469999999999818e+00
2.825590000000000046e+00
2.823519999999999808e+00
2.820440000000000058e+00
2.818389999999999951e+00
2.815300000000000136e+00
2.813279999999999781e+00
2.810169999999999835e+00
2.808149999999999924e+00
2.805089999999999861e+00
2.803020000000000067e+00
2.799980000000000135e+00
2.797909999999999897e+00
2.794849999999999834e+00
2.792819999999999858e+00
2.789750000000000174e+00
2.787690000000000001e+00
2.784660000000000135e+00
2.782610000000000028e+00
2.779529999999999834e+00
2.777519999999999989e+00
2.774439999999999795e+00
2.772370000000000001e+00
2.769320000000000004e+00
2.767240000000000144e+00
2.764170000000000016e+00
2.762150000000000105e+00
2.759079999999999977e+00
2.757029999999999870e+00
2.753960000000000186e+00
2.751900000000000013e+00
2.748819999999999819e+00
2.746780000000000221e+00
2.743720000000000159e+00
2.741659999999999986e+00
2.738589999999999858e+00
2.736569999999999947e+00
2.733519999999999950e+00
2.731479999999999908e+00
2.728409999999999780e+00
2.726370000000000182e+00
2.723259999999999792e+00
2.721220000000000194e+00
2.718140000000000001e+00
2.716089999999999893e+00
2.713000000000000078e+00
2.710970000000000102e+00
2.707930000000000170e+00
2.705849999999999866e+00
2.702970000000000095e+00
2.700880000000000170e+00
2.697830000000000172e+00
2.695800000000000196e+00
2.692730000000000068e+00
2.690669999999999895e+00
2.687629999999999963e+00
2.685620000000000118e+00
2.682529999999999859e+00
2.680530000000000079e+00
2.677449999999999886e+00
2.675370000000000026e+00
2.672299999999999898e+00
2.670240000000000169e+00
2.667190000000000172e+00
2.665129999999999999e+00
2.662080000000000002e+00
2.660039999999999960e+00
2.656960000000000210e+00
2.654910000000000103e+00
2.651819999999999844e+00
2.649799999999999933e+00
2.646700000000000053e+00
2.644680000000000142e+00
2.641610000000000014e+00
2.639580000000000037e+00
2.636540000000000106e+00
2.634489999999999998e+00
2.631429999999999936e+00
2.629379999999999828e+00
2.626300000000000079e+00
2.624239999999999906e+00
2.621160000000000156e+00
2.619110000000000049e+00
2.616019999999999790e+00
2.613999999999999879e+00
2.610949999999999882e+00
2.608890000000000153e+00
2.605820000000000025e+00
2.603759999999999852e+00
2.600709999999999855e+00
2.598679999999999879e+00
2.595590000000000064e+00
2.593529999999999891e+00
2.590510000000000090e+00
2.588470000000000049e+00
2.585580000000000211e+00
2.583549999999999791e+00
2.580480000000000107e+00
2.578390000000000182e+00
2.575330000000000119e+00
2.573280000000000012e+00
2.570219999999999949e+00
2.568140000000000089e+00
2.565080000000000027e+00
2.563050000000000050e+00
2.559979999999999922e+00
2.557939999999999880e+00
2.554860000000000131e+00
2.552820000000000089e+00
2.549729999999999830e+00
2.547689999999999788e+00
2.544620000000000104e+00
2.542590000000000128e+00
2.539559999999999818e+00
2.537479999999999958e+00
2.534429999999999961e+00
2.532389999999999919e+00
2.529310000000000169e+00
2.527260000000000062e+00
2.524169999999999803e+00
2.522130000000000205e+00
2.519039999999999946e+00
2.517020000000000035e+00
2.513970000000000038e+00
2.511909999999999865e+00
2.508869999999999933e+00
2.506780000000000008e+00
2.503740000000000077e+00
2.501689999999999969e+00
2.498610000000000220e+00
2.496560000000000112e+00
2.493529999999999802e+00
2.491519999999999957e+00
2.488410000000000011e+00
2.486380000000000035e+00
2.483290000000000219e+00
2.481250000000000178e+00
2.478219999999999867e+00
2.476140000000000008e+00
2.473079999999999945e+00
2.471000000000000085e+00
2.467929999999999957e+00
2.465910000000000046e+00
2.462860000000000049e+00
2.460809999999999942e+00
2.457879999999999843e+00
2.455839999999999801e+00
2.452760000000000051e+00
2.450730000000000075e+00
2.447659999999999947e+00
2.445640000000000036e+00
2.442600000000000104e+00
2.440529999999999866e+00
2.437460000000000182e+00
2.435430000000000206e+00
2.432350000000000012e+00
2.430289999999999839e+00
2.427210000000000090e+00
2.425149999999999917e+00
2.422050000000000036e+00
2.420040000000000191e+00
2.416980000000000128e+00
2.414930000000000021e+00
2.411869999999999958e+00
2.409800000000000164e+00
2.406750000000000167e+00
2.404700000000000060e+00
2.401629999999999932e+00
2.399589999999999890e+00
2.396560000000000024e+00
2.394530000000000047e+00
2.391459999999999919e+00
2.389400000000000190e+00
2.386289999999999800e+00
2.384269999999999889e+00
2.381219999999999892e+00
2.379140000000000033e+00
2.376059999999999839e+00
2.373990000000000045e+00
2.370940000000000047e+00
2.368930000000000202e+00
2.365850000000000009e+00
2.363820000000000032e+00
2.360710000000000086e+00
2.358680000000000110e+00
2.355589999999999851e+00
2.353549999999999809e+00
2.350490000000000190e+00
2.348479999999999901e+00
2.345410000000000217e+00
2.343350000000000044e+00
2.340450000000000141e+00
2.338389999999999969e+00
2.335319999999999840e+00
2.333279999999999799e+00
2.330179999999999918e+00
2.328139999999999876e+00
2.323399999999999910e+00
2.322130000000000027e+00
2.322150000000000158e+00
2.322140000000000093e+00
2.321520000000000028e+00
2.319469999999999921e+00
2.316419999999999924e+00
2.314389999999999947e+00
2.311329999999999885e+00
2.309270000000000156e+00
2.306189999999999962e+00
2.304149999999999920e+00
2.301099999999999923e+00
2.299100000000000144e+00
2.296050000000000146e+00
2.293979999999999908e+00
2.290909999999999780e+00
2.288829999999999920e+00
2.285789999999999988e+00
2.283729999999999816e+00
2.280670000000000197e+00
2.278610000000000024e+00
2.275539999999999896e+00
2.273680000000000145e+00
2.270599999999999952e+00
2.268569999999999975e+00
2.265470000000000095e+00
2.263440000000000119e+00
2.260380000000000056e+00
2.258319999999999883e+00
2.255240000000000133e+00
2.253219999999999779e+00
2.250189999999999912e+00
2.248180000000000067e+00
2.245080000000000187e+00
2.243020000000000014e+00
2.239920000000000133e+00
2.237880000000000091e+00
2.234799999999999898e+00
2.232769999999999921e+00
2.229690000000000172e+00
2.227619999999999933e+00
2.224580000000000002e+00
2.222519999999999829e+00
2.219479999999999897e+00
2.217429999999999790e+00
2.214360000000000106e+00
2.212320000000000064e+00
2.209229999999999805e+00
2.207190000000000207e+00
2.204149999999999832e+00
2.202129999999999921e+00
2.199059999999999793e+00
2.197020000000000195e+00
2.193950000000000067e+00
2.191870000000000207e+00
2.188820000000000210e+00
2.186739999999999906e+00
2.183670000000000222e+00
2.181639999999999802e+00
2.178560000000000052e+00
2.176530000000000076e+00
2.173459999999999948e+00
2.171419999999999906e+00
2.168309999999999960e+00
2.166300000000000114e+00
2.163229999999999986e+00
2.161150000000000126e+00
2.158100000000000129e+00
2.156060000000000088e+00
2.153210000000000068e+00
2.151159999999999961e+00
2.148089999999999833e+00
2.146030000000000104e+00
2.142929999999999779e+00
2.140899999999999803e+00
2.137830000000000119e+00
2.135780000000000012e+00
2.132680000000000131e+00
2.130650000000000155e+00
2.127609999999999779e+00
2.125560000000000116e+00
2.122520000000000184e+00
2.120449999999999946e+00
2.117379999999999818e+00
2.115340000000000220e+00
2.112270000000000092e+00
2.110219999999999985e+00
2.107180000000000053e+00
2.105150000000000077e+00
2.102079999999999949e+00
2.100060000000000038e+00
2.096979999999999844e+00
2.094920000000000115e+00
2.091870000000000118e+00
2.089789999999999814e+00
2.085939999999999905e+00
2.079720000000000013e+00
2.070100000000000051e+00
2.063709999999999933e+00
2.054190000000000182e+00
2.047759999999999803e+00
2.038190000000000168e+00
2.031789999999999985e+00
2.022180000000000089e+00
2.015810000000000102e+00
2.006219999999999892e+00
1.999819999999999931e+00
1.990220000000000100e+00
1.983840000000000048e+00
1.974239999999999995e+00
1.967850000000000099e+00
1.958259999999999890e+00
1.951869999999999994e+00
1.942209999999999992e+00
1.935840000000000005e+00
1.926269999999999927e+00
1.919869999999999965e+00
1.910309999999999953e+00
1.903909999999999991e+00
1.894330000000000069e+00
1.887909999999999977e+00
1.878360000000000030e+00
1.871960000000000068e+00
1.862449999999999939e+00
1.856060000000000043e+00
1.846389999999999976e+00
1.840000000000000080e+00
1.830940000000000012e+00
1.824519999999999920e+00
1.815020000000000078e+00
1.808629999999999960e+00
1.799020000000000064e+00
1.792620000000000102e+00
1.782990000000000075e+00
1.776620000000000088e+00
1.767009999999999970e+00
1.760639999999999983e+00
1.751009999999999955e+00
1.744620000000000060e+00
1.735060000000000047e+00
1.728660000000000085e+00
1.719109999999999916e+00
1.712730000000000086e+00
1.703170000000000073e+00
1.696739999999999915e+00
1.687159999999999993e+00
1.680779999999999941e+00
1.671159999999999979e+00
1.664779999999999927e+00
1.655180000000000096e+00
1.648749999999999938e+00
1.639219999999999899e+00
1.632819999999999938e+00
1.623220000000000107e+00
1.616870000000000029e+00
1.607220000000000093e+00
1.600800000000000001e+00
1.591239999999999988e+00
1.584829999999999961e+00
1.575239999999999974e+00
1.568869999999999987e+00
1.559239999999999959e+00
1.552829999999999933e+00
1.543339999999999934e+00
1.536899999999999933e+00
1.527379999999999960e+00
1.520999999999999908e+00
1.511390000000000011e+00
1.504990000000000050e+00
1.495409999999999906e+00
1.488990000000000036e+00
1.479449999999999932e+00
1.473079999999999945e+00
1.463479999999999892e+00
1.457640000000000047e+00
1.447999999999999954e+00
1.441619999999999902e+00
1.432010000000000005e+00
1.425669999999999993e+00
1.416050000000000031e+00
1.409659999999999913e+00
1.400050000000000017e+00
1.393669999999999964e+00
1.384069999999999911e+00
1.377720000000000056e+00
1.368139999999999912e+00
1.361680000000000001e+00
1.352119999999999989e+00
1.345769999999999911e+00
1.336149999999999949e+00
1.329760000000000053e+00
1.320240000000000080e+00
1.313800000000000079e+00
1.304230000000000000e+00
1.297849999999999948e+00
1.288240000000000052e+00
1.281919999999999948e+00
1.272259999999999946e+00
1.265859999999999985e+00
1.256259999999999932e+00
1.249859999999999971e+00
1.240269999999999984e+00
1.233959999999999946e+00
1.224310000000000009e+00
1.217919999999999892e+00
1.208350000000000035e+00
1.201920000000000099e+00
1.192339999999999955e+00
1.185990000000000100e+00
1.176339999999999941e+00
1.169950000000000045e+00
1.160360000000000058e+00
1.153939999999999966e+00
1.144409999999999927e+00
1.138030000000000097e+00
1.128460000000000019e+00
1.122100000000000097e+00
1.112449999999999939e+00
1.106079999999999952e+00
1.096459999999999990e+00
1.090090000000000003e+00
1.080500000000000016e+00
1.074659999999999949e+00
1.065010000000000012e+00
1.058680000000000065e+00
1.049050000000000038e+00
1.042689999999999895e+00
1.033079999999999998e+00
1.026690000000000103e+00
1.017069999999999919e+00
1.010720000000000063e+00
1.001120000000000010e+00
9.947099999999999831e-01
9.851900000000000102e-01
9.787400000000000544e-01
9.692100000000000160e-01
9.628100000000000547e-01
9.532000000000000473e-01
9.468400000000000150e-01
9.372700000000000475e-01
9.308400000000000007e-01
9.212399999999999478e-01
9.148699999999999610e-01
9.052599999999999536e-01
8.989000000000000323e-01
8.893100000000000449e-01
8.829099999999999726e-01
8.732600000000000362e-01
8.669000000000000039e-01
8.573100000000000165e-01
8.508999999999999897e-01
8.413699999999999513e-01
8.349699999999999900e-01
8.253300000000000081e-01
8.189499999999999558e-01
8.093900000000000539e-01
8.029199999999999671e-01
7.933900000000000396e-01
7.870099999999999874e-01
7.805699999999999861e-01
7.710099999999999731e-01
7.645800000000000374e-01
7.549900000000000500e-01
7.486699999999999466e-01
7.390799999999999592e-01
7.326700000000000434e-01
7.231199999999999850e-01
7.167099999999999582e-01
7.070899999999999963e-01
7.007999999999999785e-01
6.911399999999999766e-01
6.847499999999999698e-01
6.751399999999999624e-01
6.687400000000000011e-01
6.591700000000000337e-01
6.528199999999999559e-01
6.431900000000000395e-01
6.368200000000000527e-01
6.272100000000000453e-01
6.208200000000000385e-01
6.112900000000000000e-01
6.048599999999999532e-01
5.952699999999999658e-01
5.888700000000000045e-01
5.792599999999999971e-01
5.728799999999999448e-01
5.633500000000000174e-01
5.569499999999999451e-01
5.473799999999999777e-01
5.409899999999999709e-01
5.313799999999999635e-01
5.250299999999999967e-01
5.153799999999999493e-01
5.090299999999999825e-01
4.994299999999999851e-01
4.929999999999999938e-01
4.839499999999999913e-01
4.775800000000000045e-01
4.679400000000000226e-01
4.616100000000000203e-01
4.520399999999999974e-01
4.456200000000000161e-01
4.360100000000000087e-01
4.296200000000000019e-01
4.199999999999999845e-01
4.136199999999999877e-01
4.040799999999999947e-01
3.976299999999999835e-01
3.880500000000000060e-01
3.816599999999999993e-01
3.720600000000000018e-01
3.657400000000000095e-01
3.561300000000000021e-01
3.497600000000000153e-01
3.401199999999999779e-01
3.337499999999999911e-01
3.241700000000000137e-01
3.177699999999999969e-01
3.081999999999999740e-01
3.018000000000000127e-01
2.921300000000000008e-01
2.857899999999999885e-01
2.762000000000000011e-01
2.697999999999999843e-01
2.602599999999999913e-01
2.538799999999999946e-01
2.442199999999999926e-01
2.378500000000000059e-01
2.283100000000000129e-01
2.218499999999999917e-01
2.123500000000000110e-01
2.059199999999999919e-01
1.962700000000000000e-01
1.899399999999999977e-01
1.803299999999999903e-01
1.739300000000000013e-01
1.644400000000000028e-01
1.580000000000000016e-01
1.483599999999999919e-01
1.420200000000000073e-01
1.323900000000000077e-01
1.260100000000000109e-01
1.169800000000000006e-01
1.105700000000000016e-01
1.009099999999999997e-01
9.456000000000000516e-02
8.497000000000000386e-02
7.857000000000000095e-02
6.901999999999999802e-02
6.260999999999999899e-02
5.303000000000000075e-02
4.662999999999999784e-02
3.701999999999999735e-02
3.062000000000000138e-02
2.106999999999999845e-02
1.464999999999999983e-02
5.009999999999999697e-03
-1.200000000000000030e-04
-3.099999999999999999e-04
-3.499999999999999964e-04
-3.400000000000000244e-04
-3.400000000000000244e-04
-3.400000000000000244e-04
-3.200000000000000262e-04
-3.299999999999999982e-04
-3.400000000000000244e-04
-3.400000000000000244e-04
-3.400000000000000244e-04
-3.400000000000000244e-04
-3.400000000000000244e-04
-3.400000000000000244e-04
-3.400000000000000244e-04
-3.400000000000000244e-04
-3.400000000000000244e-04
-3.400000000000000244e-04
-3.400000000000000244e-04
-3.499999999999999964e-04
-3.499999999999999964e-04
-3.499999999999999964e-04
-3.499999999999999964e-04
-3.499999999999999964e-04
-3.499999999999999964e-04
-3.499999999999999964e-04
-3.499999999999999964e-04
-3.499999999999999964e-04
-3.499999999999999964e-04
-3.499999999999999964e-04
-3.499999999999999964e-04
-3.499999999999999964e-04
-3.499999999999999964e-04
-3.499999999999999964e-04
-3.499999999999999964e-04
-3.499999999999999964e-04
-3.499999999999999964e-04
-3.499999999999999964e-04
-3.499999999999999964e-04
-3.499999999999999964e-04
-3.499999999999999964e-04
-3.499999999999999964e-04
-3.499999999999999964e-04
-3.499999999999999964e-04
-3.499999999999999964e-04
-3.499999999999999964e-04
-3.499999999999999964e-04
-3.499999999999999964e-04
-3.499999999999999964e-04
-3.499999999999999964e-04
-3.499999999999999964e-04
-3.499999999999999964e-04
-3.499999999999999964e-04
-3.499999999999999964e-04
-3.499999999999999964e-04
-3.600000000000000227e-04
-3.600000000000000227e-04
-3.600000000000000227e-04
-3.600000000000000227e-04
-3.600000000000000227e-04
-3.600000000000000227e-04
-3.600000000000000227e-04
-3.499999999999999964e-04
-3.600000000000000227e-04
-3.600000000000000227e-04
-3.600000000000000227e-04
-3.499999999999999964e-04
-3.499999999999999964e-04
-3.499999999999999964e-04
-3.499999999999999964e-04
-3.499999999999999964e-04
-3.499999999999999964e-04
-3.499999999999999964e-04
-3.499999999999999964e-04
-3.499999999999999964e-04
-3.499999999999999964e-04
-3.499999999999999964e-04
-3.499999999999999964e-04
-3.499999999999999964e-04
-3.499999999999999964e-04
-3.499999999999999964e-04
-3.499999999999999964e-04
-3.499999999999999964e-04
-3.499999999999999964e-04
-3.499999999999999964e-04
-3.600000000000000227e-04
-3.499999999999999964e-04
-3.499999999999999964e-04
-3.499999999999999964e-04
-3.600000000000000227e-04
-3.600000000000000227e-04
-3.600000000000000227e-04
-3.600000000000000227e-04
-3.600000000000000227e-04
-3.600000000000000227e-04
-3.600000000000000227e-04
-3.600000000000000227e-04
-3.499999999999999964e-04
-3.600000000000000227e-04
-3.600000000000000227e-04
-3.600000000000000227e-04
-3.600000000000000227e-04
-3.600000000000000227e-04
-3.600000000000000227e-04
-3.600000000000000227e-04
-3.600000000000000227e-04
-3.600000000000000227e-04
-3.600000000000000227e-04
-3.600000000000000227e-04
-3.600000000000000227e-04
-3.600000000000000227e-04
-3.600000000000000227e-04
-3.600000000000000227e-04
-3.600000000000000227e-04
-3.600000000000000227e-04
-3.600000000000000227e-04
-3.600000000000000227e-04
-3.600000000000000227e-04
-3.600000000000000227e-04
-3.600000000000000227e-04
-3.600000000000000227e-04
-3.600000000000000227e-04
-3.600000000000000227e-04
-3.600000000000000227e-04
-3.600000000000000227e-04
-3.600000000000000227e-04
-3.600000000000000227e-04
-3.600000000000000227e-04
-3.600000000000000227e-04
-3.600000000000000227e-04
-3.600000000000000227e-04
-3.600000000000000227e-04
-3.600000000000000227e-04
-3.600000000000000227e-04
-3.600000000000000227e-04
-3.600000000000000227e-04
-3.600000000000000227e-04
-3.499999999999999964e-04
-3.600000000000000227e-04
-3.499999999999999964e-04
-3.499999999999999964e-04
-3.499999999999999964e-04
-3.600000000000000227e-04
-3.600000000000000227e-04
-3.600000000000000227e-04
-3.600000000000000227e-04
-3.600000000000000227e-04
-3.600000000000000227e-04
-3.600000000000000227e-04
-3.600000000000000227e-04
-3.600000000000000227e-04
-3.600000000000000227e-04
-3.600000000000000227e-04
-3.600000000000000227e-04
-3.600000000000000227e-04
-3.600000000000000227e-04
-3.600000000000000227e-04
-3.600000000000000227e-04
-3.600000000000000227e-04
-3.600000000000000227e-04
-3.600000000000000227e-04
-3.600000000000000227e-04
-3.600000000000000227e-04
-3.600000000000000227e-04
-3.600000000000000227e-04
-3.600000000000000227e-04
-3.600000000000000227e-04
-3.600000000000000227e-04
-3.600000000000000227e-04
-3.600000000000000227e-04
-3.600000000000000227e-04
-3.600000000000000227e-04
-3.600000000000000227e-04
-3.600000000000000227e-04
-3.600000000000000227e-04
-3.600000000000000227e-04
-3.600000000000000227e-04
-3.600000000000000227e-04
-3.600000000000000227e-04
-3.600000000000000227e-04
-3.600000000000000227e-04
-3.600000000000000227e-04
-3.600000000000000227e-04
-3.600000000000000227e-04
-3.600000000000000227e-04
-3.600000000000000227e-04
-3.600000000000000227e-04
-3.600000000000000227e-04
-3.600000000000000227e-04
-3.600000000000000227e-04
-3.600000000000000227e-04
-3.600000000000000227e-04
-3.600000000000000227e-04
-3.600000000000000227e-04
-3.600000000000000227e-04
-3.600000000000000227e-04
-3.600000000000000227e-04
-3.600000000000000227e-04
-3.600000000000000227e-04
-3.600000000000000227e-04
-3.600000000000000227e-04
-3.600000000000000227e-04
-3.600000000000000227e-04
-3.600000000000000227e-04
-3.600000000000000227e-04
-3.600000000000000227e-04
-3.600000000000000227e-04
-3.600000000000000227e-04
-3.600000000000000227e-04
-3.600000000000000227e-04
-3.600000000000000227e-04
-3.600000000000000227e-04
-3.600000000000000227e-04
-3.600000000000000227e-04
-3.600000000000000227e-04
-3.600000000000000227e-04
-3.600000000000000227e-04
-3.600000000000000227e-04
-3.600000000000000227e-04
-3.600000000000000227e-04
-3.600000000000000227e-04
-3.600000000000000227e-04
-3.600000000000000227e-04
-3.600000000000000227e-04
-3.600000000000000227e-04
-3.600000000000000227e-04
-3.600000000000000227e-04
-3.600000000000000227e-04
-3.600000000000000227e-04
-3.600000000000000227e-04
-3.600000000000000227e-04
-3.600000000000000227e-04
-3.600000000000000227e-04
-3.600000000000000227e-04
-3.600000000000000227e-04
-3.600000000000000227e-04
-3.600000000000000227e-04
-3.600000000000000227e-04
-3.600000000000000227e-04
-3.600000000000000227e-04
-3.600000000000000227e-04
-3.600000000000000227e-04
-3.600000000000000227e-04
-3.600000000000000227e-04
-3.600000000000000227e-04
-3.600000000000000227e-04
-3.600000000000000227e-04
-3.600000000000000227e-04
-3.600000000000000227e-04
-3.600000000000000227e-04
-3.600000000000000227e-04
-3.600000000000000227e-04
-3.600000000000000227e-04
-3.600000000000000227e-04
-3.600000000000000227e-04
-3.600000000000000227e-04
-3.600000000000000227e-04
-3.600000000000000227e-04
-3.600000000000000227e-04
-3.600000000000000227e-04
-3.600000000000000227e-04
-3.600000000000000227e-04
-3.600000000000000227e-04
-3.600000000000000227e-04
-3.600000000000000227e-04
-3.600000000000000227e-04
-3.600000000000000227e-04
-3.600000000000000227e-04
-3.600000000000000227e-04
-3.600000000000000227e-04
-3.600000000000000227e-04
-3.600000000000000227e-04
-3.600000000000000227e-04
-3.600000000000000227e-04
-3.600000000000000227e-04
-3.600000000000000227e-04
-3.600000000000000227e-04
-3.600000000000000227e-04
-3.600000000000000227e-04
-3.600000000000000227e-04
-3.600000000000000227e-04
-3.600000000000000227e-04
-3.600000000000000227e-04
-3.600000000000000227e-04
-3.600000000000000227e-04
-3.600000000000000227e-04
-3.600000000000000227e-04
-3.600000000000000227e-04
-3.600000000000000227e-04
-3.600000000000000227e-04
-3.600000000000000227e-04
-3.600000000000000227e-04
-3.600000000000000227e-04
-3.600000000000000227e-04
-3.600000000000000227e-04
-3.600000000000000227e-04
-3.600000000000000227e-04
-3.600000000000000227e-04
-3.600000000000000227e-04
-3.600000000000000227e-04
-3.600000000000000227e-04
-3.600000000000000227e-04
-3.600000000000000227e-04
-3.600000000000000227e-04
-3.600000000000000227e-04
-3.600000000000000227e-04
-3.600000000000000227e-04
-3.600000000000000227e-04
-3.600000000000000227e-04
-3.600000000000000227e-04
-3.600000000000000227e-04
-3.600000000000000227e-04
-3.600000000000000227e-04
-3.600000000000000227e-04
-3.600000000000000227e-04
-3.600000000000000227e-04
-3.600000000000000227e-04
-3.600000000000000227e-04
-3.600000000000000227e-04
-3.600000000000000227e-04
-3.600000000000000227e-04
-3.600000000000000227e-04
-3.600000000000000227e-04
-3.600000000000000227e-04
-3.600000000000000227e-04
-3.600000000000000227e-04
-3.600000000000000227e-04
-3.600000000000000227e-04
-3.600000000000000227e-04
-3.600000000000000227e-04
-3.600000000000000227e-04
-3.600000000000000227e-04
-3.600000000000000227e-04
-3.600000000000000227e-04
-3.600000000000000227e-04
-3.600000000000000227e-04
-3.600000000000000227e-04
-3.600000000000000227e-04
-3.600000000000000227e-04
-3.600000000000000227e-04
-3.600000000000000227e-04
-3.600000000000000227e-04
-3.600000000000000227e-04
-3.600000000000000227e-04
-3.600000000000000227e-04
-3.600000000000000227e-04
-3.600000000000000227e-04
-3.600000000000000227e-04
-3.600000000000000227e-04
-3.600000000000000227e-04
-3.600000000000000227e-04
-3.600000000000000227e-04
-3.600000000000000227e-04
-3.600000000000000227e-04
-3.600000000000000227e-04
-3.600000000000000227e-04
-3.600000000000000227e-04
-3.600000000000000227e-04
-3.600000000000000227e-04
-3.600000000000000227e-04
-3.600000000000000227e-04
-3.600000000000000227e-04
-3.600000000000000227e-04
-3.600000000000000227e-04
-3.600000000000000227e-04
-3.600000000000000227e-04
-3.600000000000000227e-04
-3.600000000000000227e-04
-3.600000000000000227e-04
-3.600000000000000227e-04
-3.600000000000000227e-04
-3.600000000000000227e-04
-3.600000000000000227e-04
-3.600000000000000227e-04
-3.600000000000000227e-04
-3.600000000000000227e-04
-3.600000000000000227e-04
-3.600000000000000227e-04
-3.600000000000000227e-04
-3.600000000000000227e-04
-3.600000000000000227e-04
-3.600000000000000227e-04
-3.600000000000000227e-04
-3.600000000000000227e-04
-3.600000000000000227e-04
-3.600000000000000227e-04
-3.600000000000000227e-04
-3.600000000000000227e-04
-3.600000000000000227e-04
-3.600000000000000227e-04
-3.600000000000000227e-04
-3.600000000000000227e-04
-3.600000000000000227e-04
-3.600000000000000227e-04
-3.600000000000000227e-04
-3.600000000000000227e-04
-3.600000000000000227e-04
-3.600000000000000227e-04
-3.600000000000000227e-04
-3.600000000000000227e-04
-3.600000000000000227e-04
-3.600000000000000227e-04
-3.600000000000000227e-04
-3.600000000000000227e-04
-3.600000000000000227e-04
-3.600000000000000227e-04
-3.600000000000000227e-04
-3.600000000000000227e-04
-3.600000000000000227e-04
-3.600000000000000227e-04
-3.600000000000000227e-04
-3.600000000000000227e-04
-3.600000000000000227e-04
-3.600000000000000227e-04
-3.600000000000000227e-04
-3.600000000000000227e-04
-3.600000000000000227e-04
-3.600000000000000227e-04
-3.600000000000000227e-04
-3.600000000000000227e-04
-3.600000000000000227e-04
-3.600000000000000227e-04
-3.600000000000000227e-04
-3.600000000000000227e-04
-3.600000000000000227e-04
-3.600000000000000227e-04
-3.600000000000000227e-04
-3.600000000000000227e-04
-3.600000000000000227e-04
-3.600000000000000227e-04
-3.600000000000000227e-04
-3.600000000000000227e-04
-3.600000000000000227e-04
-3.600000000000000227e-04
-3.600000000000000227e-04
-3.600000000000000227e-04
-3.600000000000000227e-04
-3.600000000000000227e-04
-3.600000000000000227e-04
-3.600000000000000227e-04
-3.600000000000000227e-04
-3.600000000000000227e-04
-3.600000000000000227e-04
-3.600000000000000227e-04
-3.600000000000000227e-04
-3.600000000000000227e-04
-3.600000000000000227e-04
-3.600000000000000227e-04
-3.600000000000000227e-04
-3.600000000000000227e-04
-3.600000000000000227e-04
-3.600000000000000227e-04
-3.600000000000000227e-04
-3.600000000000000227e-04
-3.600000000000000227e-04
-3.600000000000000227e-04
-3.600000000000000227e-04
-3.600000000000000227e-04
-3.600000000000000227e-04
-3.600000000000000227e-04
-3.600000000000000227e-04
-3.600000000000000227e-04
-3.600000000000000227e-04
-3.600000000000000227e-04
-3.600000000000000227e-04
-3.600000000000000227e-04
-3.600000000000000227e-04
-3.600000000000000227e-04
-3.600000000000000227e-04
-3.600000000000000227e-04
-3.600000000000000227e-04
-3.600000000000000227e-04
-3.600000000000000227e-04
-3.600000000000000227e-04
-3.600000000000000227e-04
-3.600000000000000227e-04
-3.600000000000000227e-04
-3.600000000000000227e-04
-3.600000000000000227e-04
-3.600000000000000227e-04
-3.600000000000000227e-04
-3.600000000000000227e-04
-3.600000000000000227e-04
-3.600000000000000227e-04
-3.600000000000000227e-04
-3.600000000000000227e-04
-3.600000000000000227e-04
-3.600000000000000227e-04
-3.600000000000000227e-04
-3.600000000000000227e-04
-3.600000000000000227e-04
-3.600000000000000227e-04
-3.600000000000000227e-04
-3.600000000000000227e-04
-3.600000000000000227e-04
-3.600000000000000227e-04
-3.600000000000000227e-04
-3.600000000000000227e-04
-3.600000000000000227e-04
-3.600000000000000227e-04
-3.600000000000000227e-04
-3.600000000000000227e-04
-3.600000000000000227e-04
-3.600000000000000227e-04
-3.600000000000000227e-04
-3.600000000000000227e-04
-3.600000000000000227e-04
-3.600000000000000227e-04
-3.600000000000000227e-04
-3.600000000000000227e-04
-3.600000000000000227e-04
-3.600000000000000227e-04
-3.600000000000000227e-04
-3.600000000000000227e-04
-3.600000000000000227e-04
-3.600000000000000227e-04
-3.600000000000000227e-04
-3.600000000000000227e-04
-3.600000000000000227e-04
-3.600000000000000227e-04
-3.600000000000000227e-04
-3.600000000000000227e-04
-3.600000000000000227e-04
-3.600000000000000227e-04
-3.600000000000000227e-04
-3.600000000000000227e-04
-3.600000000000000227e-04
-3.600000000000000227e-04
-3.600000000000000227e-04
-3.600000000000000227e-04
-3.600000000000000227e-04
-3.600000000000000227e-04
-3.600000000000000227e-04
-3.600000000000000227e-04
-3.600000000000000227e-04
-3.600000000000000227e-04
-3.600000000000000227e-04
-3.600000000000000227e-04
-3.600000000000000227e-04
-3.600000000000000227e-04
-3.600000000000000227e-04
-3.600000000000000227e-04
-3.600000000000000227e-04
-3.600000000000000227e-04
-3.600000000000000227e-04
-3.600000000000000227e-04
-3.600000000000000227e-04
-3.600000000000000227e-04
-3.600000000000000227e-04
-3.600000000000000227e-04
-3.600000000000000227e-04
-3.600000000000000227e-04
-3.600000000000000227e-04
-3.600000000000000227e-04
-3.600000000000000227e-04
-3.600000000000000227e-04
-3.600000000000000227e-04
-3.600000000000000227e-04
-3.600000000000000227e-04
-3.600000000000000227e-04
-3.600000000000000227e-04
-3.600000000000000227e-04
-3.600000000000000227e-04
-3.600000000000000227e-04
-3.600000000000000227e-04
-3.600000000000000227e-04
-3.600000000000000227e-04
-3.600000000000000227e-04
-3.600000000000000227e-04
-3.600000000000000227e-04
-3.600000000000000227e-04
-3.600000000000000227e-04
-3.600000000000000227e-04
-3.600000000000000227e-04
-3.600000000000000227e-04
-3.600000000000000227e-04
-3.600000000000000227e-04
-3.600000000000000227e-04
-3.600000000000000227e-04
-3.600000000000000227e-04
-3.600000000000000227e-04
-3.600000000000000227e-04
-3.600000000000000227e-04
-3.600000000000000227e-04
-3.600000000000000227e-04
-3.600000000000000227e-04
-3.600000000000000227e-04
-3.600000000000000227e-04
-3.600000000000000227e-04
-3.600000000000000227e-04
-3.600000000000000227e-04
-3.600000000000000227e-04
-3.600000000000000227e-04
