4.072137999999999805e-05
4.071766000000000209e-05
4.071021000000000269e-05
4.069902999999999986e-05
4.069158000000000047e-05
4.067668000000000168e-05
4.066549999999999885e-05
4.065804999999999945e-05
4.064687999999999732e-05
4.063196999999999783e-05
4.062451999999999844e-05
4.060589999999999691e-05
4.059472000000000086e-05
4.057237000000000267e-05
4.055001999999999771e-05
4.052766999999999953e-05
4.050158999999999791e-05
4.047179000000000033e-05
4.043825999999999931e-05
4.040846000000000173e-05
4.037493000000000071e-05
4.033022999999999757e-05
4.028552000000000050e-05
4.024081999999999735e-05
4.018493999999999815e-05
4.012905999999999895e-05
4.006945999999999701e-05
4.000985000000000115e-05
3.994279999999999982e-05
3.987947000000000123e-05
3.981240999999999919e-05
3.974163000000000120e-05
3.967830000000000261e-05
3.961124000000000058e-05
3.954046000000000259e-05
3.947341000000000125e-05
3.940634999999999922e-05
3.933929999999999789e-05
3.927224000000000264e-05
3.920519000000000131e-05
3.914186000000000271e-05
3.907480000000000068e-05
3.901147000000000208e-05
3.894813999999999671e-05
3.888480999999999811e-05
3.882147999999999952e-05
3.875815000000000092e-05
3.869482000000000233e-05
3.863148999999999696e-05
3.856444000000000240e-05
3.850110999999999703e-05
3.843405000000000177e-05
3.836700000000000044e-05
3.829622000000000245e-05
3.822916000000000042e-05
3.815838000000000243e-05
3.809133000000000110e-05
3.802055000000000311e-05
3.794976999999999834e-05
3.787897999999999965e-05
3.780820000000000166e-05
3.774487000000000306e-05
3.767782000000000173e-05
3.760703999999999696e-05
3.753998000000000171e-05
3.747293000000000038e-05
3.740586999999999835e-05
3.734253999999999975e-05
3.727548999999999842e-05
3.720843000000000316e-05
3.714509999999999779e-05
3.708550000000000263e-05
3.702216999999999726e-05
3.696256000000000140e-05
3.690295999999999946e-05
3.684708000000000026e-05
3.678746999999999763e-05
3.672787000000000247e-05
3.666827000000000053e-05
3.660494000000000193e-05
3.654532999999999930e-05
3.648200000000000070e-05
3.641867000000000211e-05
3.635162000000000077e-05
3.628829000000000218e-05
3.621750999999999741e-05
3.614671999999999872e-05
3.607594000000000073e-05
3.600516000000000274e-05
3.593437999999999797e-05
3.585987999999999725e-05
3.578537000000000260e-05
3.571832000000000126e-05
3.564380999999999984e-05
3.557303000000000185e-05
3.550224999999999708e-05
3.543519000000000183e-05
3.537186000000000323e-05
3.530852999999999786e-05
3.524519999999999926e-05
3.518559999999999733e-05
3.513345000000000156e-05
3.507757000000000236e-05
3.502540999999999912e-05
3.497326000000000335e-05
3.491737999999999738e-05
3.486522000000000091e-05
3.480561999999999897e-05
3.474973999999999977e-05
3.469013999999999784e-05
3.463053000000000198e-05
3.457093000000000004e-05
3.450760000000000145e-05
3.444798999999999881e-05
3.438838999999999687e-05
3.432505999999999828e-05
3.426172999999999968e-05
3.419840000000000109e-05
3.413507000000000249e-05
3.407173999999999712e-05
3.400468000000000186e-05
3.394135000000000327e-05
3.387801999999999789e-05
3.381468999999999930e-05
3.375136000000000070e-05
3.369175999999999877e-05
3.362843000000000017e-05
3.356510000000000158e-05
3.350177000000000298e-05
3.344216000000000034e-05
3.337883000000000175e-05
3.331550000000000315e-05
3.325216999999999778e-05
3.318512000000000322e-05
3.312178999999999785e-05
3.305473000000000260e-05
3.298768000000000127e-05
3.292435000000000267e-05
3.285729000000000064e-05
3.279396000000000204e-05
3.272691000000000071e-05
3.266358000000000212e-05
3.260396999999999948e-05
3.254064000000000088e-05
3.248103999999999895e-05
3.242143000000000309e-05
3.236183000000000115e-05
3.230595000000000195e-05
3.225007000000000275e-05
3.219047000000000081e-05
3.213459000000000161e-05
3.207497999999999898e-05
3.201537999999999704e-05
3.195577000000000118e-05
3.189616999999999924e-05
3.184029000000000004e-05
3.178441000000000084e-05
3.172853000000000164e-05
3.166892999999999970e-05
3.161677000000000324e-05
3.155717000000000130e-05
3.150129000000000210e-05
3.144167999999999947e-05
3.138207999999999753e-05
3.131874999999999893e-05
3.125914000000000307e-05
3.119954000000000114e-05
3.113621000000000254e-05
3.107287999999999717e-05
3.100954999999999857e-05
3.094621999999999998e-05
3.087915999999999795e-05
3.081582999999999935e-05
3.074877999999999802e-05
3.068544999999999942e-05
3.061838999999999739e-05
3.055505999999999880e-05
3.048788999999999923e-05
3.042456000000000064e-05
3.036495999999999870e-05
3.030163000000000011e-05
3.024202000000000086e-05
3.017868999999999887e-05
3.011909000000000033e-05
3.005948000000000108e-05
2.999987999999999914e-05
2.994026999999999989e-05
2.988067000000000135e-05
2.981733999999999936e-05
2.975774000000000081e-05
2.969813000000000156e-05
2.963852999999999963e-05
2.957892000000000038e-05
2.952304000000000118e-05
2.947088999999999864e-05
2.941872999999999879e-05
2.935913000000000024e-05
2.930698000000000108e-05
2.925109999999999849e-05
2.919148999999999925e-05
2.913189000000000070e-05
2.907601000000000150e-05
2.901639999999999886e-05
2.895680000000000031e-05
2.889719000000000106e-05
2.883758999999999913e-05
2.877426000000000053e-05
2.871465000000000128e-05
2.865131999999999930e-05
2.858799000000000070e-05
2.852465999999999872e-05
2.846133000000000012e-05
2.839800000000000153e-05
2.833466999999999955e-05
2.827134000000000095e-05
2.820800999999999897e-05
2.814841000000000042e-05
2.808507999999999843e-05
2.802174999999999984e-05
2.796215000000000129e-05
2.789881999999999931e-05
2.783921000000000006e-05
2.778333000000000086e-05
2.772372999999999892e-05
2.766784999999999972e-05
2.761197000000000052e-05
2.755609000000000132e-05
2.750393000000000146e-05
2.745177999999999892e-05
2.739962999999999977e-05
2.734746999999999992e-05
2.729532000000000076e-05
2.724689000000000096e-05
2.719473999999999842e-05
2.714257999999999856e-05
2.709042999999999941e-05
2.703826999999999956e-05
2.698239000000000036e-05
2.693024000000000120e-05
2.687435999999999861e-05
2.682220999999999946e-05
2.676260000000000021e-05
2.671045000000000106e-05
2.665829000000000121e-05
2.660240999999999862e-05
2.655025999999999946e-05
2.649438000000000026e-05
2.644223000000000111e-05
2.638261999999999847e-05
2.632673999999999927e-05
2.627086000000000007e-05
2.621871000000000092e-05
2.615910000000000167e-05
2.610322999999999978e-05
2.605106999999999993e-05
2.599519000000000073e-05
2.593931000000000153e-05
2.588715999999999899e-05
2.583872999999999918e-05
2.579402999999999942e-05
2.575304999999999901e-05
2.571579999999999865e-05
2.568227000000000102e-05
2.564874000000000000e-05
2.561520999999999899e-05
2.557795999999999863e-05
2.554071000000000165e-05
2.550345000000000059e-05
2.545875000000000083e-05
2.542150000000000047e-05
2.537307000000000066e-05
2.532464000000000085e-05
2.527248999999999831e-05
2.522032999999999846e-05
2.516817999999999931e-05
2.511230000000000011e-05
2.506387000000000030e-05
2.501172000000000115e-05
2.495583999999999856e-05
2.490367999999999871e-05
2.485152999999999955e-05
2.479565000000000035e-05
2.473977000000000115e-05
2.468761999999999861e-05
2.463173999999999941e-05
2.457213000000000016e-05
2.451625000000000096e-05
2.446036999999999837e-05
2.440448999999999917e-05
2.434489000000000062e-05
2.428901000000000142e-05
2.422567999999999944e-05
2.417353000000000028e-05
2.412137000000000043e-05
2.406549000000000123e-05
2.401333999999999869e-05
2.396117999999999884e-05
2.390902999999999968e-05
2.386059999999999988e-05
2.381217000000000007e-05
2.376374000000000026e-05
2.371904000000000051e-05
2.367434000000000075e-05
2.363336000000000034e-05
2.359237999999999993e-05
2.355884999999999891e-05
2.351786999999999850e-05
2.348062000000000153e-05
2.343964000000000111e-05
2.339866000000000070e-05
2.335769000000000099e-05
2.331298000000000053e-05
2.327200000000000012e-05
2.322730000000000037e-05
2.318260000000000061e-05
2.314535000000000024e-05
2.310436999999999983e-05
2.306710999999999877e-05
2.302985999999999841e-05
2.299633000000000078e-05
2.296281000000000046e-05
2.292927999999999945e-05
2.289574999999999843e-05
2.285850000000000146e-05
2.282124000000000039e-05
2.278399000000000003e-05
2.273929000000000027e-05
2.270203999999999991e-05
2.265361000000000010e-05
2.260889999999999965e-05
2.256792999999999993e-05
2.252321999999999948e-05
2.247851999999999972e-05
2.243008999999999991e-05
2.238539000000000015e-05
2.233323000000000030e-05
2.228853000000000054e-05
2.223637000000000069e-05
2.218795000000000158e-05
2.213578999999999834e-05
2.208735999999999854e-05
2.203892999999999873e-05
2.198677999999999958e-05
2.193834999999999977e-05
2.188620000000000062e-05
2.184149000000000016e-05
2.178934000000000101e-05
2.174464000000000125e-05
2.169621000000000144e-05
2.165150000000000099e-05
2.160680000000000123e-05
2.156210000000000147e-05
2.152484000000000041e-05
2.148759000000000004e-05
2.145033999999999968e-05
2.141308999999999932e-05
2.137956000000000169e-05
2.134603000000000067e-05
2.130878000000000031e-05
2.127896999999999864e-05
2.124544999999999833e-05
2.120819000000000065e-05
2.117467000000000034e-05
2.113740999999999927e-05
2.110015999999999891e-05
2.106290999999999855e-05
2.102565000000000087e-05
2.098468000000000116e-05
2.094742000000000010e-05
2.090272000000000034e-05
2.086546999999999998e-05
2.082448999999999956e-05
2.077978999999999981e-05
2.073880999999999940e-05
2.069409999999999894e-05
2.064567999999999983e-05
2.060096999999999937e-05
2.055253999999999957e-05
2.050410999999999976e-05
2.045569000000000066e-05
2.040726000000000085e-05
2.035883000000000104e-05
2.031040000000000124e-05
2.026197000000000143e-05
2.021354000000000163e-05
2.016883999999999848e-05
2.013159000000000151e-05
2.009433000000000044e-05
2.005708000000000008e-05
2.002354999999999906e-05
1.999002000000000144e-05
1.995650000000000112e-05
1.991924000000000006e-05
1.988571999999999974e-05
1.984845999999999868e-05
1.980748000000000166e-05
1.975905999999999916e-05
1.971807999999999875e-05
1.966964999999999895e-05
1.962121999999999914e-05
1.956906999999999999e-05
1.952064000000000018e-05
1.946848000000000033e-05
1.941633000000000117e-05
1.936417999999999863e-05
1.931574999999999883e-05
1.925986999999999963e-05
1.921143999999999982e-05
1.916301000000000002e-05
1.911458000000000021e-05
1.906615000000000040e-05
1.902516999999999999e-05
1.897675000000000089e-05
1.893204000000000043e-05
1.888361000000000062e-05
1.883891000000000087e-05
1.878675999999999832e-05
1.873832999999999852e-05
1.868989999999999871e-05
1.864519000000000164e-05
1.860048999999999850e-05
1.855578999999999874e-05
1.851853000000000106e-05
1.848128000000000070e-05
1.844030000000000029e-05
1.839933000000000058e-05
1.835835000000000017e-05
1.830619000000000031e-05
1.826149000000000056e-05
1.820561000000000136e-05
1.815718000000000155e-05
1.811247999999999840e-05
1.806404999999999860e-05
1.801561999999999879e-05
1.797836999999999843e-05
1.793739000000000141e-05
1.790014000000000104e-05
1.786287999999999998e-05
1.782935999999999966e-05
1.779582999999999865e-05
1.776230000000000102e-05
1.772877000000000001e-05
1.769524999999999969e-05
1.766544000000000141e-05
1.763564000000000044e-05
1.760583999999999947e-05
1.757230999999999846e-05
1.754623000000000022e-05
1.751270999999999991e-05
1.748290000000000163e-05
1.744938000000000131e-05
1.741585000000000030e-05
1.738231999999999928e-05
1.734879000000000165e-05
1.731154000000000129e-05
1.727429000000000093e-05
1.723702999999999986e-05
1.719606000000000015e-05
1.716252999999999914e-05
1.712527999999999877e-05
1.708802000000000110e-05
1.705077000000000074e-05
1.701352000000000037e-05
1.697625999999999931e-05
1.693900999999999895e-05
1.690548000000000132e-05
1.687196000000000100e-05
1.683469999999999994e-05
1.679373000000000023e-05
1.675646999999999917e-05
1.671921999999999880e-05
1.667823999999999839e-05
1.663726000000000137e-05
1.660001000000000101e-05
1.655903000000000060e-05
1.652178000000000023e-05
1.648079999999999982e-05
1.644354999999999946e-05
1.640256999999999905e-05
1.636531999999999869e-05
1.632806000000000101e-05
1.628709000000000130e-05
1.624983000000000024e-05
1.621257999999999987e-05
1.617532999999999951e-05
1.613434999999999910e-05
1.609709999999999874e-05
1.605984000000000106e-05
1.602259000000000070e-05
1.598905999999999968e-05
1.595925999999999871e-05
1.592573000000000109e-05
1.589593000000000012e-05
1.586239999999999910e-05
1.583260000000000152e-05
1.579535000000000116e-05
1.575809000000000010e-05
1.572083999999999973e-05
1.568358999999999937e-05
1.564633999999999901e-05
1.560908000000000133e-05
1.557556000000000102e-05
1.554203000000000000e-05
1.550476999999999894e-05
1.546751999999999857e-05
1.543027000000000160e-05
1.538929000000000119e-05
1.535204000000000082e-05
1.530733000000000037e-05
1.526263000000000061e-05
1.521787000000000004e-05
1.517317000000000028e-05
1.513218999999999987e-05
1.508747999999999941e-05
1.503906000000000031e-05
1.499434999999999985e-05
1.494592000000000004e-05
1.490493999999999963e-05
1.486023999999999987e-05
1.481925999999999946e-05
1.477455999999999971e-05
1.473357999999999930e-05
1.469633000000000063e-05
1.465908000000000026e-05
1.462554999999999925e-05
1.458830000000000058e-05
1.455476999999999956e-05
1.452124000000000024e-05
1.448398999999999988e-05
1.445046000000000056e-05
1.442065999999999959e-05
1.439084999999999961e-05
1.436105000000000034e-05
1.433497999999999942e-05
1.431262000000000053e-05
1.428654999999999961e-05
1.426792000000000078e-05
1.424929000000000024e-05
1.422694000000000036e-05
1.420459000000000049e-05
1.417851000000000056e-05
1.415243999999999964e-05
1.412262999999999966e-05
1.409656000000000044e-05
1.407048000000000051e-05
1.404440000000000058e-05
1.401832999999999966e-05
1.399597000000000078e-05
1.396245000000000046e-05
1.393637000000000054e-05
1.390656999999999957e-05
1.387675999999999959e-05
1.384696000000000032e-05
1.382088999999999940e-05
1.379107999999999943e-05
1.376501000000000020e-05
1.373893000000000027e-05
1.370912999999999930e-05
1.367931999999999933e-05
1.364952000000000006e-05
1.362717000000000018e-05
1.360109000000000025e-05
1.357874000000000037e-05
1.355266000000000044e-05
1.352658999999999952e-05
1.350423999999999964e-05
1.348188000000000076e-05
1.345580999999999984e-05
1.343717999999999931e-05
1.341482999999999943e-05
1.339247999999999955e-05
1.337012999999999967e-05
1.334777000000000078e-05
1.332541999999999921e-05
1.329933999999999929e-05
1.326954000000000001e-05
1.324719000000000013e-05
1.322111000000000021e-05
1.319503999999999928e-05
1.316522999999999931e-05
1.313543000000000004e-05
1.310935000000000011e-05
1.307955000000000084e-05
1.305719999999999926e-05
1.303484999999999938e-05
1.301249999999999950e-05
1.299014999999999962e-05
1.296779000000000074e-05
1.294171999999999982e-05
1.291563999999999989e-05
1.288584000000000062e-05
1.285976000000000069e-05
1.283368000000000077e-05
1.281132999999999919e-05
1.278897999999999931e-05
1.276662999999999943e-05
1.274800000000000060e-05
1.272938000000000076e-05
1.271819999999999963e-05
1.270330000000000084e-05
1.269584999999999975e-05
1.268467000000000031e-05
1.267349999999999987e-05
1.266605000000000047e-05
1.265486999999999934e-05
1.264368999999999990e-05
1.263251999999999946e-05
1.262507000000000006e-05
1.261389000000000062e-05
1.260272000000000018e-05
1.259154000000000074e-05
1.258035999999999961e-05
1.256918999999999917e-05
1.255800999999999973e-05
1.254310999999999924e-05
1.253565999999999985e-05
1.251702999999999932e-05
1.250586000000000057e-05
1.249096000000000009e-05
1.247605999999999961e-05
1.246488000000000016e-05
1.244997999999999968e-05
1.244253000000000028e-05
1.243135000000000084e-05
1.241645000000000036e-05
1.240899999999999927e-05
1.239781999999999983e-05
1.238664999999999939e-05
1.237919999999999999e-05
1.237175000000000060e-05
1.236056999999999946e-05
1.235312000000000007e-05
1.234940000000000072e-05
1.234567000000000067e-05
1.233821999999999958e-05
1.233821999999999958e-05
1.233821999999999958e-05
1.233821999999999958e-05
1.234194000000000062e-05
1.234940000000000072e-05
1.234940000000000072e-05
1.235312000000000007e-05
1.236056999999999946e-05
1.236429999999999951e-05
1.236429999999999951e-05
1.236802000000000055e-05
1.237175000000000060e-05
1.237175000000000060e-05
1.237546999999999995e-05
1.237546999999999995e-05
1.237546999999999995e-05
1.237546999999999995e-05
1.237546999999999995e-05
1.237546999999999995e-05
1.237546999999999995e-05
1.237546999999999995e-05
1.237546999999999995e-05
1.237919999999999999e-05
1.238291999999999934e-05
1.238664999999999939e-05
1.239410000000000048e-05
1.240526999999999922e-05
1.241272999999999932e-05
1.242018000000000040e-05
1.242762999999999980e-05
1.243507999999999919e-05
1.244253000000000028e-05
1.244997999999999968e-05
1.245743000000000077e-05
1.246859999999999951e-05
1.247605999999999961e-05
1.248351000000000069e-05
1.249096000000000009e-05
1.249467999999999944e-05
1.249840999999999948e-05
1.250213000000000053e-05
1.250586000000000057e-05
1.250586000000000057e-05
1.250586000000000057e-05
1.250957999999999992e-05
1.251702999999999932e-05
1.252448000000000041e-05
1.253565999999999985e-05
1.254310999999999924e-05
1.255800999999999973e-05
1.256918999999999917e-05
1.258035999999999961e-05
1.259154000000000074e-05
1.260643999999999953e-05
1.262134000000000002e-05
1.263251999999999946e-05
1.265113999999999929e-05
1.266605000000000047e-05
1.267349999999999987e-05
1.268467000000000031e-05
1.269211999999999970e-05
1.269584999999999975e-05
1.269584999999999975e-05
1.269957000000000079e-05
1.270702000000000019e-05
1.271446999999999958e-05
1.272192000000000067e-05
1.272938000000000076e-05
1.273683000000000016e-05
1.275173000000000064e-05
1.276662999999999943e-05
1.278152999999999992e-05
1.280016000000000045e-05
1.282251000000000033e-05
1.284113000000000016e-05
1.285976000000000069e-05
1.288211000000000057e-05
1.290073999999999941e-05
1.291935999999999924e-05
1.294171999999999982e-05
1.296033999999999965e-05
1.297897000000000018e-05
1.299760000000000071e-05
1.301249999999999950e-05
1.303111999999999934e-05
1.304601999999999982e-05
1.306465000000000035e-05
1.308327999999999919e-05
1.310190000000000071e-05
1.312052999999999955e-05
1.313916000000000008e-05
1.316150999999999996e-05
1.317641000000000045e-05
1.319503999999999928e-05
1.320993999999999977e-05
1.322484000000000025e-05
1.323974000000000074e-05
1.325836999999999957e-05
1.327698999999999941e-05
1.329561999999999994e-05
1.331425000000000047e-05
1.333287000000000030e-05
1.335522000000000018e-05
1.337385000000000071e-05
1.339247999999999955e-05
1.341855000000000047e-05
1.344090999999999935e-05
1.346325999999999923e-05
1.348561000000000081e-05
1.351169000000000073e-05
1.353031000000000057e-05
1.355266000000000044e-05
1.357874000000000037e-05
1.359736999999999921e-05
1.361599000000000073e-05
1.362717000000000018e-05
1.364580000000000071e-05
1.365696999999999945e-05
1.367186999999999993e-05
1.368677000000000042e-05
1.370167999999999991e-05
1.371658000000000039e-05
1.373893000000000027e-05
1.375756000000000080e-05
1.377991000000000068e-05
1.380226000000000056e-05
1.382088999999999940e-05
1.384323999999999928e-05
1.386931000000000020e-05
1.388794000000000073e-05
1.390656999999999957e-05
1.393264000000000049e-05
1.395126999999999933e-05
1.397361999999999921e-05
1.399597000000000078e-05
1.402205000000000071e-05
1.404440000000000058e-05
1.406675000000000046e-05
1.408910999999999935e-05
1.411145999999999923e-05
1.413008000000000075e-05
1.415243999999999964e-05
1.417105999999999947e-05
1.418969000000000000e-05
1.421203999999999988e-05
1.423438999999999976e-05
1.425673999999999964e-05
1.427910000000000022e-05
1.430516999999999944e-05
1.432751999999999932e-05
1.434987999999999990e-05
1.437595000000000082e-05
1.439830999999999971e-05
1.441692999999999954e-05
1.443927999999999942e-05
1.445417999999999990e-05
1.447654000000000048e-05
1.449889000000000036e-05
1.452124000000000024e-05
1.454359000000000012e-05
1.456594000000000000e-05
1.459574999999999997e-05
1.461809999999999985e-05
1.464417000000000077e-05
1.467025000000000070e-05
1.470004999999999997e-05
1.472985999999999995e-05
1.475592999999999917e-05
1.478574000000000084e-05
1.481181000000000007e-05
1.483789000000000000e-05
1.486396999999999992e-05
1.489004000000000084e-05
1.491239999999999973e-05
1.494220000000000070e-05
1.496826999999999992e-05
1.499434999999999985e-05
1.502042999999999978e-05
1.504650999999999970e-05
1.507631000000000067e-05
1.510239000000000060e-05
1.513590999999999922e-05
1.516571999999999919e-05
1.519179000000000011e-05
1.521787000000000004e-05
1.524394999999999997e-05
1.527008000000000000e-05
1.529616000000000162e-05
1.532595999999999920e-05
1.535204000000000082e-05
1.538183999999999840e-05
1.540792000000000003e-05
1.543772000000000099e-05
1.546006999999999918e-05
1.548615000000000080e-05
1.551594999999999838e-05
1.553829999999999995e-05
1.556438000000000157e-05
1.558672999999999976e-05
1.560908000000000133e-05
1.563142999999999952e-05
1.565005999999999835e-05
1.566869000000000058e-05
1.568730999999999872e-05
1.570594000000000094e-05
1.572456999999999978e-05
1.574692000000000135e-05
1.576926999999999954e-05
1.578789999999999838e-05
1.580651999999999990e-05
1.583260000000000152e-05
1.585494999999999971e-05
1.587357999999999854e-05
1.589593000000000012e-05
1.591828000000000169e-05
1.593691000000000053e-05
1.596298999999999876e-05
1.598905999999999968e-05
1.601514000000000130e-05
1.604121999999999954e-05
1.606729000000000046e-05
1.609709999999999874e-05
1.612316999999999966e-05
1.614925000000000128e-05
1.617159999999999946e-05
1.619023000000000169e-05
1.621257999999999987e-05
1.623493000000000145e-05
1.625727999999999963e-05
1.627590999999999847e-05
1.630199000000000009e-05
1.632434000000000166e-05
1.634668999999999985e-05
1.636904000000000142e-05
1.639138999999999961e-05
1.641001999999999844e-05
1.642865000000000067e-05
1.644354999999999946e-05
1.646217000000000099e-05
1.647708000000000047e-05
1.649197999999999926e-05
1.650315000000000140e-05
1.651433000000000084e-05
1.652178000000000023e-05
1.652549999999999958e-05
1.652549999999999958e-05
1.652549999999999958e-05
1.652549999999999958e-05
1.652922999999999963e-05
1.653667999999999902e-05
1.654412999999999842e-05
1.655531000000000125e-05
1.656276000000000064e-05
1.657021000000000004e-05
1.658137999999999878e-05
1.659256000000000161e-05
1.660001000000000101e-05
1.661119000000000045e-05
1.662235999999999919e-05
1.663353999999999863e-05
1.664099000000000142e-05
1.665216000000000016e-05
1.665589000000000021e-05
1.665960999999999956e-05
1.665960999999999956e-05
1.665960999999999956e-05
1.665960999999999956e-05
1.666333999999999960e-05
1.667078999999999900e-05
1.667823999999999839e-05
1.668942000000000122e-05
1.670432000000000001e-05
1.671921999999999880e-05
1.673785000000000103e-05
1.675646999999999917e-05
1.677882000000000074e-05
1.679373000000000023e-05
1.681234999999999837e-05
1.683098000000000059e-05
1.684214999999999934e-05
1.684959999999999873e-05
1.686078000000000156e-05
1.686823000000000096e-05
1.687196000000000100e-05
1.687568000000000035e-05
1.687568000000000035e-05
1.687196000000000100e-05
1.686451000000000161e-05
1.686078000000000156e-05
1.685332999999999878e-05
1.684959999999999873e-05
1.684959999999999873e-05
1.684959999999999873e-05
1.684959999999999873e-05
1.685332999999999878e-05
1.685332999999999878e-05
1.685332999999999878e-05
1.684959999999999873e-05
1.685332999999999878e-05
1.685705999999999883e-05
1.686078000000000156e-05
1.687196000000000100e-05
1.688312999999999975e-05
1.690175999999999858e-05
1.692411000000000016e-05
1.694645999999999834e-05
1.697253999999999996e-05
1.699862000000000158e-05
1.702096999999999977e-05
1.704332000000000134e-05
1.706566999999999953e-05
1.708429999999999836e-05
1.709920000000000054e-05
1.710291999999999989e-05
1.710291999999999989e-05
1.710664999999999994e-05
1.710291999999999989e-05
1.710291999999999989e-05
1.710291999999999989e-05
1.709547000000000050e-05
1.708802000000000110e-05
1.708056999999999832e-05
1.706566999999999953e-05
1.704332000000000134e-05
1.702841999999999916e-05
1.701352000000000037e-05
1.700234000000000093e-05
1.699116999999999880e-05
1.698743999999999875e-05
1.697998999999999936e-05
1.697253999999999996e-05
1.696880999999999992e-05
1.697253999999999996e-05
1.697625999999999931e-05
1.698743999999999875e-05
1.700979000000000033e-05
1.704332000000000134e-05
1.707684999999999897e-05
1.711036999999999929e-05
1.715507999999999974e-05
1.720722999999999890e-05
1.726311000000000149e-05
1.730781999999999856e-05
1.733388999999999948e-05
1.735251999999999831e-05
1.735624000000000105e-05
1.734506999999999892e-05
1.731527000000000134e-05
1.728174000000000032e-05
1.725193999999999935e-05
1.721840999999999834e-05
1.716997999999999853e-05
1.711409999999999933e-05
1.706566999999999953e-05
1.702841999999999916e-05
1.700234000000000093e-05
1.696880999999999992e-05
1.693900999999999895e-05
1.692784000000000020e-05
1.693528999999999960e-05
1.695391000000000113e-05
1.697998999999999936e-05
1.701723999999999972e-05
1.706939999999999957e-05
1.712527999999999877e-05
1.718116000000000136e-05
1.724448999999999996e-05
1.730781999999999856e-05
1.737115000000000054e-05
1.743074999999999909e-05
1.748663000000000168e-05
1.753133000000000143e-05
1.755740999999999967e-05
1.757603999999999850e-05
1.758349000000000129e-05
1.757603999999999850e-05
1.756112999999999901e-05
1.753878000000000083e-05
1.750526000000000051e-05
1.747544999999999885e-05
1.744565000000000127e-05
1.741956999999999965e-05
1.741212000000000025e-05
1.741212000000000025e-05
1.742329999999999969e-05
1.744565000000000127e-05
1.747172999999999950e-05
1.750526000000000051e-05
1.754251000000000088e-05
1.759094000000000068e-05
1.763564000000000044e-05
1.769151999999999964e-05
1.774366999999999880e-05
1.779582999999999865e-05
1.784798000000000119e-05
1.789641000000000100e-05
1.794484000000000080e-05
1.799327000000000061e-05
1.804170000000000041e-05
1.808268000000000082e-05
1.812738000000000058e-05
1.816836000000000099e-05
1.820561000000000136e-05
1.823913999999999898e-05
1.827638999999999935e-05
1.830619000000000031e-05
1.833226999999999855e-05
1.835835000000000017e-05
1.838069999999999835e-05
1.839933000000000058e-05
1.841794999999999872e-05
1.843285000000000089e-05
1.844774999999999968e-05
1.845519999999999908e-05
1.845519999999999908e-05
1.844774999999999968e-05
1.843285000000000089e-05
1.841422999999999937e-05
1.838815000000000114e-05
1.835835000000000017e-05
1.832853999999999850e-05
1.830247000000000097e-05
1.828011999999999939e-05
1.826893999999999995e-05
1.825776000000000051e-05
1.825404000000000116e-05
1.825404000000000116e-05
1.826149000000000056e-05
1.826893999999999995e-05
1.827638999999999935e-05
1.828756999999999879e-05
1.830247000000000097e-05
1.832108999999999910e-05
1.833972000000000133e-05
1.836206999999999952e-05
1.838069999999999835e-05
1.839933000000000058e-05
1.842167999999999876e-05
1.844030000000000029e-05
1.845892999999999913e-05
1.847756000000000135e-05
1.849990999999999954e-05
1.852226000000000111e-05
1.854088999999999995e-05
1.855951000000000147e-05
1.858185999999999966e-05
1.860421999999999854e-05
1.863028999999999946e-05
1.866010000000000113e-05
1.868989999999999871e-05
1.872714999999999908e-05
1.876439999999999944e-05
1.880166000000000050e-05
1.883891000000000087e-05
1.887989000000000128e-05
1.892087000000000169e-05
1.895811999999999866e-05
1.899536999999999903e-05
1.902516999999999999e-05
1.905498000000000166e-05
1.908104999999999919e-05
1.910341000000000147e-05
1.912575999999999965e-05
1.914811000000000123e-05
1.917045999999999941e-05
1.918909000000000164e-05
1.921515999999999917e-05
1.923379000000000139e-05
1.925613999999999958e-05
1.927849000000000115e-05
1.929338999999999994e-05
1.931574999999999883e-05
1.934181999999999975e-05
1.936417999999999863e-05
1.939397999999999960e-05
1.942751000000000062e-05
1.946476000000000098e-05
1.950574000000000139e-05
1.954671000000000110e-05
1.958769000000000151e-05
1.963239999999999858e-05
1.967709999999999834e-05
1.971807999999999875e-05
1.975905999999999916e-05
1.979630999999999953e-05
1.982984000000000054e-05
1.986709000000000090e-05
1.990061999999999853e-05
1.993041999999999950e-05
1.996395000000000052e-05
1.999747000000000083e-05
2.003099999999999846e-05
2.006452999999999947e-05
2.010177999999999984e-05
2.013904000000000090e-05
2.018001000000000061e-05
2.022472000000000107e-05
2.026942000000000083e-05
2.031412000000000059e-05
2.035883000000000104e-05
2.040353000000000080e-05
2.044451000000000121e-05
2.048549000000000162e-05
2.052646999999999865e-05
2.056743999999999836e-05
2.060841999999999877e-05
2.064567999999999983e-05
2.068664999999999954e-05
2.072762999999999995e-05
2.076861000000000036e-05
2.080586000000000073e-05
2.084311999999999840e-05
2.088036999999999877e-05
2.091761999999999913e-05
2.095486999999999949e-05
2.099213000000000055e-05
2.102938000000000092e-05
2.107781000000000072e-05
2.112251000000000048e-05
2.117838999999999968e-05
2.123426999999999888e-05
2.129760000000000087e-05
2.136837999999999886e-05
2.143916000000000024e-05
2.152112000000000106e-05
2.160307000000000118e-05
2.168875999999999866e-05
2.177443999999999883e-05
2.186011999999999900e-05
2.194579999999999917e-05
2.203892999999999873e-05
2.212833999999999895e-05
2.221774999999999916e-05
2.231087999999999873e-05
2.240401000000000168e-05
2.250087000000000129e-05
2.259773000000000090e-05
2.269830999999999986e-05
2.279888999999999882e-05
2.289574999999999843e-05
2.299261000000000143e-05
2.308574000000000100e-05
2.317887000000000056e-05
2.327573000000000017e-05
2.336514000000000039e-05
2.345453999999999990e-05
2.354023000000000077e-05
2.362591000000000094e-05
2.371531000000000046e-05
2.380100000000000133e-05
2.388295000000000145e-05
2.396490999999999888e-05
2.403940999999999961e-05
2.411392000000000104e-05
2.418469999999999903e-05
2.425548000000000040e-05
2.431880999999999900e-05
2.437842000000000164e-05
2.443430000000000084e-05
2.449016999999999934e-05
2.454232999999999919e-05
2.458702999999999895e-05
2.463545999999999876e-05
2.467643999999999917e-05
2.471741999999999958e-05
2.476211999999999934e-05
2.479565000000000035e-05
2.483290000000000071e-05
2.487015000000000108e-05
2.490367999999999871e-05
2.493347999999999967e-05
2.496329000000000134e-05
2.498935999999999887e-05
2.501544000000000049e-05
2.504151999999999873e-05
2.506387000000000030e-05
2.508621999999999849e-05
2.510485000000000071e-05
2.511974999999999950e-05
2.513465000000000168e-05
2.514955000000000047e-05
2.516072999999999991e-05
2.517562999999999870e-05
2.518680000000000083e-05
2.519798000000000027e-05
2.520542999999999967e-05
2.522032999999999846e-05
2.523523000000000064e-05
2.524268000000000003e-05
2.526130999999999887e-05
2.527621000000000105e-05
2.529483999999999989e-05
2.531346000000000141e-05
2.533582000000000030e-05
2.536189000000000122e-05
2.538796999999999945e-05
2.542150000000000047e-05
2.545503000000000148e-05
2.549227999999999846e-05
2.552952999999999882e-05
2.557050999999999923e-05
2.561893999999999904e-05
2.566363999999999879e-05
2.571206999999999860e-05
2.576795000000000119e-05
2.582383000000000039e-05
2.588342999999999894e-05
2.594304000000000157e-05
2.600637000000000017e-05
2.606969999999999877e-05
2.613303000000000075e-05
2.620380999999999874e-05
2.627086000000000007e-05
2.634164000000000145e-05
2.641614999999999949e-05
2.649438000000000026e-05
2.657261000000000104e-05
2.665829000000000121e-05
2.674397999999999869e-05
2.683338000000000159e-05
2.693024000000000120e-05
2.702710000000000081e-05
2.713512999999999917e-05
2.723944000000000156e-05
2.735491999999999931e-05
2.747413000000000050e-05
2.759706999999999834e-05
2.772745000000000166e-05
2.785783999999999889e-05
2.799567000000000161e-05
2.813723000000000097e-05
2.827880000000000104e-05
2.843152999999999916e-05
2.858427000000000136e-05
2.874072999999999952e-05
2.890092000000000111e-05
2.906482999999999867e-05
2.922873999999999961e-05
2.940011000000000065e-05
2.957520000000000103e-05
2.974656000000000137e-05
2.992537000000000110e-05
3.010791000000000088e-05
3.029045000000000066e-05
3.047672000000000049e-05
3.066681999999999720e-05
3.086054000000000320e-05
3.105425000000000172e-05
3.125168999999999690e-05
3.144541000000000290e-05
3.164657000000000082e-05
3.184773999999999944e-05
3.204890999999999805e-05
3.225007000000000275e-05
3.245124000000000137e-05
3.264868000000000333e-05
3.284984000000000124e-05
3.304728000000000320e-05
3.324100000000000242e-05
3.343471000000000095e-05
3.362098000000000078e-05
3.379979000000000051e-05
3.397861000000000094e-05
3.415368999999999724e-05
3.432133000000000162e-05
3.448525000000000326e-05
3.464170999999999803e-05
3.479072000000000018e-05
3.493228000000000294e-05
3.507012000000000296e-05
3.520422999999999955e-05
3.533088999999999674e-05
3.545381999999999727e-05
3.556929999999999841e-05
3.568479000000000025e-05
3.579282000000000199e-05
3.590085999999999766e-05
3.600516000000000274e-05
3.610202000000000235e-05
3.619888000000000196e-05
3.629200999999999814e-05
3.638514000000000109e-05
3.647827999999999797e-05
3.657512999999999688e-05
3.666827000000000053e-05
3.676511999999999944e-05
3.685826000000000309e-05
3.696256000000000140e-05
3.707059999999999707e-05
3.718236000000000224e-05
3.730155999999999934e-05
3.742450000000000057e-05
3.755488000000000050e-05
3.768898999999999709e-05
3.783800999999999994e-05
3.798702000000000209e-05
3.814721000000000030e-05
3.831483999999999720e-05
3.848620999999999824e-05
3.866501999999999797e-05
3.885501000000000053e-05
3.905245000000000249e-05
3.925733999999999707e-05
3.946967999999999782e-05
3.968575000000000200e-05
3.990926999999999881e-05
4.014024000000000178e-05
4.037493000000000071e-05
4.061335000000000308e-05
4.085549000000000141e-05
4.110508999999999984e-05
4.135841000000000099e-05
4.161173000000000215e-05
4.186876999999999927e-05
4.213327000000000326e-05
4.239775999999999978e-05
4.266597999999999973e-05
4.293793000000000311e-05
4.321360000000000246e-05
4.349299999999999846e-05
4.377611999999999720e-05
4.406296999999999937e-05
4.435353999999999751e-05
4.464783999999999908e-05
4.494212999999999995e-05
4.524760999999999757e-05
4.555308000000000127e-05
4.586228000000000163e-05
4.617148000000000199e-05
4.649185999999999841e-05
4.680850999999999816e-05
4.712888000000000065e-05
4.744925999999999707e-05
4.776590999999999682e-05
4.807882999999999992e-05
4.839175000000000301e-05
4.870468000000000003e-05
4.901014999999999696e-05
4.931189999999999792e-05
4.961737000000000162e-05
4.991167000000000319e-05
5.020596999999999799e-05
5.050026999999999956e-05
5.079083999999999769e-05
5.107396000000000321e-05
5.134963000000000255e-05
5.162157999999999916e-05
5.188979999999999911e-05
5.214684999999999693e-05
5.239644000000000143e-05
5.263485999999999702e-05
5.286210000000000333e-05
5.308562000000000014e-05
5.329796000000000089e-05
5.349912999999999950e-05
5.369657000000000146e-05
5.388283000000000059e-05
5.406536999999999698e-05
5.424046000000000076e-05
5.440437000000000170e-05
5.456829000000000334e-05
5.472474999999999811e-05
5.487748000000000300e-05
5.502649999999999908e-05
5.516432999999999840e-05
5.530589000000000116e-05
5.544373000000000118e-05
5.557411000000000111e-05
5.570076999999999830e-05
5.582743000000000227e-05
5.595036999999999672e-05
5.606958000000000130e-05
5.618878999999999909e-05
5.630427000000000023e-05
5.642347999999999803e-05
5.653524000000000320e-05
5.665071999999999756e-05
5.675876000000000001e-05
5.686305999999999831e-05
5.696365000000000136e-05
5.705677999999999754e-05
5.714618999999999775e-05
5.722813999999999787e-05
5.731009999999999870e-05
5.738087999999999669e-05
5.744421000000000206e-05
5.750380999999999722e-05
5.755223999999999702e-05
5.760066999999999683e-05
5.763792000000000058e-05
5.767145000000000160e-05
5.770498000000000261e-05
5.773478000000000019e-05
5.776086000000000181e-05
5.778693999999999666e-05
5.780555999999999818e-05
5.782419000000000041e-05
5.783908999999999920e-05
5.785398999999999799e-05
5.787634000000000295e-05
5.789124000000000174e-05
5.791360000000000063e-05
5.792849999999999942e-05
5.795084999999999760e-05
5.796201999999999973e-05
5.797692999999999922e-05
5.798065000000000196e-05
5.798437999999999862e-05
5.798065000000000196e-05
5.797692999999999922e-05
5.796947999999999983e-05
5.796201999999999973e-05
5.795084999999999760e-05
5.795084999999999760e-05
5.794712000000000094e-05
5.795084999999999760e-05
5.795084999999999760e-05
5.795829999999999700e-05
5.796947999999999983e-05
5.797692999999999922e-05
5.798065000000000196e-05
5.798437999999999862e-05
5.798437999999999862e-05
5.798065000000000196e-05
5.798065000000000196e-05
5.796947999999999983e-05
5.795457000000000034e-05
5.794712000000000094e-05
5.792849999999999942e-05
5.791732000000000336e-05
5.790615000000000123e-05
5.789496999999999840e-05
5.788751999999999900e-05
5.788379000000000235e-05
5.788006999999999961e-05
5.788006999999999961e-05
5.787634000000000295e-05
5.787634000000000295e-05
5.788006999999999961e-05
5.788006999999999961e-05
5.788006999999999961e-05
5.788006999999999961e-05
5.788379000000000235e-05
5.788751999999999900e-05
5.788751999999999900e-05
5.788751999999999900e-05
5.788751999999999900e-05
5.788379000000000235e-05
5.788006999999999961e-05
5.787634000000000295e-05
5.786888999999999678e-05
5.786517000000000082e-05
5.785772000000000142e-05
5.785398999999999799e-05
5.784653999999999859e-05
5.784282000000000263e-05
5.783536000000000254e-05
5.783536000000000254e-05
5.783163999999999980e-05
5.782791000000000314e-05
5.782791000000000314e-05
5.782419000000000041e-05
5.782419000000000041e-05
5.782045999999999697e-05
5.781674000000000101e-05
5.781300999999999758e-05
5.780929000000000162e-05
5.781300999999999758e-05
5.781300999999999758e-05
5.781674000000000101e-05
5.782419000000000041e-05
5.783163999999999980e-05
5.784282000000000263e-05
5.785398999999999799e-05
5.786888999999999678e-05
5.788379000000000235e-05
5.789496999999999840e-05
5.790986999999999719e-05
5.792105000000000002e-05
5.793594999999999881e-05
5.795084999999999760e-05
5.796201999999999973e-05
5.797320000000000256e-05
5.798065000000000196e-05
5.798810000000000135e-05
5.799182999999999801e-05
5.799182999999999801e-05
5.799182999999999801e-05
5.798810000000000135e-05
5.798065000000000196e-05
5.797692999999999922e-05
5.797320000000000256e-05
5.796575000000000317e-05
5.796201999999999973e-05
5.795829999999999700e-05
5.795457000000000034e-05
5.795084999999999760e-05
5.795084999999999760e-05
5.795084999999999760e-05
5.795084999999999760e-05
5.795084999999999760e-05
5.794339999999999821e-05
5.793594999999999881e-05
5.792849999999999942e-05
5.792105000000000002e-05
5.791732000000000336e-05
5.790615000000000123e-05
5.789496999999999840e-05
5.788751999999999900e-05
5.788006999999999961e-05
5.787634000000000295e-05
5.787634000000000295e-05
5.788006999999999961e-05
5.788751999999999900e-05
5.788751999999999900e-05
5.789869000000000114e-05
5.790986999999999719e-05
5.791732000000000336e-05
5.793222000000000215e-05
5.794712000000000094e-05
5.795084999999999760e-05
5.796201999999999973e-05
5.797320000000000256e-05
5.797692999999999922e-05
5.798065000000000196e-05
5.798065000000000196e-05
5.798437999999999862e-05
5.798810000000000135e-05
5.799182999999999801e-05
5.799927999999999741e-05
5.801044999999999954e-05
5.801418000000000297e-05
5.801789999999999893e-05
5.802163000000000237e-05
5.802534999999999833e-05
5.802163000000000237e-05
5.801789999999999893e-05
5.801044999999999954e-05
5.800300000000000014e-05
5.799182999999999801e-05
5.798065000000000196e-05
5.796575000000000317e-05
5.795084999999999760e-05
5.794339999999999821e-05
5.793222000000000215e-05
5.791732000000000336e-05
5.790986999999999719e-05
5.789496999999999840e-05
5.788006999999999961e-05
5.786143999999999738e-05
5.785027000000000203e-05
5.783908999999999920e-05
5.783163999999999980e-05
5.783163999999999980e-05
5.783908999999999920e-05
5.785398999999999799e-05
5.786888999999999678e-05
5.788751999999999900e-05
5.790615000000000123e-05
5.792477000000000276e-05
5.794339999999999821e-05
5.795829999999999700e-05
5.797692999999999922e-05
5.798810000000000135e-05
5.799555000000000075e-05
5.799927999999999741e-05
5.799555000000000075e-05
5.798810000000000135e-05
5.798065000000000196e-05
5.796575000000000317e-05
5.795084999999999760e-05
5.793967000000000155e-05
5.792477000000000276e-05
5.790986999999999719e-05
5.789124000000000174e-05
5.787262000000000021e-05
5.785398999999999799e-05
5.784282000000000263e-05
5.783163999999999980e-05
5.782791000000000314e-05
5.782419000000000041e-05
5.783163999999999980e-05
5.783908999999999920e-05
5.785398999999999799e-05
5.786517000000000082e-05
5.788379000000000235e-05
5.789869000000000114e-05
5.791732000000000336e-05
5.792477000000000276e-05
5.793594999999999881e-05
5.794712000000000094e-05
5.794712000000000094e-05
5.794712000000000094e-05
5.794712000000000094e-05
5.794339999999999821e-05
5.794712000000000094e-05
5.794712000000000094e-05
5.795084999999999760e-05
5.795084999999999760e-05
5.795829999999999700e-05
5.796201999999999973e-05
5.796575000000000317e-05
5.796947999999999983e-05
5.797320000000000256e-05
5.797692999999999922e-05
5.798065000000000196e-05
5.799182999999999801e-05
5.800672999999999680e-05
5.801789999999999893e-05
5.803653000000000116e-05
5.804770999999999721e-05
5.806261000000000278e-05
5.807377999999999813e-05
5.808122999999999753e-05
5.809241000000000036e-05
5.810359000000000319e-05
5.810730999999999915e-05
5.811849000000000198e-05
5.812594000000000137e-05
5.813339000000000077e-05
5.813710999999999673e-05
5.813710999999999673e-05
5.813710999999999673e-05
5.813339000000000077e-05
5.812965999999999733e-05
5.811475999999999854e-05
5.810359000000000319e-05
5.807751000000000157e-05
5.805142999999999995e-05
5.802534999999999833e-05
5.799927999999999741e-05
5.797320000000000256e-05
5.795084999999999760e-05
5.793967000000000155e-05
5.793222000000000215e-05
5.792477000000000276e-05
5.792477000000000276e-05
5.792105000000000002e-05
5.792105000000000002e-05
5.791732000000000336e-05
5.791732000000000336e-05
5.791732000000000336e-05
5.792477000000000276e-05
5.792849999999999942e-05
5.793594999999999881e-05
5.794712000000000094e-05
5.795084999999999760e-05
5.795457000000000034e-05
5.795829999999999700e-05
5.795829999999999700e-05
5.795457000000000034e-05
5.795084999999999760e-05
5.794339999999999821e-05
5.793594999999999881e-05
5.793594999999999881e-05
5.793594999999999881e-05
5.794339999999999821e-05
5.795084999999999760e-05
5.796201999999999973e-05
5.796947999999999983e-05
5.797692999999999922e-05
5.798065000000000196e-05
5.798065000000000196e-05
5.797692999999999922e-05
5.796947999999999983e-05
5.796201999999999973e-05
5.795084999999999760e-05
5.794339999999999821e-05
5.793594999999999881e-05
5.792849999999999942e-05
5.792105000000000002e-05
5.791732000000000336e-05
5.791732000000000336e-05
5.792105000000000002e-05
5.792849999999999942e-05
5.794339999999999821e-05
5.795457000000000034e-05
5.796947999999999983e-05
5.798065000000000196e-05
5.798810000000000135e-05
5.799927999999999741e-05
5.800300000000000014e-05
5.801044999999999954e-05
5.801418000000000297e-05
5.801418000000000297e-05
5.801418000000000297e-05
5.801044999999999954e-05
5.800300000000000014e-05
5.799182999999999801e-05
5.797692999999999922e-05
5.795829999999999700e-05
5.794339999999999821e-05
5.792477000000000276e-05
5.791360000000000063e-05
5.790241999999999779e-05
5.789869000000000114e-05
5.789869000000000114e-05
5.790615000000000123e-05
5.791360000000000063e-05
5.791732000000000336e-05
5.792849999999999942e-05
5.793594999999999881e-05
5.794339999999999821e-05
5.794339999999999821e-05
5.794339999999999821e-05
5.793967000000000155e-05
5.793594999999999881e-05
5.793222000000000215e-05
5.792477000000000276e-05
5.792477000000000276e-05
5.792477000000000276e-05
5.792849999999999942e-05
5.793594999999999881e-05
5.793967000000000155e-05
5.794339999999999821e-05
5.794712000000000094e-05
5.794712000000000094e-05
5.794712000000000094e-05
5.794712000000000094e-05
5.794712000000000094e-05
5.794712000000000094e-05
5.793967000000000155e-05
5.793594999999999881e-05
5.792849999999999942e-05
5.792477000000000276e-05
5.792477000000000276e-05
5.792477000000000276e-05
5.792849999999999942e-05
5.793222000000000215e-05
5.793594999999999881e-05
5.793222000000000215e-05
5.792849999999999942e-05
5.792477000000000276e-05
5.792105000000000002e-05
5.791732000000000336e-05
5.791360000000000063e-05
5.791360000000000063e-05
5.790986999999999719e-05
5.790986999999999719e-05
5.790986999999999719e-05
5.790615000000000123e-05
5.790241999999999779e-05
5.789496999999999840e-05
5.788751999999999900e-05
5.787262000000000021e-05
5.785398999999999799e-05
5.783536000000000254e-05
5.782419000000000041e-05
5.780555999999999818e-05
5.779439000000000283e-05
5.778693999999999666e-05
5.777948999999999726e-05
5.778321000000000000e-05
5.779065999999999939e-05
5.779439000000000283e-05
5.779810999999999879e-05
5.780555999999999818e-05
5.780929000000000162e-05
5.781300999999999758e-05
5.782045999999999697e-05
5.782419000000000041e-05
5.782419000000000041e-05
5.782419000000000041e-05
5.783163999999999980e-05
5.783163999999999980e-05
5.783163999999999980e-05
5.782791000000000314e-05
5.782419000000000041e-05
5.782419000000000041e-05
5.782419000000000041e-05
5.782045999999999697e-05
5.782045999999999697e-05
5.782419000000000041e-05
5.782419000000000041e-05
5.782045999999999697e-05
5.782045999999999697e-05
5.781674000000000101e-05
5.780929000000000162e-05
5.780184000000000222e-05
5.779439000000000283e-05
5.778693999999999666e-05
5.777948999999999726e-05
5.777576000000000060e-05
5.777202999999999717e-05
5.777202999999999717e-05
5.777576000000000060e-05
5.778693999999999666e-05
5.779439000000000283e-05
5.780929000000000162e-05
5.782419000000000041e-05
5.783163999999999980e-05
5.784653999999999859e-05
5.785772000000000142e-05
5.787262000000000021e-05
5.788751999999999900e-05
5.790615000000000123e-05
5.792105000000000002e-05
5.793594999999999881e-05
5.794712000000000094e-05
5.795084999999999760e-05
5.794712000000000094e-05
5.793594999999999881e-05
5.791732000000000336e-05
5.790241999999999779e-05
5.788379000000000235e-05
5.786143999999999738e-05
5.784282000000000263e-05
5.782419000000000041e-05
5.780555999999999818e-05
5.778693999999999666e-05
5.776457999999999777e-05
5.774967999999999898e-05
5.773478000000000019e-05
5.772733000000000080e-05
5.771988000000000140e-05
5.771988000000000140e-05
5.772360999999999806e-05
5.772733000000000080e-05
5.773850999999999685e-05
5.774596000000000302e-05
5.775341000000000242e-05
5.776086000000000181e-05
5.776086000000000181e-05
5.776457999999999777e-05
5.776831000000000121e-05
5.777576000000000060e-05
5.778321000000000000e-05
5.779065999999999939e-05
5.779810999999999879e-05
5.780929000000000162e-05
5.782045999999999697e-05
5.783163999999999980e-05
5.785027000000000203e-05
5.786143999999999738e-05
5.787634000000000295e-05
5.788751999999999900e-05
5.789869000000000114e-05
5.790615000000000123e-05
5.790986999999999719e-05
5.790986999999999719e-05
5.790986999999999719e-05
5.790615000000000123e-05
5.790615000000000123e-05
5.790241999999999779e-05
5.789124000000000174e-05
5.788379000000000235e-05
5.786517000000000082e-05
5.785027000000000203e-05
5.783163999999999980e-05
5.781674000000000101e-05
5.780555999999999818e-05
5.780184000000000222e-05
5.779810999999999879e-05
5.779810999999999879e-05
5.780184000000000222e-05
5.780184000000000222e-05
5.780555999999999818e-05
5.780555999999999818e-05
5.781300999999999758e-05
5.782045999999999697e-05
5.782791000000000314e-05
5.784282000000000263e-05
5.785772000000000142e-05
5.786888999999999678e-05
5.786888999999999678e-05
5.786888999999999678e-05
5.786143999999999738e-05
5.785398999999999799e-05
5.784282000000000263e-05
5.783536000000000254e-05
5.782419000000000041e-05
5.782419000000000041e-05
5.781674000000000101e-05
5.781674000000000101e-05
5.782045999999999697e-05
5.782045999999999697e-05
5.782419000000000041e-05
5.782419000000000041e-05
5.783163999999999980e-05
5.784282000000000263e-05
5.785398999999999799e-05
5.785772000000000142e-05
5.786888999999999678e-05
5.788006999999999961e-05
5.788751999999999900e-05
5.790615000000000123e-05
5.791732000000000336e-05
5.793594999999999881e-05
5.795084999999999760e-05
5.795829999999999700e-05
5.796575000000000317e-05
5.797320000000000256e-05
5.798065000000000196e-05
5.798065000000000196e-05
5.798437999999999862e-05
5.798810000000000135e-05
5.798437999999999862e-05
5.798065000000000196e-05
5.796201999999999973e-05
5.794712000000000094e-05
5.792477000000000276e-05
5.790615000000000123e-05
5.788751999999999900e-05
5.787262000000000021e-05
5.786143999999999738e-05
5.785398999999999799e-05
5.785398999999999799e-05
5.785398999999999799e-05
5.785398999999999799e-05
5.785772000000000142e-05
5.786143999999999738e-05
5.786517000000000082e-05
5.786888999999999678e-05
5.787262000000000021e-05
5.787262000000000021e-05
5.787634000000000295e-05
5.787262000000000021e-05
5.786517000000000082e-05
5.785772000000000142e-05
5.784653999999999859e-05
5.783536000000000254e-05
5.782419000000000041e-05
5.781300999999999758e-05
5.780555999999999818e-05
5.780184000000000222e-05
5.779810999999999879e-05
5.780184000000000222e-05
5.780555999999999818e-05
5.781300999999999758e-05
5.782045999999999697e-05
5.782419000000000041e-05
5.782791000000000314e-05
5.782791000000000314e-05
5.783163999999999980e-05
5.783536000000000254e-05
5.783908999999999920e-05
5.784282000000000263e-05
5.784282000000000263e-05
5.784282000000000263e-05
5.783908999999999920e-05
5.784282000000000263e-05
5.784653999999999859e-05
5.785398999999999799e-05
5.786517000000000082e-05
5.788006999999999961e-05
5.789124000000000174e-05
5.790241999999999779e-05
5.790986999999999719e-05
5.791732000000000336e-05
5.791732000000000336e-05
5.791360000000000063e-05
5.791360000000000063e-05
5.790986999999999719e-05
5.790615000000000123e-05
5.790615000000000123e-05
5.790615000000000123e-05
5.790986999999999719e-05
5.791732000000000336e-05
5.792105000000000002e-05
5.793594999999999881e-05
5.794339999999999821e-05
5.795084999999999760e-05
5.795829999999999700e-05
5.796201999999999973e-05
5.796201999999999973e-05
5.795457000000000034e-05
