-2.703082000000000016e-05
-2.702337000000000077e-05
-2.701592000000000137e-05
-2.700846999999999859e-05
-2.700101999999999919e-05
-2.700101999999999919e-05
-2.699356999999999980e-05
-2.699356999999999980e-05
-2.700101999999999919e-05
-2.700101999999999919e-05
-2.700846999999999859e-05
-2.701592000000000137e-05
-2.703082000000000016e-05
-2.704571999999999895e-05
-2.706062999999999844e-05
-2.707553000000000062e-05
-2.709787999999999880e-05
-2.712023000000000038e-05
-2.715003000000000135e-05
-2.717982999999999893e-05
-2.720964000000000059e-05
-2.723944000000000156e-05
-2.726178999999999975e-05
-2.729159000000000072e-05
-2.731393999999999890e-05
-2.733630000000000117e-05
-2.735864999999999936e-05
-2.737355000000000154e-05
-2.738845000000000033e-05
-2.740334999999999912e-05
-2.742570000000000069e-05
-2.743315000000000009e-05
-2.744805999999999958e-05
-2.746295999999999837e-05
-2.748530999999999994e-05
-2.749275999999999933e-05
-2.752256000000000030e-05
-2.754490999999999849e-05
-2.756726000000000006e-05
-2.759706999999999834e-05
-2.761941999999999991e-05
-2.765667000000000028e-05
-2.767901999999999846e-05
-2.771627999999999952e-05
-2.774608000000000049e-05
-2.777588000000000146e-05
-2.780567999999999904e-05
-2.782803000000000061e-05
-2.785038999999999950e-05
-2.787274000000000107e-05
-2.788763999999999986e-05
-2.790999000000000144e-05
-2.792489000000000023e-05
-2.793233999999999962e-05
-2.794723999999999841e-05
-2.795469000000000119e-05
-2.796215000000000129e-05
-2.797705000000000008e-05
-2.798449999999999947e-05
-2.799940000000000165e-05
-2.800685000000000105e-05
-2.802174999999999984e-05
-2.803664999999999863e-05
-2.805155000000000081e-05
-2.806644999999999960e-05
-2.808880999999999848e-05
-2.811116000000000005e-05
-2.813351000000000163e-05
-2.816330999999999921e-05
-2.818566000000000078e-05
-2.821546999999999906e-05
-2.825271999999999942e-05
-2.828252000000000039e-05
-2.831977000000000076e-05
-2.835702999999999843e-05
-2.839427999999999879e-05
-2.843152999999999916e-05
-2.846877999999999952e-05
-2.849859000000000119e-05
-2.852093999999999937e-05
-2.855074000000000034e-05
-2.856563999999999913e-05
-2.858054000000000131e-05
-2.859544000000000010e-05
-2.860290000000000019e-05
-2.861034999999999959e-05
-2.861779999999999898e-05
-2.862524999999999838e-05
-2.862524999999999838e-05
-2.862524999999999838e-05
-2.862524999999999838e-05
-2.862524999999999838e-05
-2.863270000000000116e-05
-2.863270000000000116e-05
-2.863270000000000116e-05
-2.864015000000000056e-05
-2.865504999999999935e-05
-2.866995000000000153e-05
-2.869229999999999971e-05
-2.870719999999999850e-05
-2.873701000000000017e-05
-2.876681000000000114e-05
-2.880406000000000150e-05
-2.882640999999999969e-05
-2.886367000000000075e-05
-2.889346999999999833e-05
-2.892326999999999930e-05
-2.894562000000000087e-05
-2.897541999999999845e-05
-2.899778000000000072e-05
-2.902012999999999891e-05
-2.904248000000000048e-05
-2.906482999999999867e-05
-2.907973000000000084e-05
-2.910207999999999903e-05
-2.911698999999999852e-05
-2.912444000000000130e-05
-2.913189000000000070e-05
-2.913934000000000009e-05
-2.913934000000000009e-05
-2.913934000000000009e-05
-2.913934000000000009e-05
-2.914678999999999949e-05
-2.915423999999999888e-05
-2.916914000000000106e-05
-2.918403999999999985e-05
-2.919893999999999864e-05
-2.921384000000000082e-05
-2.922873999999999961e-05
-2.924364999999999910e-05
-2.925855000000000128e-05
-2.926600000000000067e-05
-2.927345000000000007e-05
-2.928834999999999886e-05
-2.930325000000000104e-05
-2.931814999999999983e-05
-2.932559999999999922e-05
-2.934050000000000140e-05
-2.935540000000000019e-05
-2.936284999999999958e-05
-2.937775999999999907e-05
-2.938520999999999847e-05
-2.939266000000000125e-05
-2.939266000000000125e-05
-2.940756000000000004e-05
-2.942245999999999883e-05
-2.943736000000000101e-05
-2.945225999999999980e-05
-2.946715999999999859e-05
-2.948951000000000016e-05
-2.951186999999999905e-05
-2.951931999999999844e-05
-2.954167000000000002e-05
-2.956402000000000159e-05
-2.958636999999999978e-05
-2.961617000000000074e-05
-2.964597999999999902e-05
-2.968322999999999939e-05
-2.971303000000000035e-05
-2.975028000000000072e-05
-2.977263999999999960e-05
-2.980988999999999997e-05
-2.983224000000000154e-05
-2.986203999999999912e-05
-2.989185000000000079e-05
-2.991419999999999897e-05
-2.994399999999999994e-05
-2.996635000000000151e-05
-2.998869999999999970e-05
-3.000359999999999849e-05
-3.001851000000000137e-05
-3.002596000000000076e-05
-3.003341000000000016e-05
-3.003341000000000016e-05
-3.004085999999999955e-05
-3.004085999999999955e-05
-3.004085999999999955e-05
-3.004085999999999955e-05
-3.004085999999999955e-05
-3.004085999999999955e-05
-3.004085999999999955e-05
-3.004830999999999895e-05
-3.004830999999999895e-05
-3.004085999999999955e-05
-3.004085999999999955e-05
-3.003341000000000016e-05
-3.003341000000000016e-05
-3.002596000000000076e-05
-3.002596000000000076e-05
-3.002596000000000076e-05
-3.002596000000000076e-05
-3.003341000000000016e-05
-3.005575999999999834e-05
-3.007810999999999992e-05
-3.010046000000000149e-05
-3.013025999999999907e-05
-3.015262000000000134e-05
-3.018986999999999832e-05
-3.021221999999999989e-05
-3.023457000000000146e-05
-3.025691999999999965e-05
-3.027182999999999914e-05
-3.027927999999999853e-05
-3.028673000000000132e-05
-3.030163000000000011e-05
-3.030907999999999950e-05
-3.030907999999999950e-05
-3.031652999999999890e-05
-3.032398000000000168e-05
-3.033143000000000107e-05
-3.033888000000000047e-05
-3.034632999999999986e-05
-3.036122999999999866e-05
-3.037613000000000083e-05
-3.039102999999999962e-05
-3.039848999999999972e-05
-3.040593999999999911e-05
-3.042084000000000129e-05
-3.042829000000000069e-05
-3.044318999999999948e-05
-3.045809000000000165e-05
-3.046554000000000105e-05
-3.046554000000000105e-05
-3.047299000000000044e-05
-3.048043999999999984e-05
-3.048788999999999923e-05
-3.050279000000000141e-05
-3.051024000000000081e-05
-3.052526000000000122e-05
-3.054016000000000001e-05
-3.055505999999999880e-05
-3.057741999999999768e-05
-3.059232000000000325e-05
-3.061467000000000143e-05
-3.062957000000000022e-05
-3.064446999999999901e-05
-3.065191999999999841e-05
-3.065191999999999841e-05
-3.065936999999999780e-05
-3.065191999999999841e-05
-3.065191999999999841e-05
-3.065191999999999841e-05
-3.065191999999999841e-05
-3.065191999999999841e-05
-3.065936999999999780e-05
-3.065936999999999780e-05
-3.066681999999999720e-05
-3.067427000000000337e-05
-3.068172000000000276e-05
-3.068172000000000276e-05
-3.068172000000000276e-05
-3.068172000000000276e-05
-3.067427000000000337e-05
-3.067427000000000337e-05
-3.066681999999999720e-05
-3.066681999999999720e-05
-3.066681999999999720e-05
-3.066681999999999720e-05
-3.066681999999999720e-05
-3.067427000000000337e-05
-3.068917000000000216e-05
-3.071153000000000104e-05
-3.071898000000000044e-05
-3.073387999999999923e-05
-3.074877999999999802e-05
-3.075622999999999741e-05
-3.076367999999999681e-05
-3.076367999999999681e-05
-3.076367999999999681e-05
-3.076367999999999681e-05
-3.075622999999999741e-05
-3.074877999999999802e-05
-3.074877999999999802e-05
-3.074132999999999862e-05
-3.074132999999999862e-05
-3.073387999999999923e-05
-3.073387999999999923e-05
-3.072642999999999983e-05
-3.071898000000000044e-05
-3.071898000000000044e-05
-3.071898000000000044e-05
-3.071898000000000044e-05
-3.071898000000000044e-05
-3.071898000000000044e-05
-3.071898000000000044e-05
-3.071898000000000044e-05
-3.071898000000000044e-05
-3.071898000000000044e-05
-3.071898000000000044e-05
-3.071898000000000044e-05
-3.071898000000000044e-05
-3.072642999999999983e-05
-3.073387999999999923e-05
-3.073387999999999923e-05
-3.074132999999999862e-05
-3.074132999999999862e-05
-3.074877999999999802e-05
-3.075622999999999741e-05
-3.076367999999999681e-05
-3.077858000000000238e-05
-3.078603000000000177e-05
-3.079348000000000117e-05
-3.080837999999999996e-05
-3.081582999999999935e-05
-3.082327999999999875e-05
-3.083073999999999884e-05
-3.083818999999999824e-05
-3.084563999999999763e-05
-3.084563999999999763e-05
-3.085308999999999703e-05
-3.085308999999999703e-05
-3.085308999999999703e-05
-3.086054000000000320e-05
-3.085308999999999703e-05
-3.085308999999999703e-05
-3.085308999999999703e-05
-3.086054000000000320e-05
-3.086054000000000320e-05
-3.086799000000000259e-05
-3.087544000000000199e-05
-3.087544000000000199e-05
-3.088289000000000138e-05
-3.089034000000000078e-05
-3.089034000000000078e-05
-3.089034000000000078e-05
-3.089779000000000017e-05
-3.089779000000000017e-05
-3.089779000000000017e-05
-3.090523999999999957e-05
-3.090523999999999957e-05
-3.091268999999999896e-05
-3.091268999999999896e-05
-3.091268999999999896e-05
-3.091268999999999896e-05
-3.091268999999999896e-05
-3.091268999999999896e-05
-3.091268999999999896e-05
-3.091268999999999896e-05
-3.091268999999999896e-05
-3.091268999999999896e-05
-3.091268999999999896e-05
-3.091268999999999896e-05
-3.091268999999999896e-05
-3.091268999999999896e-05
-3.090523999999999957e-05
-3.090523999999999957e-05
-3.090523999999999957e-05
-3.089779000000000017e-05
-3.089779000000000017e-05
-3.089779000000000017e-05
-3.089779000000000017e-05
-3.089779000000000017e-05
-3.089779000000000017e-05
-3.089034000000000078e-05
-3.089034000000000078e-05
-3.089034000000000078e-05
-3.089034000000000078e-05
-3.089034000000000078e-05
-3.089779000000000017e-05
-3.090523999999999957e-05
-3.091268999999999896e-05
-3.091268999999999896e-05
-3.092013999999999836e-05
-3.092758999999999775e-05
-3.093503999999999715e-05
-3.094249000000000332e-05
-3.094994000000000271e-05
-3.095740000000000281e-05
-3.097230000000000160e-05
-3.097975000000000099e-05
-3.099464999999999978e-05
-3.100954999999999857e-05
-3.102444999999999736e-05
-3.103935000000000293e-05
-3.103935000000000293e-05
-3.104680000000000232e-05
-3.105425000000000172e-05
-3.106170000000000112e-05
-3.107659999999999991e-05
-3.108406000000000000e-05
-3.109895999999999879e-05
-3.109895999999999879e-05
-3.110640999999999818e-05
-3.112130999999999697e-05
-3.113621000000000254e-05
-3.114366000000000194e-05
-3.115856000000000073e-05
-3.116601000000000012e-05
-3.118090999999999891e-05
-3.118090999999999891e-05
-3.118835999999999831e-05
-3.118835999999999831e-05
-3.118835999999999831e-05
-3.118090999999999891e-05
-3.117345999999999952e-05
-3.116601000000000012e-05
-3.116601000000000012e-05
-3.115856000000000073e-05
-3.115111000000000133e-05
-3.114366000000000194e-05
-3.113621000000000254e-05
-3.112876000000000315e-05
-3.112130999999999697e-05
-3.112130999999999697e-05
-3.111385999999999758e-05
-3.112130999999999697e-05
-3.112130999999999697e-05
-3.112876000000000315e-05
-3.113621000000000254e-05
-3.115111000000000133e-05
-3.116601000000000012e-05
-3.117345999999999952e-05
-3.118835999999999831e-05
-3.119580999999999770e-05
-3.120325999999999710e-05
-3.121071000000000327e-05
-3.121071000000000327e-05
-3.121071000000000327e-05
-3.121817000000000336e-05
-3.121817000000000336e-05
-3.121817000000000336e-05
-3.122562000000000276e-05
-3.122562000000000276e-05
-3.123307000000000215e-05
-3.124797000000000094e-05
-3.126286999999999973e-05
-3.127031999999999913e-05
-3.127776999999999852e-05
-3.128521999999999792e-05
-3.129266999999999731e-05
-3.129266999999999731e-05
-3.129266999999999731e-05
-3.129266999999999731e-05
-3.128521999999999792e-05
-3.128521999999999792e-05
-3.127776999999999852e-05
-3.127776999999999852e-05
-3.127031999999999913e-05
-3.126286999999999973e-05
-3.126286999999999973e-05
-3.125542000000000034e-05
-3.125542000000000034e-05
-3.124797000000000094e-05
-3.124797000000000094e-05
-3.124797000000000094e-05
-3.124797000000000094e-05
-3.125542000000000034e-05
-3.126286999999999973e-05
-3.127031999999999913e-05
-3.127776999999999852e-05
-3.128521999999999792e-05
-3.129266999999999731e-05
-3.130011999999999671e-05
-3.131502000000000227e-05
-3.132247000000000167e-05
-3.132992000000000106e-05
-3.134483000000000055e-05
-3.134483000000000055e-05
-3.135227999999999995e-05
-3.135227999999999995e-05
-3.135972999999999934e-05
-3.135972999999999934e-05
-3.135972999999999934e-05
-3.136717999999999874e-05
-3.135972999999999934e-05
-3.135972999999999934e-05
-3.135972999999999934e-05
-3.135227999999999995e-05
-3.135227999999999995e-05
-3.134483000000000055e-05
-3.132992000000000106e-05
-3.132247000000000167e-05
-3.131502000000000227e-05
-3.130011999999999671e-05
-3.129266999999999731e-05
-3.129266999999999731e-05
-3.128521999999999792e-05
-3.127776999999999852e-05
-3.127031999999999913e-05
-3.127031999999999913e-05
-3.126286999999999973e-05
-3.126286999999999973e-05
-3.126286999999999973e-05
-3.125542000000000034e-05
-3.125542000000000034e-05
-3.125542000000000034e-05
-3.125542000000000034e-05
-3.125542000000000034e-05
-3.125542000000000034e-05
-3.125542000000000034e-05
-3.126286999999999973e-05
-3.127031999999999913e-05
-3.128521999999999792e-05
-3.129266999999999731e-05
-3.129266999999999731e-05
-3.130011999999999671e-05
-3.131502000000000227e-05
-3.131502000000000227e-05
-3.131502000000000227e-05
-3.132247000000000167e-05
-3.132247000000000167e-05
-3.132247000000000167e-05
-3.132247000000000167e-05
-3.132992000000000106e-05
-3.132992000000000106e-05
-3.133737000000000046e-05
-3.134483000000000055e-05
-3.135227999999999995e-05
-3.135227999999999995e-05
-3.135227999999999995e-05
-3.135972999999999934e-05
-3.135972999999999934e-05
-3.135972999999999934e-05
-3.135972999999999934e-05
-3.135972999999999934e-05
-3.135972999999999934e-05
-3.135227999999999995e-05
-3.135972999999999934e-05
-3.135972999999999934e-05
-3.135972999999999934e-05
-3.136717999999999874e-05
-3.136717999999999874e-05
-3.137462999999999813e-05
-3.138207999999999753e-05
-3.138952999999999692e-05
-3.139698000000000310e-05
-3.139698000000000310e-05
-3.140443000000000249e-05
-3.141188000000000189e-05
-3.141188000000000189e-05
-3.141188000000000189e-05
-3.141933000000000128e-05
-3.141933000000000128e-05
-3.141933000000000128e-05
-3.141933000000000128e-05
-3.141933000000000128e-05
-3.142678000000000068e-05
-3.143423000000000007e-05
-3.144167999999999947e-05
-3.144167999999999947e-05
-3.144912999999999886e-05
-3.145657999999999826e-05
-3.145657999999999826e-05
-3.146402999999999765e-05
-3.146402999999999765e-05
-3.147148999999999775e-05
-3.147893999999999714e-05
-3.148639000000000331e-05
-3.150129000000000210e-05
-3.150874000000000150e-05
-3.151619000000000089e-05
-3.153108999999999968e-05
-3.153853999999999908e-05
-3.154598999999999847e-05
-3.155343999999999787e-05
-3.156088999999999726e-05
-3.156833999999999666e-05
-3.156833999999999666e-05
-3.156833999999999666e-05
-3.156833999999999666e-05
-3.156088999999999726e-05
-3.156088999999999726e-05
-3.155343999999999787e-05
-3.154598999999999847e-05
-3.154598999999999847e-05
-3.153853999999999908e-05
-3.153853999999999908e-05
-3.153108999999999968e-05
-3.152364000000000029e-05
-3.151619000000000089e-05
-3.150874000000000150e-05
-3.150129000000000210e-05
-3.150129000000000210e-05
-3.149384000000000271e-05
-3.149384000000000271e-05
-3.148639000000000331e-05
-3.148639000000000331e-05
-3.148639000000000331e-05
-3.148639000000000331e-05
-3.148639000000000331e-05
-3.148639000000000331e-05
-3.147893999999999714e-05
-3.147148999999999775e-05
-3.146402999999999765e-05
-3.144167999999999947e-05
-3.142678000000000068e-05
-3.141188000000000189e-05
-3.138207999999999753e-05
-3.135972999999999934e-05
-3.134483000000000055e-05
-3.131502000000000227e-05
-3.129266999999999731e-05
-3.128521999999999792e-05
-3.126286999999999973e-05
-3.124797000000000094e-05
-3.124052000000000155e-05
-3.122562000000000276e-05
-3.122562000000000276e-05
-3.121817000000000336e-05
-3.121071000000000327e-05
-3.121071000000000327e-05
-3.120325999999999710e-05
-3.118835999999999831e-05
-3.118090999999999891e-05
-3.117345999999999952e-05
-3.116601000000000012e-05
-3.115856000000000073e-05
-3.115111000000000133e-05
-3.113621000000000254e-05
-3.111385999999999758e-05
-3.109895999999999879e-05
-3.109150999999999939e-05
-3.106915000000000051e-05
-3.105425000000000172e-05
-3.103935000000000293e-05
-3.102444999999999736e-05
-3.100954999999999857e-05
-3.098720000000000039e-05
-3.097230000000000160e-05
-3.095740000000000281e-05
-3.093503999999999715e-05
-3.091268999999999896e-05
-3.089034000000000078e-05
-3.086054000000000320e-05
-3.084563999999999763e-05
-3.081582999999999935e-05
-3.079348000000000117e-05
-3.077858000000000238e-05
-3.075622999999999741e-05
-3.073387999999999923e-05
-3.071898000000000044e-05
-3.069662000000000155e-05
-3.066681999999999720e-05
-3.065191999999999841e-05
-3.062212000000000083e-05
-3.059977000000000264e-05
-3.058486999999999708e-05
-3.055505999999999880e-05
-3.053271000000000061e-05
-3.052526000000000122e-05
-3.050279000000000141e-05
-3.048043999999999984e-05
-3.046554000000000105e-05
-3.044318999999999948e-05
-3.041338999999999851e-05
-3.039848999999999972e-05
-3.036868000000000144e-05
-3.034632999999999986e-05
-3.032398000000000168e-05
-3.030163000000000011e-05
-3.027927999999999853e-05
-3.025691999999999965e-05
-3.022711999999999868e-05
-3.021221999999999989e-05
-3.018241999999999892e-05
-3.015262000000000134e-05
-3.012280999999999967e-05
-3.009300999999999871e-05
-3.006321000000000113e-05
-3.002596000000000076e-05
-3.000359999999999849e-05
-2.996635000000000151e-05
-2.994399999999999994e-05
-2.990674999999999958e-05
-2.988440000000000139e-05
-2.985458999999999972e-05
-2.983224000000000154e-05
-2.980244000000000057e-05
-2.977263999999999960e-05
-2.975028000000000072e-05
-2.972047999999999975e-05
-2.969067999999999878e-05
-2.966088000000000120e-05
-2.963852999999999963e-05
-2.960126999999999857e-05
-2.957147000000000099e-05
-2.954167000000000002e-05
-2.951186999999999905e-05
-2.948206000000000077e-05
-2.945225999999999980e-05
-2.942245999999999883e-05
-2.939266000000000125e-05
-2.935540000000000019e-05
-2.932559999999999922e-05
-2.928834999999999886e-05
-2.925109999999999849e-05
-2.921384000000000082e-05
-2.917659000000000046e-05
-2.913934000000000009e-05
-2.910207999999999903e-05
-2.906482999999999867e-05
-2.902012999999999891e-05
-2.898287000000000123e-05
-2.893817000000000148e-05
-2.889346999999999833e-05
-2.884876000000000126e-05
-2.880406000000000150e-05
-2.875935999999999835e-05
-2.871465000000000128e-05
-2.867740000000000092e-05
-2.863270000000000116e-05
-2.859544000000000010e-05
-2.856563999999999913e-05
-2.852838999999999877e-05
-2.849859000000000119e-05
-2.846877999999999952e-05
-2.843897999999999855e-05
-2.840918000000000097e-05
-2.837938000000000000e-05
-2.835702999999999843e-05
-2.832722000000000015e-05
-2.830486999999999858e-05
-2.827507000000000100e-05
-2.825271999999999942e-05
-2.822291999999999846e-05
-2.818566000000000078e-05
-2.815585999999999981e-05
-2.812605999999999884e-05
-2.808134999999999839e-05
-2.804410000000000141e-05
-2.799940000000000165e-05
-2.796215000000000129e-05
-2.792489000000000023e-05
-2.788019000000000047e-05
-2.784294000000000010e-05
-2.779822999999999965e-05
-2.775352999999999989e-05
-2.770883000000000013e-05
-2.766411999999999967e-05
-2.761941999999999991e-05
-2.756726000000000006e-05
-2.752256000000000030e-05
-2.747786000000000054e-05
-2.742570000000000069e-05
-2.737355000000000154e-05
-2.732884999999999839e-05
-2.727668999999999854e-05
-2.723198999999999878e-05
-2.717982999999999893e-05
-2.713512999999999917e-05
-2.709042999999999941e-05
-2.704571999999999895e-05
-2.699356999999999980e-05
-2.694887000000000004e-05
-2.690415999999999958e-05
-2.685945999999999982e-05
-2.681476000000000007e-05
-2.677749999999999900e-05
-2.673279999999999924e-05
-2.669554999999999888e-05
-2.665829000000000121e-05
-2.661359000000000145e-05
-2.657634000000000108e-05
-2.653908000000000002e-05
-2.649438000000000026e-05
-2.646457999999999929e-05
-2.641987999999999954e-05
-2.639007000000000126e-05
-2.635282000000000089e-05
-2.631557000000000053e-05
-2.627830999999999947e-05
-2.623360999999999971e-05
-2.620380999999999874e-05
-2.615910000000000167e-05
-2.611439999999999852e-05
-2.607715000000000155e-05
-2.603244999999999840e-05
-2.598774000000000133e-05
-2.594304000000000157e-05
-2.589833000000000112e-05
-2.585363000000000136e-05
-2.580893000000000160e-05
-2.577167000000000054e-05
-2.571952000000000138e-05
-2.568227000000000102e-05
-2.563756000000000056e-05
-2.559286000000000080e-05
-2.555561000000000044e-05
-2.551834999999999938e-05
-2.547364999999999962e-05
-2.544384999999999865e-05
-2.539914999999999889e-05
-2.536189000000000122e-05
-2.532464000000000085e-05
-2.527994000000000110e-05
-2.523523000000000064e-05
-2.519798000000000027e-05
-2.514583000000000112e-05
-2.510112000000000066e-05
-2.505642000000000091e-05
-2.501172000000000115e-05
-2.495956000000000129e-05
-2.490740999999999875e-05
-2.485524999999999890e-05
-2.480309999999999975e-05
-2.475839999999999999e-05
-2.470624000000000013e-05
-2.464664000000000159e-05
-2.460193000000000113e-05
-2.454977999999999859e-05
-2.450507999999999883e-05
-2.445291999999999898e-05
-2.440076999999999982e-05
-2.435605999999999936e-05
-2.431880999999999900e-05
-2.426665999999999985e-05
-2.422194999999999939e-05
-2.418469999999999903e-05
-2.413254999999999987e-05
-2.409528999999999881e-05
-2.405058999999999905e-05
-2.400588999999999929e-05
-2.395372999999999944e-05
-2.390902999999999968e-05
-2.386432999999999992e-05
-2.381961999999999947e-05
-2.376747000000000031e-05
-2.372277000000000055e-05
-2.367061000000000070e-05
-2.362591000000000094e-05
-2.356629999999999831e-05
-2.352159999999999855e-05
-2.346944999999999939e-05
-2.342473999999999894e-05
-2.337258999999999978e-05
-2.332787999999999932e-05
-2.328317999999999957e-05
-2.323847999999999981e-05
-2.318631999999999996e-05
-2.314906999999999959e-05
-2.310436999999999983e-05
-2.305965999999999938e-05
-2.302240999999999901e-05
-2.299261000000000143e-05
-2.294790000000000097e-05
-2.291065000000000061e-05
-2.287340000000000025e-05
-2.283614999999999988e-05
-2.280634000000000160e-05
-2.276163999999999846e-05
-2.272439000000000148e-05
-2.267968000000000102e-05
-2.264988000000000006e-05
-2.261262999999999969e-05
-2.256792999999999993e-05
-2.253066999999999887e-05
-2.248596999999999911e-05
-2.244126999999999936e-05
-2.240401000000000168e-05
-2.235930999999999853e-05
-2.232206000000000156e-05
-2.227735000000000110e-05
-2.223265000000000134e-05
-2.218795000000000158e-05
-2.214324000000000113e-05
-2.209854000000000137e-05
-2.205383000000000091e-05
-2.200913000000000115e-05
-2.196443000000000139e-05
-2.191227000000000154e-05
-2.186011999999999900e-05
-2.181541999999999924e-05
-2.177070999999999878e-05
-2.171855999999999963e-05
-2.166639999999999978e-05
-2.162170000000000002e-05
-2.157700000000000026e-05
-2.152484000000000041e-05
-2.147269000000000125e-05
-2.142799000000000149e-05
-2.138328000000000104e-05
-2.133858000000000128e-05
-2.128642999999999874e-05
-2.124172000000000167e-05
-2.119701999999999852e-05
-2.115231000000000145e-05
-2.110015999999999891e-05
-2.105545999999999915e-05
-2.101074999999999869e-05
-2.096604999999999893e-05
-2.091389999999999978e-05
-2.087663999999999872e-05
-2.083193999999999896e-05
-2.078723999999999920e-05
-2.074998000000000153e-05
-2.071273000000000116e-05
-2.066803000000000140e-05
-2.063077000000000034e-05
-2.058607000000000058e-05
-2.054882000000000022e-05
-2.051901999999999925e-05
-2.048176000000000158e-05
-2.045196000000000061e-05
-2.041471000000000025e-05
-2.038489999999999858e-05
-2.035510000000000100e-05
-2.033274999999999942e-05
-2.029549999999999906e-05
-2.027315000000000088e-05
-2.024333999999999921e-05
-2.020608999999999884e-05
-2.018374000000000066e-05
-2.014649000000000030e-05
-2.012413000000000141e-05
-2.008688000000000105e-05
-2.005708000000000008e-05
-2.001982999999999972e-05
-1.999002000000000144e-05
-1.995277000000000107e-05
-1.991552000000000071e-05
-1.988571999999999974e-05
-1.984845999999999868e-05
-1.981866000000000110e-05
-1.978141000000000074e-05
-1.975160999999999977e-05
-1.970689999999999931e-05
-1.967709999999999834e-05
-1.963985000000000137e-05
-1.961003999999999970e-05
-1.957278999999999933e-05
-1.953553999999999897e-05
-1.950574000000000139e-05
-1.946848000000000033e-05
-1.943867999999999936e-05
-1.939397999999999960e-05
-1.935671999999999854e-05
-1.931947000000000156e-05
-1.928222000000000120e-05
-1.924497000000000084e-05
-1.920770999999999977e-05
-1.917045999999999941e-05
-1.913320999999999905e-05
-1.909595000000000137e-05
-1.906615000000000040e-05
-1.902890000000000004e-05
-1.899909999999999907e-05
-1.896184000000000140e-05
-1.893204000000000043e-05
-1.890223999999999946e-05
-1.887989000000000128e-05
-1.885009000000000031e-05
-1.882027999999999864e-05
-1.879793000000000045e-05
-1.876812999999999949e-05
-1.874578000000000130e-05
-1.871596999999999963e-05
-1.868616999999999867e-05
-1.866382000000000048e-05
-1.863401999999999951e-05
-1.860421999999999854e-05
-1.857441000000000026e-05
-1.855205999999999869e-05
-1.852226000000000111e-05
-1.849990999999999954e-05
-1.848501000000000075e-05
-1.846265999999999917e-05
-1.844774999999999968e-05
-1.843285000000000089e-05
-1.840304999999999993e-05
-1.837324999999999896e-05
-1.835090000000000077e-05
-1.832108999999999910e-05
-1.828383999999999874e-05
-1.824658999999999838e-05
-1.821679000000000080e-05
-1.817952999999999973e-05
-1.814227999999999937e-05
-1.811247999999999840e-05
-1.807522000000000073e-05
-1.804541999999999976e-05
-1.800072000000000000e-05
-1.797836999999999843e-05
-1.794111000000000075e-05
-1.791130999999999979e-05
-1.787405999999999942e-05
-1.784425999999999845e-05
-1.781445000000000017e-05
-1.778464999999999921e-05
-1.775485000000000163e-05
-1.772505000000000066e-05
-1.769524999999999969e-05
-1.767289000000000080e-05
-1.763564000000000044e-05
-1.759839000000000008e-05
-1.756112999999999901e-05
-1.753133000000000143e-05
-1.749408000000000107e-05
-1.746428000000000010e-05
-1.741956999999999965e-05
-1.738976999999999868e-05
-1.735997000000000110e-05
-1.734506999999999892e-05
-1.731527000000000134e-05
-1.729290999999999907e-05
-1.726311000000000149e-05
-1.724075999999999991e-05
-1.721840999999999834e-05
-1.718861000000000076e-05
-1.716624999999999849e-05
-1.713645000000000091e-05
-1.710664999999999994e-05
-1.706939999999999957e-05
-1.703959000000000129e-05
-1.700979000000000033e-05
-1.697998999999999936e-05
-1.695018999999999839e-05
-1.692038000000000011e-05
-1.689057999999999914e-05
-1.686078000000000156e-05
-1.683842999999999999e-05
-1.680862999999999902e-05
-1.678627000000000014e-05
-1.675646999999999917e-05
-1.672667000000000159e-05
-1.669687000000000062e-05
-1.666706999999999965e-05
-1.663726000000000137e-05
-1.660746000000000040e-05
-1.658510999999999883e-05
-1.655531000000000125e-05
-1.653294999999999898e-05
-1.650315000000000140e-05
-1.647335000000000043e-05
-1.644354999999999946e-05
-1.641374999999999849e-05
-1.638394000000000021e-05
-1.635413999999999924e-05
-1.632434000000000166e-05
-1.629454000000000069e-05
-1.627217999999999842e-05
-1.624983000000000024e-05
-1.622002999999999927e-05
-1.619768000000000108e-05
-1.616788000000000011e-05
-1.614552000000000123e-05
-1.611572000000000026e-05
-1.608591999999999929e-05
-1.604866999999999893e-05
-1.601141000000000126e-05
-1.596671000000000150e-05
-1.592946000000000113e-05
-1.589220000000000007e-05
-1.584750000000000031e-05
-1.580280000000000055e-05
-1.576553999999999949e-05
-1.572083999999999973e-05
-1.568358999999999937e-05
-1.564633999999999901e-05
-1.561653000000000073e-05
-1.558672999999999976e-05
-1.556438000000000157e-05
-1.552713000000000121e-05
-1.550476999999999894e-05
-1.546751999999999857e-05
-1.543772000000000099e-05
-1.540047000000000063e-05
-1.536320999999999957e-05
-1.532595999999999920e-05
-1.528125999999999945e-05
-1.524394999999999997e-05
-1.520669000000000060e-05
-1.516199000000000084e-05
-1.512474000000000048e-05
-1.508003000000000002e-05
-1.505023000000000074e-05
-1.501298000000000038e-05
-1.497573000000000002e-05
-1.494592000000000004e-05
-1.490866999999999968e-05
-1.487887000000000041e-05
-1.483415999999999995e-05
-1.480436000000000067e-05
-1.475965999999999922e-05
-1.472241000000000055e-05
-1.468514999999999949e-05
-1.464790000000000082e-05
-1.460319999999999937e-05
-1.456594000000000000e-05
-1.451379000000000085e-05
-1.447654000000000048e-05
-1.443927999999999942e-05
-1.439457999999999966e-05
-1.435732999999999930e-05
-1.432006999999999993e-05
-1.429772000000000005e-05
-1.426046999999999969e-05
-1.423811999999999981e-05
-1.420086000000000044e-05
-1.417851000000000056e-05
-1.414126000000000020e-05
-1.411891000000000032e-05
-1.408165999999999995e-05
-1.405184999999999998e-05
-1.401459999999999962e-05
-1.398480000000000034e-05
-1.394008999999999988e-05
-1.391029000000000061e-05
-1.387304000000000025e-05
-1.382834000000000049e-05
-1.379107999999999943e-05
-1.374637999999999967e-05
-1.370167999999999991e-05
-1.366442000000000054e-05
-1.361972000000000078e-05
-1.356756999999999993e-05
-1.352285999999999948e-05
-1.347815999999999972e-05
-1.342599999999999986e-05
-1.337385000000000071e-05
-1.332914999999999926e-05
-1.328444000000000049e-05
-1.323974000000000074e-05
-1.318758999999999989e-05
-1.314287999999999943e-05
-1.309817999999999967e-05
-1.305347999999999991e-05
-1.300876999999999946e-05
-1.296406999999999970e-05
-1.291935999999999924e-05
-1.286721000000000009e-05
-1.281505999999999924e-05
-1.277035000000000048e-05
-1.271819999999999963e-05
-1.266605000000000047e-05
-1.260643999999999953e-05
-1.255429000000000038e-05
-1.250213000000000053e-05
-1.245743000000000077e-05
-1.240526999999999922e-05
-1.235312000000000007e-05
-1.230096999999999922e-05
-1.224880999999999937e-05
-1.220410999999999961e-05
-1.215940999999999985e-05
-1.210725000000000000e-05
-1.206255000000000024e-05
-1.201039000000000039e-05
-1.196569000000000063e-05
-1.191353999999999978e-05
-1.186882999999999932e-05
-1.182412999999999956e-05
-1.177198000000000041e-05
-1.171982000000000056e-05
-1.167512000000000080e-05
-1.162295999999999925e-05
-1.157081000000000010e-05
-1.152611000000000034e-05
-1.146649999999999940e-05
-1.141435000000000024e-05
-1.135473999999999930e-05
-1.130259000000000015e-05
-1.124297999999999921e-05
-1.118338000000000066e-05
-1.111632000000000032e-05
-1.104181999999999959e-05
-1.096730999999999986e-05
-1.089281000000000083e-05
-1.081085000000000001e-05
-1.072143999999999979e-05
-1.063204000000000028e-05
-1.052772999999999958e-05
-1.042342000000000057e-05
-1.031910999999999987e-05
-1.019990000000000038e-05
-1.008814000000000028e-05
-9.968934999999999448e-06
-9.842275000000000562e-06
-9.715614999999999982e-06
-9.581505000000000008e-06
-9.447394000000000641e-06
-9.313284000000000666e-06
-9.186624000000000086e-06
-9.045062999999999630e-06
-8.910952999999999656e-06
-8.769391999999999200e-06
-8.635280999999999833e-06
-8.501170999999999858e-06
-8.367060000000000491e-06
-8.232950000000000516e-06
-8.091389000000000060e-06
-7.949827999999999604e-06
-7.808267000000000842e-06
-7.666706000000000386e-06
-7.525115999999999765e-06
-7.383553999999999916e-06
-7.241993000000000307e-06
-7.100431999999999851e-06
-6.958871000000000242e-06
-6.817309999999999786e-06
-6.668298999999999935e-06
-6.526738000000000326e-06
-6.392627000000000111e-06
-6.251065999999999655e-06
-6.109505000000000046e-06
-5.967943999999999590e-06
-5.833833999999999616e-06
-5.692273000000000006e-06
-5.550712000000000397e-06
-5.409150999999999941e-06
-5.267590000000000332e-06
-5.133479000000000118e-06
-5.006819000000000386e-06
-4.880158999999999806e-06
-4.753500000000000313e-06
-4.626839999999999733e-06
-4.515080999999999877e-06
-4.395871999999999779e-06
-4.284112999999999923e-06
-4.172354000000000067e-06
-4.060595999999999603e-06
-3.956286999999999989e-06
-3.859430000000000248e-06
-3.747657000000000006e-06
-3.650799000000000026e-06
-3.553941000000000047e-06
-3.449632999999999825e-06
-3.352776000000000084e-06
-3.248467999999999863e-06
-3.151609999999999883e-06
-3.047302000000000085e-06
-2.950444000000000105e-06
-2.846135999999999884e-06
-2.734377999999999843e-06
-2.630070000000000045e-06
-2.518311000000000189e-06
-2.414002999999999967e-06
-2.294793000000000053e-06
-2.183035000000000013e-06
-2.071276000000000157e-06
-1.959516999999999877e-06
-1.840301000000000009e-06
-1.728541999999999941e-06
-1.601881999999999997e-06
-1.475222000000000053e-06
-1.348561999999999897e-06
-1.214451999999999922e-06
-1.080340999999999920e-06
-9.387768000000000316e-07
-7.897652000000000156e-07
-6.407535999999999997e-07
-4.991925000000000279e-07
-3.427285000000000107e-07
-1.937160000000000122e-07
-2.980255000000000107e-08
1.266607999999999876e-07
2.905745000000000057e-07
4.544871999999999962e-07
6.258524000000000330e-07
7.972157999999999990e-07
9.685828000000000008e-07
1.139946000000000088e-06
1.326210999999999990e-06
1.505025000000000045e-06
1.691288999999999919e-06
1.877554000000000032e-06
2.071276000000000157e-06
2.272441999999999935e-06
2.466157000000000078e-06
2.674773000000000098e-06
2.883389000000000118e-06
3.099456000000000196e-06
3.315522999999999850e-06
3.539040000000000170e-06
3.762557999999999882e-06
3.993540000000000223e-06
4.239409000000000054e-06
4.477827999999999643e-06
4.723697000000000320e-06
4.969566000000000151e-06
5.222885999999999616e-06
5.476205999999999929e-06
5.736975999999999636e-06
5.997746000000000190e-06
6.258517000000000137e-06
6.519286999999999844e-06
6.787508000000000033e-06
7.055729000000000222e-06
7.331399999999999805e-06
7.607071999999999628e-06
7.890223000000000706e-06
8.165895000000000529e-06
8.449016999999999747e-06
8.739589000000000054e-06
9.022710999999999272e-06
9.305833000000000185e-06
9.588954999999999403e-06
9.879528000000000796e-06
1.016265000000000001e-05
1.044577000000000045e-05
1.073634000000000028e-05
1.101946999999999972e-05
1.129514000000000075e-05
1.157081000000000010e-05
1.184647999999999944e-05
1.212215000000000048e-05
1.239037000000000043e-05
1.265859000000000038e-05
1.291935999999999924e-05
1.317268000000000040e-05
1.342599999999999986e-05
1.367931999999999933e-05
1.392518999999999940e-05
1.416361000000000008e-05
1.440203000000000075e-05
1.463300000000000034e-05
1.486396999999999992e-05
1.508747999999999941e-05
1.531106000000000041e-05
1.552713000000000121e-05
1.574319000000000131e-05
1.595180999999999932e-05
1.615298000000000132e-05
1.635413999999999924e-05
1.655531000000000125e-05
1.675646999999999917e-05
1.695018999999999839e-05
1.714390000000000030e-05
1.733761999999999952e-05
1.753133000000000143e-05
1.773250000000000005e-05
1.791875999999999918e-05
1.811993000000000119e-05
1.832108999999999910e-05
1.852971000000000051e-05
1.874578000000000130e-05
1.895438999999999861e-05
1.917790999999999881e-05
1.940142999999999900e-05
1.963239999999999858e-05
1.987827000000000035e-05
2.012413000000000141e-05
2.037744999999999918e-05
2.063077000000000034e-05
2.089899000000000029e-05
2.116722000000000094e-05
2.145033999999999968e-05
2.173345999999999842e-05
2.202402999999999994e-05
2.231460999999999878e-05
2.261262999999999969e-05
2.291810000000000001e-05
2.323103000000000041e-05
2.353650000000000073e-05
2.385688000000000053e-05
2.417724999999999963e-05
2.449762999999999943e-05
2.482545000000000132e-05
2.515328000000000052e-05
2.549600000000000119e-05
2.583127999999999978e-05
2.617401000000000116e-05
2.652418000000000123e-05
2.686690999999999922e-05
2.722453999999999938e-05
2.757472000000000016e-05
2.792489000000000023e-05
2.828252000000000039e-05
2.864015000000000056e-05
2.900523000000000012e-05
2.937030999999999968e-05
2.973537999999999854e-05
3.010046000000000149e-05
3.048043999999999984e-05
3.086054000000000320e-05
3.124052000000000155e-05
3.162794999999999929e-05
3.201537999999999704e-05
3.240281000000000156e-05
3.279023999999999931e-05
3.317766999999999705e-05
3.355765000000000218e-05
3.394507999999999993e-05
3.432505999999999828e-05
3.470503999999999663e-05
3.509247000000000115e-05
3.547244999999999950e-05
3.586732999999999664e-05
3.625476000000000116e-05
3.664218999999999891e-05
3.702961999999999665e-05
3.741705000000000118e-05
3.780447999999999892e-05
3.818445999999999727e-05
3.857189000000000180e-05
3.895931999999999954e-05
3.933929999999999789e-05
3.971928000000000302e-05
4.009926000000000137e-05
4.048668999999999912e-05
4.086666999999999747e-05
4.124665000000000259e-05
4.163408000000000034e-05
4.201405999999999869e-05
4.240149000000000321e-05
4.279637000000000035e-05
4.318379999999999810e-05
4.357123000000000262e-05
4.397355999999999916e-05
4.436844000000000307e-05
4.476332000000000021e-05
4.516564999999999675e-05
4.556798000000000006e-05
4.597776999999999669e-05
4.638010000000000001e-05
4.679733000000000211e-05
4.721455999999999743e-05
4.763178999999999954e-05
4.805648000000000173e-05
4.848116000000000323e-05
4.890583999999999795e-05
4.933797999999999954e-05
4.975521000000000164e-05
5.016498999999999758e-05
5.056732000000000089e-05
5.095474999999999863e-05
5.131982999999999819e-05
5.167000999999999896e-05
5.199783000000000085e-05
5.229585999999999908e-05
5.256407999999999903e-05
5.281740000000000019e-05
5.304091999999999699e-05
5.324208000000000169e-05
5.342090000000000212e-05
5.357735999999999689e-05
5.370402000000000086e-05
5.382322999999999865e-05
5.392007999999999757e-05
5.401693999999999718e-05
5.408399999999999921e-05
5.415105000000000054e-05
5.421066000000000318e-05
5.427025999999999834e-05
5.431497000000000218e-05
5.435221999999999916e-05
5.439692000000000230e-05
5.443416999999999928e-05
5.446397999999999756e-05
5.449378000000000192e-05
5.451613000000000010e-05
5.453102999999999889e-05
5.454592999999999768e-05
5.455337999999999708e-05
5.456083000000000325e-05
5.456083000000000325e-05
5.456083000000000325e-05
5.455337999999999708e-05
5.455337999999999708e-05
5.455337999999999708e-05
5.455337999999999708e-05
5.456083000000000325e-05
5.456083000000000325e-05
5.456829000000000334e-05
5.456829000000000334e-05
5.457574000000000274e-05
5.458319000000000213e-05
5.458319000000000213e-05
5.459064000000000153e-05
5.459064000000000153e-05
5.459064000000000153e-05
5.458319000000000213e-05
5.458319000000000213e-05
5.457574000000000274e-05
5.456829000000000334e-05
5.456829000000000334e-05
5.456083000000000325e-05
5.455337999999999708e-05
5.455337999999999708e-05
5.455337999999999708e-05
5.454592999999999768e-05
5.454592999999999768e-05
5.454592999999999768e-05
5.455337999999999708e-05
5.455337999999999708e-05
5.455337999999999708e-05
5.455337999999999708e-05
5.456083000000000325e-05
5.456083000000000325e-05
5.456083000000000325e-05
5.456083000000000325e-05
5.456083000000000325e-05
5.456083000000000325e-05
5.455337999999999708e-05
5.454592999999999768e-05
5.454592999999999768e-05
5.453847999999999829e-05
5.453102999999999889e-05
5.453102999999999889e-05
5.451613000000000010e-05
5.450868000000000071e-05
5.450123000000000131e-05
5.449378000000000192e-05
5.448633000000000252e-05
5.447888000000000313e-05
5.447888000000000313e-05
5.447142999999999695e-05
5.447142999999999695e-05
5.447142999999999695e-05
5.447142999999999695e-05
5.447142999999999695e-05
5.447888000000000313e-05
5.447888000000000313e-05
5.449378000000000192e-05
5.450123000000000131e-05
5.450868000000000071e-05
5.452357999999999950e-05
5.453102999999999889e-05
5.454592999999999768e-05
5.455337999999999708e-05
5.456829000000000334e-05
5.457574000000000274e-05
5.459064000000000153e-05
5.459064000000000153e-05
5.459809000000000092e-05
5.460554000000000032e-05
5.461298999999999971e-05
5.461298999999999971e-05
5.461298999999999971e-05
5.461298999999999971e-05
5.460554000000000032e-05
5.460554000000000032e-05
5.459809000000000092e-05
5.459064000000000153e-05
5.458319000000000213e-05
5.456829000000000334e-05
5.456083000000000325e-05
5.454592999999999768e-05
5.453847999999999829e-05
5.453102999999999889e-05
5.453102999999999889e-05
5.452357999999999950e-05
5.452357999999999950e-05
5.452357999999999950e-05
5.451613000000000010e-05
5.451613000000000010e-05
5.452357999999999950e-05
5.452357999999999950e-05
5.452357999999999950e-05
5.452357999999999950e-05
5.452357999999999950e-05
5.453102999999999889e-05
5.453102999999999889e-05
5.453102999999999889e-05
5.453847999999999829e-05
5.454592999999999768e-05
5.455337999999999708e-05
5.456083000000000325e-05
5.456829000000000334e-05
5.458319000000000213e-05
5.459064000000000153e-05
5.459064000000000153e-05
5.460554000000000032e-05
5.461298999999999971e-05
5.462043999999999911e-05
5.462788999999999850e-05
5.463533999999999790e-05
5.464278999999999729e-05
5.464278999999999729e-05
5.465023999999999669e-05
5.465769000000000286e-05
5.465769000000000286e-05
5.465769000000000286e-05
5.466514000000000225e-05
5.467259000000000165e-05
5.468004000000000104e-05
5.468749000000000044e-05
5.469493999999999983e-05
5.470239999999999993e-05
5.470984999999999932e-05
5.471729999999999872e-05
5.471729999999999872e-05
5.471729999999999872e-05
5.471729999999999872e-05
5.471729999999999872e-05
5.470984999999999932e-05
5.470984999999999932e-05
5.469493999999999983e-05
5.468749000000000044e-05
5.468004000000000104e-05
5.467259000000000165e-05
5.465769000000000286e-05
5.465769000000000286e-05
5.464278999999999729e-05
5.462788999999999850e-05
5.461298999999999971e-05
5.459809000000000092e-05
5.459064000000000153e-05
5.459064000000000153e-05
5.458319000000000213e-05
5.458319000000000213e-05
5.458319000000000213e-05
5.459064000000000153e-05
5.459064000000000153e-05
5.459809000000000092e-05
5.460554000000000032e-05
5.462043999999999911e-05
5.463533999999999790e-05
5.465023999999999669e-05
5.465769000000000286e-05
5.465769000000000286e-05
5.466514000000000225e-05
5.466514000000000225e-05
5.466514000000000225e-05
5.465769000000000286e-05
5.465769000000000286e-05
5.465769000000000286e-05
5.464278999999999729e-05
5.463533999999999790e-05
5.462788999999999850e-05
5.461298999999999971e-05
5.460554000000000032e-05
5.459064000000000153e-05
5.459064000000000153e-05
5.458319000000000213e-05
5.457574000000000274e-05
5.456829000000000334e-05
5.456829000000000334e-05
5.456829000000000334e-05
5.456829000000000334e-05
5.457574000000000274e-05
5.457574000000000274e-05
5.458319000000000213e-05
5.459064000000000153e-05
5.459809000000000092e-05
5.460554000000000032e-05
5.462043999999999911e-05
5.462788999999999850e-05
5.463533999999999790e-05
5.465023999999999669e-05
5.465769000000000286e-05
5.465769000000000286e-05
5.467259000000000165e-05
5.468004000000000104e-05
5.468749000000000044e-05
5.469493999999999983e-05
5.469493999999999983e-05
5.470239999999999993e-05
5.470239999999999993e-05
5.470239999999999993e-05
5.470239999999999993e-05
5.470239999999999993e-05
5.470239999999999993e-05
5.470984999999999932e-05
5.470984999999999932e-05
5.471729999999999872e-05
5.471729999999999872e-05
5.472474999999999811e-05
5.472474999999999811e-05
5.472474999999999811e-05
5.473219999999999751e-05
5.473219999999999751e-05
5.473219999999999751e-05
5.473219999999999751e-05
5.473219999999999751e-05
5.472474999999999811e-05
5.472474999999999811e-05
5.472474999999999811e-05
5.471729999999999872e-05
5.471729999999999872e-05
5.471729999999999872e-05
5.470984999999999932e-05
5.469493999999999983e-05
5.468749000000000044e-05
5.468004000000000104e-05
5.467259000000000165e-05
5.466514000000000225e-05
5.465769000000000286e-05
5.465769000000000286e-05
5.465769000000000286e-05
5.465769000000000286e-05
5.465769000000000286e-05
5.465769000000000286e-05
5.465769000000000286e-05
5.465769000000000286e-05
5.465769000000000286e-05
5.465769000000000286e-05
5.465769000000000286e-05
5.466514000000000225e-05
5.466514000000000225e-05
5.467259000000000165e-05
5.468004000000000104e-05
5.468004000000000104e-05
5.468749000000000044e-05
5.468749000000000044e-05
5.468749000000000044e-05
5.468749000000000044e-05
5.468749000000000044e-05
5.468749000000000044e-05
5.469493999999999983e-05
5.469493999999999983e-05
5.469493999999999983e-05
5.469493999999999983e-05
5.470239999999999993e-05
5.470239999999999993e-05
5.470239999999999993e-05
5.470984999999999932e-05
5.470984999999999932e-05
5.470984999999999932e-05
5.470239999999999993e-05
5.470239999999999993e-05
5.469493999999999983e-05
5.468749000000000044e-05
5.468004000000000104e-05
5.467259000000000165e-05
5.466514000000000225e-05
5.465769000000000286e-05
5.465769000000000286e-05
5.465023999999999669e-05
5.465023999999999669e-05
5.464278999999999729e-05
5.464278999999999729e-05
5.464278999999999729e-05
5.465023999999999669e-05
5.465023999999999669e-05
5.465769000000000286e-05
5.465769000000000286e-05
5.466514000000000225e-05
5.466514000000000225e-05
5.467259000000000165e-05
5.468004000000000104e-05
5.468749000000000044e-05
5.468749000000000044e-05
5.468749000000000044e-05
5.468749000000000044e-05
5.468749000000000044e-05
5.468004000000000104e-05
5.468004000000000104e-05
5.468004000000000104e-05
5.468004000000000104e-05
5.468004000000000104e-05
5.468749000000000044e-05
5.469493999999999983e-05
5.470239999999999993e-05
5.471729999999999872e-05
5.471729999999999872e-05
5.473219999999999751e-05
5.473964999999999690e-05
5.474710000000000307e-05
5.475455000000000247e-05
5.476200000000000187e-05
5.476945000000000126e-05
5.476945000000000126e-05
5.477690000000000066e-05
5.477690000000000066e-05
5.478435000000000005e-05
5.478435000000000005e-05
5.478435000000000005e-05
5.478435000000000005e-05
5.478435000000000005e-05
5.478435000000000005e-05
5.478435000000000005e-05
5.478435000000000005e-05
5.478435000000000005e-05
5.478435000000000005e-05
5.477690000000000066e-05
5.477690000000000066e-05
5.477690000000000066e-05
5.477690000000000066e-05
5.478435000000000005e-05
5.478435000000000005e-05
5.478435000000000005e-05
5.479924999999999884e-05
5.480669999999999824e-05
5.482159999999999703e-05
5.482905999999999712e-05
5.483651000000000329e-05
5.484396000000000269e-05
5.484396000000000269e-05
5.485141000000000208e-05
5.485886000000000148e-05
5.486631000000000087e-05
5.487376000000000027e-05
5.488865999999999906e-05
5.489610999999999845e-05
5.490355999999999785e-05
5.491100999999999724e-05
5.491845999999999664e-05
5.491845999999999664e-05
5.492591000000000281e-05
5.492591000000000281e-05
5.492591000000000281e-05
5.491845999999999664e-05
5.491845999999999664e-05
5.491845999999999664e-05
5.491100999999999724e-05
5.491100999999999724e-05
5.491100999999999724e-05
5.491100999999999724e-05
5.491100999999999724e-05
5.490355999999999785e-05
5.490355999999999785e-05
5.489610999999999845e-05
5.489610999999999845e-05
5.488865999999999906e-05
5.488120999999999966e-05
5.487376000000000027e-05
5.486631000000000087e-05
5.485886000000000148e-05
5.485886000000000148e-05
5.485886000000000148e-05
5.485886000000000148e-05
5.485886000000000148e-05
5.485886000000000148e-05
5.485886000000000148e-05
5.485886000000000148e-05
5.485886000000000148e-05
5.486631000000000087e-05
5.486631000000000087e-05
5.487376000000000027e-05
5.487376000000000027e-05
5.488120999999999966e-05
5.488120999999999966e-05
5.488865999999999906e-05
5.488865999999999906e-05
5.488865999999999906e-05
5.488865999999999906e-05
5.488865999999999906e-05
5.488865999999999906e-05
5.488865999999999906e-05
5.488120999999999966e-05
5.488865999999999906e-05
5.488865999999999906e-05
5.488865999999999906e-05
5.488865999999999906e-05
5.488865999999999906e-05
5.488865999999999906e-05
5.488865999999999906e-05
5.488865999999999906e-05
5.488865999999999906e-05
5.489610999999999845e-05
5.489610999999999845e-05
5.490355999999999785e-05
5.490355999999999785e-05
5.490355999999999785e-05
5.491100999999999724e-05
5.490355999999999785e-05
5.490355999999999785e-05
5.490355999999999785e-05
5.489610999999999845e-05
5.488865999999999906e-05
5.488120999999999966e-05
5.488120999999999966e-05
5.487376000000000027e-05
5.487376000000000027e-05
5.486631000000000087e-05
5.486631000000000087e-05
5.485886000000000148e-05
5.485141000000000208e-05
5.485141000000000208e-05
5.485141000000000208e-05
5.484396000000000269e-05
5.484396000000000269e-05
5.485141000000000208e-05
5.485141000000000208e-05
5.485141000000000208e-05
5.485886000000000148e-05
5.486631000000000087e-05
5.487376000000000027e-05
5.487376000000000027e-05
5.488120999999999966e-05
5.489610999999999845e-05
5.490355999999999785e-05
5.490355999999999785e-05
5.491100999999999724e-05
5.491100999999999724e-05
5.491100999999999724e-05
5.491100999999999724e-05
5.491100999999999724e-05
5.490355999999999785e-05
5.489610999999999845e-05
5.489610999999999845e-05
5.488120999999999966e-05
5.487376000000000027e-05
5.486631000000000087e-05
5.485886000000000148e-05
5.485141000000000208e-05
5.484396000000000269e-05
5.484396000000000269e-05
5.484396000000000269e-05
5.483651000000000329e-05
5.483651000000000329e-05
5.482905999999999712e-05
5.482905999999999712e-05
5.482159999999999703e-05
5.482159999999999703e-05
5.482159999999999703e-05
5.482905999999999712e-05
5.482905999999999712e-05
5.482905999999999712e-05
5.483651000000000329e-05
5.483651000000000329e-05
5.483651000000000329e-05
5.484396000000000269e-05
5.484396000000000269e-05
5.484396000000000269e-05
5.484396000000000269e-05
5.484396000000000269e-05
5.484396000000000269e-05
5.484396000000000269e-05
5.483651000000000329e-05
5.482905999999999712e-05
5.482159999999999703e-05
5.481414999999999763e-05
5.480669999999999824e-05
5.480669999999999824e-05
5.479924999999999884e-05
5.479924999999999884e-05
5.479924999999999884e-05
5.480669999999999824e-05
5.480669999999999824e-05
5.481414999999999763e-05
5.482159999999999703e-05
5.482159999999999703e-05
5.482905999999999712e-05
5.482905999999999712e-05
5.482905999999999712e-05
5.482905999999999712e-05
5.482905999999999712e-05
5.483651000000000329e-05
5.483651000000000329e-05
5.483651000000000329e-05
5.484396000000000269e-05
5.484396000000000269e-05
5.484396000000000269e-05
5.485141000000000208e-05
5.485886000000000148e-05
5.486631000000000087e-05
5.487376000000000027e-05
5.487376000000000027e-05
5.488120999999999966e-05
5.488120999999999966e-05
5.488865999999999906e-05
5.488865999999999906e-05
5.488865999999999906e-05
5.488865999999999906e-05
5.488865999999999906e-05
5.489610999999999845e-05
5.489610999999999845e-05
5.490355999999999785e-05
5.491100999999999724e-05
5.491100999999999724e-05
5.491100999999999724e-05
5.491845999999999664e-05
5.492591000000000281e-05
5.492591000000000281e-05
5.493336000000000220e-05
5.493336000000000220e-05
5.493336000000000220e-05
5.493336000000000220e-05
5.493336000000000220e-05
5.493336000000000220e-05
5.493336000000000220e-05
5.492591000000000281e-05
5.491845999999999664e-05
5.491100999999999724e-05
5.491100999999999724e-05
5.490355999999999785e-05
5.489610999999999845e-05
5.488865999999999906e-05
5.488120999999999966e-05
5.487376000000000027e-05
5.487376000000000027e-05
5.486631000000000087e-05
5.486631000000000087e-05
5.485886000000000148e-05
5.485886000000000148e-05
5.485886000000000148e-05
5.485141000000000208e-05
5.485141000000000208e-05
5.485141000000000208e-05
5.485141000000000208e-05
5.484396000000000269e-05
5.484396000000000269e-05
5.484396000000000269e-05
5.484396000000000269e-05
5.484396000000000269e-05
5.485141000000000208e-05
5.485141000000000208e-05
5.485886000000000148e-05
5.486631000000000087e-05
5.487376000000000027e-05
5.488120999999999966e-05
5.488865999999999906e-05
5.488865999999999906e-05
5.488865999999999906e-05
5.488865999999999906e-05
5.488865999999999906e-05
5.488865999999999906e-05
5.488120999999999966e-05
5.488120999999999966e-05
5.487376000000000027e-05
5.487376000000000027e-05
5.487376000000000027e-05
5.487376000000000027e-05
5.486631000000000087e-05
5.486631000000000087e-05
5.486631000000000087e-05
5.486631000000000087e-05
5.486631000000000087e-05
5.485886000000000148e-05
