-4.205131000000000244e-05
-4.223012000000000217e-05
-4.240149000000000321e-05
-4.257284999999999677e-05
-4.273675999999999772e-05
-4.289322999999999996e-05
-4.303479000000000272e-05
-4.316144999999999991e-05
-4.328065999999999771e-05
-4.339241000000000219e-05
-4.348182000000000240e-05
-4.345201999999999805e-05
-4.318379999999999810e-05
-4.259520000000000174e-05
-4.164897999999999913e-05
-4.033767999999999696e-05
-3.867620000000000080e-05
-3.673159999999999913e-05
-3.454858000000000186e-05
-3.220909000000000234e-05
-2.977263999999999960e-05
-2.730648999999999951e-05
-2.485524999999999890e-05
-2.247851999999999972e-05
-2.019119000000000005e-05
-1.803052000000000097e-05
-1.599650999999999908e-05
-1.412635999999999971e-05
-1.242018000000000040e-05
-1.087791000000000035e-05
-9.477196999999999786e-06
-8.232950000000000516e-06
-7.115333999999999967e-06
-6.139308000000000039e-06
-5.267590000000000332e-06
-4.515080999999999877e-06
-3.859430000000000248e-06
-3.300621999999999974e-06
-2.950444000000000105e-06
-3.181412000000000060e-06
-4.448025999999999890e-06
-7.152585999999999962e-06
-1.152611000000000034e-05
-1.763564000000000044e-05
-2.542150000000000047e-05
-3.470503999999999663e-05
-4.522525999999999939e-05
-5.668424999999999858e-05
-6.876186999999999425e-05
-8.115964000000000414e-05
-9.359466000000000421e-05
-1.058210999999999955e-04
-1.176301999999999974e-04
-1.288884999999999976e-04
-1.394683000000000077e-04
-1.493626999999999921e-04
-1.583928000000000126e-04
-1.665958999999999951e-04
-1.740091999999999941e-04
-1.806402999999999991e-04
-1.865187999999999937e-04
-1.916968999999999976e-04
-1.962343000000000128e-04
-2.001980000000000101e-04
-2.036402000000000091e-04
-2.066353000000000102e-04
-2.092207000000000008e-04
-2.114632999999999986e-04
-2.133780999999999959e-04
-2.150246999999999879e-04
-2.164179000000000070e-04
-2.176025999999999959e-04
-2.184444999999999920e-04
-2.184444999999999920e-04
-2.184444999999999920e-04
-2.184444999999999920e-04
-2.184444999999999920e-04
-2.184444999999999920e-04
-2.184444999999999920e-04
-2.184444999999999920e-04
-2.184444999999999920e-04
-2.184444999999999920e-04
-2.184444999999999920e-04
-2.184444999999999920e-04
-2.184444999999999920e-04
-2.184444999999999920e-04
-2.184444999999999920e-04
-2.184444999999999920e-04
-2.184444999999999920e-04
-2.184444999999999920e-04
-2.184444999999999920e-04
-2.184444999999999920e-04
-2.184444999999999920e-04
-2.184444999999999920e-04
-2.184444999999999920e-04
-2.184444999999999920e-04
-2.184444999999999920e-04
-2.184444999999999920e-04
-2.184444999999999920e-04
-2.184444999999999920e-04
-2.184444999999999920e-04
-2.184444999999999920e-04
-2.184444999999999920e-04
-2.184444999999999920e-04
-2.184444999999999920e-04
-2.184444999999999920e-04
-2.184444999999999920e-04
-2.184444999999999920e-04
-2.184444999999999920e-04
-2.184444999999999920e-04
-2.184444999999999920e-04
-2.184444999999999920e-04
-2.184444999999999920e-04
-2.184444999999999920e-04
-2.184444999999999920e-04
-2.184444999999999920e-04
-2.184444999999999920e-04
-2.184444999999999920e-04
-2.184444999999999920e-04
-2.184444999999999920e-04
-2.184444999999999920e-04
-2.184444999999999920e-04
-2.184444999999999920e-04
-2.184444999999999920e-04
-2.184444999999999920e-04
-2.184444999999999920e-04
-2.184444999999999920e-04
-2.184444999999999920e-04
-2.184444999999999920e-04
-2.184444999999999920e-04
-2.184444999999999920e-04
-2.184444999999999920e-04
-2.184444999999999920e-04
-2.184444999999999920e-04
-2.184444999999999920e-04
-2.184444999999999920e-04
-2.184444999999999920e-04
-2.184444999999999920e-04
-2.184444999999999920e-04
-2.184444999999999920e-04
-2.184444999999999920e-04
-2.184444999999999920e-04
-2.184444999999999920e-04
-2.184444999999999920e-04
-2.184444999999999920e-04
-2.184444999999999920e-04
-2.184444999999999920e-04
-2.184444999999999920e-04
-2.184444999999999920e-04
-2.184444999999999920e-04
-2.184444999999999920e-04
-2.184444999999999920e-04
-2.184444999999999920e-04
-2.184444999999999920e-04
-2.184444999999999920e-04
-2.184444999999999920e-04
-2.184444999999999920e-04
-2.184444999999999920e-04
-2.184444999999999920e-04
-2.184444999999999920e-04
-2.184444999999999920e-04
-2.184444999999999920e-04
-2.184444999999999920e-04
-2.184444999999999920e-04
-2.184444999999999920e-04
-2.184444999999999920e-04
-2.184444999999999920e-04
-2.184444999999999920e-04
-2.184444999999999920e-04
-2.184444999999999920e-04
-2.184444999999999920e-04
-2.184444999999999920e-04
-2.184444999999999920e-04
-2.184444999999999920e-04
-2.184444999999999920e-04
-2.184444999999999920e-04
-2.184444999999999920e-04
-2.184444999999999920e-04
-2.184444999999999920e-04
-2.184444999999999920e-04
-2.184444999999999920e-04
-2.184444999999999920e-04
-2.184444999999999920e-04
-2.184444999999999920e-04
-2.184444999999999920e-04
-2.184444999999999920e-04
-2.184444999999999920e-04
-2.184444999999999920e-04
-2.184444999999999920e-04
-2.184444999999999920e-04
-2.184444999999999920e-04
-2.184444999999999920e-04
-2.184444999999999920e-04
-2.184444999999999920e-04
-2.184444999999999920e-04
-2.184444999999999920e-04
-2.184444999999999920e-04
-2.184444999999999920e-04
-2.184444999999999920e-04
-2.184444999999999920e-04
-2.184444999999999920e-04
-2.184444999999999920e-04
-2.184444999999999920e-04
-2.184444999999999920e-04
-2.184444999999999920e-04
-2.184444999999999920e-04
-2.184444999999999920e-04
-2.184444999999999920e-04
-2.184444999999999920e-04
-2.184444999999999920e-04
-2.184444999999999920e-04
-2.184444999999999920e-04
-2.184444999999999920e-04
-2.184444999999999920e-04
-2.184444999999999920e-04
-2.184444999999999920e-04
-2.184444999999999920e-04
-2.184444999999999920e-04
-2.184444999999999920e-04
-2.184444999999999920e-04
-2.184444999999999920e-04
-2.184444999999999920e-04
-2.184444999999999920e-04
-2.184444999999999920e-04
-2.184444999999999920e-04
-2.184444999999999920e-04
-2.184444999999999920e-04
-2.184444999999999920e-04
-2.184444999999999920e-04
-2.184444999999999920e-04
-2.184444999999999920e-04
-2.184444999999999920e-04
-2.184444999999999920e-04
-2.184444999999999920e-04
-2.184444999999999920e-04
-2.184444999999999920e-04
-2.184444999999999920e-04
-2.184444999999999920e-04
-2.184444999999999920e-04
-2.184444999999999920e-04
-2.184444999999999920e-04
-2.184444999999999920e-04
-2.184444999999999920e-04
-2.184444999999999920e-04
-2.184444999999999920e-04
-2.184444999999999920e-04
-2.184444999999999920e-04
-2.184444999999999920e-04
-2.184444999999999920e-04
-2.184444999999999920e-04
-2.184444999999999920e-04
-2.184444999999999920e-04
-2.184444999999999920e-04
-2.184444999999999920e-04
-2.184444999999999920e-04
-2.184444999999999920e-04
-2.184444999999999920e-04
-2.184444999999999920e-04
-2.184444999999999920e-04
-2.184444999999999920e-04
-2.184444999999999920e-04
-2.184444999999999920e-04
-2.184444999999999920e-04
-2.184444999999999920e-04
-2.184444999999999920e-04
-2.184444999999999920e-04
-2.184444999999999920e-04
-2.184444999999999920e-04
-2.184444999999999920e-04
-2.184444999999999920e-04
-2.184444999999999920e-04
-2.184444999999999920e-04
-2.184444999999999920e-04
-2.184444999999999920e-04
-2.184444999999999920e-04
-2.184444999999999920e-04
-2.184444999999999920e-04
-2.184444999999999920e-04
-2.184444999999999920e-04
-2.184444999999999920e-04
-2.184444999999999920e-04
-2.184444999999999920e-04
-2.184444999999999920e-04
-2.184444999999999920e-04
-2.184444999999999920e-04
-2.184444999999999920e-04
-2.184444999999999920e-04
-2.184444999999999920e-04
-2.184444999999999920e-04
-2.184444999999999920e-04
-2.184444999999999920e-04
-2.184444999999999920e-04
-2.184444999999999920e-04
-2.184444999999999920e-04
-2.184444999999999920e-04
-2.184444999999999920e-04
-2.184444999999999920e-04
-2.184444999999999920e-04
-2.184444999999999920e-04
-2.184444999999999920e-04
-2.184444999999999920e-04
-2.184444999999999920e-04
-2.184444999999999920e-04
-2.184444999999999920e-04
-2.184444999999999920e-04
-2.183922999999999995e-04
-2.182731000000000092e-04
-2.181538999999999917e-04
-2.180495999999999867e-04
-2.179379000000000060e-04
-2.178485000000000133e-04
-2.177740000000000058e-04
-2.177143000000000036e-04
-2.176695999999999937e-04
-2.176473000000000058e-04
-2.176397999999999961e-04
-2.176473000000000058e-04
-2.176621999999999910e-04
-2.176845000000000060e-04
-2.176919999999999886e-04
-2.176993999999999913e-04
-2.176993999999999913e-04
-2.176845000000000060e-04
-2.176547000000000085e-04
-2.176249000000000109e-04
-2.175951000000000133e-04
-2.175727999999999983e-04
-2.175579000000000130e-04
-2.175579000000000130e-04
-2.175579000000000130e-04
-2.175727999999999983e-04
-2.175951000000000133e-04
-2.176323999999999934e-04
-2.176845000000000060e-04
-2.177590999999999934e-04
-2.178410000000000036e-04
-2.179379000000000060e-04
-2.180197999999999891e-04
-2.180942999999999966e-04
-2.181538999999999917e-04
-2.181911999999999990e-04
-2.181986000000000017e-04
-2.181911999999999990e-04
-2.181836999999999893e-04
-2.181688000000000041e-04
-2.181464999999999891e-04
-2.181316000000000038e-04
-2.180942999999999966e-04
-2.180644999999999990e-04
-2.180124000000000135e-04
-2.179527999999999912e-04
-2.178783000000000108e-04
-2.178038000000000033e-04
-2.177218000000000133e-04
-2.176547000000000085e-04
-2.175951000000000133e-04
-2.175430000000000007e-04
-2.174982999999999908e-04
-2.174684999999999932e-04
-2.174312000000000130e-04
-2.173940000000000128e-04
-2.173567000000000055e-04
-2.173045999999999929e-04
-2.172449999999999978e-04
-2.171854000000000026e-04
-2.171182999999999978e-04
-2.170437999999999903e-04
-2.169618000000000002e-04
-2.168724000000000075e-04
-2.167829999999999876e-04
-2.166861999999999922e-04
-2.166042000000000022e-04
-2.165148000000000094e-04
-2.164327999999999922e-04
-2.163583000000000119e-04
-2.162912999999999869e-04
-2.162316999999999918e-04
-2.161720999999999966e-04
-2.161347999999999893e-04
-2.160975999999999891e-04
-2.160677999999999915e-04
-2.160529000000000063e-04
-2.160379999999999939e-04
-2.160305000000000114e-04
-2.160231000000000087e-04
-2.160081999999999963e-04
-2.159933000000000111e-04
-2.159783999999999988e-04
-2.159708999999999891e-04
-2.159635000000000135e-04
-2.159560000000000039e-04
-2.159635000000000135e-04
-2.159783999999999988e-04
-2.160081999999999963e-04
-2.160603000000000089e-04
-2.161347999999999893e-04
-2.162316999999999918e-04
-2.163583000000000119e-04
-2.164998999999999971e-04
-2.166415000000000094e-04
-2.167756000000000121e-04
-2.168948000000000024e-04
-2.169991000000000075e-04
-2.170885000000000002e-04
-2.171704999999999903e-04
-2.172449999999999978e-04
-2.173417999999999932e-04
-2.174386999999999956e-04
-2.175579000000000130e-04
-2.176845000000000060e-04
-2.178186999999999886e-04
-2.179453000000000087e-04
-2.180495999999999867e-04
-2.181166999999999915e-04
-2.181390000000000065e-04
-2.181316000000000038e-04
-2.180942999999999966e-04
-2.180347000000000014e-04
-2.179751000000000063e-04
-2.179229999999999937e-04
-2.178783000000000108e-04
-2.178485000000000133e-04
-2.178410000000000036e-04
-2.178558999999999888e-04
-2.178857000000000135e-04
-2.179303999999999963e-04
-2.179751000000000063e-04
-2.180197999999999891e-04
-2.180644999999999990e-04
-2.181240999999999942e-04
-2.181836999999999893e-04
-2.182581999999999968e-04
-2.183475999999999896e-04
-2.184444999999999920e-04
-2.184444999999999920e-04
-2.184444999999999920e-04
-2.184444999999999920e-04
-2.184444999999999920e-04
-2.184444999999999920e-04
-2.184444999999999920e-04
-2.184444999999999920e-04
-2.184444999999999920e-04
-2.184444999999999920e-04
-2.184444999999999920e-04
-2.184444999999999920e-04
-2.184444999999999920e-04
-2.184444999999999920e-04
-2.184444999999999920e-04
-2.184444999999999920e-04
-2.184444999999999920e-04
-2.184444999999999920e-04
-2.184444999999999920e-04
-2.184444999999999920e-04
-2.184444999999999920e-04
-2.184444999999999920e-04
-2.184444999999999920e-04
-2.184444999999999920e-04
-2.184444999999999920e-04
-2.184444999999999920e-04
-2.184444999999999920e-04
-2.184444999999999920e-04
-2.184444999999999920e-04
-2.184444999999999920e-04
-2.184444999999999920e-04
-2.184444999999999920e-04
-2.184444999999999920e-04
-2.184444999999999920e-04
-2.184444999999999920e-04
-2.184444999999999920e-04
-2.184444999999999920e-04
-2.184444999999999920e-04
-2.184444999999999920e-04
-2.184444999999999920e-04
-2.184444999999999920e-04
-2.184444999999999920e-04
-2.184444999999999920e-04
-2.184444999999999920e-04
-2.184444999999999920e-04
-2.184444999999999920e-04
-2.184444999999999920e-04
-2.184444999999999920e-04
-2.184444999999999920e-04
-2.184444999999999920e-04
-2.184444999999999920e-04
-2.184444999999999920e-04
-2.184444999999999920e-04
-2.184444999999999920e-04
-2.184444999999999920e-04
-2.184444999999999920e-04
-2.184444999999999920e-04
-2.184444999999999920e-04
-2.184444999999999920e-04
-2.184444999999999920e-04
-2.184444999999999920e-04
-2.184444999999999920e-04
-2.184444999999999920e-04
-2.184444999999999920e-04
-2.184444999999999920e-04
-2.184444999999999920e-04
-2.184444999999999920e-04
-2.184444999999999920e-04
-2.184444999999999920e-04
-2.184444999999999920e-04
-2.184444999999999920e-04
-2.184444999999999920e-04
-2.184444999999999920e-04
-2.184444999999999920e-04
-2.184444999999999920e-04
-2.184444999999999920e-04
-2.184444999999999920e-04
-2.184444999999999920e-04
-2.184444999999999920e-04
-2.184444999999999920e-04
-2.184444999999999920e-04
-2.184444999999999920e-04
-2.184444999999999920e-04
-2.184444999999999920e-04
-2.183177999999999920e-04
-2.181538999999999917e-04
-2.180197999999999891e-04
-2.179155000000000111e-04
-2.178485000000000133e-04
-2.178112000000000060e-04
-2.178038000000000033e-04
-2.178112000000000060e-04
-2.178485000000000133e-04
-2.178783000000000108e-04
-2.179303999999999963e-04
-2.179677000000000036e-04
-2.179975000000000012e-04
-2.180197999999999891e-04
-2.180422000000000111e-04
-2.180644999999999990e-04
-2.180868999999999939e-04
-2.181316000000000038e-04
-2.181762999999999867e-04
-2.182283999999999992e-04
-2.182805999999999917e-04
-2.183253000000000017e-04
-2.183700000000000116e-04
-2.183848999999999968e-04
-2.183848999999999968e-04
-2.183625000000000019e-04
-2.183103999999999893e-04
-2.182283999999999992e-04
-2.181240999999999942e-04
-2.179899999999999915e-04
-2.178260999999999913e-04
-2.176473000000000058e-04
-2.174536000000000080e-04
-2.172449999999999978e-04
-2.170587000000000026e-04
-2.168872999999999927e-04
-2.167383000000000048e-04
-2.166339999999999997e-04
-2.165594999999999922e-04
-2.165296999999999947e-04
-2.165296999999999947e-04
-2.165520999999999896e-04
-2.166117000000000118e-04
-2.166787000000000097e-04
-2.167531999999999901e-04
-2.168202999999999949e-04
-2.168872999999999927e-04
-2.169468999999999879e-04
-2.169991000000000075e-04
-2.170511999999999930e-04
-2.170885000000000002e-04
-2.171258000000000075e-04
-2.171704999999999903e-04
-2.172076999999999905e-04
-2.172449999999999978e-04
-2.172599000000000101e-04
-2.172599000000000101e-04
-2.172449999999999978e-04
-2.172002999999999879e-04
-2.171332000000000101e-04
-2.170511999999999930e-04
-2.169543999999999976e-04
-2.168574999999999951e-04
-2.167606999999999997e-04
-2.166787000000000097e-04
-2.166117000000000118e-04
-2.165670000000000019e-04
-2.165446000000000070e-04
-2.165372000000000043e-04
-2.165446000000000070e-04
-2.165670000000000019e-04
-2.165892999999999898e-04
-2.166042000000000022e-04
-2.166117000000000118e-04
-2.166117000000000118e-04
-2.165967999999999995e-04
-2.166042000000000022e-04
-2.166190999999999874e-04
-2.166787000000000097e-04
-2.167606999999999997e-04
-2.168650000000000048e-04
-2.169841999999999951e-04
-2.170809999999999905e-04
-2.171630000000000077e-04
-2.172002999999999879e-04
-2.172076999999999905e-04
-2.171778999999999930e-04
-2.171107999999999881e-04
-2.169991000000000075e-04
-2.168574999999999951e-04
-2.166787000000000097e-04
-2.164776000000000092e-04
-2.162540000000000068e-04
-2.160231000000000087e-04
-2.157995000000000063e-04
-2.156058000000000085e-04
-2.154493999999999908e-04
-2.153226999999999908e-04
-2.152332999999999981e-04
-2.151885999999999881e-04
-2.151737000000000029e-04
-2.151885999999999881e-04
-2.152184000000000128e-04
-2.152780000000000080e-04
-2.153451000000000128e-04
-2.154195999999999932e-04
-2.155090000000000131e-04
-2.155984000000000058e-04
-2.156729000000000133e-04
-2.157473999999999937e-04
-2.158219000000000012e-04
-2.158890000000000060e-04
-2.159635000000000135e-04
-2.160379999999999939e-04
-2.161199000000000041e-04
-2.162018999999999942e-04
-2.162688999999999920e-04
-2.163359999999999968e-04
-2.163955999999999920e-04
-2.164403000000000019e-04
-2.164776000000000092e-04
-2.164924999999999944e-04
-2.164998999999999971e-04
-2.164924999999999944e-04
-2.164776000000000092e-04
-2.164477000000000046e-04
-2.164105000000000043e-04
-2.163731999999999971e-04
-2.163359999999999968e-04
-2.162912999999999869e-04
-2.162466000000000041e-04
-2.162168000000000065e-04
-2.161794999999999993e-04
-2.161645999999999869e-04
-2.161645999999999869e-04
-2.161720999999999966e-04
-2.162018999999999942e-04
-2.162466000000000041e-04
-2.163136000000000019e-04
-2.163881000000000094e-04
-2.164700999999999995e-04
-2.165446000000000070e-04
-2.166117000000000118e-04
-2.166713000000000070e-04
-2.167233999999999925e-04
-2.167531999999999901e-04
-2.167829999999999876e-04
-2.168054000000000097e-04
-2.168276999999999976e-04
-2.168574999999999951e-04
-2.168798999999999901e-04
-2.169246000000000000e-04
-2.169618000000000002e-04
-2.170065000000000102e-04
-2.170587000000000026e-04
-2.171182999999999978e-04
-2.171778999999999930e-04
-2.172301000000000125e-04
-2.172897000000000077e-04
-2.173493000000000029e-04
-2.174088999999999980e-04
-2.174610000000000106e-04
-2.175206000000000058e-04
-2.175579000000000130e-04
-2.175951000000000133e-04
-2.176175000000000082e-04
-2.176175000000000082e-04
-2.175951000000000133e-04
-2.175652999999999886e-04
-2.175280999999999884e-04
-2.174834000000000055e-04
-2.174312000000000130e-04
-2.173865000000000031e-04
-2.173417999999999932e-04
-2.173045999999999929e-04
-2.172747999999999954e-04
-2.172524000000000005e-04
-2.172449999999999978e-04
-2.172524000000000005e-04
-2.172821999999999980e-04
-2.173119999999999956e-04
-2.173493000000000029e-04
-2.173865000000000031e-04
-2.174312000000000130e-04
-2.174908000000000082e-04
-2.175579000000000130e-04
-2.176249000000000109e-04
-2.177069000000000009e-04
-2.177888999999999910e-04
-2.178783000000000108e-04
-2.179527999999999912e-04
-2.180422000000000111e-04
-2.181092000000000089e-04
-2.181688000000000041e-04
-2.182061000000000113e-04
-2.182433000000000116e-04
-2.182581999999999968e-04
-2.182805999999999917e-04
-2.182879999999999944e-04
-2.182955000000000041e-04
-2.182955000000000041e-04
-2.183103999999999893e-04
-2.183177999999999920e-04
-2.183327000000000043e-04
-2.183550999999999992e-04
-2.183848999999999968e-04
-2.184146999999999944e-04
-2.184444999999999920e-04
-2.184444999999999920e-04
-2.184444999999999920e-04
-2.184444999999999920e-04
-2.184444999999999920e-04
-2.184444999999999920e-04
-2.184444999999999920e-04
-2.184444999999999920e-04
-2.184444999999999920e-04
-2.184444999999999920e-04
-2.184444999999999920e-04
-2.184444999999999920e-04
-2.184444999999999920e-04
-2.184444999999999920e-04
-2.184444999999999920e-04
-2.184444999999999920e-04
-2.184444999999999920e-04
-2.184444999999999920e-04
-2.184444999999999920e-04
-2.184444999999999920e-04
-2.184444999999999920e-04
-2.184444999999999920e-04
-2.184444999999999920e-04
-2.184444999999999920e-04
-2.184444999999999920e-04
-2.184444999999999920e-04
-2.184444999999999920e-04
-2.184444999999999920e-04
-2.184444999999999920e-04
-2.184444999999999920e-04
-2.184444999999999920e-04
-2.184444999999999920e-04
-2.184444999999999920e-04
-2.184444999999999920e-04
-2.184444999999999920e-04
-2.184444999999999920e-04
-2.184444999999999920e-04
-2.184444999999999920e-04
-2.184444999999999920e-04
-2.184444999999999920e-04
-2.184444999999999920e-04
-2.184444999999999920e-04
-2.184444999999999920e-04
-2.184444999999999920e-04
-2.184444999999999920e-04
-2.184444999999999920e-04
-2.184444999999999920e-04
-2.184444999999999920e-04
-2.184444999999999920e-04
-2.184444999999999920e-04
-2.184444999999999920e-04
-2.184444999999999920e-04
-2.184444999999999920e-04
-2.184444999999999920e-04
-2.184444999999999920e-04
-2.184444999999999920e-04
-2.184444999999999920e-04
-2.184444999999999920e-04
-2.184444999999999920e-04
-2.184444999999999920e-04
-2.184444999999999920e-04
-2.184444999999999920e-04
-2.184444999999999920e-04
-2.184444999999999920e-04
-2.184444999999999920e-04
-2.184444999999999920e-04
-2.184444999999999920e-04
-2.184444999999999920e-04
-2.184444999999999920e-04
-2.184444999999999920e-04
-2.184444999999999920e-04
-2.184444999999999920e-04
-2.184444999999999920e-04
-2.184444999999999920e-04
-2.184444999999999920e-04
-2.184444999999999920e-04
-2.184444999999999920e-04
-2.184444999999999920e-04
-2.184444999999999920e-04
-2.184444999999999920e-04
-2.184444999999999920e-04
-2.184444999999999920e-04
-2.184444999999999920e-04
-2.184444999999999920e-04
-2.184444999999999920e-04
-2.184444999999999920e-04
-2.184444999999999920e-04
-2.184444999999999920e-04
-2.184444999999999920e-04
-2.184444999999999920e-04
-2.184444999999999920e-04
-2.184444999999999920e-04
-2.184444999999999920e-04
-2.184444999999999920e-04
-2.184444999999999920e-04
-2.184444999999999920e-04
-2.184444999999999920e-04
-2.184444999999999920e-04
-2.184444999999999920e-04
-2.184444999999999920e-04
-2.184444999999999920e-04
-2.184444999999999920e-04
-2.184444999999999920e-04
-2.184444999999999920e-04
-2.184444999999999920e-04
-2.184444999999999920e-04
-2.184444999999999920e-04
-2.184444999999999920e-04
-2.184444999999999920e-04
-2.184444999999999920e-04
-2.184444999999999920e-04
-2.184444999999999920e-04
-2.184444999999999920e-04
-2.184444999999999920e-04
-2.184444999999999920e-04
-2.184444999999999920e-04
-2.184444999999999920e-04
-2.184444999999999920e-04
-2.184444999999999920e-04
-2.184444999999999920e-04
-2.184444999999999920e-04
-2.184444999999999920e-04
-2.184444999999999920e-04
-2.184444999999999920e-04
-2.184444999999999920e-04
-2.184444999999999920e-04
-2.184444999999999920e-04
-2.184444999999999920e-04
-2.184444999999999920e-04
-2.184444999999999920e-04
-2.184444999999999920e-04
-2.184444999999999920e-04
-2.184444999999999920e-04
-2.184444999999999920e-04
-2.184444999999999920e-04
-2.184444999999999920e-04
-2.184444999999999920e-04
-2.184444999999999920e-04
-2.184444999999999920e-04
-2.184444999999999920e-04
-2.184444999999999920e-04
-2.184444999999999920e-04
-2.184444999999999920e-04
-2.184444999999999920e-04
-2.184444999999999920e-04
-2.184444999999999920e-04
-2.184444999999999920e-04
-2.184444999999999920e-04
-2.184444999999999920e-04
-2.184444999999999920e-04
-2.184444999999999920e-04
-2.184444999999999920e-04
-2.184444999999999920e-04
-2.184444999999999920e-04
-2.184444999999999920e-04
-2.184444999999999920e-04
-2.184444999999999920e-04
-2.184444999999999920e-04
-2.184444999999999920e-04
-2.184444999999999920e-04
-2.184444999999999920e-04
-2.184444999999999920e-04
-2.184444999999999920e-04
-2.184444999999999920e-04
-2.184444999999999920e-04
-2.184444999999999920e-04
-2.184444999999999920e-04
-2.184444999999999920e-04
-2.184444999999999920e-04
-2.184444999999999920e-04
-2.184444999999999920e-04
-2.184444999999999920e-04
-2.184444999999999920e-04
-2.184444999999999920e-04
-2.184444999999999920e-04
-2.184444999999999920e-04
-2.184444999999999920e-04
-2.184444999999999920e-04
-2.184444999999999920e-04
-2.184444999999999920e-04
-2.184444999999999920e-04
-2.184444999999999920e-04
-2.184444999999999920e-04
-2.184444999999999920e-04
-2.184444999999999920e-04
-2.184444999999999920e-04
-2.184444999999999920e-04
-2.184444999999999920e-04
-2.184444999999999920e-04
-2.184444999999999920e-04
-2.184444999999999920e-04
-2.184444999999999920e-04
-2.184444999999999920e-04
-2.184444999999999920e-04
-2.184444999999999920e-04
-2.184444999999999920e-04
-2.184444999999999920e-04
-2.184444999999999920e-04
-2.184444999999999920e-04
-2.184444999999999920e-04
-2.184444999999999920e-04
-2.184444999999999920e-04
-2.184444999999999920e-04
-2.184444999999999920e-04
-2.184444999999999920e-04
-2.184444999999999920e-04
-2.184444999999999920e-04
-2.184444999999999920e-04
-2.184444999999999920e-04
-2.184444999999999920e-04
-2.184444999999999920e-04
-2.184444999999999920e-04
-2.184444999999999920e-04
-2.184444999999999920e-04
-2.184444999999999920e-04
-2.184444999999999920e-04
-2.184444999999999920e-04
-2.184444999999999920e-04
-2.184444999999999920e-04
-2.184444999999999920e-04
-2.184444999999999920e-04
-2.184444999999999920e-04
-2.184444999999999920e-04
-2.184444999999999920e-04
-2.184444999999999920e-04
-2.184444999999999920e-04
-2.184444999999999920e-04
-2.184444999999999920e-04
-2.184444999999999920e-04
-2.184444999999999920e-04
-2.184444999999999920e-04
-2.184444999999999920e-04
-2.184444999999999920e-04
-2.184444999999999920e-04
-2.184444999999999920e-04
-2.184444999999999920e-04
-2.184444999999999920e-04
-2.184444999999999920e-04
-2.184444999999999920e-04
-2.184444999999999920e-04
-2.184444999999999920e-04
-2.184444999999999920e-04
-2.184444999999999920e-04
-2.184444999999999920e-04
-2.184444999999999920e-04
-2.184444999999999920e-04
-2.184444999999999920e-04
-2.184444999999999920e-04
-2.184444999999999920e-04
-2.184444999999999920e-04
-2.184444999999999920e-04
-2.184444999999999920e-04
-2.184444999999999920e-04
-2.184444999999999920e-04
-2.184444999999999920e-04
-2.184444999999999920e-04
-2.184444999999999920e-04
-2.184444999999999920e-04
-2.184444999999999920e-04
-2.184444999999999920e-04
-2.184444999999999920e-04
-2.184444999999999920e-04
-2.184444999999999920e-04
-2.184444999999999920e-04
-2.184444999999999920e-04
-2.184444999999999920e-04
-2.184444999999999920e-04
-2.184444999999999920e-04
-2.184444999999999920e-04
-2.184444999999999920e-04
-2.184444999999999920e-04
-2.184444999999999920e-04
-2.184444999999999920e-04
-2.184444999999999920e-04
-2.184444999999999920e-04
-2.184444999999999920e-04
-2.184444999999999920e-04
-2.184444999999999920e-04
-2.184444999999999920e-04
-2.184444999999999920e-04
-2.184444999999999920e-04
-2.184444999999999920e-04
-2.184444999999999920e-04
-2.184444999999999920e-04
-2.184444999999999920e-04
-2.184444999999999920e-04
-2.184444999999999920e-04
-2.184444999999999920e-04
-2.184444999999999920e-04
-2.184444999999999920e-04
-2.184444999999999920e-04
-2.184444999999999920e-04
-2.184444999999999920e-04
-2.184444999999999920e-04
-2.184444999999999920e-04
-2.184444999999999920e-04
-2.184444999999999920e-04
-2.184444999999999920e-04
-2.184444999999999920e-04
-2.184444999999999920e-04
-2.184444999999999920e-04
-2.184444999999999920e-04
-2.184444999999999920e-04
-2.184444999999999920e-04
-2.184444999999999920e-04
-2.184444999999999920e-04
-2.184444999999999920e-04
-2.184444999999999920e-04
-2.184444999999999920e-04
-2.184444999999999920e-04
-2.184444999999999920e-04
-2.184444999999999920e-04
-2.184444999999999920e-04
-2.184444999999999920e-04
-2.184444999999999920e-04
-2.184444999999999920e-04
-2.184444999999999920e-04
-2.184444999999999920e-04
-2.184444999999999920e-04
-2.184444999999999920e-04
-2.184444999999999920e-04
-2.184444999999999920e-04
-2.184444999999999920e-04
-2.184444999999999920e-04
-2.184444999999999920e-04
-2.184444999999999920e-04
-2.184444999999999920e-04
-2.184444999999999920e-04
-2.184444999999999920e-04
-2.184444999999999920e-04
-2.184444999999999920e-04
-2.184444999999999920e-04
-2.184444999999999920e-04
-2.184444999999999920e-04
-2.184444999999999920e-04
-2.184444999999999920e-04
-2.184444999999999920e-04
-2.184444999999999920e-04
-2.184444999999999920e-04
-2.184444999999999920e-04
-2.184444999999999920e-04
-2.184444999999999920e-04
-2.184444999999999920e-04
-2.184444999999999920e-04
-2.184444999999999920e-04
-2.184444999999999920e-04
-2.184444999999999920e-04
-2.184444999999999920e-04
-2.184444999999999920e-04
-2.184444999999999920e-04
-2.184444999999999920e-04
-2.184444999999999920e-04
-2.184444999999999920e-04
-2.184444999999999920e-04
-2.184444999999999920e-04
-2.184444999999999920e-04
-2.184444999999999920e-04
-2.184444999999999920e-04
-2.184444999999999920e-04
-2.184444999999999920e-04
-2.184444999999999920e-04
-2.184444999999999920e-04
-2.184444999999999920e-04
-2.184444999999999920e-04
-2.184444999999999920e-04
-2.184444999999999920e-04
-2.184444999999999920e-04
-2.184444999999999920e-04
-2.184444999999999920e-04
-2.184444999999999920e-04
-2.184444999999999920e-04
-2.184444999999999920e-04
-2.184444999999999920e-04
-2.184444999999999920e-04
-2.184444999999999920e-04
-2.184444999999999920e-04
-2.184444999999999920e-04
-2.184444999999999920e-04
-2.184444999999999920e-04
-2.184444999999999920e-04
-2.184444999999999920e-04
-2.184444999999999920e-04
-2.184444999999999920e-04
-2.184444999999999920e-04
-2.184444999999999920e-04
-2.184444999999999920e-04
-2.184444999999999920e-04
-2.184444999999999920e-04
-2.184444999999999920e-04
-2.184444999999999920e-04
-2.184444999999999920e-04
-2.184444999999999920e-04
-2.184444999999999920e-04
-2.184444999999999920e-04
-2.184444999999999920e-04
-2.184444999999999920e-04
-2.184444999999999920e-04
-2.184444999999999920e-04
-2.184444999999999920e-04
-2.184444999999999920e-04
-2.184444999999999920e-04
-2.184444999999999920e-04
-2.184444999999999920e-04
-2.184444999999999920e-04
-2.184444999999999920e-04
-2.184444999999999920e-04
-2.184444999999999920e-04
-2.184444999999999920e-04
-2.184444999999999920e-04
-2.184444999999999920e-04
-2.184444999999999920e-04
-2.184444999999999920e-04
-2.184444999999999920e-04
-2.184444999999999920e-04
-2.184444999999999920e-04
-2.184444999999999920e-04
-2.184444999999999920e-04
-2.184444999999999920e-04
-2.184444999999999920e-04
-2.184444999999999920e-04
-2.184444999999999920e-04
-2.184444999999999920e-04
-2.184444999999999920e-04
-2.184444999999999920e-04
-2.184444999999999920e-04
-2.184444999999999920e-04
-2.184444999999999920e-04
-2.184444999999999920e-04
-2.184444999999999920e-04
-2.184444999999999920e-04
-2.184444999999999920e-04
-2.184444999999999920e-04
-2.184444999999999920e-04
-2.184444999999999920e-04
-2.184444999999999920e-04
-2.184444999999999920e-04
-2.184444999999999920e-04
-2.184444999999999920e-04
-2.184444999999999920e-04
-2.184444999999999920e-04
-2.184444999999999920e-04
-2.184444999999999920e-04
-2.184444999999999920e-04
-2.184444999999999920e-04
-2.184444999999999920e-04
-2.184444999999999920e-04
-2.184444999999999920e-04
-2.184444999999999920e-04
-2.184444999999999920e-04
-2.184444999999999920e-04
-2.184444999999999920e-04
-2.184444999999999920e-04
-2.184444999999999920e-04
-2.184444999999999920e-04
-2.184444999999999920e-04
-2.184444999999999920e-04
-2.184444999999999920e-04
-2.184444999999999920e-04
-2.184444999999999920e-04
-2.184444999999999920e-04
-2.184444999999999920e-04
-2.184444999999999920e-04
-2.184444999999999920e-04
-2.184444999999999920e-04
-2.184444999999999920e-04
-2.184444999999999920e-04
-2.184444999999999920e-04
-2.184444999999999920e-04
-2.184444999999999920e-04
-2.184444999999999920e-04
-2.184444999999999920e-04
-2.184444999999999920e-04
-2.184444999999999920e-04
-2.184444999999999920e-04
-2.184444999999999920e-04
-2.184444999999999920e-04
-2.184444999999999920e-04
-2.184444999999999920e-04
-2.184444999999999920e-04
-2.184444999999999920e-04
-2.184444999999999920e-04
-2.184444999999999920e-04
-2.184444999999999920e-04
-2.184444999999999920e-04
-2.184444999999999920e-04
-2.184444999999999920e-04
-2.184444999999999920e-04
-2.184444999999999920e-04
-2.184444999999999920e-04
-2.184444999999999920e-04
-2.184444999999999920e-04
-2.184444999999999920e-04
-2.184444999999999920e-04
-2.184444999999999920e-04
-2.184444999999999920e-04
-2.184444999999999920e-04
-2.184444999999999920e-04
-2.184444999999999920e-04
-2.184444999999999920e-04
-2.184444999999999920e-04
-2.184444999999999920e-04
-2.184444999999999920e-04
-2.184444999999999920e-04
-2.184444999999999920e-04
-2.184444999999999920e-04
-2.184444999999999920e-04
-2.184444999999999920e-04
-2.184444999999999920e-04
-2.184444999999999920e-04
-2.184444999999999920e-04
-2.184444999999999920e-04
-2.184444999999999920e-04
-2.184444999999999920e-04
-2.184444999999999920e-04
-2.184444999999999920e-04
-2.184444999999999920e-04
-2.184444999999999920e-04
-2.184444999999999920e-04
-2.184444999999999920e-04
-2.184444999999999920e-04
-2.184444999999999920e-04
-2.184444999999999920e-04
-2.184444999999999920e-04
-2.184444999999999920e-04
-2.184444999999999920e-04
-2.184444999999999920e-04
-2.184444999999999920e-04
-2.184444999999999920e-04
-2.184444999999999920e-04
-2.184444999999999920e-04
-2.184444999999999920e-04
-2.184444999999999920e-04
-2.184444999999999920e-04
-2.184444999999999920e-04
-2.184444999999999920e-04
-2.184444999999999920e-04
-2.184444999999999920e-04
-2.184444999999999920e-04
-2.184444999999999920e-04
-2.184444999999999920e-04
-2.184444999999999920e-04
-2.184444999999999920e-04
-2.184444999999999920e-04
-2.184444999999999920e-04
-2.184444999999999920e-04
-2.184444999999999920e-04
-2.184444999999999920e-04
-2.184444999999999920e-04
-2.184444999999999920e-04
-2.184444999999999920e-04
-2.184444999999999920e-04
-2.184444999999999920e-04
-2.184444999999999920e-04
-2.184444999999999920e-04
-2.184444999999999920e-04
-2.184444999999999920e-04
-2.184444999999999920e-04
-2.184444999999999920e-04
-2.184444999999999920e-04
-2.184444999999999920e-04
-2.184444999999999920e-04
-2.184444999999999920e-04
-2.184444999999999920e-04
-2.184444999999999920e-04
-2.184444999999999920e-04
-2.184444999999999920e-04
-2.184444999999999920e-04
-2.184444999999999920e-04
-2.184444999999999920e-04
-2.184444999999999920e-04
-2.184444999999999920e-04
-2.184444999999999920e-04
-2.184444999999999920e-04
-2.184444999999999920e-04
-2.184444999999999920e-04
-2.184444999999999920e-04
-2.184444999999999920e-04
-2.184444999999999920e-04
-2.184444999999999920e-04
-2.184444999999999920e-04
-2.184444999999999920e-04
-2.184444999999999920e-04
-2.184444999999999920e-04
-2.184444999999999920e-04
-2.184444999999999920e-04
-2.184444999999999920e-04
-2.184444999999999920e-04
-2.184444999999999920e-04
-2.184444999999999920e-04
-2.184444999999999920e-04
-2.184444999999999920e-04
-2.184444999999999920e-04
-2.184444999999999920e-04
-2.184444999999999920e-04
-2.184444999999999920e-04
-2.184444999999999920e-04
-2.184444999999999920e-04
-2.184444999999999920e-04
-2.184444999999999920e-04
-2.184444999999999920e-04
-2.184444999999999920e-04
-2.184444999999999920e-04
-2.184444999999999920e-04
-2.184444999999999920e-04
-2.184444999999999920e-04
-2.184444999999999920e-04
-2.184444999999999920e-04
-2.184444999999999920e-04
-2.184444999999999920e-04
-2.184444999999999920e-04
-2.184444999999999920e-04
-2.184444999999999920e-04
-2.184444999999999920e-04
-2.184444999999999920e-04
-2.184444999999999920e-04
-2.184444999999999920e-04
-2.184444999999999920e-04
-2.184444999999999920e-04
-2.184444999999999920e-04
-2.184444999999999920e-04
-2.184444999999999920e-04
-2.184444999999999920e-04
-2.184444999999999920e-04
-2.184444999999999920e-04
-2.184444999999999920e-04
-2.184444999999999920e-04
-2.184444999999999920e-04
-2.184444999999999920e-04
-2.184444999999999920e-04
-2.184444999999999920e-04
-2.184444999999999920e-04
-2.184444999999999920e-04
-2.184444999999999920e-04
-2.184444999999999920e-04
-2.184444999999999920e-04
-2.184444999999999920e-04
-2.184444999999999920e-04
-2.184444999999999920e-04
-2.184444999999999920e-04
-2.184444999999999920e-04
-2.184444999999999920e-04
-2.184444999999999920e-04
-2.184444999999999920e-04
-2.184444999999999920e-04
-2.184444999999999920e-04
-2.184444999999999920e-04
-2.184444999999999920e-04
-2.184444999999999920e-04
-2.184444999999999920e-04
-2.184444999999999920e-04
-2.184444999999999920e-04
-2.184444999999999920e-04
-2.184444999999999920e-04
-2.184444999999999920e-04
-2.184444999999999920e-04
-2.184444999999999920e-04
-2.184444999999999920e-04
-2.184444999999999920e-04
-2.184444999999999920e-04
-2.184444999999999920e-04
-2.184444999999999920e-04
-2.184444999999999920e-04
-2.184444999999999920e-04
-2.184444999999999920e-04
-2.184444999999999920e-04
-2.184444999999999920e-04
-2.184444999999999920e-04
-2.184444999999999920e-04
-2.184444999999999920e-04
-2.184444999999999920e-04
-2.184444999999999920e-04
-2.184444999999999920e-04
-2.184444999999999920e-04
-2.184444999999999920e-04
-2.184444999999999920e-04
-2.184444999999999920e-04
-2.184444999999999920e-04
-2.184444999999999920e-04
-2.184444999999999920e-04
-2.184444999999999920e-04
-2.184444999999999920e-04
-2.184444999999999920e-04
-2.184444999999999920e-04
-2.184444999999999920e-04
-2.184444999999999920e-04
-2.184444999999999920e-04
-2.184444999999999920e-04
-2.184444999999999920e-04
-2.184444999999999920e-04
-2.184444999999999920e-04
-2.184444999999999920e-04
-2.184444999999999920e-04
-2.184444999999999920e-04
-2.184444999999999920e-04
-2.184444999999999920e-04
-2.184444999999999920e-04
-2.184444999999999920e-04
-2.184444999999999920e-04
-2.184444999999999920e-04
-2.184444999999999920e-04
-2.184444999999999920e-04
-2.184444999999999920e-04
-2.184444999999999920e-04
-2.184444999999999920e-04
-2.184444999999999920e-04
-2.184444999999999920e-04
-2.184444999999999920e-04
-2.184444999999999920e-04
-2.184444999999999920e-04
-2.184444999999999920e-04
-2.184444999999999920e-04
-2.184444999999999920e-04
-2.184444999999999920e-04
-2.184444999999999920e-04
-2.184444999999999920e-04
-2.184444999999999920e-04
-2.184444999999999920e-04
-2.184444999999999920e-04
-2.184444999999999920e-04
-2.184444999999999920e-04
-2.184444999999999920e-04
-2.184444999999999920e-04
-2.184444999999999920e-04
-2.184444999999999920e-04
-2.184444999999999920e-04
-2.184444999999999920e-04
-2.184444999999999920e-04
-2.184444999999999920e-04
-2.184444999999999920e-04
-2.184444999999999920e-04
-2.184444999999999920e-04
-2.184444999999999920e-04
-2.184444999999999920e-04
-2.184444999999999920e-04
-2.184444999999999920e-04
-2.184444999999999920e-04
-2.184444999999999920e-04
-2.184444999999999920e-04
-2.184444999999999920e-04
-2.184444999999999920e-04
-2.183177999999999920e-04
-2.178485000000000133e-04
-2.174758999999999959e-04
-2.171778999999999930e-04
-2.169395000000000123e-04
-2.167681000000000024e-04
-2.166637999999999973e-04
-2.166265999999999971e-04
-2.166713000000000070e-04
-2.167829999999999876e-04
-2.169468999999999879e-04
-2.171406999999999927e-04
-2.173493000000000029e-04
-2.175652999999999886e-04
-2.178038000000000033e-04
-2.180124000000000135e-04
-2.181911999999999990e-04
-2.183401999999999869e-04
-2.184444999999999920e-04
-2.184444999999999920e-04
-2.184444999999999920e-04
-2.184444999999999920e-04
-2.184444999999999920e-04
-2.184444999999999920e-04
-2.184444999999999920e-04
-2.184444999999999920e-04
-2.184444999999999920e-04
-2.184444999999999920e-04
-2.184444999999999920e-04
-2.184444999999999920e-04
-2.184444999999999920e-04
-2.184444999999999920e-04
-2.184444999999999920e-04
-2.184444999999999920e-04
-2.184444999999999920e-04
-2.183550999999999992e-04
-2.181614000000000014e-04
-2.179825999999999888e-04
-2.178112000000000060e-04
-2.176771000000000034e-04
-2.175579000000000130e-04
-2.174834000000000055e-04
-2.174312000000000130e-04
-2.174013999999999884e-04
-2.174088999999999980e-04
-2.174536000000000080e-04
-2.175504000000000034e-04
-2.176695999999999937e-04
-2.178260999999999913e-04
-2.180049000000000038e-04
-2.181911999999999990e-04
-2.183848999999999968e-04
-2.184444999999999920e-04
-2.184444999999999920e-04
-2.184444999999999920e-04
-2.184444999999999920e-04
-2.184444999999999920e-04
-2.184444999999999920e-04
-2.184444999999999920e-04
-2.184444999999999920e-04
-2.184444999999999920e-04
-2.184444999999999920e-04
-2.184444999999999920e-04
-2.184444999999999920e-04
-2.184444999999999920e-04
-2.184444999999999920e-04
-2.184444999999999920e-04
-2.184444999999999920e-04
-2.184444999999999920e-04
-2.184444999999999920e-04
-2.184444999999999920e-04
-2.184444999999999920e-04
-2.184444999999999920e-04
-2.184444999999999920e-04
-2.184444999999999920e-04
-2.184444999999999920e-04
-2.184444999999999920e-04
-2.184444999999999920e-04
-2.184444999999999920e-04
-2.184444999999999920e-04
-2.184444999999999920e-04
-2.184444999999999920e-04
-2.184444999999999920e-04
-2.184444999999999920e-04
-2.184444999999999920e-04
-2.184444999999999920e-04
-2.184444999999999920e-04
-2.184444999999999920e-04
-2.184444999999999920e-04
-2.184444999999999920e-04
-2.184444999999999920e-04
-2.184444999999999920e-04
-2.184444999999999920e-04
-2.184444999999999920e-04
-2.184444999999999920e-04
-2.184444999999999920e-04
-2.184444999999999920e-04
-2.184444999999999920e-04
-2.184444999999999920e-04
-2.184444999999999920e-04
-2.184444999999999920e-04
-2.184444999999999920e-04
-2.184444999999999920e-04
-2.184444999999999920e-04
-2.184444999999999920e-04
-2.184444999999999920e-04
-2.184444999999999920e-04
-2.184444999999999920e-04
-2.184444999999999920e-04
-2.184444999999999920e-04
-2.184444999999999920e-04
-2.184444999999999920e-04
-2.184444999999999920e-04
-2.184444999999999920e-04
-2.184444999999999920e-04
-2.184444999999999920e-04
-2.184444999999999920e-04
-2.184444999999999920e-04
-2.184444999999999920e-04
-2.184444999999999920e-04
-2.184444999999999920e-04
-2.184444999999999920e-04
-2.184444999999999920e-04
-2.184444999999999920e-04
-2.184444999999999920e-04
-2.184444999999999920e-04
-2.184444999999999920e-04
-2.184444999999999920e-04
-2.184444999999999920e-04
-2.184444999999999920e-04
-2.184444999999999920e-04
-2.184444999999999920e-04
-2.184444999999999920e-04
-2.184444999999999920e-04
-2.184444999999999920e-04
-2.184444999999999920e-04
-2.184444999999999920e-04
-2.184444999999999920e-04
-2.184444999999999920e-04
-2.184444999999999920e-04
-2.184444999999999920e-04
-2.184444999999999920e-04
-2.184444999999999920e-04
-2.184444999999999920e-04
-2.184444999999999920e-04
-2.184444999999999920e-04
-2.184444999999999920e-04
-2.184444999999999920e-04
-2.184444999999999920e-04
-2.184444999999999920e-04
-2.184444999999999920e-04
-2.184444999999999920e-04
-2.184444999999999920e-04
-2.184444999999999920e-04
-2.184444999999999920e-04
-2.184444999999999920e-04
-2.184444999999999920e-04
-2.184444999999999920e-04
-2.184444999999999920e-04
-2.184444999999999920e-04
-2.184444999999999920e-04
-2.184444999999999920e-04
-2.184444999999999920e-04
-2.184444999999999920e-04
-2.184444999999999920e-04
-2.184444999999999920e-04
-2.184444999999999920e-04
-2.184444999999999920e-04
-2.184444999999999920e-04
-2.184444999999999920e-04
-2.184444999999999920e-04
-2.184444999999999920e-04
-2.184444999999999920e-04
-2.184444999999999920e-04
-2.184444999999999920e-04
-2.184444999999999920e-04
-2.184444999999999920e-04
-2.184444999999999920e-04
-2.184444999999999920e-04
-2.184444999999999920e-04
-2.184444999999999920e-04
-2.184444999999999920e-04
-2.184444999999999920e-04
-2.184444999999999920e-04
-2.184444999999999920e-04
-2.184444999999999920e-04
-2.184444999999999920e-04
-2.184444999999999920e-04
-2.184444999999999920e-04
-2.184444999999999920e-04
-2.184444999999999920e-04
-2.184444999999999920e-04
-2.184444999999999920e-04
-2.184444999999999920e-04
-2.184444999999999920e-04
-2.184444999999999920e-04
-2.184444999999999920e-04
-2.184444999999999920e-04
-2.184444999999999920e-04
-2.184444999999999920e-04
-2.184444999999999920e-04
-2.184444999999999920e-04
-2.184444999999999920e-04
-2.184444999999999920e-04
-2.184444999999999920e-04
-2.184444999999999920e-04
-2.184444999999999920e-04
-2.184444999999999920e-04
-2.184444999999999920e-04
-2.184444999999999920e-04
-2.184444999999999920e-04
-2.184444999999999920e-04
-2.184444999999999920e-04
-2.184444999999999920e-04
-2.184444999999999920e-04
-2.184444999999999920e-04
-2.184444999999999920e-04
-2.184444999999999920e-04
-2.184444999999999920e-04
-2.184444999999999920e-04
-2.184444999999999920e-04
-2.184444999999999920e-04
-2.184444999999999920e-04
-2.184444999999999920e-04
-2.184444999999999920e-04
-2.184444999999999920e-04
-2.184444999999999920e-04
-2.184444999999999920e-04
-2.184444999999999920e-04
-2.184444999999999920e-04
-2.184444999999999920e-04
-2.184444999999999920e-04
-2.184444999999999920e-04
-2.184444999999999920e-04
-2.184444999999999920e-04
-2.184444999999999920e-04
-2.184444999999999920e-04
-2.184444999999999920e-04
-2.184444999999999920e-04
-2.184444999999999920e-04
-2.184444999999999920e-04
-2.184444999999999920e-04
-2.184444999999999920e-04
-2.184444999999999920e-04
-2.184444999999999920e-04
-2.184444999999999920e-04
-2.184444999999999920e-04
-2.184444999999999920e-04
-2.184444999999999920e-04
-2.184444999999999920e-04
-2.184444999999999920e-04
-2.184444999999999920e-04
-2.184444999999999920e-04
-2.184444999999999920e-04
-2.184444999999999920e-04
-2.184444999999999920e-04
-2.184444999999999920e-04
-2.184444999999999920e-04
-2.184444999999999920e-04
-2.184444999999999920e-04
-2.184444999999999920e-04
-2.184444999999999920e-04
-2.184444999999999920e-04
-2.184444999999999920e-04
-2.184444999999999920e-04
-2.184444999999999920e-04
-2.184444999999999920e-04
-2.184444999999999920e-04
-2.184444999999999920e-04
-2.184444999999999920e-04
-2.184444999999999920e-04
-2.184444999999999920e-04
-2.184444999999999920e-04
-2.184444999999999920e-04
-2.184444999999999920e-04
-2.184444999999999920e-04
-2.184444999999999920e-04
-2.184444999999999920e-04
-2.184444999999999920e-04
-2.184444999999999920e-04
-2.184444999999999920e-04
-2.184444999999999920e-04
-2.184444999999999920e-04
-2.184444999999999920e-04
-2.184444999999999920e-04
-2.184444999999999920e-04
-2.184444999999999920e-04
-2.184444999999999920e-04
-2.184444999999999920e-04
-2.184444999999999920e-04
-2.184444999999999920e-04
-2.184444999999999920e-04
-2.184444999999999920e-04
-2.184444999999999920e-04
-2.184444999999999920e-04
-2.184444999999999920e-04
-2.184444999999999920e-04
-2.184444999999999920e-04
-2.184444999999999920e-04
-2.184444999999999920e-04
-2.184444999999999920e-04
-2.184444999999999920e-04
-2.184444999999999920e-04
-2.184444999999999920e-04
-2.184444999999999920e-04
-2.184444999999999920e-04
-2.184444999999999920e-04
-2.184444999999999920e-04
-2.184444999999999920e-04
-2.184444999999999920e-04
-2.184444999999999920e-04
-2.184444999999999920e-04
-2.184444999999999920e-04
-2.184444999999999920e-04
-2.184444999999999920e-04
-2.184444999999999920e-04
-2.184444999999999920e-04
-2.184444999999999920e-04
-2.184444999999999920e-04
-2.184444999999999920e-04
-2.184444999999999920e-04
-2.184444999999999920e-04
-2.184444999999999920e-04
-2.184444999999999920e-04
-2.184444999999999920e-04
-2.184444999999999920e-04
-2.184444999999999920e-04
-2.184444999999999920e-04
-2.184444999999999920e-04
-2.184444999999999920e-04
-2.184444999999999920e-04
-2.184444999999999920e-04
-2.184444999999999920e-04
-2.184444999999999920e-04
-2.184444999999999920e-04
-2.184444999999999920e-04
-2.184444999999999920e-04
-2.184444999999999920e-04
-2.184444999999999920e-04
-2.184444999999999920e-04
-2.184444999999999920e-04
-2.184444999999999920e-04
-2.184444999999999920e-04
-2.184444999999999920e-04
-2.184444999999999920e-04
-2.184444999999999920e-04
-2.184444999999999920e-04
-2.184444999999999920e-04
-2.184444999999999920e-04
-2.184444999999999920e-04
-2.184444999999999920e-04
-2.184444999999999920e-04
-2.184444999999999920e-04
-2.184444999999999920e-04
-2.184444999999999920e-04
-2.184444999999999920e-04
-2.184444999999999920e-04
-2.184444999999999920e-04
-2.184444999999999920e-04
-2.184444999999999920e-04
-2.184444999999999920e-04
-2.184444999999999920e-04
-2.184444999999999920e-04
-2.184444999999999920e-04
-2.184444999999999920e-04
-2.184444999999999920e-04
-2.184444999999999920e-04
-2.184444999999999920e-04
-2.184444999999999920e-04
-2.184444999999999920e-04
-2.184444999999999920e-04
-2.184444999999999920e-04
-2.184444999999999920e-04
-2.184444999999999920e-04
-2.184444999999999920e-04
-2.184444999999999920e-04
-2.184444999999999920e-04
-2.184444999999999920e-04
-2.184444999999999920e-04
-2.184444999999999920e-04
-2.184444999999999920e-04
-2.184444999999999920e-04
-2.184444999999999920e-04
-2.184444999999999920e-04
-2.184444999999999920e-04
-2.184444999999999920e-04
-2.184444999999999920e-04
-2.184444999999999920e-04
-2.184444999999999920e-04
-2.184444999999999920e-04
-2.184444999999999920e-04
-2.184444999999999920e-04
-2.184444999999999920e-04
-2.184444999999999920e-04
-2.184444999999999920e-04
-2.184444999999999920e-04
-2.184444999999999920e-04
-2.184444999999999920e-04
-2.184444999999999920e-04
-2.184444999999999920e-04
-2.184444999999999920e-04
-2.184444999999999920e-04
-2.184444999999999920e-04
-2.184444999999999920e-04
-2.184444999999999920e-04
-2.184444999999999920e-04
-2.184444999999999920e-04
-2.184444999999999920e-04
-2.184444999999999920e-04
-2.184444999999999920e-04
-2.184444999999999920e-04
-2.184444999999999920e-04
-2.184444999999999920e-04
-2.184444999999999920e-04
-2.184444999999999920e-04
-2.184444999999999920e-04
-2.184444999999999920e-04
-2.184444999999999920e-04
-2.184444999999999920e-04
-2.184444999999999920e-04
-2.184444999999999920e-04
-2.184444999999999920e-04
-2.184444999999999920e-04
-2.184444999999999920e-04
-2.184444999999999920e-04
-2.184444999999999920e-04
-2.184444999999999920e-04
-2.184444999999999920e-04
-2.184444999999999920e-04
-2.184444999999999920e-04
-2.184444999999999920e-04
-2.184444999999999920e-04
-2.184444999999999920e-04
-2.184444999999999920e-04
-2.184444999999999920e-04
-2.184444999999999920e-04
-2.184444999999999920e-04
-2.184444999999999920e-04
-2.184444999999999920e-04
-2.184444999999999920e-04
-2.184444999999999920e-04
-2.184444999999999920e-04
-2.184444999999999920e-04
-2.184444999999999920e-04
-2.184444999999999920e-04
-2.184444999999999920e-04
-2.184444999999999920e-04
-2.184444999999999920e-04
-2.184444999999999920e-04
-2.184444999999999920e-04
-2.184444999999999920e-04
-2.184444999999999920e-04
-2.184444999999999920e-04
-2.184444999999999920e-04
-2.184444999999999920e-04
-2.184444999999999920e-04
-2.184444999999999920e-04
-2.184444999999999920e-04
-2.184444999999999920e-04
-2.184444999999999920e-04
-2.184444999999999920e-04
-2.184444999999999920e-04
-2.184444999999999920e-04
-2.184444999999999920e-04
-2.184444999999999920e-04
-2.184444999999999920e-04
-2.184444999999999920e-04
-2.184444999999999920e-04
-2.184444999999999920e-04
-2.184444999999999920e-04
-2.184444999999999920e-04
-2.184444999999999920e-04
-2.184444999999999920e-04
-2.184444999999999920e-04
-2.184444999999999920e-04
-2.184444999999999920e-04
-2.184444999999999920e-04
-2.184444999999999920e-04
-2.184444999999999920e-04
-2.184444999999999920e-04
-2.184444999999999920e-04
-2.184444999999999920e-04
-2.184444999999999920e-04
-2.184444999999999920e-04
-2.184444999999999920e-04
-2.184444999999999920e-04
-2.184444999999999920e-04
-2.184444999999999920e-04
-2.184444999999999920e-04
-2.184444999999999920e-04
-2.184444999999999920e-04
-2.184444999999999920e-04
-2.184444999999999920e-04
-2.184444999999999920e-04
-2.184444999999999920e-04
-2.184444999999999920e-04
-2.184444999999999920e-04
-2.184444999999999920e-04
-2.184444999999999920e-04
-2.184444999999999920e-04
-2.184444999999999920e-04
-2.184444999999999920e-04
-2.184444999999999920e-04
-2.184444999999999920e-04
-2.184444999999999920e-04
-2.184444999999999920e-04
-2.184444999999999920e-04
-2.184444999999999920e-04
-2.184444999999999920e-04
-2.184444999999999920e-04
-2.184444999999999920e-04
-2.184444999999999920e-04
-2.184444999999999920e-04
-2.184444999999999920e-04
-2.184444999999999920e-04
-2.184444999999999920e-04
-2.184444999999999920e-04
-2.184444999999999920e-04
-2.184444999999999920e-04
-2.184444999999999920e-04
-2.184444999999999920e-04
-2.184444999999999920e-04
-2.184444999999999920e-04
-2.184444999999999920e-04
-2.184444999999999920e-04
-2.184444999999999920e-04
-2.184444999999999920e-04
-2.184444999999999920e-04
-2.184444999999999920e-04
-2.184444999999999920e-04
-2.184444999999999920e-04
-2.184444999999999920e-04
-2.184444999999999920e-04
-2.184444999999999920e-04
-2.184444999999999920e-04
-2.184444999999999920e-04
-2.184444999999999920e-04
