280.7200
280.5000
280.2800
280.0600
279.9000
279.4600
279.1400
278.9700
278.6400
278.4300
278.2100
277.7700
277.7700
277.3900
277.0600
277.1100
276.7900
276.4000
276.0800
275.9100
275.5800
275.2000
275.2600
274.8700
274.6000
274.5500
274.0000
273.8900
273.4500
273.3400
273.2400
272.8500
272.5300
272.2000
272.0300
271.9200
271.4900
271.3800
270.8900
270.9400
270.5600
270.1200
269.9600
269.5700
269.4100
269.3000
268.9200
268.4300
268.2600
268.1000
267.8300
267.5000
267.1700
266.8400
266.9500
266.4100
266.0800
265.9700
265.5300
265.2000
263.7800
263.7300
263.3500
262.9600
262.6400
262.3600
262.2000
261.9800
261.4900
261.4300
261.1100
260.7200
260.5600
260.3400
260.0100
259.6900
259.4700
259.0800
258.7600
258.5900
258.2700
258.0500
257.7200
257.5000
257.0100
256.9500
256.6300
256.3000
256.1900
255.8600
255.4800
255.2100
255.1000
254.7700
254.4400
254.1100
253.8900
253.5700
253.3500
253.1300
252.6900
252.5800
252.3600
251.9300
251.6000
251.5400
251.1600
250.8300
250.5100
250.3400
250.0700
249.7400
249.5200
249.2000
248.9200
248.6500
248.2100
248.1000
247.9400
247.5600
246.4600
246.0300
245.8100
245.6400
245.4300
245.0400
244.8800
244.3900
244.2200
244.0100
243.7300
243.4000
242.9700
242.6900
242.5800
242.3700
241.9800
241.6600
241.3800
241.2700
240.9500
240.7300
240.3400
240.0200
239.8500
239.5200
239.2500
238.9800
238.7600
238.3800
238.3200
238.0000
237.6700
237.2800
237.1200
236.9000
236.4700
236.2500
236.1400
235.7600
235.4800
234.9900
234.8300
234.3900
234.1700
233.7300
233.3000
232.9700
232.6400
232.2000
231.6600
231.2200
230.7800
230.4600
229.9100
229.3600
228.8700
228.3200
227.6100
227.1800
224.7700
224.1200
223.5700
222.9200
222.3700
221.7700
221.1700
220.5100
220.0200
219.4700
218.9300
218.3800
217.5100
217.0700
216.5200
215.9800
215.5400
214.8800
214.3400
213.7900
213.1400
212.8100
212.1500
211.6100
210.9500
210.5100
209.8600
209.2000
208.7600
207.8900
207.3400
206.6900
206.0300
205.3800
204.7200
203.8500
203.3000
202.4300
201.6600
201.0100
200.1300
199.4800
198.6000
197.8400
196.9600
196.2000
195.4300
194.5600
193.9000
193.0300
192.1600
191.5000
190.7300
189.7500
188.9900
188.1100
187.3500
186.6400
185.7100
184.7200
181.8800
180.9000
180.1400
179.3700
178.5500
177.5100
176.9100
175.9800
175.1600
174.2900
173.4200
172.5400
171.6100
170.9000
169.8600
169.0400
168.2800
167.4100
166.5300
165.6600
164.8900
164.1300
163.3600
162.5400
161.6100
160.7400
160.0800
159.1000
158.3900
157.5700
156.8600
155.9900
155.3300
154.4000
153.6400
152.9300
152.2700
151.3400
150.5200
149.8100
149.0500
148.1700
147.5700
146.9200
146.2600
145.5000
144.8400
144.1800
143.6400
142.5500
142.0000
141.4500
140.9600
140.2500
139.6000
138.8900
138.1700
137.5200
136.9700
136.3200
134.0800
133.5300
132.8200
132.2700
131.7800
131.2400
130.4200
130.0900
129.4900
128.7800
128.4500
127.9600
127.4100
126.9700
126.4300
125.8800
125.4400
125.1200
124.4100
124.0200
123.3700
122.9300
122.4900
121.9500
121.5100
121.1800
120.6400
120.0900
119.8700
119.3300
118.8900
118.4500
118.0100
117.6900
117.2500
116.8700
116.3800
116.0500
115.5000
115.2800
114.9500
114.4100
114.1900
113.7500
113.4200
112.8800
112.6600
112.4400
111.8900
111.5700
111.2400
111.0200
110.6900
110.2600
110.0400
109.7100
109.4900
109.0500
108.8400
108.5100
107.5200
107.3100
107.0900
106.7600
106.5400
106.1000
105.9900
105.6700
105.6700
105.2300
105.0100
104.7900
104.5700
104.4600
104.0300
103.8100
103.7000
103.3700
103.2600
102.9300
102.9300
102.6100
102.3900
102.2800
102.1700
101.9500
101.7300
101.5100
101.4000
101.1900
101.0800
100.8600
100.6400
100.5300
100.3100
100.2000
100.0900
99.7700
99.7700
99.7700
99.4400
99.2200
99.1100
98.8900
98.8900
98.6700
98.6700
98.4500
98.2400
98.1300
98.0200
97.9600
97.8000
97.6900
97.5800
97.5800
97.2500
97.2500
97.0300
97.0300
96.3800
96.5400
96.4300
96.1600
96.0500
96.1000
95.8300
95.7200
95.7200
95.6100
95.2900
95.2900
95.1800
95.0700
95.0700
94.9600
94.7400
94.6300
94.6300
94.4100
94.3000
94.1900
93.9700
94.0800
93.9700
93.8600
93.7600
93.7600
93.5400
93.4300
93.4800
93.4800
93.2100
93.2600
93.1000
93.1500
92.9900
92.8800
92.7700
92.8300
92.6600
92.5500
92.4400
92.4400
92.4400
92.5000
92.3900
92.1700
92.1200
92.0100
92.1700
92.0100
91.9500
91.8400
91.6800
91.8400
91.8400
91.4600
91.5700
91.5200
91.4100
91.2400
91.3000
91.0200
91.3000
91.1300
91.1900
91.0800
90.9700
91.0200
90.9700
90.9100
90.8100
90.7000
90.8100
90.7500
90.5900
90.7000
90.7500
90.7000
90.4800
90.5300
90.6400
90.4200
90.3700
90.3700
90.3700
90.3100
90.4200
90.2600
90.2000
90.0400
90.0400
89.9900
89.9900
90.0400
89.8200
89.8800
89.8200
89.8800
89.8800
89.8200
89.6000
89.7100
89.6000
89.6000
89.6000
89.6000
89.4900
89.6000
89.6600
89.6600
89.4400
89.4900
89.5500
89.3800
89.2800
89.4400
89.3800
89.3800
89.1700
89.2800
89.2800
89.1700
89.2800
89.1700
89.3300
89.0600
89.1100
89.0600
89.2200
89.2200
89.1100
89.1100
89.0600
89.0600
89.0600
89.0600
89.1100
88.9500
89.1100
88.9500
89.0600
88.8400
88.9500
89.0600
89.0000
89.0000
88.9500
89.0000
88.9500
88.8400
89.0000
88.8400
88.8900
89.0000
88.8400
89.0000
88.8400
88.8400
89.0000
88.8400
88.8900
89.0000
89.0000
88.8900
88.9500
88.8400
88.8400
89.0000
89.0000
88.8400
88.8400
88.8400
88.8400
89.0000
88.8900
88.8900
88.8900
88.8900
88.7300
88.8400
88.8400
88.8900
88.7300
88.7300
88.8900
88.8900
88.7800
88.7300
88.7800
88.8900
88.8400
88.8900
88.8900
88.7300
88.8900
88.7300
88.7800
88.8900
88.7300
88.6700
88.7800
88.7300
88.7300
88.7800
88.6200
88.6200
88.8900
88.8900
88.8900
88.7300
88.6200
88.7800
88.6200
88.7300
88.7800
88.6200
88.6700
88.7800
88.8900
88.7300
88.6700
88.7800
88.6700
88.6200
88.7300
88.7300
88.8900
88.6200
88.7800
88.7300
88.7300
88.7300
88.6200
88.6700
88.7300
88.6200
88.7800
88.7800
88.7800
88.6700
88.8900
88.7800
88.7300
88.7800
88.6700
88.6700
88.6200
88.7800
88.6700
88.6200
88.7800
88.6700
88.6200
88.7300
88.7300
88.6700
88.6700
88.7300
88.7300
88.6200
88.6700
88.6700
88.6200
88.7300
88.6700
88.6200
88.6700
88.6700
88.6200
88.6200
88.6200
88.6200
88.7300
88.6200
88.6700
88.7800
88.6200
88.6700
88.8400
88.7800
88.6200
88.7300
88.6200
88.7800
88.6200
88.6700
88.6200
88.6700
88.6700
88.6200
88.7800
88.6200
88.5100
88.7800
88.6700
88.6700
88.5700
88.6200
88.6200
88.6200
88.6200
88.6200
88.6200
88.5700
88.6700
88.6700
88.6700
88.6700
88.6200
88.6700
88.6200
88.6200
88.6700
88.6200
88.6700
88.6200
88.6700
88.6700
88.7300
88.7300
88.6200
88.6200
88.6200
88.6200
88.7300
88.6200
88.7300
88.6700
88.6200
88.6200
88.7300
88.5100
88.4000
88.6200
88.6700
88.6200
88.6200
88.6700
88.7800
88.6200
88.7800
88.6700
88.7800
88.6700
88.5100
88.6200
88.6200
88.5100
88.6200
88.6200
88.6200
88.7800
88.6700
88.6700
88.7800
88.6200
88.6200
88.6700
88.6200
88.6200
88.6200
88.6200
88.6700
88.6200
88.6200
88.6700
88.6200
88.7800
88.6700
88.6700
88.6200
88.7800
88.6200
88.6200
88.7800
88.6200
88.7300
88.6700
88.7300
88.6200
88.4000
88.5100
88.6200
88.6200
88.6200
88.6200
88.5700
88.6200
88.6700
88.7300
88.6200
88.6200
88.6700
88.6200
88.6700
88.6200
88.5700
88.6200
88.5100
88.7300
88.6700
88.7800
88.6200
88.6200
88.6700
88.6200
88.6200
88.6700
88.6700
88.6700
88.6200
88.6200
88.7800
88.6700
88.5700
88.5100
88.6200
88.6200
88.6700
88.6700
88.7800
88.5100
88.6200
88.6700
88.7800
88.7800
88.5700
88.7800
88.6700
88.6200
88.6200
88.5100
88.5100
88.6200
88.6200
88.7300
88.7800
88.6700
88.6200
88.6200
88.7300
88.6700
88.6700
88.6200
88.7800
88.7800
88.5700
88.6200
88.8900
88.6200
88.7300
88.7800
88.6200
88.7300
88.6200
88.6200
88.7300
88.6200
88.6700
88.7800
88.7800
88.7800
88.5700
88.6700
88.5100
88.6200
88.8900
88.6200
88.5100
88.6200
88.7300
88.7800
88.8900
88.7800
88.7300
88.7800
88.5100
88.7800
88.8400
88.6200
88.7800
88.6200
88.6700
88.7300
88.7300
88.7300
88.6700
88.6200
88.7800
88.7300
88.6700
88.7300
88.5100
88.6700
88.6700
88.6200
88.5100
88.7300
88.7300
88.6700
88.7800
88.6200
88.7800
88.6200
88.7300
88.5100
88.5100
88.5100
88.7300
88.7800
88.7300
88.6200
88.6700
88.6200
88.6700
88.7800
88.6200
88.6700
88.6700
88.6200
88.7800
88.6200
88.7300
88.6700
88.6200
88.6700
88.6200
88.6200
88.6200
88.6700
88.6200
88.6700
88.6200
88.7800
88.6200
88.6200
88.6200
88.7300
88.6200
88.6200
88.7800
88.7300
88.6200
88.7800
88.7300
88.6200
88.6200
88.6200
88.7800
88.7800
88.7800
88.7800
88.6700
88.6200
88.6200
88.6200
88.5700
88.7800
88.7300
88.6200
88.7300
88.6200
88.6700
88.6700
88.6700
88.7800
88.7800
88.5700
88.5100
88.6200
88.6700
88.6700
88.7300
88.6200
88.6700
88.6200
88.6200
88.6200
88.6700
88.5100
88.6200
88.6700
88.6200
88.6200
88.6200
88.6200
88.5100
88.5100
88.6700
88.6200
88.6200
88.6200
88.5100
88.6700
88.6200
88.6700
88.6700
88.6700
88.6700
88.6700
88.5100
88.6700
88.6200
88.5700
88.6200
88.5100
88.5100
88.6700
88.6200
88.6200
88.5700
88.6200
88.6700
88.6700
88.6700
88.6700
88.5100
88.5100
88.6700
88.6700
88.6700
88.6700
88.6200
88.6200
88.6200
88.6200
88.6700
88.5700
88.6700
88.6700
88.6700
88.5100
88.7800
88.6700
88.6200
88.6700
88.4000
88.5700
88.6700
88.6700
88.6200
88.5100
88.6700
88.5100
88.5100
88.6700
88.5700
88.5700
88.6700
88.6200
88.5100
88.5100
88.4000
88.6700
88.6700
88.6700
88.6700
88.5700
88.6700
88.6200
88.5100
88.5100
88.6700
88.6200
88.6200
88.6700
88.7800
88.5700
88.5100
88.7800
88.5700
88.5700
88.6700
88.5700
88.5100
88.4000
88.6700
88.6700
88.6200
88.5100
88.5700
88.5100
88.5700
88.5700
88.6700
88.5700
88.6200
88.4600
88.5100
88.5100
88.5100
88.6700
88.5700
88.5100
88.5700
88.5100
88.6700
88.5700
88.6700
88.5100
88.6200
88.5700
88.5100
88.6700
88.6700
88.5700
88.4600
88.6200
88.6700
88.6700
88.4000
88.6200
88.5100
88.5700
88.5700
88.4000
88.7800
88.6200
88.5100
88.6200
88.5100
88.6700
88.6200
88.6200
88.6700
88.5100
88.7300
88.7800
88.5100
88.6200
88.6700
88.6200
88.6700
88.6200
88.6700
88.7300
88.7800
88.6700
88.6200
88.7800
88.6700
88.7800
88.7800
88.7300
88.7800
88.7300
88.6200
88.7800
88.7300
88.6200
88.6200
88.7800
88.7300
88.7800
88.7800
88.7300
88.8400
88.6200
88.7300
88.6700
88.6200
88.7300
88.7800
88.6200
88.7300
88.7800
88.7800
88.7800
88.6700
88.7300
88.8900
88.7800
88.6700
88.8900
88.7300
88.7300
88.8900
88.6200
88.7800
88.7800
88.7800
88.6200
88.6200
88.6700
88.7300
88.7800
88.8900
88.6200
88.6200
88.7800
88.9500
88.6200
88.7300
88.7300
88.8900
88.8900
88.8900
88.7800
88.7800
88.8900
88.7800
88.7300
88.7800
88.8900
88.8900
88.6700
88.8900
88.7800
88.7800
88.7300
88.7300
88.7800
88.8900
88.8400
88.8900
88.7300
88.7800
88.7300
88.7800
88.7300
88.7300
88.8400
88.7300
88.6200
88.7300
88.8400
88.8900
88.7800
88.8900
89.0000
88.8900
88.7800
88.8900
88.6700
88.7800
88.8900
88.8400
88.7300
88.8400
88.8400
88.7300
88.7800
88.7300
88.8900
88.7800
88.7300
88.7800
88.7800
88.7300
88.7800
88.8400
88.7800
88.8900
88.8400
88.6700
88.7300
88.8400
88.7800
88.8900
88.8900
88.7300
88.7800
88.8900
88.7300
88.7300
88.8400
88.7800
88.8400
88.8400
88.7300
88.7300
88.7300
88.7800
88.8900
88.8900
88.6700
88.7300
88.8400
88.7800
88.6700
88.7300
88.7800
88.8900
88.7800
88.6200
88.7800
88.7300
88.8400
88.7800
88.6700
88.6200
88.7300
88.7800
88.6200
88.7300
88.6200
88.8900
88.8900
88.6200
88.7800
88.6200
88.7300
88.8900
88.7300
88.6200
88.7300
88.7800
88.8400
88.7300
88.7800
88.7800
88.7300
88.7300
88.6200
88.7300
88.7300
88.7800
88.7300
88.6700
88.7300
88.7300
88.7300
88.7800
88.6200
88.6200
88.7800
88.7300
88.6200
88.7800
88.7300
88.6200
88.7800
88.7300
88.7800
88.7800
88.7300
88.7300
88.6200
88.8900
88.8900
88.7800
88.6700
88.6700
88.7800
88.7800
88.7800
88.6700
88.7800
88.7800
88.7300
88.7300
88.7300
88.8900
88.7300
88.6200
88.6200
88.7800
88.7800
88.6700
88.7800
88.7300
88.6200
88.6200
88.7300
88.6200
88.7300
88.8400
88.6700
88.6700
88.7300
88.7300
88.7800
88.6700
88.7800
88.6200
88.7300
88.6700
88.6200
88.7300
88.7300
88.7800
88.6200
88.7800
88.6200
88.7300
88.7800
88.6200
88.7800
88.7300
88.6200
88.7800
88.7800
88.6700
88.6700
88.7800
88.7800
88.7800
88.7800
88.7300
88.7300
88.7800
88.6200
88.7300
88.7300
88.4000
88.6200
88.7800
88.7800
88.6700
88.8900
88.6700
88.8900
88.7800
88.6200
88.6200
88.7800
88.7800
88.5100
88.7300
88.6700
88.7300
88.7300
88.6700
88.7300
88.6200
88.7300
88.7800
88.6200
88.6200
88.6700
88.7800
88.7800
88.6700
88.6700
88.8900
88.7300
88.7800
88.6200
88.7800
88.7300
88.7300
88.6200
88.6200
88.7300
88.6700
88.7300
88.6200
88.6700
88.8400
88.7800
88.6200
88.7300
88.6700
88.7300
88.7300
88.6200
88.6200
88.6200
88.6200
88.7800
88.6200
88.7800
88.7300
88.6700
88.5100
88.6200
88.6700
88.7800
88.6700
88.6200
88.6200
88.7800
88.7800
88.7800
88.6700
88.6200
88.6200
88.7300
88.6700
88.5100
88.8900
88.7800
88.6700
88.6700
88.7800
88.6200
88.7300
88.7800
88.6700
88.6700
88.5100
88.6200
88.6200
88.5700
88.6700
88.7800
88.5700
88.6700
88.6200
88.5100
88.6700
88.6700
88.6200
88.5100
88.7800
88.7300
88.6700
88.7800
88.7800
88.6700
88.7800
88.7800
88.6700
88.6700
88.6700
88.6200
88.6200
88.5100
88.6200
88.7300
88.7300
88.5700
88.6700
88.7300
88.7300
88.6700
88.6200
88.7800
88.6700
88.8900
88.4000
88.6700
88.7300
88.6200
88.7800
88.6700
88.6200
88.7300
88.6200
88.6200
88.6200
88.5100
88.7800
88.7800
88.7300
88.6700
88.7800
88.6200
88.6200
88.7800
88.6200
88.6700
88.5100
88.6200
88.6200
88.6200
88.5100
88.6700
88.7300
88.7800
88.6200
88.6200
88.7800
88.5100
88.6200
88.7800
88.6200
88.7800
88.7800
88.7300
88.6200
88.7800
88.7300
88.6200
88.7300
88.5100
88.6200
88.6700
88.6200
88.6200
88.6200
88.6200
88.5100
88.6200
88.6200
88.7300
88.6200
88.6200
88.6200
88.6200
88.6700
88.6200
88.6700
88.6200
88.6200
88.7800
88.6700
88.6700
88.5700
88.5100
88.8900
88.7800
88.5700
88.6700
88.6200
88.6200
88.6200
88.6200
88.5100
88.5100
88.6200
88.5100
88.6700
88.6200
88.5100
88.6700
88.7300
88.4000
88.5700
88.6200
88.6200
88.6200
88.7300
88.5100
88.5100
88.6200
88.6700
88.5100
88.6700
88.6700
88.7300
88.6200
88.6700
88.5100
88.5700
88.5700
88.6200
88.5100
88.6200
88.5100
88.6200
88.6700
88.5700
88.7800
88.6200
88.5100
88.6700
88.5700
88.5100
88.6200
88.6700
88.5100
88.6200
88.6700
88.6700
88.6700
88.6700
88.6700
88.6200
88.6700
88.5100
88.7800
88.5100
88.5100
88.6700
88.6700
88.5100
88.5100
88.5100
88.6200
88.6200
88.5100
88.5100
88.5100
88.6200
88.6700
88.5100
88.5100
88.4600
88.7300
88.5100
88.5700
88.6200
88.6700
88.4000
88.6200
88.7800
88.5100
88.6700
88.5100
88.6700
88.6700
88.5100
88.6700
88.6700
88.4000
88.5100
88.5700
88.5700
88.6700
88.6700
88.5100
88.5700
88.5700
88.5100
88.5100
88.5700
88.5700
88.5100
88.5100
88.6200
88.5100
88.5100
88.5100
88.5100
88.6200
88.5700
88.5100
88.5100
88.6200
88.5700
88.6700
88.5100
88.5700
88.5100
88.6700
88.5100
88.6200
88.4600
88.5700
88.5100
88.6200
88.5100
88.5100
88.4000
88.5700
88.6700
88.5100
88.6700
88.5700
88.5100
88.5700
88.6200
88.5100
88.6700
88.5700
88.4000
88.5100
88.5100
88.7800
88.5700
88.5100
88.6700
88.6700
88.5100
88.5700
88.6700
88.6700
88.4600
88.4000
88.6700
88.5700
88.5100
88.5100
88.5100
88.5700
88.6200
88.5700
88.5100
88.6200
88.5100
88.6700
88.6700
88.5700
88.5100
88.6700
88.6700
88.6700
88.5100
88.5100
88.5700
88.7800
88.5700
88.6700
88.5100
88.5700
88.7800
88.5100
88.5700
88.5100
88.5100
88.5100
88.6200
88.6200
88.5100
88.6700
88.6700
88.5700
88.6700
88.5700
88.6700
88.5700
88.6200
88.5100
88.5100
88.6700
88.6700
88.5700
88.6700
88.5100
88.5100
88.6200
88.6200
88.6700
88.5700
88.5100
88.5100
88.7300
88.6700
88.5100
88.5100
88.7800
88.6700
88.6700
88.5700
88.6200
88.5100
88.6700
88.4000
88.6700
88.7800
88.5700
88.5700
88.5100
88.6200
88.5100
88.6200
88.5100
88.6700
88.7800
88.6700
88.5700
88.5100
88.5100
88.6200
88.6200
88.5700
88.5700
88.5100
88.6700
88.5100
88.5700
88.5100
88.6700
88.6200
88.6700
88.4000
88.5100
88.5700
88.6200
88.5100
88.6700
88.6700
88.5100
88.6200
88.5100
88.5700
88.5100
88.5700
88.6200
88.5100
88.6700
88.5100
88.5700
88.5100
88.5700
88.5100
88.4000
88.5100
88.5100
88.5100
88.6700
88.6700
88.5100
88.5100
88.5100
88.5100
88.6700
88.5700
88.5700
88.5700
88.5100
88.5100
88.5700
88.5100
88.5700
88.5700
88.4000
88.5100
88.5100
88.4000
88.5100
88.5700
88.5100
88.5100
88.6200
88.5100
88.5100
88.5100
88.5100
88.6200
88.4600
88.6700
88.5100
88.4600
88.5100
88.4600
88.5100
88.6700
88.5700
88.4000
88.4000
88.5700
88.5700
88.4600
88.5700
88.5700
88.5700
88.4000
88.6700
88.5700
88.5700
88.4600
88.5700
88.5100
88.6200
88.5700
88.6700
88.4000
88.5100
88.5700
88.4600
88.5700
88.4600
88.5700
88.4000
88.5700
88.4600
88.4600
88.5100
88.4600
88.4600
88.4000
88.5700
88.5100
88.3500
88.4600
88.5700
88.4000
88.4000
88.5700
88.4000
88.5700
88.4600
88.5100
88.4600
88.5700
88.5100
88.5100
88.4600
88.2900
88.5100
88.5100
88.4600
88.4000
88.2900
88.5700
88.5100
88.4000
88.4000
88.5100
88.4600
88.4000
88.4600
88.4000
88.5700
88.4000
88.4000
88.5700
88.2900
88.5700
88.4000
88.2900
88.5700
88.5700
88.4000
88.5100
88.4000
88.4000
88.4000
88.4000
88.4600
88.4600
88.4000
88.4000
88.4600
88.3500
88.5100
88.3500
88.5700
88.4000
88.4600
88.4000
88.5700
88.5700
88.2900
88.4000
88.5700
88.4000
88.4000
88.5100
88.4000
88.5700
88.5700
88.4600
88.4600
88.2900
88.5100
88.4000
88.5700
88.4000
88.4600
88.4000
88.5700
88.5100
88.4600
88.4000
88.4600
88.5100
88.5700
88.4600
88.4000
88.5700
88.4000
88.4600
88.4000
88.5700
88.4000
88.4000
88.5100
88.5700
88.5700
88.5700
88.5100
88.4600
88.4000
88.5700
88.5100
88.4000
88.5700
88.4000
88.4000
88.4000
88.4600
88.4600
88.4600
88.4600
88.5700
88.5100
88.2900
88.2900
88.4000
88.4600
88.5700
88.5100
88.4000
88.2900
88.5700
88.5700
88.5700
88.2900
88.4000
88.4000
88.5700
88.5700
88.4600
88.4000
88.4000
88.4000
88.2900
88.4000
88.5100
88.4000
88.5700
88.4000
88.5100
88.4000
88.5700
88.4000
88.5700
88.5100
88.5700
88.2900
88.4600
88.4000
88.4000
88.5700
88.5700
88.4000
88.5700
88.4600
88.2900
88.5700
88.4000
88.4000
88.5700
88.4000
88.4600
88.4600
88.2900
88.5700
88.4600
88.4000
88.2900
88.4000
88.6700
88.4000
88.4000
88.4600
88.4600
88.4600
88.5100
88.4600
88.3500
88.4000
88.5700
88.4000
88.2900
88.5100
88.4000
88.4600
88.2900
88.5700
88.4600
88.4000
88.4000
88.2900
88.4000
88.2900
88.4000
88.4600
88.5700
88.4600
88.4600
88.4600
88.2900
88.5100
88.4600
88.4000
88.5700
88.4600
88.4600
88.4600
88.2900
88.2900
88.2900
88.5700
88.4600
88.4000
88.4600
88.4600
88.2900
88.4000
88.2900
88.4600
88.4600
88.4600
88.4000
88.2900
88.4600
88.2900
88.2900
88.4600
88.4000
88.4600
88.3500
88.4000
88.5700
88.4000
88.4000
88.2900
88.3500
88.4000
88.4000
88.4600
88.5700
88.2900
88.5700
88.5700
88.4000
88.2900
88.2900
88.4600
88.2900
88.5700
88.2900
88.4000
88.4600
88.5700
88.2900
88.3500
88.1800
88.2900
88.2900
88.3500
88.4600
88.4600
88.4000
88.4000
88.4600
88.4600
88.4000
88.4000
88.4600
88.4600
88.3500
88.3500
88.4000
88.4600
88.4600
88.4000
88.4600
88.2900
88.2900
88.4000
88.2900
88.2900
88.3500
88.2900
88.2900
88.2900
88.1800
88.1800
88.4600
88.4600
88.2400
88.2900
88.2900
88.2900
88.2900
88.4600
88.4000
88.2900
88.4600
88.4600
88.4000
88.2900
88.4600
88.2900
88.2900
88.2900
88.1800
88.2900
88.3500
88.2900
88.4000
88.4000
88.2900
88.1800
88.4600
88.4600
88.4600
88.3500
88.2900
88.2900
88.2400
88.4600
88.2900
88.2900
88.4000
88.1800
88.2900
88.2900
88.4000
88.3500
88.3500
88.2900
88.4000
88.3500
88.2900
88.2900
88.2400
88.4600
88.2900
88.4600
88.3500
88.2900
88.2900
88.3500
88.3500
88.2400
88.2900
88.2900
88.4600
88.3500
88.2900
88.1800
88.1800
88.3500
88.4600
88.4600
88.3500
88.1800
88.1800
88.2900
88.4600
88.3500
88.3500
88.4600
88.2900
88.4600
88.3500
88.4600
88.4600
88.1800
88.4600
88.2900
88.2900
88.3500
88.3500
88.3500
88.3500
88.2900
88.4600
88.3500
88.1800
88.2900
88.3500
88.2900
88.2900
88.3500
88.2900
88.3500
88.2900
88.3500
88.4000
88.1800
88.4000
88.2900
88.3500
88.2400
88.1800
88.2900
88.2900
88.4600
88.2900
88.4000
88.0700
88.3500
88.3500
88.1800
88.4600
88.4600
88.2900
88.3500
88.2400
88.1800
88.2900
88.2900
88.1800
88.4000
88.3500
88.3500
88.0700
88.2400
88.2900
88.3500
88.3500
88.3500
88.4000
88.2900
88.3500
88.3500
88.2900
88.2900
88.3500
88.2900
88.3500
88.2900
88.4000
88.2900
88.2900
88.3500
88.4600
88.3500
88.2900
88.2900
88.2900
88.4000
88.3500
88.2400
88.1800
88.2400
88.3500
88.3500
88.3500
88.4600
88.3500
88.3500
88.4600
88.2400
88.3500
88.3500
88.2400
88.1800
88.2400
88.5700
88.2900
88.1800
88.2400
88.2900
88.3500
88.3500
88.2900
88.2900
88.3500
88.2400
88.2900
88.2400
88.1800
88.2900
88.2900
88.2900
88.2400
88.1800
88.2900
88.2900
88.3500
88.2400
88.3500
88.1800
88.2900
88.3500
88.2900
88.4000
87.9600
88.2400
88.1800
88.4600
88.3500
88.2400
88.2900
88.1800
88.3500
88.2900
88.1800
88.2400
88.1800
88.2900
88.2900
88.2900
88.2900
88.1800
88.2900
88.1800
88.1800
88.2900
88.2400
88.2900
88.0700
88.3500
88.3500
88.2900
88.1800
88.2900
88.2900
88.3500
88.2400
88.2400
88.2400
88.2400
88.2400
88.2400
88.1800
88.2400
88.1800
88.2900
88.2900
88.2400
88.2400
88.2400
88.0700
88.4600
88.1800
88.3500
88.1300
88.2400
88.1800
88.2900
88.0700
88.2400
88.1800
88.1800
88.2900
88.2400
88.2400
88.2400
88.4600
88.3500
88.1800
88.1800
88.2400
88.1800
88.2400
88.1800
88.3500
88.2900
88.2900
88.3500
88.1800
88.2400
88.3500
88.1800
88.2900
88.1800
88.2400
88.3500
88.3500
88.2400
88.3500
88.0700
88.1800
88.1800
88.0700
88.0700
88.2400
88.1800
88.2900
88.3500
88.3500
88.2400
88.2900
88.1800
88.2400
88.1800
88.2400
88.1800
88.1800
88.2400
88.1800
88.1800
88.2400
88.2400
88.2900
88.3500
88.1800
88.2400
88.2400
88.1800
88.1800
88.1800
88.1800
88.2400
88.4000
88.1800
88.1300
88.2400
88.1800
88.2400
88.0700
88.0700
88.3500
88.2400
88.2900
88.2900
88.3500
88.2900
88.3500
88.1300
88.1800
88.3500
88.2400
88.2900
88.2400
88.2400
88.1300
88.3500
88.2400
88.1800
88.1800
88.2400
88.0700
88.3500
88.1800
88.2400
88.1800
88.2400
88.2400
88.1800
88.1800
88.2900
88.1800
88.1800
88.1800
88.2900
88.1800
88.1800
88.2400
88.2400
88.1800
88.1800
88.1800
88.2900
88.2400
88.3500
88.0700
88.0700
88.1800
88.1800
88.1300
88.0700
88.2400
88.2400
88.2400
88.2400
88.1800
88.1800
88.2400
88.2900
88.4600
88.0700
88.1300
88.1800
88.1800
88.2400
88.1800
88.1800
88.2400
88.3500
88.1800
88.1300
88.1800
88.2400
88.1800
88.2900
88.3500
88.1800
88.1300
88.1800
88.1800
88.3500
88.2400
88.1800
88.2900
88.2400
88.1800
88.2400
88.1800
88.2400
88.1800
88.3500
88.2900
88.1800
88.1800
88.1300
88.2400
88.3500
88.0700
88.1800
88.2400
88.1300
88.1800
88.1800
88.0700
88.1800
88.0700
88.0700
88.1800
88.1800
88.1800
88.1800
88.3500
88.1800
88.1800
88.0700
88.2400
88.4600
88.2900
88.2400
88.2400
88.1300
88.2400
88.1800
88.2400
88.1800
88.0700
88.2900
88.2900
88.2400
88.1800
88.4600
88.0700
88.1800
88.3500
88.0700
88.1800
88.2400
88.1800
88.1800
88.1800
88.1800
88.2400
88.2400
88.2900
88.3500
88.2400
88.2400
88.1800
88.2400
88.2900
88.1800
88.3500
88.1800
88.1800
88.1300
88.2400
88.1800
88.0700
88.1800
88.1800
88.2900
88.0700
88.2400
88.2400
88.0700
88.1800
88.1800
88.1800
88.0200
88.0700
88.2400
88.1800
88.1800
88.2400
88.3500
88.2400
88.1800
88.1800
88.3500
88.2400
88.2900
88.2900
88.1800
88.1800
88.2400
88.2400
88.1800
88.1800
88.3500
88.1800
88.2400
88.1300
88.0700
88.2400
88.3500
88.1800
88.2400
88.3500
88.1800
88.2400
88.1800
88.2400
88.0700
88.1800
88.2400
88.1800
88.1300
88.1800
88.0700
88.3500
88.2900
88.2400
88.4000
88.1300
88.0700
88.2400
88.2400
88.2400
88.2400
88.2400
88.2400
88.1800
88.2400
88.1300
88.1800
88.1800
88.0700
88.2400
88.2400
88.1800
88.2400
88.2400
88.0700
88.0700
88.3500
88.2900
88.2400
88.0700
88.1800
88.2400
88.0700
88.2400
88.2400
88.1800
88.2400
88.1300
88.2400
88.3500
88.2400
88.1300
88.2400
88.2400
88.1800
88.0700
88.2400
88.1800
88.2900
88.1300
88.1300
88.2400
88.2400
88.1800
88.1300
88.1800
88.1800
88.1300
88.2400
88.2900
88.0700
88.3500
88.0700
88.0700
88.1800
88.0700
88.1300
88.3500
88.1800
88.1300
88.0700
88.3500
88.2400
88.0700
88.1300
88.0700
88.0700
88.2400
88.2400
88.2400
88.1800
88.2400
88.1800
88.2400
88.2400
88.0700
88.0700
88.3500
88.1800
88.2400
88.1800
88.2400
88.1800
88.2400
88.0700
88.2400
88.1800
88.1800
88.0700
88.2400
88.2400
88.1800
88.1800
88.1800
88.0700
88.0700
88.0700
88.0700
88.0700
88.1300
88.1800
88.2900
88.3500
88.0700
88.0700
88.2400
88.2400
88.2400
88.2400
88.2400
88.1800
88.1800
88.1300
88.2400
88.0700
88.3500
88.1800
88.2400
88.1800
88.0700
88.0700
88.2400
88.0700
88.2400
88.1800
88.3500
88.0700
88.2400
88.1800
88.2400
88.1800
88.1800
88.1800
88.2900
88.2400
88.2400
88.0700
88.2400
88.0700
88.2900
88.2900
88.1800
88.1300
88.2400
88.1800
88.1800
88.2400
88.0700
88.0700
88.1800
88.1800
88.2400
88.1800
88.1800
88.1800
88.1800
88.3500
88.1800
88.2400
88.1300
88.2400
88.0700
88.1300
88.2400
88.3500
88.1800
88.2400
88.1800
88.1800
88.2400
88.1300
88.1800
88.1800
88.3500
88.2400
88.3500
88.3500
88.1800
88.1800
88.2400
88.1800
88.1800
88.1300
88.1800
88.3500
88.1800
88.2400
88.1800
88.3500
88.3500
88.1800
88.3500
88.2900
88.2900
88.1800
88.2400
88.2400
88.1300
88.1800
88.2900
88.3500
88.1800
88.1800
88.1300
88.1800
88.2400
88.1800
88.0700
88.2400
88.2400
88.3500
88.1800
88.0700
88.1800
88.2900
88.2400
88.1800
88.3500
88.2900
88.2400
88.1800
88.3500
88.1800
88.1800
88.1800
88.3500
88.1800
88.2400
88.1800
88.1800
88.2400
88.4600
88.1800
88.1800
88.2900
88.2400
88.1800
88.2400
88.3500
88.3500
88.2900
88.3500
88.3500
88.1800
88.2900
88.3500
88.1800
88.1800
88.1300
88.2400
88.2900
88.1800
88.2400
88.1800
88.2400
88.1800
88.2400
88.1800
88.2400
88.3500
88.2400
88.3500
88.1800
88.2400
88.2400
88.3500
88.2400
88.2400
88.1800
88.2400
88.3500
88.3500
88.2400
88.0700
88.1800
88.0700
88.2400
88.2900
88.1800
88.1800
88.2400
88.3500
88.2400
88.2400
88.2400
88.2400
88.1800
88.1800
88.3500
88.0700
88.2400
88.2400
88.2400
88.2400
88.0700
88.2400
88.2400
88.2400
88.1300
88.1800
88.2400
88.0700
88.0700
88.1800
88.1800
88.1800
88.1800
88.1800
88.1800
88.0700
88.1800
88.1800
88.2900
88.1800
88.1800
88.1300
88.1800
88.1800
88.1800
88.2400
88.2400
88.1800
88.2900
88.1300
88.0700
88.3500
88.2400
88.0700
88.1300
88.3500
88.2900
88.2400
88.0700
88.2400
88.2400
88.1800
88.0700
88.0700
88.1300
88.2400
88.1300
88.2400
88.2400
88.1300
88.0700
88.0700
88.1300
88.1800
88.2400
88.2400
88.1300
88.2400
88.1800
88.1300
88.2400
88.0700
88.0700
88.1800
88.3500
88.1800
88.2400
88.1300
88.2400
88.0700
88.2400
88.2400
88.2400
88.0700
88.1800
88.1800
88.0700
88.2400
88.0700
88.1800
88.3500
88.0700
88.2400
88.0700
88.2400
88.3500
88.2400
88.2400
88.2400
88.0700
88.2400
88.0700
88.2400
88.1300
88.3500
88.2900
88.1800
88.0700
88.0700
88.1800
88.1800
88.2400
88.0700
88.3500
88.2400
88.2900
88.2400
88.0700
88.2400
88.2400
88.0700
88.1300
88.2400
88.1800
88.2400
88.2400
88.2400
88.0700
88.1800
88.0700
88.2400
88.3500
88.3500
88.0700
88.1300
88.3500
88.2900
88.1300
88.1800
88.2400
88.3500
88.2900
88.1800
88.2400
88.3500
88.1800
88.1800
88.0700
88.0700
88.2400
88.1800
88.1800
88.0700
88.2400
88.2400
88.1800
88.0700
88.1800
88.1800
88.3500
88.2400
88.1800
88.2400
88.1800
88.3500
88.3500
88.1800
88.0700
88.1800
88.2400
88.2400
88.1800
88.1800
88.2400
88.1300
88.2400
88.2400
88.3500
88.1800
88.2400
88.3500
88.2400
88.2400
88.0700
88.2400
88.2400
88.3500
88.3500
88.2900
88.2900
88.1300
88.2400
88.1300
88.2400
88.3500
88.1800
88.0700
88.1800
88.3500
88.2400
88.1300
88.1300
88.1800
88.1800
88.3500
88.2400
88.1300
88.2400
88.1800
88.1800
88.1800
88.1800
88.1800
88.2400
88.2400
88.2400
88.2400
88.1800
88.1800
88.1800
88.3500
88.3500
88.2400
88.1800
88.2400
88.3500
88.3500
88.2400
88.1800
88.2400
88.1800
88.2400
88.2400
88.2400
88.2400
88.0700
88.0700
88.3500
88.3500
88.0700
88.2400
88.2400
88.0700
88.0700
88.2400
88.1800
88.1800
88.1300
88.3500
88.2400
88.1800
88.2400
88.1800
88.2400
88.1800
88.2400
88.0700
88.2900
88.1800
88.1300
88.2400
88.1800
88.0700
88.2400
88.1800
88.0700
88.1300
88.2900
88.0700
88.2400
88.0700
88.1800
88.2400
88.0700
88.2400
88.1300
88.1800
88.1800
88.0700
88.1800
88.2400
88.3500
88.2400
88.2400
88.2400
88.0700
88.1300
88.1800
88.1300
88.2400
88.1800
88.2400
88.1800
88.2400
88.1800
88.1300
87.9600
88.1300
88.2400
88.1800
88.3500
88.1300
88.0700
88.0700
88.1800
88.2400
88.1800
88.0700
88.0700
88.1300
88.1800
88.0700
88.3500
88.0700
88.2400
88.1800
88.3500
88.1800
88.3500
88.1300
88.0700
88.3500
88.0700
88.1300
88.1800
88.0700
87.9600
88.0700
88.2400
88.1800
88.0700
88.2400
88.0700
88.1300
88.1800
88.3500
88.2400
88.0700
88.2400
88.1800
88.1300
88.0700
88.3500
88.0200
88.1300
88.2400
88.1800
88.0700
88.1300
88.0700
88.1800
88.2400
88.0700
88.0700
88.1300
88.1800
88.0700
88.2400
88.1300
88.0700
88.0700
88.1300
88.0700
88.2400
88.1800
88.0700
88.2400
88.1300
88.1300
88.0200
88.2400
88.1800
88.0700
88.1300
88.2400
88.1300
88.1300
88.0700
88.0700
88.0700
88.0200
88.0700
88.2400
88.0700
88.0700
88.0700
88.1800
88.2400
88.0700
88.0700
88.0700
88.0700
88.0700
88.0700
88.1300
88.0700
88.0700
88.0700
87.9600
87.9600
88.2400
88.1300
88.0700
87.9600
87.9600
88.1300
88.1300
88.1300
88.0700
87.9600
88.0700
88.0700
88.3500
88.1300
88.1300
88.0700
88.0700
88.1300
88.1800
87.9600
88.2400
88.1300
88.1800
88.2400
88.0700
88.1300
88.0200
88.0700
88.0700
88.1300
88.1300
87.9600
88.2400
88.0700
88.2400
88.0200
88.0700
88.0700
88.2400
88.1300
88.0700
88.0700
88.1300
88.0700
88.2400
87.9600
88.0700
88.2400
87.9600
87.9600
88.0700
88.2400
88.1300
88.0700
88.1300
87.9600
88.1300
88.1800
88.1800
88.1300
88.1300
88.2400
88.1300
88.1300
88.1300
88.1300
87.9600
88.1300
87.9600
88.0700
88.0700
88.0700
87.9600
88.1300
88.1800
88.2400
87.9600
88.1300
88.0700
88.2400
88.2400
88.1800
88.0700
88.2400
88.0200
88.0700
88.1300
88.0700
88.1300
88.0700
88.2400
87.9600
88.0200
88.2400
88.2400
88.1300
88.0700
87.9600
88.2400
88.1300
87.9600
88.1300
88.0200
88.0200
87.9600
88.1300
88.0700
88.1300
87.9600
88.1300
87.9600
88.1800
88.1300
88.1300
88.0200
88.0200
88.1300
88.1300
87.9600
88.1300
88.1300
87.9600
88.0200
88.1300
88.0700
87.9600
87.9600
88.0700
88.1300
88.0200
87.8500
88.0700
88.1300
88.1300
88.1300
87.9600
88.0200
88.0200
87.9600
88.1800
88.1800
88.2400
88.1300
88.0700
88.0700
88.0700
88.0700
87.9600
87.9600
87.9600
88.0700
88.0700
87.9600
87.8500
87.9600
87.9600
87.9600
87.8500
88.1300
88.1300
88.1300
88.1300
88.0700
87.9600
88.1300
88.0200
87.8500
88.1300
88.0200
88.0200
87.9600
88.1300
88.0700
88.1300
88.1300
88.1300
88.0700
88.0700
88.0700
87.9600
88.1300
88.1800
88.0700
88.0700
88.0700
88.2400
88.0700
88.1800
88.1300
87.9600
88.1300
87.9600
88.0700
88.0200
88.1300
87.8500
87.9600
88.1300
88.0700
87.9600
88.1300
87.9100
87.9600
87.9600
88.0700
87.9600
87.9600
87.9600
88.0700
87.9600
88.0200
88.0200
88.0700
88.0200
88.0200
87.9600
88.1300
88.1300
88.0700
88.0700
88.2400
88.1300
87.9600
88.0700
88.1300
88.1300
88.1300
88.0700
87.8500
88.1300
88.1300
88.0700
87.9600
87.9600
87.9600
88.1300
88.2400
87.9600
88.0200
88.1300
88.1300
88.0700
87.9600
88.1300
88.1300
87.9600
88.0700
88.0200
88.1300
88.0700
87.9600
88.1300
88.0200
87.8500
88.0700
87.9600
87.9600
88.0700
87.9600
88.0700
88.0700
88.1300
87.9600
88.1300
88.2400
88.0700
88.2400
88.1300
88.1300
88.1300
88.1800
88.0200
88.0700
88.0200
87.9600
88.1300
88.0700
88.0200
88.1300
88.0200
88.0700
88.1300
88.1300
88.0700
88.1300
88.0700
88.0200
88.0700
88.0700
88.0200
88.1300
88.0700
88.1300
87.9600
88.1300
88.0200
87.9600
88.0700
87.9600
88.2400
88.1300
88.0200
87.9600
88.0700
88.0700
88.0200
88.0200
87.9600
88.0200
88.0700
87.8500
88.1300
87.9600
87.9600
88.0700
87.9600
88.0200
88.1300
88.0700
87.8500
88.0200
88.0200
88.0700
88.0200
88.2400
87.8500
88.0200
87.8500
88.1300
88.1300
87.9600
88.0700
87.9600
88.1300
88.0700
88.0700
88.0200
88.0200
88.1300
88.0200
87.9600
87.9600
88.1300
88.0200
88.0700
88.1300
87.9600
87.9600
87.9600
88.1800
87.9600
87.9600
87.9600
87.9600
88.1300
88.1300
88.2400
88.0200
88.0200
87.9600
88.0700
87.9600
88.1300
88.0700
87.9600
88.1300
88.1300
87.9600
87.9600
88.0200
88.0200
88.2400
88.1300
88.0200
87.9600
88.1300
87.9600
88.0700
87.9600
88.0700
88.2400
88.0700
87.9600
88.1300
87.9600
88.1300
87.9600
88.2400
88.0700
88.0200
88.1300
88.1300
88.2400
88.0200
87.9600
87.9600
88.0200
87.9600
87.9600
88.2400
87.9600
88.0200
88.1300
88.1300
88.1300
88.1300
88.0700
88.1300
88.0200
87.9600
88.1300
88.1300
88.1300
87.9600
87.9600
88.2400
88.2400
88.0200
88.0200
87.9600
88.1300
88.0700
88.1300
88.0200
88.0200
88.0200
88.0700
88.0700
88.0200
88.0700
88.1800
88.2400
88.1300
88.2400
88.0200
88.0700
88.2400
88.0700
88.0700
88.0200
88.1300
88.1300
88.1300
88.0200
88.1300
88.0200
87.9600
88.1800
88.0700
88.0700
88.1300
88.1300
88.1300
88.0700
88.2400
88.1300
87.9600
88.0200
88.0200
88.1300
88.1300
88.1300
88.1300
88.0700
87.9600
87.9600
87.9600
88.0200
88.1300
88.1300
87.9600
87.9600
88.1300
88.1300
87.9600
88.1300
88.1300
87.9600
88.2400
88.2400
88.0700
88.1300
88.0200
88.1300
88.1300
88.1300
88.1300
88.0200
87.8500
88.1300
88.1300
88.0700
87.9600
88.1300
88.1300
88.1300
87.9600
88.1300
87.9600
88.1300
88.1800
87.9600
87.9600
87.9600
87.9600
88.1300
88.1300
88.1300
88.1300
88.2400
88.0200
88.1300
87.9600
88.0200
87.9600
87.9600
88.1300
88.0700
88.0200
88.0700
87.9600
88.0700
88.2400
88.1300
88.0200
87.9600
88.1300
88.0700
87.9600
88.1300
87.9600
88.1300
88.0700
88.1300
87.9600
87.9600
88.0200
87.9600
88.0700
87.9600
88.0200
88.1300
88.0700
88.0700
88.1300
87.9600
87.8500
87.9600
88.0200
88.0700
88.0700
87.9600
88.0200
87.9600
87.8500
88.1300
88.1300
87.9600
88.1300
88.0700
88.0700
88.0200
88.0200
88.1300
88.2400
88.0200
88.0700
88.1300
88.0200
88.1300
88.0700
88.0200
88.1300
88.0700
88.1300
88.0700
88.0200
88.1300
88.1300
88.0700
88.0700
88.1300
87.9600
88.1300
88.0700
88.1300
88.0200
87.9600
88.1300
87.9600
88.0200
88.0200
88.0700
87.8500
88.0700
87.9600
88.0200
88.0700
88.1300
87.9600
88.1300
88.0700
88.0200
87.9600
87.9600
88.1300
88.1300
88.1300
88.1300
88.0700
88.0700
87.9600
88.0200
87.9600
88.1300
88.0200
88.0200
88.1300
87.9600
87.9600
88.0700
87.9600
87.9600
87.9600
87.9600
87.9600
87.9600
88.0200
87.9600
88.0200
88.1300
87.8500
87.9600
88.1300
87.9600
88.0700
88.0200
88.0700
87.9600
88.1300
88.0200
87.9600
87.9600
88.0700
87.9600
88.0700
88.0200
87.9600
87.8500
87.9100
88.2400
88.1300
88.1300
88.0200
87.9600
87.9600
88.0700
88.0700
88.0700
87.9600
87.9600
88.1300
87.9100
87.9600
88.0200
88.1300
87.9600
87.9600
87.9600
88.1300
87.9600
87.8500
88.0200
87.9600
88.0700
87.9600
88.0200
87.9600
88.0200
88.0200
88.0200
87.9600
88.1800
88.0200
88.1300
87.9600
88.1300
88.0700
87.9100
88.0200
88.0700
88.0700
88.1300
87.9600
88.1300
87.9600
88.0700
87.8500
87.9600
87.9600
87.9600
87.9600
88.0200
87.9600
87.9100
88.0700
88.0700
88.0200
88.0200
87.9600
87.9600
87.9600
87.9600
87.9600
88.0200
88.0200
87.9600
88.1300
88.1300
88.0200
87.9600
87.9600
88.0200
88.0200
87.9600
88.0700
87.9600
88.0200
88.0200
87.9600
87.9600
87.9600
87.8500
87.9600
87.9600
87.9600
88.0200
88.0700
88.1300
87.9600
88.1300
87.9600
88.0200
88.0200
87.9600
88.0700
88.0200
88.1300
87.9600
88.0200
87.9600
88.0700
88.0200
87.9600
87.9600
87.9600
88.1300
88.0200
88.1300
88.0200
88.1300
87.9600
87.9600
88.0700
88.1300
88.0200
87.9600
88.0200
88.0200
87.9600
88.0700
87.9600
88.0700
88.0700
88.0700
87.7500
88.0200
88.2400
88.0200
88.1300
87.8500
87.8500
88.1300
87.9600
88.0200
87.9100
88.1300
88.1300
88.0200
87.9600
87.9600
88.0200
87.9600
88.0200
87.8500
88.0700
88.0200
88.1300
87.8500
88.0700
88.1300
88.1300
87.9600
88.0700
88.1300
87.9600
87.9600
88.0700
87.9600
87.9600
87.9600
88.1300
88.2400
87.9100
88.0200
87.9600
88.0700
87.9600
87.9600
88.0200
88.0700
87.9600
88.0200
88.0200
88.1300
88.1300
88.1300
88.0200
88.0700
87.9600
88.1300
87.9600
87.9600
88.0700
88.0700
88.0700
88.1300
88.0700
88.1300
88.0200
88.0700
88.0700
87.8500
88.0200
88.1300
88.1300
87.9600
88.0700
88.1300
88.0700
88.0700
87.9600
88.0200
88.0700
88.1300
87.9600
88.2400
88.0700
88.1300
88.1300
87.9600
88.0700
88.0700
87.8500
88.0200
88.0700
88.1300
87.9600
88.1300
88.0700
88.0700
87.9600
88.0200
87.9600
87.9600
87.8500
88.0200
87.9600
88.0700
87.9600
88.0200
88.0200
88.0200
87.8500
87.8500
87.9600
87.8500
87.9100
88.0200
87.8500
88.1300
87.8500
88.0200
87.9100
88.0200
88.1300
87.9100
88.1300
87.9600
87.8500
87.9100
87.9100
87.9600
88.0200
88.0200
87.9600
88.0200
87.9600
88.0200
88.0200
88.0200
87.8500
87.8500
87.9600
87.9600
87.9100
87.8500
88.0200
87.8500
88.0200
87.9100
88.0200
87.9100
87.7500
87.9100
87.9100
87.9600
87.9600
88.0200
87.8500
87.9600
87.9600
87.8500
87.9100
87.9100
87.9600
87.910072.0000
87.9100
87.8500
87.8500
87.8500
87.8500
87.9100
87.9100
87.8000
87.7500
87.7500
87.7500
87.8500
87.8000
87.7500
87.9100
87.9100
87.7500
87.8500
87.7500
87.7500
87.9100
87.8500
88.0200
87.7500
87.7500
87.8500
87.9100
87.8000
87.9100
87.9100
87.9100
87.9100
87.9100
88.0200
87.9100
87.9100
87.7500
87.8500
87.8500
87.9100
87.8000
87.8000
87.9100
87.8000
87.8000
87.8000
87.9100
87.9100
87.9100
87.6400
87.8500
87.7500
87.7500
87.9100
87.6400
87.6400
87.9100
87.7500
87.9100
87.7500
87.7500
87.8000
87.8000
87.7500
87.8500
87.7500
87.7500
87.9100
87.9100
87.8000
87.9100
87.9100
87.8500
87.7500
87.7500
87.8000
87.8000
87.8500
87.8500
87.9100
87.8000
88.0200
87.8000
87.9100
87.7500
87.8500
87.8500
87.6400
87.7500
87.9100
87.7500
87.7500
87.9100
87.7500
87.9100
87.9100
87.7500
87.7500
88.0200
88.0200
87.9600
88.0200
87.750087.9100
87.9100
88.0200
88.0200
87.9100
87.8000
88.0200
87.9600
87.9600
87.9600
88.0200
88.0200
87.8500
88.1300
87.9600
87.8500
87.9600
87.9600
88.1300
88.0200
88.0200
87.9600
88.0200
87.9600
88.1300
88.1300
87.8500
88.1300
88.0200
88.0200
88.1300
87.9600
87.9600
88.2400
88.0200
88.0700
88.0700
87.9600
88.1300
87.9600
88.0200
88.0700
88.0200
88.0700
87.9600
88.0200
88.2400
87.9600
88.0700
87.9600
88.0700
88.2400
87.9600
87.9600
88.2400
87.9600
87.8500
87.9600
88.0700
87.8500
88.1300
88.0200
88.1800
88.0700
88.3500
88.0200
88.2400
88.1300
87.9600
88.0700
88.0200
88.1300
88.2900
88.2400
88.0200
88.1300
88.0700
88.0200
87.9600
87.9600
87.9600
88.2400
88.1800
88.0700
88.1300
88.0700
88.1800
88.1800
88.0700
87.8500
88.0700
88.1300
88.1300
87.9600
88.0200
88.0200
88.0700
88.1800
87.9600
87.9600
88.2400
88.1800
88.2400
87.9600
88.0700
88.0700
87.9600
88.1300
88.0700
87.9600
88.2400
88.2400
88.2400
88.1800
88.2400
88.1800
87.9600
88.0700
88.2900
88.2400
88.2400
87.9600
88.0200
88.1800
87.8500
88.1300
88.2400
88.3500
88.2400
87.9600
88.1300
87.9600
88.1300
88.0700
88.1800
88.0700
88.1300
88.2400
88.1300
88.2400
88.0200
88.1300
88.0700
88.1800
88.1300
88.2400
88.1800
88.1800
88.2400
88.0700
88.0700
88.2900
88.2400
88.2400
88.2400
88.2400
88.2400
88.1300
88.0700
88.2400
88.2900
88.2400
88.3500
88.2400
88.1800
88.1800
88.1300
88.2900
88.2400
88.2400
88.2400
88.1800
88.2400
88.1800
88.0700
88.1800
88.3500
88.2900
88.3500
88.5700
88.0700
88.2400
88.1800
88.0700
88.0700
88.2400
88.3500
88.3500
88.0700
88.2400
88.1800
88.2900
88.2900
88.1800
88.3500
88.2900
88.1800
88.2900
88.2400
88.1800
88.2400
88.1800
88.0700
88.1800
88.1800
88.2400
88.2900
88.3500
88.3500
88.3500
88.3500
88.2900
88.3500
88.3500
88.1800
88.4600
88.2400
88.2900
88.2400
88.1800
88.1800
88.3500
88.3500
88.1800
88.2900
88.2900
88.4600
88.3500
88.3500
88.2400
88.2900
88.2900
88.3500
88.2400
88.3500
88.2900
88.1800
88.2900
88.2900
88.3500
88.2900
88.2900
88.1800
88.3500
88.2400
88.3500
88.3500
88.2900
88.4000
88.2900
88.2900
88.4000
88.4000
88.3500
88.1800
88.2900
88.6700
88.4000
88.2900
88.5700
88.6700
88.4000
88.3500
88.4000
88.2900
88.2900
88.4000
88.3500
88.5700
88.5100
88.5700
88.5700
88.5100
88.5100
88.6700
88.4600
88.2900
88.4000
88.4600
88.4600
88.2900
88.6700
88.5100
88.2900
88.4000
88.4000
88.6700
88.5100
88.1800
88.4600
88.4600
88.4000
88.4000
88.4000
88.3500
88.6200
88.5100
88.6200
88.4000
88.4600
88.6200
88.5100
88.4000
88.4000
88.6200
88.5700
88.4000
88.1800
88.5700
88.6700
88.5100
88.2900
88.6700
88.5100
88.6700
88.8400
88.8400
89.0600
88.8400
88.6200
88.8400
88.7300
88.5100
88.8400
88.9500
88.8900
88.6200
88.8400
88.6200
88.6200
88.9500
88.8400
88.8400
89.0600
88.7300
88.8400
88.8400
88.9500
88.9500
88.8400
89.0600
88.8400
88.8400
88.8400
88.8400
88.9500
88.8400
88.7300
88.9500
89.0600
88.8400
88.7300
88.7300
88.9500
88.7300
88.9500
88.9500
88.7300
88.8400
88.8400
88.8400
88.8400
88.8400
88.9500
89.0600
88.7300
88.9500
88.8400
88.7300
88.7300
88.9500
88.9500
89.0600
88.8400
