108.4500
108.9400
108.6200
108.7300
108.7800
108.8400
108.7800
109.0500
109.0500
109.2700
109.1100
109.1600
109.1600
109.2200
109.2700
109.3800
109.4900
109.3800
109.7100
109.8200
109.6000
109.9300
109.9300
109.8200
109.9300
110.0400
109.7600
110.1500
110.1500
110.3100
110.1500
110.2600
110.3100
110.3700
110.4200
110.6900
110.5800
110.5300
110.6900
110.6400
110.6900
111.0200
110.7500
111.0200
111.1300
111.1300
111.1300
111.1300
111.3500
111.1800
111.2900
111.5700
111.4600
111.5700
111.6800
111.6200
111.9500
111.7300
111.7300
111.8900
112.2800
112.2800
112.2800
112.3900
112.3900
112.3900
112.6100
112.6100
112.6100
112.6100
112.7100
112.7100
112.9300
112.9300
113.0400
113.1500
113.1500
113.1500
113.2600
113.1500
113.3700
113.3700
113.3700
113.4800
113.5900
113.7000
113.5900
113.8100
113.8100
113.9200
114.0300
113.9200
114.0300
114.1300
114.1300
114.3500
114.1300
114.3500
114.4600
114.4600
114.3500
114.5700
114.6800
114.7900
114.9000
114.7900
115.0100
114.9000
115.0100
115.1200
115.1200
115.2300
115.3400
115.2300
115.3400
115.4500
115.4500
115.5600
115.5600
115.6600
115.9900
116.1000
115.9900
116.1000
116.1000
116.2100
116.3200
116.3200
116.3200
116.5400
116.5400
116.5400
116.7600
116.7600
116.7600
116.8700
116.7600
116.8700
116.9800
116.8700
117.1900
117.1900
117.3000
117.3000
117.4100
117.4100
117.5200
117.5200
117.3000
117.6300
117.7400
117.8500
117.8500
117.8500
118.0700
117.9600
118.0700
118.1800
118.0700
118.2900
118.4000
118.4000
118.4000
118.5100
118.7200
118.7200
118.6200
118.7200
118.9400
118.8300
118.8300
119.1600
119.0500
119.0500
119.1600
119.2700
119.2700
119.2700
119.2700
119.6000
119.7100
119.7100
119.7100
119.9300
120.0400
120.1400
120.1400
120.2500
120.1400
120.1400
120.2500
120.3600
120.4700
120.4700
120.6900
120.6900
120.8000
120.6900
120.9100
120.9100
121.0200
120.9100
121.1300
121.1300
121.3500
121.2400
121.2400
121.3500
121.4600
121.6700
121.6700
121.6700
121.6700
121.7800
121.7800
121.8900
122.0000
121.8900
122.1100
122.1100
122.2200
122.3300
122.2800
122.2200
122.4400
122.4400
122.6600
122.6600
122.5500
122.8800
122.8800
122.8800
122.9900
122.9900
123.1000
122.9900
123.2000
123.2000
123.1000
123.5300
123.6400
123.6400
123.7500
123.9700
123.9700
123.9700
123.8600
124.1900
124.1900
124.3000
124.1900
124.3000
124.4100
124.5200
124.5200
124.5200
124.5200
124.5700
124.8400
124.8400
124.9500
125.0600
125.1700
125.0600
125.1700
125.1200
125.3900
125.3900
125.3900
125.4400
125.5000
125.5500
125.7200
125.6100
125.8300
125.9400
125.7700
126.0500
126.1500
126.2600
126.1000
126.1500
126.2600
126.3700
126.3700
126.4800
126.6500
126.8100
126.8100
126.5400
126.8100
126.8100
126.9200
127.0300
127.0300
127.1400
127.0800
127.0800
127.3000
127.3600
127.5800
127.6300
127.6300
127.9000
127.9000
128.0100
128.1200
128.3400
127.9600
128.2300
128.2300
128.3400
128.4500
128.5600
128.5000
128.6700
128.7800
128.7200
128.7200
128.8300
128.6700
129.2100
128.8900
129.0500
129.0500
129.2100
129.2700
129.4300
129.5400
129.6000
129.5400
129.6000
129.7100
129.7100
129.7600
129.9800
130.0900
130.0900
130.0300
129.9200
130.1400
130.3100
130.2500
130.4200
130.3600
130.5300
130.6900
130.8500
130.5800
130.8500
130.8500
130.9100
131.0700
131.0200
131.0700
131.0700
131.2900
131.2400
131.4000
131.4500
131.8400
131.7800
131.7800
132.0600
131.7800
132.0000
132.1100
132.1600
132.1100
132.2200
132.2200
132.3300
132.4900
132.6000
132.6000
132.6600
132.6600
132.8800
132.7700
132.7700
132.9300
132.7700
133.2600
133.3100
133.0900
133.2000
133.4800
133.4200
133.4200
133.5900
133.5300
133.6900
133.6900
133.8600
134.0200
133.8600
133.9700
134.0200
134.0800
134.1300
134.3500
134.3500
134.4000
134.4600
134.5700
134.6800
134.7300
134.7900
134.9000
134.7900
134.8400
135.0600
134.9000
135.1700
135.0600
135.1700
135.2800
135.2800
135.4400
135.5000
135.8300
135.9900
135.8300
135.8300
136.0400
135.8300
136.0400
136.1500
136.3700
136.3200
136.2600
136.4800
136.5900
136.5900
136.7000
136.7000
136.9700
136.8100
136.9700
137.0300
137.4100
137.0800
137.1900
137.1400
137.3600
137.3600
137.3600
137.6300
137.5700
137.5700
137.6800
137.6800
137.7900
137.6800
138.0100
138.1700
138.1200
138.1200
138.0100
138.3400
138.3900
138.3400
138.4500
138.5600
138.5600
138.6700
138.7800
138.8900
138.8900
138.6700
138.9900
138.9900
139.1000
139.1000
139.2100
139.3200
139.4300
139.4300
139.6000
139.7000
139.7600
139.8700
139.8700
139.9800
139.9800
140.0900
140.0900
140.3100
140.4100
140.4100
140.5200
140.5200
140.6900
140.6300
140.6300
140.7400
140.8500
140.8500
140.9600
140.9600
141.0700
141.1800
141.1800
141.1800
141.4500
141.5100
141.2900
141.4000
141.4000
141.5100
141.7300
141.9400
141.8400
141.9400
142.0500
142.0500
142.1600
142.1600
142.2700
142.2700
142.3800
142.0500
141.7300
141.6200
141.6700
141.5100
141.4000
141.4000
141.5100
141.5100
141.5100
141.4000
141.4000
141.6200
141.6700
141.6200
141.6200
141.6200
141.6200
141.7300
141.9400
141.8400
141.9400
141.9400
141.9400
141.9400
141.9400
142.1100
142.0500
142.0500
141.9400
142.0500
142.0500
141.9400
141.9400
141.9400
142.1100
142.0500
141.9400
141.8400
141.8400
141.8400
141.7300
141.6200
141.7300
141.6200
141.4000
141.4000
141.2900
141.5600
141.4000
141.1800
141.2900
141.1800
141.0700
140.9600
140.8500
140.7400
140.7400
140.6300
140.5800
140.5800
140.2000
140.1400
140.2000
140.0900
139.8700
139.7600
139.6500
139.6500
139.5400
139.3200
139.2100
139.2100
138.9900
138.9400
138.7800
138.5600
138.5600
138.4500
138.1200
137.9000
137.7900
137.6800
137.5700
137.4600
137.4100
137.4100
137.3000
137.1400
136.9700
136.7000
136.5900
136.5900
136.3700
136.4300
136.1500
136.1000
135.9900
135.7200
135.6100
135.3900
135.5500
135.3300
135.1200
135.0100
134.7300
134.5100
134.3000
134.3500
134.0800
133.9700
133.9100
133.8000
133.4800
133.2000
133.1500
133.0400
132.6600
132.5500
132.3300
132.2200
132.1100
131.8400
131.7300
131.5100
131.2400
131.0700
131.0700
130.7400
130.6400
130.4200
130.0300
129.8700
129.8700
129.5400
129.5400
129.2100
129.1100
128.8900
128.0100
127.7400
127.7900
127.4700
127.1400
127.1400
126.9200
126.5400
126.4300
126.2600
125.8300
125.7700
125.5000
125.3900
125.0600
125.0600
124.8400
124.4600
124.3000
123.9100
123.8600
123.6400
123.3100
123.1000
122.9900
122.7700
122.4400
122.2200
122.1100
121.7800
121.4600
121.2400
121.0200
121.0200
120.6900
120.4700
120.1400
119.8200
119.7100
119.3800
119.2700
118.9400
118.7200
118.5100
118.4000
118.1800
117.8500
117.4100
117.3000
116.9800
116.8700
116.6500
116.5400
116.2100
115.9900
115.7700
115.4500
115.3400
115.0100
114.7900
114.0300
113.7000
113.5900
113.3700
113.0400
112.9300
112.7100
112.5000
112.3900
112.1700
111.7300
111.6200
111.2900
111.1800
110.9700
110.8600
110.6400
110.4200
110.0900
109.9800
109.6500
109.4400
109.4400
109.1100
108.8900
108.7800
108.5600
108.4500
108.2300
107.9100
107.6900
107.5800
107.3600
107.1400
106.9200
106.7000
106.4900
106.3800
106.0500
105.9400
105.8300
105.6100
105.2800
105.1700
104.9600
104.6300
104.4100
104.3000
104.1900
103.9700
103.7500
103.6400
103.4300
103.3200
103.1000
102.8800
102.6600
102.4400
102.2200
102.0100
101.3500
101.1300
100.9100
100.6900
100.6900
100.4800
100.0400
100.0400
99.8200
99.6000
99.6000
99.3800
99.1600
98.8400
98.8400
98.5100
98.5100
98.2900
98.0700
97.8500
97.8500
97.6900
97.4200
97.4200
97.0900
97.0300
96.8700
96.6500
96.5400
96.4300
96.3800
96.1600
95.8900
95.7800
95.6700
95.4500
95.5000
95.2300
95.0100
94.9000
94.9000
94.6800
94.5800
94.2500
94.1400
94.0300
93.9700
93.8100
93.7000
93.6500
93.3700
93.2600
93.2600
93.1500
92.9400
92.7200
92.6100
92.6600
92.3900
92.3400
92.0100
91.6200
91.5200
91.4600
91.1900
91.2400
91.0800
90.7500
90.7500
90.6400
90.6400
90.5300
90.4800
90.3700
90.1000
89.9900
89.9300
89.7700
89.7700
89.5500
89.4900
89.3300
89.3300
89.2800
89.2800
89.0000
88.7800
88.6700
88.5700
88.6200
88.5100
88.4000
88.4000
88.1800
87.9600
87.9600
87.9600
87.8500
87.5800
87.5300
87.4700
87.3600
87.3100
87.2000
87.2000
86.9800
87.0900
86.8200
86.6000
86.7600
86.4900
86.4900
86.3800
86.3300
86.3300
86.1600
86.1100
86.2200
86.0000
85.7800
85.5100
85.6700
85.4000
85.2300
85.1800
85.2300
85.2300
85.0100
85.0100
84.9600
84.9000
84.6900
84.6900
84.6300
84.5200
84.4700
84.5800
84.3000
84.1900
84.3600
84.1400
84.0900
84.0300
83.9200
83.9200
83.7600
83.6500
83.7000
83.4300
83.4800
83.5900
83.4800
83.2100
83.2100
83.1000
82.9900
83.0500
83.0500
82.9400
82.7700
82.9400
82.8300
82.6600
82.5600
82.4500
82.5000
82.6100
82.3900
82.3900
82.2300
82.1700
82.0600
82.1700
82.0100
82.0600
81.8400
81.7400
81.6800
81.8400
81.7400
81.5200
81.2400
81.3000
81.3000
81.0300
80.9700
80.9700
80.8600
80.8600
80.7500
80.5900
80.5300
80.4200
80.4200
80.2600
80.1000
80.1000
79.9300
79.8200
79.7100
79.6600
79.6600
79.6600
79.5500
79.5500
79.2800
79.2200
79.0000
79.1100
78.7900
78.8900
78.7900
78.6800
78.4600
78.2900
78.3500
78.2900
78.2400
78.1300
78.1300
77.7500
77.8000
77.6900
77.6900
77.4700
77.5800
77.3600
77.2600
77.2600
77.0400
77.1500
76.9300
76.8200
76.6000
76.6000
76.4900
76.3800
76.3800
76.1600
76.0500
75.6200
75.6200
75.4000
75.2900
75.2900
75.1800
75.0700
74.9600
74.7400
74.7400
74.5200
74.5200
74.4100
74.3100
74.2000
73.8700
73.7600
73.7600
73.6500
73.5400
73.4900
73.3200
73.2100
73.2700
72.9900
72.9900
72.7800
72.8300
72.5600
72.4500
72.3400
72.1200
72.2300
72.1200
71.9000
71.9000
71.7900
71.7900
71.5700
71.4600
71.4100
71.2500
71.1400
71.0300
70.8100
70.8600
70.7000
70.5900
70.4800
70.3700
70.3200
70.2100
70.0400
69.9300
69.9900
69.8300
69.8300
69.7700
69.5000
69.2800
69.0600
69.0100
68.8400
68.7900
68.5100
68.4600
68.5700
68.4000
68.3000
68.0800
68.0800
67.9100
67.7500
67.8000
67.8000
67.5300
67.5300
67.3700
67.3100
67.3700
67.1500
67.0400
66.8700
66.7700
66.9300
66.7100
66.4900
66.4400
66.3300
66.2200
66.3800
66.1100
66.1600
65.9500
65.8400
65.7300
65.7300
65.6200
65.5100
65.4000
65.4000
65.4000
65.2400
65.1300
64.9600
64.9600
64.7400
64.6900
64.7400
64.6300
64.4700
64.3600
64.4200
64.3100
64.2500
64.0900
63.9200
63.9200
63.8200
63.7600
63.4300
63.4300
63.4300
63.4900
63.2700
63.1600
63.1000
62.8300
63.0000
62.7800
62.7200
62.6100
62.6100
62.6100
62.5000
62.3400
62.2900
62.2300
62.1800
62.1800
62.0100
61.8500
61.8500
61.9000
61.7900
61.7900
61.6800
61.5700
61.5200
61.4700
61.4700
61.3600
61.2500
61.2500
61.2500
61.1900
61.0300
60.8100
60.8600
60.8100
60.7000
60.5400
60.5400
60.5900
60.4800
60.4800
60.4800
60.3200
60.2100
60.2600
60.1500
60.1500
60.1000
59.9900
60.0500
59.8800
59.6600
59.8300
59.8300
59.7200
59.5000
59.5000
59.4400
59.3900
59.1200
59.2800
59.2300
59.2800
59.0600
59.0600
59.0600
58.9500
58.9500
58.8400
58.7900
58.7300
58.7300
58.5700
58.6200
58.5200
58.5200
58.4100
58.5200
58.4100
58.3000
58.3000
58.3000
58.1900
58.1900
58.0800
58.1900
58.0800
58.0800
58.1900
57.8600
57.7500
57.9700
57.8600
57.8600
57.5900
57.6400
57.6400
57.5300
57.4800
57.6400
57.5300
57.4200
57.5300
57.3100
57.3100
57.4200
57.4200
57.2000
57.0900
57.0900
57.0900
57.2000
57.0900
57.0900
56.9900
56.8800
56.8800
56.8800
56.8800
56.8800
56.6600
56.7700
56.6000
56.7700
56.6600
56.6600
56.5500
56.5500
56.5500
56.4400
56.4400
56.6600
56.4400
56.3300
56.3300
56.3300
56.3300
56.3300
56.2200
56.1100
56.2200
56.2200
56.0000
56.0000
56.1100
56.2200
55.8900
56.1100
56.0000
56.0000
56.0000
55.8900
55.8900
55.8900
55.8900
55.8900
55.8900
55.7300
55.7800
55.6700
55.7800
55.5100
55.5600
55.6700
55.5600
55.6700
55.5100
55.5600
55.4600
55.4600
55.5600
55.3500
55.4600
55.4600
55.4600
55.2400
55.1300
55.1300
55.2400
55.1300
55.1300
55.0200
55.1300
55.0200
55.0200
55.0200
54.9100
54.9100
54.9100
54.8000
54.8000
54.8000
54.6900
54.6900
54.6900
54.5800
54.5800
54.4700
54.3600
54.3600
54.4700
54.4700
54.3600
54.3600
54.2500
54.2500
54.1400
54.0400
54.0400
54.0400
54.0400
54.1400
53.9300
53.8200
53.9300
53.9300
53.7100
53.7100
53.6000
53.6000
53.6000
53.6000
53.3800
53.4900
53.4900
53.3800
53.3800
53.2700
53.2700
53.1600
53.1600
53.0500
53.1600
53.0500
52.9400
52.7200
52.7200
52.7200
52.7200
52.6100
52.6100
52.5100
52.4000
52.5100
52.4000
52.4000
52.2900
52.2900
52.1800
52.1800
52.0700
52.0700
52.0700
52.0100
51.8500
51.8500
51.9000
51.7400
51.6300
51.6300
51.5200
51.6300
51.5200
51.4100
51.4100
51.4100
51.3000
51.3000
51.1900
51.1900
51.1400
50.9800
50.9800
50.8700
50.8700
50.9800
50.8700
50.6500
50.7600
50.6500
50.6500
50.7000
50.5400
50.4800
50.4300
50.3200
50.2100
50.2100
50.2100
50.1000
50.1000
50.1600
50.1000
49.9900
49.8800
49.6600
49.6600
49.6600
49.6100
49.5500
49.5500
49.4500
49.2800
49.3400
49.1200
49.2800
49.1700
49.0100
48.9000
49.0600
48.8400
48.7900
48.6800
48.5700
48.6300
48.6300
48.4600
48.3500
48.4600
48.4100
48.3500
48.0300
48.3000
48.0300
48.0300
48.0300
47.9700
47.9200
47.8100
47.7500
47.7000
47.7500
47.7000
47.5900
47.4800
47.5300
47.4200
47.4200
47.1500
47.1500
47.0400
47.1500
47.1500
47.2100
47.2100
46.9300
46.9900
46.8800
46.8200
46.7100
46.6000
46.7100
46.6000
46.5000
46.5000
46.2800
46.2800
46.2800
46.1700
46.1700
46.2200
46.0600
46.0600
46.1100
45.9500
45.9500
45.8400
45.7900
45.7900
45.6200
45.7300
45.7900
45.7900
45.6800
45.5100
45.6800
45.5700
45.4000
45.5700
45.2900
45.4600
45.2900
45.3500
45.3500
45.0700
45.1800
45.0700
45.0700
45.2400
44.8600
44.8600
44.8600
44.9100
44.7500
44.8000
44.8000
44.6400
44.6400
44.5800
44.5800
44.4700
44.3100
44.4700
44.3100
44.4700
44.3600
44.2000
44.2600
44.2600
44.1500
43.9800
44.0400
43.9300
43.9300
43.9300
43.7100
43.6000
43.5500
43.6000
43.4900
43.4400
43.3800
43.3800
43.1100
43.1600
43.1100
43.0000
42.8900
42.9400
42.9400
42.6700
42.6700
42.7300
42.6200
42.6200
42.6200
42.6200
42.2300
42.2300
42.2300
42.2300
42.2300
42.2900
42.1200
42.1800
42.0200
42.0700
42.0700
42.0700
41.9600
41.8000
41.9600
41.8500
41.8500
41.6900
41.5800
41.6300
41.6300
41.3600
41.3000
41.3000
41.1400
41.2000
41.0900
41.0900
40.9200
40.8100
40.7600
40.6500
40.5900
40.5400
40.4300
40.4300
40.3200
40.1600
39.9900
39.8800
39.6700
39.7800
39.5600
39.3900
39.3900
39.3400
39.3400
39.2300
39.2300
38.9600
38.9600
39.0100
39.0100
38.7900
38.7900
38.7400
38.5700
38.5200
38.5700
38.3500
38.2500
38.3500
38.1400
38.0800
38.0300
37.9200
37.8100
37.7000
37.8100
37.7000
37.5900
37.4800
37.3700
37.1500
37.1500
37.1500
37.1500
36.9300
36.9300
36.7700
36.8200
36.6100
36.5000
36.6100
36.3900
36.3300
36.2800
36.1100
36.0600
36.0600
35.9500
35.9500
35.7300
35.7300
35.6200
35.6200
35.5100
35.5100
35.1900
35.0800
35.0800
34.8600
34.8600
34.8600
34.7500
34.6400
34.6400
34.4200
34.5300
34.3100
34.3100
34.0900
34.0900
33.9800
33.9800
33.8700
33.8700
33.7100
33.4900
33.5500
33.4400
33.5500
33.3300
33.4400
33.1100
33.2200
33.0500
33.1100
32.8900
32.7800
32.6200
32.6700
32.6700
32.6700
32.4500
32.5600
32.4500
32.4500
32.3400
32.2400
32.2400
32.1300
32.2400
32.0200
31.9100
31.9100
31.8000
31.8000
31.6900
31.5800
31.4700
31.2500
31.2500
31.1400
31.0300
31.1400
31.1400
31.0300
30.7100
30.7100
30.7100
30.6000
30.4900
30.3800
30.2700
30.3800
30.2700
30.2700
30.1600
30.1600
30.0500
29.9400
29.8300
29.9400
29.8300
29.7200
29.7200
29.7200
29.5000
29.5000
29.5000
29.5000
29.5000
29.3900
29.2800
29.2800
29.1800
29.1800
29.0700
28.9600
28.9600
28.8500
28.7400
28.6300
28.6300
28.5200
28.4100
28.4100
28.3000
28.1900
28.0800
28.1900
27.9700
27.9700
27.8600
27.8600
27.6500
27.6500
27.5400
27.4300
27.5400
27.3200
27.3200
27.2100
27.1000
26.9900
26.9900
26.7700
26.5500
26.1200
26.1200
25.9000
25.6800
25.4600
25.4600
25.0200
25.0200
24.7000
24.4800
24.3700
23.9300
23.9300
23.7100
23.3800
23.2800
23.0600
22.8400
22.5100
22.4000
22.1800
22.0700
21.8500
21.6400
21.4200
21.0900
21.0900
20.8700
20.5400
20.4300
20.2200
20.0000
19.7800
19.5600
19.3400
19.2300
19.0100
18.7900
18.5800
18.4700
18.2500
18.0300
17.8100
17.4800
17.3700
17.1600
17.0500
16.8300
16.6100
16.3900
16.1700
16.0600
15.7400
15.7400
15.4100
15.3000
15.0800
14.8600
14.6400
13.9900
13.7700
13.5500
13.4400
13.3300
13.0000
12.8900
12.7800
12.5700
12.4600
12.3500
12.0200
11.9100
11.6900
11.5800
11.4700
11.1500
11.0900
10.9300
10.8200
10.6000
10.3800
10.1600
10.1600
9.9400
9.8300
9.7300
9.5100
9.4000
9.2900
9.1800
9.0700
8.8500
8.7400
8.6300
8.5200
8.4100
8.2000
8.0900
8.0900
8.1400
7.8700
7.7600
7.7600
7.6500
7.5400
7.4300
7.3200
7.2100
7.2100
7.2100
7.2100
7.1600
6.9900
6.8800
6.8800
6.7700
6.7700
6.7700
6.7700
6.4500
6.6100
6.5600
6.3400
6.5000
6.3400
6.3400
6.3400
6.1200
6.3400
6.2300
6.3400
6.1700
6.2300
6.2300
6.1200
6.1200
6.1200
6.1200
6.1200
6.1200
6.1200
6.1700
6.1200
6.1200
6.0600
6.1200
6.1200
6.1700
6.0100
6.0100
6.0100
6.1200
6.0600
6.0100
6.1200
6.0100
6.1200
6.0600
6.0600
6.0100
6.0100
5.9000
6.1200
5.9000
6.0100
6.0100
5.9000
6.0100
5.9000
6.0100
6.0100
6.0100
5.9000
5.9600
5.9000
6.0600
5.7900
5.9000
6.0100
6.0100
6.0100
5.9000
5.9000
5.9000
6.0100
6.0100
5.9000
6.0600
5.9600
5.9000
6.0600
6.0600
5.7900
5.9000
6.0100
5.9000
5.9000
6.0100
5.9000
5.9000
6.0600
6.0600
6.0600
6.0600
5.9000
6.0100
5.7900
5.9000
6.0100
5.9000
5.9000
5.9000
5.9000
4.3200
2.7900
0.7600
0.2200
0.3800
0.2700
0.3300
0.3300
0.2200
0.3800
0.3300
0.3300
0.2700
0.3300
0.2200
0.2700
0.2700
0.3300
0.2200
0.3300
0.3800
0.3800
0.3300
0.2700
0.3800
0.2700
0.3800
0.3800
0.3800
0.3800
0.2700
0.3800
0.2200
0.3300
0.3300
0.3300
0.3300
0.2200
0.2200
0.3300
0.3800
0.3800
0.3800
0.2200
0.2200
0.3800
0.2200
0.2200
0.3300
0.3800
0.3800
0.2200
0.2200
0.2200
0.4400
0.3800
0.2700
0.3300
0.2200
0.2700
0.2200
0.3800
0.3300
0.2700
0.3300
0.3800
0.3300
0.4400
0.3800
0.2200
0.3800
0.2200
0.3800
0.3300
0.3300
0.4900
0.3300
0.3800
0.3300
0.2200
0.3800
0.3300
0.3800
0.3300
0.3300
0.3800
0.3300
0.2700
0.2200
0.2200
0.2700
0.3300
0.3300
0.3300
0.3800
0.3800
0.3800
0.2700
0.2700
0.3800
0.3800
0.2200
0.2200
0.2200
0.3300
0.3800
0.3300
0.3300
0.3800
0.3300
0.3800
0.2200
0.3300
0.2700
0.3800
0.3300
0.3300
0.2200
0.3300
0.2700
0.4900
0.3300
0.3800
0.3800
0.3300
0.3800
0.3300
0.3300
0.3800
0.2700
0.2200
0.3800
0.3300
0.3300
0.3800
0.3300
0.1100
0.3800
0.3300
0.3800
0.3300
0.3800
0.4400
0.3300
0.3800
0.2700
0.4900
0.3300
0.2700
0.2200
0.2700
0.2200
0.3800
0.3300
0.4900
0.3800
0.4400
0.2700
0.2200
0.3300
0.3800
0.3300
0.2200
0.3800
0.2200
0.3800
0.3300
0.3800
0.2200
0.2200
0.2200
0.3800
0.3300
0.3800
0.2200
0.3300
0.3300
0.2200
0.2700
0.3800
0.3800
0.3800
0.2200
0.2200
0.3300
0.3800
0.3800
0.2700
0.4900
0.3800
0.3800
0.3800
0.2200
0.2200
0.2700
0.3300
0.3300
0.3300
0.2700
0.3300
0.4900
0.3300
0.3300
0.2200
0.2700
0.2200
0.3300
0.2200
0.3800
0.3300
0.3800
0.2200
0.2200
0.3800
0.2200
0.3300
0.2700
0.3800
0.4900
0.2200
0.3300
0.3800
0.2700
0.3300
0.3300
0.3300
0.3300
0.3300
0.3300
0.3300
0.3800
0.3800
0.3300
0.3300
0.3800
0.2700
0.3300
0.2200
0.2200
0.3300
0.2200
0.3300
0.3800
0.3800
0.3300
0.2200
0.2200
0.2200
0.2200
0.3300
0.3300
0.3300
0.3800
0.3800
0.3800
0.2200
0.2200
0.3300
0.3300
0.3800
0.3300
0.3800
0.2200
0.3800
0.3300
0.2200
0.3300
0.3800
0.3300
0.3800
0.2200
0.3800
0.2200
0.3800
0.3800
0.3300
0.4900
0.2200
0.3300
0.3800
0.3800
0.3800
0.2200
0.2200
0.3800
0.3300
0.3800
0.2200
0.4900
0.2200
0.3800
0.4400
0.2700
0.2200
0.3300
0.3800
0.3800
0.2200
0.3300
0.3800
0.2200
0.3300
0.3800
0.3800
0.3800
0.2700
0.3300
0.3300
0.2200
0.2200
0.3300
0.2700
0.3800
0.3800
0.3300
0.3300
0.3300
0.2700
0.3800
0.2200
0.3300
0.3800
0.3800
0.3800
0.2200
0.3300
0.3300
0.3800
0.2700
0.2700
0.3300
0.3800
0.2200
0.2200
0.3300
0.3800
0.3800
0.4900
0.4900
0.3800
0.2200
0.3300
0.3800
0.3300
0.3800
0.3300
0.3800
0.3300
0.4400
0.4900
0.3300
0.3300
0.2700
0.3800
0.2700
0.3800
0.3800
0.2200
0.2200
0.2200
0.3300
0.3300
0.3300
0.3800
0.3300
0.2200
0.2200
0.3300
0.3800
0.2700
0.4900
0.4900
0.4900
0.3800
0.3800
0.2700
0.3800
0.3300
0.2200
0.3800
0.3300
0.4400
0.3800
0.3300
0.3800
0.3300
0.3300
0.3800
0.3300
0.3300
0.3800
0.2200
0.2700
0.3300
0.3300
0.3800
0.3300
0.3300
0.3800
0.3300
0.3300
0.3800
0.3300
0.3300
0.3800
0.4900
0.4400
0.4900
0.3300
0.2200
0.3300
0.3800
0.3800
0.3800
0.3800
0.3300
0.3300
0.3800
0.3800
0.3300
0.3300
0.3800
0.3300
0.3800
0.3300
0.3800
0.3300
0.3800
0.2200
0.3300
0.2700
0.2200
0.3800
0.3300
0.4900
0.3300
0.3800
0.3300
0.3800
0.3300
0.3300
0.3300
0.3800
0.2200
0.3300
0.3300
0.3300
0.3800
0.3300
0.3300
0.3800
0.2200
0.3300
0.4400
0.3800
0.3800
0.3300
0.3300
0.2200
0.3800
0.2700
0.4400
0.2200
0.4400
0.3300
0.3800
0.3800
0.3300
0.2200
0.3300
0.3800
0.4900
0.3300
0.3300
0.3300
0.3800
0.3300
0.3300
0.3300
0.3800
0.3300
0.2700
0.3300
0.4900
0.3300
0.4900
0.3300
0.2200
0.3800
0.3300
0.3800
0.3800
0.3300
0.3300
0.3300
0.4900
0.4400
0.3300
0.6000
0.4900
0.3300
0.3300
0.4400
0.3800
0.3300
0.3300
0.3800
0.3300
0.3300
0.3800
0.3300
0.3800
0.3300
0.4900
0.2200
0.3300
0.3800
0.3300
0.3300
0.3800
0.3300
0.4900
0.3300
0.3800
0.3300
0.3300
0.3800
0.4900
0.3300
0.3300
0.4900
0.3300
0.3800
0.3300
0.3300
0.3300
0.3300
0.3300
0.3300
0.3300
0.3800
0.3800
0.3300
0.3300
0.4900
0.2200
0.2200
0.3800
0.3300
0.3800
0.3300
0.3300
0.3800
0.4900
0.4900
0.4900
0.4900
0.4400
0.3800
0.3300
0.3300
0.2200
0.3800
0.2200
0.3800
0.3300
0.4400
0.4900
0.4900
0.3300
0.3300
0.4900
0.3300
0.3300
0.3800
0.3800
0.3300
0.3800
0.3300
0.2200
0.3800
0.3800
0.4400
0.3300
0.3300
0.4900
0.3300
0.3300
0.4900
0.3300
0.3300
0.4900
0.3800
0.3800
0.2200
0.3300
0.3800
0.3300
0.3300
0.4900
0.3300
0.3800
0.4400
0.3300
0.4900
0.2200
0.3300
0.3800
0.3800
0.2200
0.3300
0.3300
0.4400
0.4900
0.3300
0.2200
0.3300
0.3800
0.3300
0.3300
0.4900
0.3300
0.3800
0.4400
0.3300
0.3800
0.3800
0.3800
0.3300
0.3300
0.3300
0.4900
0.3800
0.4400
0.3800
0.4400
0.4900
0.3300
0.3300
0.3800
0.4900
0.4400
0.3800
0.3300
0.4900
0.6000
0.3300
0.3800
0.4400
0.3800
0.3300
0.2200
0.3800
0.3300
0.4400
0.3800
0.2700
0.3300
0.3300
0.4900
0.2200
0.4900
0.3300
0.3300
0.3800
0.3800
0.4900
0.4400
0.4400
0.3800
0.3800
0.4900
0.4900
0.3300
0.3300
0.3800
0.4900
0.4900
0.3800
0.4900
0.3800
0.3300
0.4900
0.3300
0.3300
0.4400
0.3800
0.4400
0.4900
0.3300
0.4900
0.3300
0.3300
0.3800
0.4900
0.3300
0.3300
0.3300
0.3300
0.4400
0.3300
0.3300
0.3800
0.3800
0.4900
0.3800
0.3800
0.4900
0.4400
0.3300
0.3800
0.2200
0.3800
0.2200
0.3300
0.3300
0.3300
0.3300
0.6000
0.3300
0.3300
0.3800
0.3800
0.4900
0.3300
0.3300
0.3300
0.4400
0.3300
0.3800
0.3300
0.3300
0.3300
0.3300
0.3300
0.3800
0.4900
0.4900
0.3800
0.3800
0.2200
0.3300
0.3800
0.4400
0.4900
0.4900
0.4900
0.3300
0.4900
0.4400
0.4400
0.4900
0.3300
0.3300
0.3300
0.3300
0.3300
0.4400
0.4400
0.3300
0.3800
0.3800
0.4900
0.3300
0.4900
0.4900
0.3300
0.3800
0.4900
0.3300
0.4400
0.3300
0.3300
0.2200
0.2200
0.3300
0.3300
0.4400
0.3800
0.3800
0.4900
0.4900
0.3800
0.4900
0.4900
0.4400
0.3300
0.3800
0.3800
0.4400
0.3800
0.3300
0.3300
0.3300
0.3800
0.3300
0.4900
0.3300
0.3300
0.6000
0.3800
0.3800
0.3300
0.3300
0.3300
0.4400
0.3300
0.3800
0.3300
0.4900
0.3300
0.4900
0.4400
0.4400
0.3300
0.3800
0.4400
0.3300
0.4900
0.3300
0.4900
0.3300
0.4400
0.4900
0.2200
0.4400
0.6000
0.3800
0.2200
0.3300
0.3800
0.3800
0.3300
0.4900
0.3800
0.3300
0.3300
0.3300
0.3800
0.3300
0.3300
0.4900
0.4900
0.4400
0.3800
0.3300
0.3800
0.3300
0.4400
0.3800
0.3300
0.4900
0.3300
0.4400
0.3800
0.3300
0.3300
0.2200
0.3800
0.4400
0.3800
0.3300
0.4900
0.3300
0.3300
0.3800
0.3300
0.4400
0.3300
0.4900
0.3800
0.3300
0.4400
0.4900
0.4900
0.4400
0.3300
0.4400
0.4900
0.3800
0.3300
0.3300
0.3300
0.3300
0.3800
0.3800
0.3800
0.3800
0.6000
0.3800
0.4900
0.4900
0.4400
0.3300
0.3800
0.3300
0.2200
0.4900
0.4400
0.4400
0.2200
0.3300
0.4900
0.4400
0.4400
0.3300
0.4900
0.3800
0.4400
0.3300
0.2200
0.4400
0.3800
0.3300
0.3800
0.4900
0.3300
0.4900
0.3300
0.3300
0.4900
0.3300
0.4400
0.4900
0.3300
0.3300
0.2200
0.3300
0.2700
0.3300
0.4900
0.3300
0.3300
0.3300
0.3300
0.3800
0.3800
0.4900
0.3300
0.3300
0.3300
0.3800
0.3800
0.4900
0.3800
0.4900
0.3300
0.3300
0.4400
0.3800
0.3300
0.4900
0.3300
0.2700
0.3300
0.4400
0.3800
0.3300
0.3300
0.4900
0.4900
0.3300
0.4400
0.4900
0.3300
0.3300
0.2200
0.3300
0.4900
0.3800
0.3800
0.4900
0.4900
0.3800
0.2700
0.3300
0.3300
0.3300
0.3300
0.4400
0.3800
0.3300
0.4900
0.3300
0.3300
0.4400
0.3300
0.3300
0.4900
0.3300
0.3300
0.3800
0.3300
0.4900
0.3300
0.3800
0.4900
0.4900
0.4900
0.3800
0.3300
0.3300
0.2200
0.3800
0.3800
0.3800
0.3300
0.4400
0.4400
0.3300
0.3800
0.3300
0.3300
0.4900
0.3300
0.4900
0.3800
0.3300
0.3300
0.2200
0.3800
0.6000
0.3300
0.3800
0.3300
0.4900
0.3800
0.3300
0.2200
0.3300
0.4400
0.3800
0.3800
0.4400
0.4400
0.3300
0.4900
0.3300
0.3300
0.3300
0.4900
0.4400
0.4900
0.4400
0.3800
0.3300
0.4400
0.3300
0.3800
0.3300
0.3800
0.3300
0.3800
0.3300
0.3800
0.3300
0.6000
0.3300
0.3800
0.4400
0.3300
0.3300
0.3300
0.3300
0.4900
0.3300
0.3300
0.4400
0.4400
0.2200
0.3300
0.4900
0.3800
0.3800
0.3800
0.3300
0.4400
0.3300
0.3300
0.4900
0.3300
0.3300
0.4900
0.3800
0.3800
0.3300
0.3300
0.3800
0.4900
0.3800
0.3300
0.3300
0.3800
0.3300
0.3300
0.3300
0.4400
0.6000
0.3800
0.3800
0.3300
0.3300
0.3300
0.4400
0.3300
0.3300
0.3300
0.4400
0.4900
0.3800
0.3800
0.4900
0.4900
0.3300
0.3300
0.3300
0.3800
0.3300
0.3800
0.3300
0.4900
0.3300
0.3300
0.3300
0.4900
0.3300
0.3300
0.3300
0.3300
0.4400
0.3300
0.2200
0.2200
0.4900
0.3800
0.2200
0.4900
0.3300
0.4900
0.3300
0.3800
0.3300
0.3300
0.3800
0.3300
0.2200
0.3800
0.2200
0.3800
0.3800
0.3300
0.3800
0.4400
0.4400
0.3800
0.3300
0.3800
0.3300
0.3300
0.3800
0.3300
0.3800
0.3300
0.4900
0.3800
0.3300
0.3300
0.4400
0.3300
0.3300
0.3300
0.2200
0.2200
0.2200
0.4400
0.3300
0.3300
0.3300
0.3300
0.3300
0.3800
0.3800
0.3800
0.2200
0.3800
0.3300
0.3800
0.3300
0.3800
0.3800
0.4400
0.3300
0.3800
0.3300
0.2700
0.3300
0.3300
0.3800
0.3300
0.3300
0.3800
0.3800
0.3300
0.3300
0.3300
0.3800
0.3800
0.4900
0.3300
0.3300
0.3300
0.3800
0.3800
0.3300
0.2200
0.4900
0.3800
0.3300
0.3800
0.3800
0.3300
0.3300
0.3300
0.3300
0.3300
0.3800
