-3.699999999999999947e-04
9.000000000000000567e-05
2.079999999999999818e-03
5.130000000000000011e-03
7.199999999999999803e-03
1.030999999999999972e-02
1.231999999999999935e-02
1.515000000000000027e-02
1.729999999999999941e-02
2.035000000000000003e-02
2.245000000000000120e-02
2.545999999999999999e-02
2.745999999999999830e-02
3.055000000000000077e-02
3.259000000000000091e-02
3.568999999999999950e-02
3.771000000000000046e-02
4.080000000000000293e-02
4.284999999999999920e-02
4.590000000000000330e-02
4.793000000000000038e-02
5.095000000000000223e-02
5.306000000000000300e-02
5.614000000000000240e-02
5.820000000000000173e-02
6.126999999999999807e-02
6.432999999999999829e-02
6.639000000000000457e-02
6.944000000000000172e-02
7.152000000000000024e-02
7.456000000000000127e-02
7.655000000000000693e-02
7.964000000000000246e-02
8.168000000000000260e-02
8.476000000000000201e-02
8.679000000000000603e-02
8.988000000000000156e-02
9.192000000000000171e-02
9.497999999999999499e-02
9.701999999999999513e-02
1.000500000000000000e-01
1.021299999999999986e-01
1.052099999999999980e-01
1.072800000000000004e-01
1.103299999999999975e-01
1.123799999999999938e-01
1.154899999999999954e-01
1.175100000000000033e-01
1.205800000000000066e-01
1.226099999999999968e-01
1.256400000000000017e-01
1.277300000000000102e-01
1.307899999999999896e-01
1.328300000000000036e-01
1.358499999999999985e-01
1.379599999999999993e-01
1.409999999999999865e-01
1.430599999999999927e-01
1.461000000000000076e-01
1.481099999999999917e-01
1.512199999999999933e-01
1.532799999999999996e-01
1.563799999999999912e-01
1.584099999999999953e-01
1.614700000000000024e-01
1.635399999999999909e-01
1.665999999999999981e-01
1.686499999999999944e-01
1.716499999999999970e-01
1.736800000000000010e-01
1.767799999999999927e-01
1.788200000000000067e-01
1.819000000000000061e-01
1.838899999999999979e-01
1.868200000000000138e-01
1.888600000000000001e-01
1.919299999999999895e-01
1.939599999999999935e-01
1.969700000000000062e-01
1.990300000000000125e-01
2.021100000000000119e-01
2.041800000000000004e-01
2.072599999999999998e-01
2.093200000000000061e-01
2.124199999999999977e-01
2.144399999999999917e-01
2.175100000000000089e-01
2.195400000000000129e-01
2.225800000000000001e-01
2.246499999999999886e-01
2.277299999999999880e-01
2.297500000000000098e-01
2.328000000000000069e-01
2.348999999999999977e-01
2.379600000000000048e-01
2.399999999999999911e-01
2.430400000000000060e-01
2.450499999999999901e-01
2.481500000000000095e-01
2.501999999999999780e-01
2.533099999999999796e-01
2.553599999999999759e-01
2.584299999999999931e-01
2.604899999999999993e-01
2.635500000000000065e-01
2.655899999999999928e-01
2.686000000000000054e-01
2.706299999999999817e-01
2.737299999999999733e-01
2.757700000000000151e-01
2.788300000000000223e-01
2.808200000000000141e-01
2.839499999999999802e-01
2.859900000000000220e-01
2.890499999999999736e-01
2.910900000000000154e-01
2.941300000000000026e-01
2.961900000000000088e-01
2.992400000000000060e-01
3.013399999999999967e-01
3.043899999999999939e-01
3.064600000000000102e-01
3.093899999999999983e-01
3.113900000000000001e-01
3.144600000000000173e-01
3.165000000000000036e-01
3.195500000000000007e-01
3.216100000000000070e-01
3.246800000000000241e-01
3.266999999999999904e-01
3.297499999999999876e-01
3.318400000000000238e-01
3.348900000000000210e-01
3.369500000000000273e-01
3.399800000000000044e-01
3.420099999999999807e-01
3.451000000000000179e-01
3.471400000000000041e-01
3.502399999999999958e-01
3.522899999999999920e-01
3.553700000000000192e-01
3.574100000000000055e-01
3.604700000000000126e-01
3.624999999999999889e-01
3.655200000000000116e-01
3.675700000000000078e-01
3.706499999999999795e-01
3.726999999999999758e-01
3.757499999999999729e-01
3.777300000000000102e-01
3.808699999999999863e-01
3.829099999999999726e-01
3.859699999999999798e-01
3.879799999999999915e-01
3.910500000000000087e-01
3.931000000000000050e-01
3.961799999999999766e-01
3.982700000000000129e-01
4.013200000000000101e-01
4.033900000000000263e-01
4.064800000000000080e-01
4.084999999999999742e-01
4.115900000000000114e-01
4.136000000000000232e-01
4.166500000000000203e-01
4.187199999999999811e-01
4.217899999999999983e-01
4.238399999999999945e-01
4.267199999999999882e-01
4.287799999999999945e-01
4.318500000000000116e-01
4.339000000000000079e-01
4.369500000000000051e-01
4.389500000000000068e-01
4.420799999999999730e-01
4.441100000000000048e-01
4.471999999999999864e-01
4.492499999999999827e-01
4.523400000000000198e-01
4.543900000000000161e-01
4.574500000000000233e-01
4.594799999999999995e-01
4.625099999999999767e-01
4.645500000000000185e-01
4.676299999999999901e-01
4.696799999999999864e-01
4.727399999999999936e-01
4.747500000000000053e-01
4.778600000000000070e-01
4.798999999999999932e-01
4.829600000000000004e-01
4.849800000000000222e-01
4.880499999999999838e-01
4.902900000000000036e-01
4.933699999999999752e-01
4.954200000000000270e-01
4.984600000000000142e-01
5.005600000000000049e-01
5.036199999999999566e-01
5.056699999999999529e-01
5.087399999999999700e-01
5.107300000000000173e-01
5.137899999999999689e-01
5.158500000000000307e-01
5.189399999999999569e-01
5.209700000000000442e-01
5.240399999999999503e-01
5.260899999999999466e-01
5.291400000000000547e-01
5.312099999999999600e-01
5.342200000000000282e-01
5.362700000000000244e-01
5.393799999999999706e-01
5.414099999999999469e-01
5.443299999999999805e-01
5.463599999999999568e-01
5.494599999999999485e-01
5.514999999999999902e-01
5.545799999999999619e-01
5.565999999999999837e-01
5.596100000000000518e-01
5.616600000000000481e-01
5.647299999999999542e-01
5.667799999999999505e-01
5.698499999999999677e-01
5.718800000000000550e-01
5.749699999999999811e-01
5.769900000000000029e-01
5.800400000000000000e-01
5.820699999999999763e-01
5.851300000000000390e-01
5.872100000000000097e-01
5.902800000000000269e-01
5.923399999999999777e-01
5.953699999999999548e-01
5.974699999999999456e-01
6.005399999999999627e-01
6.026000000000000245e-01
6.056500000000000217e-01
6.076399999999999579e-01
6.107000000000000206e-01
6.127599999999999714e-01
6.158599999999999630e-01
6.178900000000000503e-01
6.209700000000000220e-01
6.230099999999999527e-01
6.260599999999999499e-01
6.281200000000000117e-01
6.311400000000000343e-01
6.332100000000000506e-01
6.363100000000000422e-01
6.383400000000000185e-01
6.414299999999999446e-01
6.434400000000000119e-01
6.465699999999999781e-01
6.486100000000000199e-01
6.516800000000000370e-01
6.537100000000000133e-01
6.567199999999999704e-01
6.587600000000000122e-01
6.618100000000000094e-01
6.638899999999999801e-01
6.669500000000000428e-01
6.688199999999999701e-01
6.719100000000000072e-01
6.739100000000000090e-01
6.769800000000000262e-01
6.790199999999999569e-01
6.821000000000000396e-01
6.841599999999999904e-01
6.872300000000000075e-01
6.892599999999999838e-01
6.923000000000000265e-01
6.944200000000000372e-01
6.974900000000000544e-01
6.995400000000000507e-01
7.026000000000000023e-01
7.045900000000000496e-01
7.076500000000000012e-01
7.096999999999999975e-01
7.127900000000000347e-01
7.148400000000000309e-01
7.178999999999999826e-01
7.199400000000000244e-01
7.229900000000000215e-01
7.250400000000000178e-01
7.280699999999999950e-01
7.301400000000000112e-01
7.332300000000000484e-01
7.352800000000000447e-01
7.383300000000000418e-01
7.403600000000000181e-01
7.434800000000000297e-01
7.455300000000000260e-01
7.485899999999999777e-01
7.506199999999999539e-01
7.536399999999999766e-01
7.556699999999999529e-01
7.587300000000000155e-01
7.608200000000000518e-01
7.638500000000000290e-01
7.659099999999999797e-01
7.689700000000000424e-01
7.709799999999999986e-01
7.740599999999999703e-01
7.761000000000000121e-01
7.791900000000000492e-01
7.812400000000000455e-01
7.843200000000000172e-01
7.863700000000000134e-01
7.894099999999999451e-01
7.915100000000000469e-01
7.945699999999999985e-01
7.966299999999999493e-01
7.996699999999999919e-01
8.016699999999999937e-01
8.047800000000000509e-01
8.068100000000000271e-01
8.098800000000000443e-01
8.119399999999999951e-01
8.150100000000000122e-01
8.170699999999999630e-01
8.201199999999999601e-01
8.221600000000000019e-01
8.251800000000000246e-01
8.272599999999999953e-01
8.303500000000000325e-01
8.324000000000000288e-01
8.354800000000000004e-01
8.375000000000000222e-01
8.406099999999999683e-01
8.426700000000000301e-01
8.457200000000000273e-01
8.477500000000000036e-01
8.507799999999999807e-01
8.537000000000000144e-01
8.557099999999999707e-01
8.588000000000000078e-01
8.608400000000000496e-01
8.639099999999999557e-01
8.659700000000000175e-01
8.690400000000000347e-01
8.710599999999999454e-01
8.740700000000000136e-01
8.761700000000000044e-01
8.792499999999999760e-01
8.812999999999999723e-01
8.843699999999999894e-01
8.864199999999999857e-01
8.895300000000000429e-01
8.915499999999999536e-01
8.946199999999999708e-01
8.966399999999999926e-01
8.996899999999999897e-01
9.017500000000000515e-01
9.048300000000000232e-01
9.068599999999999994e-01
9.098899999999999766e-01
9.119899999999999674e-01
9.150500000000000300e-01
9.170899999999999608e-01
9.201599999999999779e-01
9.221399999999999597e-01
9.252599999999999714e-01
9.273000000000000131e-01
9.304000000000000048e-01
9.324400000000000466e-01
9.355099999999999527e-01
9.375700000000000145e-01
9.406099999999999461e-01
9.426799999999999624e-01
9.456999999999999851e-01
9.477299999999999613e-01
9.508100000000000440e-01
9.528499999999999748e-01
9.559199999999999919e-01
9.579299999999999482e-01
9.610199999999999854e-01
9.630800000000000471e-01
9.661399999999999988e-01
9.681800000000000406e-01
9.710199999999999942e-01
9.730799999999999450e-01
9.761600000000000277e-01
9.782399999999999984e-01
9.812999999999999501e-01
9.833499999999999464e-01
9.864600000000000035e-01
9.884699999999999598e-01
9.915300000000000225e-01
9.935800000000000187e-01
9.966300000000000159e-01
9.986800000000000122e-01
1.001759999999999984e+00
1.003779999999999895e+00
1.006820000000000048e+00
1.008920000000000039e+00
1.011989999999999945e+00
1.014029999999999987e+00
1.017079999999999984e+00
1.019079999999999986e+00
1.022180000000000089e+00
1.024240000000000039e+00
1.027339999999999920e+00
1.029369999999999896e+00
1.032459999999999933e+00
1.034510000000000041e+00
1.037560000000000038e+00
1.039619999999999989e+00
1.042640000000000011e+00
1.044659999999999922e+00
1.047749999999999959e+00
1.049800000000000066e+00
1.052859999999999907e+00
1.054859999999999909e+00
1.057970000000000077e+00
1.060019999999999962e+00
1.063090000000000090e+00
1.065110000000000001e+00
1.068159999999999998e+00
1.070210000000000106e+00
1.073280000000000012e+00
1.075369999999999937e+00
1.078430000000000000e+00
1.080489999999999950e+00
1.083579999999999988e+00
1.085579999999999989e+00
1.088670000000000027e+00
1.090529999999999999e+00
1.093579999999999997e+00
1.095630000000000104e+00
1.098689999999999944e+00
1.100719999999999921e+00
1.103779999999999983e+00
1.105860000000000065e+00
1.108929999999999971e+00
1.110980000000000079e+00
1.114020000000000010e+00
1.116030000000000078e+00
1.119129999999999958e+00
1.121180000000000065e+00
1.124270000000000103e+00
1.126300000000000079e+00
1.129380000000000051e+00
1.131429999999999936e+00
1.134509999999999907e+00
1.136540000000000106e+00
1.139569999999999972e+00
1.141599999999999948e+00
1.144679999999999920e+00
1.146730000000000027e+00
1.149790000000000090e+00
1.151790000000000092e+00
1.154879999999999907e+00
1.156940000000000079e+00
1.159999999999999920e+00
1.162029999999999896e+00
1.165089999999999959e+00
1.167159999999999975e+00
1.170209999999999972e+00
1.172309999999999963e+00
1.175349999999999895e+00
1.177419999999999911e+00
1.180490000000000039e+00
1.182530000000000081e+00
1.185619999999999896e+00
1.187650000000000095e+00
1.190690000000000026e+00
1.192749999999999977e+00
1.195799999999999974e+00
1.197859999999999925e+00
1.200919999999999987e+00
1.202820000000000000e+00
1.205859999999999932e+00
1.207920000000000105e+00
1.210970000000000102e+00
1.212990000000000013e+00
1.216099999999999959e+00
1.218140000000000001e+00
1.221230000000000038e+00
1.223270000000000080e+00
1.226339999999999986e+00
1.228399999999999936e+00
1.231479999999999908e+00
1.233510000000000106e+00
1.236539999999999973e+00
1.238569999999999949e+00
1.241649999999999920e+00
1.243700000000000028e+00
1.246769999999999934e+00
1.248780000000000001e+00
1.251880000000000104e+00
1.253919999999999924e+00
1.256979999999999986e+00
1.258999999999999897e+00
1.262080000000000091e+00
1.264129999999999976e+00
1.267209999999999948e+00
1.269279999999999964e+00
1.272319999999999895e+00
1.274399999999999977e+00
1.277460000000000040e+00
1.279509999999999925e+00
1.282580000000000053e+00
1.284599999999999964e+00
1.287639999999999896e+00
1.289690000000000003e+00
1.292769999999999975e+00
1.294829999999999925e+00
1.297879999999999923e+00
1.299940000000000095e+00
1.302980000000000027e+00
1.305050000000000043e+00
1.308079999999999909e+00
1.310140000000000082e+00
1.313229999999999897e+00
1.315250000000000030e+00
1.318340000000000067e+00
1.320380000000000109e+00
1.323469999999999924e+00
1.325360000000000094e+00
1.328419999999999934e+00
1.330440000000000067e+00
1.333469999999999933e+00
1.335509999999999975e+00
1.338589999999999947e+00
1.340640000000000054e+00
1.343699999999999894e+00
1.345720000000000027e+00
1.348810000000000064e+00
1.350850000000000106e+00
1.353909999999999947e+00
1.355939999999999923e+00
1.358989999999999920e+00
1.361050000000000093e+00
1.364119999999999999e+00
1.366179999999999950e+00
1.369229999999999947e+00
1.371329999999999938e+00
1.374400000000000066e+00
1.376440000000000108e+00
1.379510000000000014e+00
1.381520000000000081e+00
1.384549999999999947e+00
1.386600000000000055e+00
1.389710000000000001e+00
1.391750000000000043e+00
1.394810000000000105e+00
1.396849999999999925e+00
1.399899999999999922e+00
1.401969999999999938e+00
1.405010000000000092e+00
1.407070000000000043e+00
1.410160000000000080e+00
1.412179999999999991e+00
1.415259999999999962e+00
1.417300000000000004e+00
1.420420000000000016e+00
1.422460000000000058e+00
1.425529999999999964e+00
1.427559999999999940e+00
1.430569999999999897e+00
1.432609999999999939e+00
1.435680000000000067e+00
1.437740000000000018e+00
1.440800000000000081e+00
1.442830000000000057e+00
1.445920000000000094e+00
1.447780000000000067e+00
1.450849999999999973e+00
1.452879999999999949e+00
1.455959999999999921e+00
1.458020000000000094e+00
1.461090000000000000e+00
1.463130000000000042e+00
1.466190000000000104e+00
1.468269999999999964e+00
1.471349999999999936e+00
1.473389999999999977e+00
1.476460000000000106e+00
1.478460000000000107e+00
1.481500000000000039e+00
1.483559999999999990e+00
1.486660000000000093e+00
1.488690000000000069e+00
1.491759999999999975e+00
1.493789999999999951e+00
1.496839999999999948e+00
1.498909999999999965e+00
1.501949999999999896e+00
1.504010000000000069e+00
1.507090000000000041e+00
1.509120000000000017e+00
1.512189999999999923e+00
1.514240000000000030e+00
1.517339999999999911e+00
1.519390000000000018e+00
1.522450000000000081e+00
1.524480000000000057e+00
1.527500000000000080e+00
1.529539999999999900e+00
1.532610000000000028e+00
1.534669999999999979e+00
1.537719999999999976e+00
1.539770000000000083e+00
1.542839999999999989e+00
1.544850000000000056e+00
1.547930000000000028e+00
1.549970000000000070e+00
1.552990000000000093e+00
1.555060000000000109e+00
1.558130000000000015e+00
1.561209999999999987e+00
1.563229999999999897e+00
1.566330000000000000e+00
1.568400000000000016e+00
1.571479999999999988e+00
1.573499999999999899e+00
1.576519999999999921e+00
1.578580000000000094e+00
1.581650000000000000e+00
1.583720000000000017e+00
1.586759999999999948e+00
1.588810000000000056e+00
1.591909999999999936e+00
1.593760000000000066e+00
1.596829999999999972e+00
1.598859999999999948e+00
1.601949999999999985e+00
1.604009999999999936e+00
1.607069999999999999e+00
1.609120000000000106e+00
1.612190000000000012e+00
1.614260000000000028e+00
1.617310000000000025e+00
1.619369999999999976e+00
1.622430000000000039e+00
1.624440000000000106e+00
1.627520000000000078e+00
1.629539999999999988e+00
1.632619999999999960e+00
1.634649999999999936e+00
1.637739999999999974e+00
1.639780000000000015e+00
1.642859999999999987e+00
1.644879999999999898e+00
1.647899999999999920e+00
1.649999999999999911e+00
1.653070000000000039e+00
1.655129999999999990e+00
1.658199999999999896e+00
1.660230000000000095e+00
1.663329999999999975e+00
1.665380000000000082e+00
1.668449999999999989e+00
1.670490000000000030e+00
1.673510000000000053e+00
1.675559999999999938e+00
1.678639999999999910e+00
1.680700000000000083e+00
1.683720000000000105e+00
1.685799999999999965e+00
1.688879999999999937e+00
1.690930000000000044e+00
1.693969999999999976e+00
1.695969999999999978e+00
1.699070000000000080e+00
1.701130000000000031e+00
1.704229999999999912e+00
1.706280000000000019e+00
1.709340000000000082e+00
1.711389999999999967e+00
1.714259999999999895e+00
1.716320000000000068e+00
1.719389999999999974e+00
1.721400000000000041e+00
1.724469999999999947e+00
1.726480000000000015e+00
1.729570000000000052e+00
1.731619999999999937e+00
1.734699999999999909e+00
1.736739999999999950e+00
1.739810000000000079e+00
1.741829999999999989e+00
1.744830000000000103e+00
1.746909999999999963e+00
1.750010000000000066e+00
1.752070000000000016e+00
1.755130000000000079e+00
1.757169999999999899e+00
1.760270000000000001e+00
1.762299999999999978e+00
1.765379999999999949e+00
1.767419999999999991e+00
1.770440000000000014e+00
1.772499999999999964e+00
1.775570000000000093e+00
1.777600000000000069e+00
1.780659999999999910e+00
1.782750000000000057e+00
1.785819999999999963e+00
1.787860000000000005e+00
1.790920000000000067e+00
1.792899999999999938e+00
1.796010000000000106e+00
1.798079999999999901e+00
1.801169999999999938e+00
1.803209999999999980e+00
1.806289999999999951e+00
1.808319999999999927e+00
1.811379999999999990e+00
1.813460000000000072e+00
1.816500000000000004e+00
1.818500000000000005e+00
1.821590000000000042e+00
1.823600000000000110e+00
1.826699999999999990e+00
1.828719999999999901e+00
1.831820000000000004e+00
1.833860000000000046e+00
1.836759999999999948e+00
1.838789999999999925e+00
1.841809999999999947e+00
1.843890000000000029e+00
1.846970000000000001e+00
1.849040000000000017e+00
1.852090000000000014e+00
1.854139999999999899e+00
1.857240000000000002e+00
1.859269999999999978e+00
1.862330000000000041e+00
1.864379999999999926e+00
1.867410000000000014e+00
1.869459999999999900e+00
1.872530000000000028e+00
1.874549999999999939e+00
1.877620000000000067e+00
1.879690000000000083e+00
1.882770000000000055e+00
1.884810000000000096e+00
1.887860000000000094e+00
1.889869999999999939e+00
1.892959999999999976e+00
1.895029999999999992e+00
1.898120000000000029e+00
1.900150000000000006e+00
1.903229999999999977e+00
1.905270000000000019e+00
1.908330000000000082e+00
1.910390000000000033e+00
1.913429999999999964e+00
1.915459999999999940e+00
1.918500000000000094e+00
1.920539999999999914e+00
1.923629999999999951e+00
1.925650000000000084e+00
1.928749999999999964e+00
1.930790000000000006e+00
1.933850000000000069e+00
1.935880000000000045e+00
1.938930000000000042e+00
1.941000000000000059e+00
1.944069999999999965e+00
1.946139999999999981e+00
1.949200000000000044e+00
1.951259999999999994e+00
1.954350000000000032e+00
1.956380000000000008e+00
1.959449999999999914e+00
1.961489999999999956e+00
1.964539999999999953e+00
1.966579999999999995e+00
1.969649999999999901e+00
1.971689999999999943e+00
1.974750000000000005e+00
1.976839999999999931e+00
1.979889999999999928e+00
1.981929999999999970e+00
1.984830000000000094e+00
1.986839999999999939e+00
1.989940000000000042e+00
1.991999999999999993e+00
1.995079999999999965e+00
1.997109999999999941e+00
2.000179999999999847e+00
2.002250000000000085e+00
2.005310000000000148e+00
2.007359999999999811e+00
2.010419999999999874e+00
2.012410000000000032e+00
2.015489999999999782e+00
2.017539999999999889e+00
2.020610000000000017e+00
2.022629999999999928e+00
2.025720000000000187e+00
2.027769999999999850e+00
2.030829999999999913e+00
2.032869999999999955e+00
2.035930000000000017e+00
2.037990000000000190e+00
2.041049999999999809e+00
2.043120000000000047e+00
2.046170000000000044e+00
2.048239999999999839e+00
2.051330000000000098e+00
2.053350000000000009e+00
2.056430000000000202e+00
2.058460000000000178e+00
2.061510000000000176e+00
2.063550000000000217e+00
2.066629999999999967e+00
2.068659999999999943e+00
2.071720000000000006e+00
2.073789999999999800e+00
2.076839999999999797e+00
2.078879999999999839e+00
2.081949999999999967e+00
2.083979999999999944e+00
2.087079999999999824e+00
2.089100000000000179e+00
2.089550000000000018e+00
2.089560000000000084e+00
2.090320000000000178e+00
2.092350000000000154e+00
2.095380000000000020e+00
2.097480000000000011e+00
2.100569999999999826e+00
2.102609999999999868e+00
2.105669999999999931e+00
2.107650000000000023e+00
2.110720000000000152e+00
2.112769999999999815e+00
2.115850000000000009e+00
2.117890000000000050e+00
2.120960000000000178e+00
2.122990000000000155e+00
2.126040000000000152e+00
2.128099999999999881e+00
2.131139999999999812e+00
2.133189999999999920e+00
2.136109999999999953e+00
2.138139999999999930e+00
2.141199999999999992e+00
2.143250000000000099e+00
2.146360000000000046e+00
2.148410000000000153e+00
2.151489999999999903e+00
2.153519999999999879e+00
2.156550000000000189e+00
2.158580000000000165e+00
2.161639999999999784e+00
2.163720000000000088e+00
2.166770000000000085e+00
2.168839999999999879e+00
2.171899999999999942e+00
2.173909999999999787e+00
2.176989999999999981e+00
2.179040000000000088e+00
2.182119999999999838e+00
2.184180000000000010e+00
2.187250000000000139e+00
2.189290000000000180e+00
2.192320000000000046e+00
2.194430000000000103e+00
2.197490000000000165e+00
2.199549999999999894e+00
2.202589999999999826e+00
2.204590000000000050e+00
2.207669999999999799e+00
2.209719999999999906e+00
2.212779999999999969e+00
2.214820000000000011e+00
2.217900000000000205e+00
2.219939999999999802e+00
2.222999999999999865e+00
2.225039999999999907e+00
2.228079999999999838e+00
2.230150000000000077e+00
2.233229999999999826e+00
2.235279999999999934e+00
2.238360000000000127e+00
2.240380000000000038e+00
2.243479999999999919e+00
2.245540000000000092e+00
2.248610000000000220e+00
2.250640000000000196e+00
2.253649999999999931e+00
2.255689999999999973e+00
2.258770000000000167e+00
2.260670000000000179e+00
2.263720000000000176e+00
2.265769999999999840e+00
2.268839999999999968e+00
2.270869999999999944e+00
2.273940000000000072e+00
2.275980000000000114e+00
2.279049999999999798e+00
2.281109999999999971e+00
2.284190000000000165e+00
2.286230000000000206e+00
2.289270000000000138e+00
2.291370000000000129e+00
2.294420000000000126e+00
2.296479999999999855e+00
2.299519999999999786e+00
2.301530000000000076e+00
2.304600000000000204e+00
2.306649999999999867e+00
2.309719999999999995e+00
2.311749999999999972e+00
2.314839999999999787e+00
2.316889999999999894e+00
2.319929999999999826e+00
2.321969999999999867e+00
2.325000000000000178e+00
2.327080000000000037e+00
2.330140000000000100e+00
2.332209999999999894e+00
2.335300000000000153e+00
2.337320000000000064e+00
2.340430000000000010e+00
2.342470000000000052e+00
2.345549999999999802e+00
2.347579999999999778e+00
2.350600000000000023e+00
2.352629999999999999e+00
2.355719999999999814e+00
2.357779999999999987e+00
2.360819999999999919e+00
2.362880000000000091e+00
2.365979999999999972e+00
2.368009999999999948e+00
2.371070000000000011e+00
2.373099999999999987e+00
2.376189999999999802e+00
2.378219999999999779e+00
2.381310000000000038e+00
2.383370000000000211e+00
2.386420000000000208e+00
2.388479999999999936e+00
2.391550000000000065e+00
2.393440000000000012e+00
2.396479999999999944e+00
2.398509999999999920e+00
2.401569999999999983e+00
2.403599999999999959e+00
2.406670000000000087e+00
2.408710000000000129e+00
2.411810000000000009e+00
2.413860000000000117e+00
2.416920000000000179e+00
2.418950000000000156e+00
2.421980000000000022e+00
2.424059999999999881e+00
2.427130000000000010e+00
2.429190000000000182e+00
2.432269999999999932e+00
2.434280000000000221e+00
2.437380000000000102e+00
2.439430000000000209e+00
2.442520000000000024e+00
2.444560000000000066e+00
2.447579999999999867e+00
2.449609999999999843e+00
2.452690000000000037e+00
2.454750000000000210e+00
2.457790000000000141e+00
2.459849999999999870e+00
2.462940000000000129e+00
2.464970000000000105e+00
2.468039999999999790e+00
2.470050000000000079e+00
2.473139999999999894e+00
2.475200000000000067e+00
2.478270000000000195e+00
2.480329999999999924e+00
2.483400000000000052e+00
2.485440000000000094e+00
2.488480000000000025e+00
2.490549999999999820e+00
2.493619999999999948e+00
2.495629999999999793e+00
2.498709999999999987e+00
2.500719999999999832e+00
2.503789999999999960e+00
2.505840000000000067e+00
2.508929999999999882e+00
2.510969999999999924e+00
2.514029999999999987e+00
2.516059999999999963e+00
2.518930000000000113e+00
2.520999999999999908e+00
2.524059999999999970e+00
2.526130000000000209e+00
2.529199999999999893e+00
2.531229999999999869e+00
2.534310000000000063e+00
2.536369999999999791e+00
2.539460000000000051e+00
2.541479999999999961e+00
2.544509999999999827e+00
2.546539999999999804e+00
2.549630000000000063e+00
2.551670000000000105e+00
2.554720000000000102e+00
2.556789999999999896e+00
2.559870000000000090e+00
2.561920000000000197e+00
2.564979999999999816e+00
2.566969999999999974e+00
2.570079999999999920e+00
2.572140000000000093e+00
2.575229999999999908e+00
2.577269999999999950e+00
2.580340000000000078e+00
2.582380000000000120e+00
2.585430000000000117e+00
2.587499999999999911e+00
2.590559999999999974e+00
2.592569999999999819e+00
2.595639999999999947e+00
2.597640000000000171e+00
2.600740000000000052e+00
2.602790000000000159e+00
2.605859999999999843e+00
2.607920000000000016e+00
2.610970000000000013e+00
2.612999999999999989e+00
2.616049999999999986e+00
2.618129999999999846e+00
2.621189999999999909e+00
2.623260000000000147e+00
2.626329999999999831e+00
2.628369999999999873e+00
2.631450000000000067e+00
2.633490000000000109e+00
2.636559999999999793e+00
2.638609999999999900e+00
2.641630000000000145e+00
2.643670000000000186e+00
2.646760000000000002e+00
2.648779999999999912e+00
2.651829999999999909e+00
2.653919999999999835e+00
2.656989999999999963e+00
2.659040000000000070e+00
2.662080000000000002e+00
2.664099999999999913e+00
2.667209999999999859e+00
2.669249999999999901e+00
2.672349999999999781e+00
2.674370000000000136e+00
2.677459999999999951e+00
2.679489999999999927e+00
2.682560000000000056e+00
2.684610000000000163e+00
2.687669999999999781e+00
2.689670000000000005e+00
2.692559999999999842e+00
2.694589999999999819e+00
2.697680000000000078e+00
2.699720000000000120e+00
2.702809999999999935e+00
2.704839999999999911e+00
2.707910000000000039e+00
2.709950000000000081e+00
2.713000000000000078e+00
2.715069999999999872e+00
2.718140000000000001e+00
2.720200000000000173e+00
2.723430000000000017e+00
2.725499999999999812e+00
2.728590000000000071e+00
2.731489999999999974e+00
2.733509999999999884e+00
2.736549999999999816e+00
2.738589999999999858e+00
2.741639999999999855e+00
2.743710000000000093e+00
2.746799999999999908e+00
2.748800000000000132e+00
2.751900000000000013e+00
2.753960000000000186e+00
2.757010000000000183e+00
2.759049999999999780e+00
2.762119999999999909e+00
2.764170000000000016e+00
2.767230000000000079e+00
2.769289999999999807e+00
2.772359999999999935e+00
2.774420000000000108e+00
2.777499999999999858e+00
2.779549999999999965e+00
2.782610000000000028e+00
2.784629999999999939e+00
2.787640000000000118e+00
2.789709999999999912e+00
2.792790000000000106e+00
2.794840000000000213e+00
2.797909999999999897e+00
2.799939999999999873e+00
2.803010000000000002e+00
2.805060000000000109e+00
2.808110000000000106e+00
2.810160000000000213e+00
2.813250000000000028e+00
2.815269999999999939e+00
2.818340000000000067e+00
2.820399999999999796e+00
2.823510000000000186e+00
2.825559999999999850e+00
2.828619999999999912e+00
2.830639999999999823e+00
2.833689999999999820e+00
2.835729999999999862e+00
2.838779999999999859e+00
2.840840000000000032e+00
2.843910000000000160e+00
2.845950000000000202e+00
2.849019999999999886e+00
2.851049999999999862e+00
2.854140000000000121e+00
2.856170000000000098e+00
2.859070000000000000e+00
2.861120000000000108e+00
2.864180000000000170e+00
2.866239999999999899e+00
2.869279999999999831e+00
2.871379999999999821e+00
2.874439999999999884e+00
2.876479999999999926e+00
2.879560000000000120e+00
2.881559999999999899e+00
2.884609999999999896e+00
2.886670000000000069e+00
2.889740000000000197e+00
2.891789999999999861e+00
2.894839999999999858e+00
2.896889999999999965e+00
2.899950000000000028e+00
2.902019999999999822e+00
2.905060000000000198e+00
2.907099999999999795e+00
2.910169999999999924e+00
2.912209999999999965e+00
2.915270000000000028e+00
2.917339999999999822e+00
2.920440000000000147e+00
2.922470000000000123e+00
2.925539999999999807e+00
2.927569999999999784e+00
2.930619999999999781e+00
2.932650000000000201e+00
2.935719999999999885e+00
2.937780000000000058e+00
2.940840000000000121e+00
2.942880000000000162e+00
2.945959999999999912e+00
2.947989999999999888e+00
2.951070000000000082e+00
2.953110000000000124e+00
2.956179999999999808e+00
2.958239999999999981e+00
2.961320000000000174e+00
2.963340000000000085e+00
2.966390000000000082e+00
2.968490000000000073e+00
2.971540000000000070e+00
2.973599999999999799e+00
2.976640000000000175e+00
2.978660000000000085e+00
2.981720000000000148e+00
2.983769999999999811e+00
2.986850000000000005e+00
2.988890000000000047e+00
2.991950000000000109e+00
2.994000000000000217e+00
2.997059999999999835e+00
2.999130000000000074e+00
3.001990000000000158e+00
3.004039999999999822e+00
3.007120000000000015e+00
3.009170000000000122e+00
3.012239999999999807e+00
3.014289999999999914e+00
3.017389999999999795e+00
3.019420000000000215e+00
3.022489999999999899e+00
3.024529999999999941e+00
3.027569999999999872e+00
3.029580000000000162e+00
3.032659999999999911e+00
3.034730000000000150e+00
3.037790000000000212e+00
3.039839999999999876e+00
3.042910000000000004e+00
3.044939999999999980e+00
3.048020000000000174e+00
3.050060000000000215e+00
3.053129999999999900e+00
3.055159999999999876e+00
3.058260000000000201e+00
3.060299999999999798e+00
3.063349999999999795e+00
3.065440000000000165e+00
3.068490000000000162e+00
3.070530000000000204e+00
3.073580000000000201e+00
3.075610000000000177e+00
3.078660000000000174e+00
3.080709999999999837e+00
3.083779999999999966e+00
3.085809999999999942e+00
3.088909999999999823e+00
3.090949999999999864e+00
3.094009999999999927e+00
3.096060000000000034e+00
3.099099999999999966e+00
3.101109999999999811e+00
3.104179999999999939e+00
3.106240000000000112e+00
3.109319999999999862e+00
3.111340000000000217e+00
3.114440000000000097e+00
3.116490000000000204e+00
3.119559999999999889e+00
3.121620000000000061e+00
3.124639999999999862e+00
3.126669999999999838e+00
3.129729999999999901e+00
3.131800000000000139e+00
3.134860000000000202e+00
3.136919999999999931e+00
3.139829999999999899e+00
3.141840000000000188e+00
3.144930000000000003e+00
3.146970000000000045e+00
3.150030000000000108e+00
3.152080000000000215e+00
3.155180000000000096e+00
3.157210000000000072e+00
3.160270000000000135e+00
3.162349999999999994e+00
3.165420000000000122e+00
3.167460000000000164e+00
3.170519999999999783e+00
3.172540000000000138e+00
3.175590000000000135e+00
3.177630000000000177e+00
3.180699999999999861e+00
3.182729999999999837e+00
3.185839999999999783e+00
3.187889999999999890e+00
3.190939999999999888e+00
3.192979999999999929e+00
3.196019999999999861e+00
3.198090000000000099e+00
3.201159999999999783e+00
3.203230000000000022e+00
3.206290000000000084e+00
3.208309999999999995e+00
3.211399999999999810e+00
3.213459999999999983e+00
3.216549999999999798e+00
3.218580000000000219e+00
3.221610000000000085e+00
3.223640000000000061e+00
3.226700000000000124e+00
3.228759999999999852e+00
3.231819999999999915e+00
3.233890000000000153e+00
3.236959999999999837e+00
3.238989999999999814e+00
3.242059999999999942e+00
3.244110000000000049e+00
3.247170000000000112e+00
3.249229999999999841e+00
3.252310000000000034e+00
3.254350000000000076e+00
3.257410000000000139e+00
3.259450000000000180e+00
3.262529999999999930e+00
3.264590000000000103e+00
3.267650000000000166e+00
3.269660000000000011e+00
3.272559999999999913e+00
3.274570000000000203e+00
3.277649999999999952e+00
3.279700000000000060e+00
3.282789999999999875e+00
3.284839999999999982e+00
3.287900000000000045e+00
3.289930000000000021e+00
3.292980000000000018e+00
3.295030000000000125e+00
3.298099999999999810e+00
3.300149999999999917e+00
3.303230000000000111e+00
3.305239999999999956e+00
3.308330000000000215e+00
3.310389999999999944e+00
3.313470000000000137e+00
3.315519999999999801e+00
3.318550000000000111e+00
3.320570000000000022e+00
3.323640000000000150e+00
3.325720000000000010e+00
3.328759999999999941e+00
3.330830000000000179e+00
3.333899999999999864e+00
3.335920000000000218e+00
3.338979999999999837e+00
3.341019999999999879e+00
3.344110000000000138e+00
3.346169999999999867e+00
3.349250000000000060e+00
3.351300000000000168e+00
3.354359999999999786e+00
3.356399999999999828e+00
3.359459999999999891e+00
3.361530000000000129e+00
3.364580000000000126e+00
3.366589999999999971e+00
3.369660000000000100e+00
3.371669999999999945e+00
3.374760000000000204e+00
3.376819999999999933e+00
3.379910000000000192e+00
3.381949999999999790e+00
3.384840000000000071e+00
3.386849999999999916e+00
3.389920000000000044e+00
3.391989999999999839e+00
3.395059999999999967e+00
3.397120000000000140e+00
3.400189999999999824e+00
3.402219999999999800e+00
3.405299999999999994e+00
3.407360000000000166e+00
3.410429999999999851e+00
3.412469999999999892e+00
3.415480000000000071e+00
3.417520000000000113e+00
3.420619999999999994e+00
3.422649999999999970e+00
3.425730000000000164e+00
3.427789999999999893e+00
3.430829999999999824e+00
3.432900000000000063e+00
3.435939999999999994e+00
3.437969999999999970e+00
3.441059999999999786e+00
3.443109999999999893e+00
3.446190000000000087e+00
3.448220000000000063e+00
3.451319999999999943e+00
3.453359999999999985e+00
3.456420000000000048e+00
3.458480000000000221e+00
3.461530000000000218e+00
3.463529999999999998e+00
3.466600000000000126e+00
3.468620000000000037e+00
3.471709999999999852e+00
3.473749999999999893e+00
3.476850000000000218e+00
3.478880000000000194e+00
3.481949999999999878e+00
3.484999999999999876e+00
3.487049999999999983e+00
3.490130000000000177e+00
3.492170000000000218e+00
3.495249999999999968e+00
3.497310000000000141e+00
3.500389999999999890e+00
3.502439999999999998e+00
3.505520000000000191e+00
3.507550000000000168e+00
3.510590000000000099e+00
3.512599999999999945e+00
3.515690000000000204e+00
3.517739999999999867e+00
3.520809999999999995e+00
3.522819999999999840e+00
3.525929999999999787e+00
3.527960000000000207e+00
3.531050000000000022e+00
3.533090000000000064e+00
3.536160000000000192e+00
3.538190000000000168e+00
3.541249999999999787e+00
3.543309999999999960e+00
3.546219999999999928e+00
3.548280000000000101e+00
3.551359999999999850e+00
3.553380000000000205e+00
3.556449999999999889e+00
3.558489999999999931e+00
3.561510000000000176e+00
3.563559999999999839e+00
3.566650000000000098e+00
3.568690000000000140e+00
3.571730000000000071e+00
3.573799999999999866e+00
3.576869999999999994e+00
3.578930000000000167e+00
3.581980000000000164e+00
3.584029999999999827e+00
3.587099999999999955e+00
3.589129999999999932e+00
3.592210000000000125e+00
3.594259999999999788e+00
3.597360000000000113e+00
3.599400000000000155e+00
3.602479999999999905e+00
3.604499999999999815e+00
3.607549999999999812e+00
3.609579999999999789e+00
3.612649999999999917e+00
3.614710000000000090e+00
3.617760000000000087e+00
3.619769999999999932e+00
3.622869999999999813e+00
3.624919999999999920e+00
3.628010000000000179e+00
3.630040000000000155e+00
3.633119999999999905e+00
3.635159999999999947e+00
3.638199999999999878e+00
3.640270000000000117e+00
3.643339999999999801e+00
3.645410000000000039e+00
3.648470000000000102e+00
3.650510000000000144e+00
3.653579999999999828e+00
3.655600000000000183e+00
3.658650000000000180e+00
3.660690000000000222e+00
3.663769999999999971e+00
3.665630000000000166e+00
3.668699999999999850e+00
3.670739999999999892e+00
3.673830000000000151e+00
3.675870000000000193e+00
3.678929999999999811e+00
3.680950000000000166e+00
3.684029999999999916e+00
3.686049999999999827e+00
3.689130000000000020e+00
3.691190000000000193e+00
3.694290000000000074e+00
3.696340000000000181e+00
3.699409999999999865e+00
3.701410000000000089e+00
3.704499999999999904e+00
3.706510000000000193e+00
3.709579999999999878e+00
3.711629999999999985e+00
3.714690000000000047e+00
3.716720000000000024e+00
3.719809999999999839e+00
3.721870000000000012e+00
3.724930000000000074e+00
3.726980000000000182e+00
3.730049999999999866e+00
3.732089999999999907e+00
3.735160000000000036e+00
3.737210000000000143e+00
3.740270000000000206e+00
3.742340000000000000e+00
3.745389999999999997e+00
3.747440000000000104e+00
3.750519999999999854e+00
3.752530000000000143e+00
3.755570000000000075e+00
3.757629999999999804e+00
3.760709999999999997e+00
3.762750000000000039e+00
3.765820000000000167e+00
3.767840000000000078e+00
3.770910000000000206e+00
3.772980000000000000e+00
3.776019999999999932e+00
3.778070000000000039e+00
3.781159999999999854e+00
3.783199999999999896e+00
3.786270000000000024e+00
3.788320000000000132e+00
3.791420000000000012e+00
3.793460000000000054e+00
3.796339999999999826e+00
3.798369999999999802e+00
3.801429999999999865e+00
3.803459999999999841e+00
3.806529999999999969e+00
3.808580000000000076e+00
3.811640000000000139e+00
3.813680000000000181e+00
3.816759999999999931e+00
3.818810000000000038e+00
3.821870000000000100e+00
3.823910000000000142e+00
3.826970000000000205e+00
3.829039999999999999e+00
3.832120000000000193e+00
3.834159999999999791e+00
3.837209999999999788e+00
3.839309999999999778e+00
3.842340000000000089e+00
3.844399999999999817e+00
3.847469999999999946e+00
3.849479999999999791e+00
3.852510000000000101e+00
3.854550000000000143e+00
3.857639999999999958e+00
3.859690000000000065e+00
3.862779999999999880e+00
3.864819999999999922e+00
3.867869999999999919e+00
3.869930000000000092e+00
3.872949999999999893e+00
3.875020000000000131e+00
3.878109999999999946e+00
3.880139999999999922e+00
3.883230000000000182e+00
3.885260000000000158e+00
3.888349999999999973e+00
3.890400000000000080e+00
3.893470000000000208e+00
3.895519999999999872e+00
3.898559999999999803e+00
3.900580000000000158e+00
3.903630000000000155e+00
3.905689999999999884e+00
3.908760000000000012e+00
3.910829999999999806e+00
3.913910000000000000e+00
3.915909999999999780e+00
3.919000000000000039e+00
3.921030000000000015e+00
3.924110000000000209e+00
3.926169999999999938e+00
3.929069999999999840e+00
3.931099999999999817e+00
3.934149999999999814e+00
3.936240000000000183e+00
3.939299999999999802e+00
3.941370000000000040e+00
3.944430000000000103e+00
3.946439999999999948e+00
3.949469999999999814e+00
3.951529999999999987e+00
3.954610000000000181e+00
3.956630000000000091e+00
3.959729999999999972e+00
3.961770000000000014e+00
3.964850000000000207e+00
3.966889999999999805e+00
3.969939999999999802e+00
3.971999999999999975e+00
3.975070000000000103e+00
3.977110000000000145e+00
3.980170000000000208e+00
3.982209999999999805e+00
3.985300000000000065e+00
3.987359999999999793e+00
3.990429999999999922e+00
3.992480000000000029e+00
3.995509999999999895e+00
3.997539999999999871e+00
4.000589999999999868e+00
4.002640000000000420e+00
4.005720000000000169e+00
4.007780000000000342e+00
4.010849999999999582e+00
4.012870000000000381e+00
4.015939999999999621e+00
4.017999999999999794e+00
4.021080000000000432e+00
4.023130000000000095e+00
4.026200000000000223e+00
4.028240000000000265e+00
4.031290000000000262e+00
4.033360000000000056e+00
4.036430000000000184e+00
4.038479999999999848e+00
4.041540000000000354e+00
4.043560000000000265e+00
4.046610000000000262e+00
4.048650000000000304e+00
4.051720000000000432e+00
4.053779999999999717e+00
4.056860000000000355e+00
4.058900000000000396e+00
4.061960000000000015e+00
4.063990000000000435e+00
4.067050000000000054e+00
4.069099999999999717e+00
4.072180000000000355e+00
4.074060000000000237e+00
4.077119999999999855e+00
4.079139999999999766e+00
4.082239999999999647e+00
4.084290000000000198e+00
4.087369999999999948e+00
4.089400000000000368e+00
4.092439999999999856e+00
4.094439999999999635e+00
4.097529999999999895e+00
4.099590000000000067e+00
4.102649999999999686e+00
4.104729999999999990e+00
4.107779999999999987e+00
4.109810000000000407e+00
4.112879999999999647e+00
4.114939999999999820e+00
4.118000000000000327e+00
4.120049999999999990e+00
4.123140000000000249e+00
4.125160000000000160e+00
4.128230000000000288e+00
4.130300000000000082e+00
4.133359999999999701e+00
4.135419999999999874e+00
4.138480000000000381e+00
4.140489999999999782e+00
4.143559999999999910e+00
4.145590000000000330e+00
4.148649999999999949e+00
4.150710000000000122e+00
4.153789999999999871e+00
4.155840000000000423e+00
4.158900000000000041e+00
4.160929999999999573e+00
4.163999999999999702e+00
4.166070000000000384e+00
4.169130000000000003e+00
4.171179999999999666e+00
4.174249999999999794e+00
4.176269999999999705e+00
4.179350000000000342e+00
4.181420000000000137e+00
4.184490000000000265e+00
4.186530000000000307e+00
4.189540000000000042e+00
4.191580000000000084e+00
4.194670000000000343e+00
4.196720000000000006e+00
4.199609999999999843e+00
4.201670000000000016e+00
4.204720000000000013e+00
4.206769999999999676e+00
4.209850000000000314e+00
4.211890000000000356e+00
4.214970000000000105e+00
4.217010000000000147e+00
4.220089999999999897e+00
4.222120000000000317e+00
4.225200000000000067e+00
4.227249999999999730e+00
4.230310000000000237e+00
4.232370000000000410e+00
4.235409999999999897e+00
4.237440000000000317e+00
4.240509999999999557e+00
4.242539999999999978e+00
4.245610000000000106e+00
4.247659999999999769e+00
4.250750000000000028e+00
4.252790000000000070e+00
4.255860000000000198e+00
4.257889999999999731e+00
4.260959999999999859e+00
4.263020000000000032e+00
4.266079999999999650e+00
4.268139999999999823e+00
4.271219999999999573e+00
4.273249999999999993e+00
4.276340000000000252e+00
4.278380000000000294e+00
4.281460000000000043e+00
4.283500000000000085e+00
4.286509999999999820e+00
4.288560000000000372e+00
4.291629999999999612e+00
4.293669999999999654e+00
4.296739999999999782e+00
4.298790000000000333e+00
4.301870000000000083e+00
4.303930000000000256e+00
4.307000000000000384e+00
4.309020000000000294e+00
4.312079999999999913e+00
4.314140000000000086e+00
4.317210000000000214e+00
4.319259999999999877e+00
4.322350000000000136e+00
4.324379999999999669e+00
4.327460000000000306e+00
4.329500000000000348e+00
4.332559999999999967e+00
4.334579999999999878e+00
4.337629999999999875e+00
4.339680000000000426e+00
4.342740000000000045e+00
4.344789999999999708e+00
4.347879999999999967e+00
4.349920000000000009e+00
4.352999999999999758e+00
4.355039999999999800e+00
4.358109999999999928e+00
4.360140000000000349e+00
4.363199999999999967e+00
4.365269999999999762e+00
4.368330000000000268e+00
4.370379999999999932e+00
4.373459999999999681e+00
4.375490000000000101e+00
4.378560000000000230e+00
4.380609999999999893e+00
4.383650000000000269e+00
4.385699999999999932e+00
4.388779999999999681e+00
4.390799999999999592e+00
4.393839999999999968e+00
4.395749999999999602e+00
4.398819999999999730e+00
4.400890000000000413e+00
4.403950000000000031e+00
4.405960000000000321e+00
4.409049999999999692e+00
4.411100000000000243e+00
4.414170000000000371e+00
4.416220000000000034e+00
4.419299999999999784e+00
4.421339999999999826e+00
4.424380000000000202e+00
4.426440000000000374e+00
4.429520000000000124e+00
4.431530000000000413e+00
4.434599999999999653e+00
4.436639999999999695e+00
4.439709999999999823e+00
4.441729999999999734e+00
4.444819999999999993e+00
4.446869999999999656e+00
4.449939999999999785e+00
4.451979999999999826e+00
4.455049999999999955e+00
4.457069999999999865e+00
4.460149999999999615e+00
4.462209999999999788e+00
4.465259999999999785e+00
4.467340000000000089e+00
4.470390000000000086e+00
4.472419999999999618e+00
4.475500000000000256e+00
4.477549999999999919e+00
4.480579999999999785e+00
4.482630000000000337e+00
4.485719999999999708e+00
4.487739999999999618e+00
4.490789999999999615e+00
4.492869999999999919e+00
4.495930000000000426e+00
4.497989999999999711e+00
4.501039999999999708e+00
4.503070000000000128e+00
4.506160000000000387e+00
4.508189999999999920e+00
4.511280000000000179e+00
4.513320000000000221e+00
4.516409999999999592e+00
4.518449999999999633e+00
4.521510000000000140e+00
4.523550000000000182e+00
4.526620000000000310e+00
4.528640000000000221e+00
4.531690000000000218e+00
4.533739999999999881e+00
4.536810000000000009e+00
4.538840000000000430e+00
4.541929999999999801e+00
4.543980000000000352e+00
4.547049999999999592e+00
4.549089999999999634e+00
4.551989999999999981e+00
4.554020000000000401e+00
4.557100000000000151e+00
4.559330000000000105e+00
4.562219999999999942e+00
4.564289999999999736e+00
4.567359999999999864e+00
4.569370000000000154e+00
4.572460000000000413e+00
4.574519999999999698e+00
4.577530000000000321e+00
4.579579999999999984e+00
4.582639999999999603e+00
4.584679999999999644e+00
4.587760000000000282e+00
4.589830000000000076e+00
4.592889999999999695e+00
4.594949999999999868e+00
4.597990000000000244e+00
4.600039999999999907e+00
4.603119999999999656e+00
4.605139999999999567e+00
4.608229999999999826e+00
4.610269999999999868e+00
4.613360000000000127e+00
4.615569999999999951e+00
4.618649999999999700e+00
4.620689999999999742e+00
4.623759999999999870e+00
4.625770000000000159e+00
4.628809999999999647e+00
4.630880000000000329e+00
4.633770000000000167e+00
4.635799999999999699e+00
4.638889999999999958e+00
4.641099999999999781e+00
4.644190000000000040e+00
4.646060000000000301e+00
4.649090000000000167e+00
4.651159999999999961e+00
4.654209999999999958e+00
4.656290000000000262e+00
4.659329999999999750e+00
4.661389999999999922e+00
4.664480000000000182e+00
4.666520000000000223e+00
4.669579999999999842e+00
4.671789999999999665e+00
4.674649999999999750e+00
4.676700000000000301e+00
4.679770000000000429e+00
4.681989999999999874e+00
4.684899999999999842e+00
4.686939999999999884e+00
4.690000000000000391e+00
4.692040000000000433e+00
4.695120000000000182e+00
4.697169999999999845e+00
4.700239999999999974e+00
4.702270000000000394e+00
4.705350000000000144e+00
4.707379999999999676e+00
4.710469999999999935e+00
4.712519999999999598e+00
4.715600000000000236e+00
4.717620000000000147e+00
4.720690000000000275e+00
4.722710000000000186e+00
4.725769999999999804e+00
4.727829999999999977e+00
4.730889999999999596e+00
4.732940000000000147e+00
4.736010000000000275e+00
4.738050000000000317e+00
4.741130000000000067e+00
4.743159999999999599e+00
4.746249999999999858e+00
4.748289999999999900e+00
4.751350000000000406e+00
4.753409999999999691e+00
4.756439999999999557e+00
4.758530000000000371e+00
4.761599999999999611e+00
4.763650000000000162e+00
4.766720000000000290e+00
4.768729999999999691e+00
4.771759999999999557e+00
4.773810000000000109e+00
4.776900000000000368e+00
4.778940000000000410e+00
4.782029999999999781e+00
4.784060000000000201e+00
4.787110000000000198e+00
4.789170000000000371e+00
4.792250000000000121e+00
4.793739999999999668e+00
4.797360000000000291e+00
4.799380000000000202e+00
4.802459999999999951e+00
4.804520000000000124e+00
4.807590000000000252e+00
4.809650000000000425e+00
4.812730000000000175e+00
4.814759999999999707e+00
4.817800000000000082e+00
4.819819999999999993e+00
4.822890000000000121e+00
4.824779999999999625e+00
4.827840000000000131e+00
4.829889999999999795e+00
4.832959999999999923e+00
4.834999999999999964e+00
4.838059999999999583e+00
4.840130000000000265e+00
4.843189999999999884e+00
4.845229999999999926e+00
4.848309999999999675e+00
4.850310000000000343e+00
4.853390000000000093e+00
4.855470000000000397e+00
4.858520000000000394e+00
4.860590000000000188e+00
4.863640000000000185e+00
4.865660000000000096e+00
4.868689999999999962e+00
4.870759999999999756e+00
4.873850000000000016e+00
4.875880000000000436e+00
4.878969999999999807e+00
4.880989999999999718e+00
4.884050000000000225e+00
4.886110000000000397e+00
4.889190000000000147e+00
4.891219999999999679e+00
4.894289999999999807e+00
4.896329999999999849e+00
4.899409999999999599e+00
4.901460000000000150e+00
4.904530000000000278e+00
4.906579999999999941e+00
4.909659999999999691e+00
4.911699999999999733e+00
4.914729999999999599e+00
4.916750000000000398e+00
4.919819999999999638e+00
4.921870000000000189e+00
4.924940000000000317e+00
4.926999999999999602e+00
4.930080000000000240e+00
4.932100000000000151e+00
4.935179999999999900e+00
4.937229999999999563e+00
4.940290000000000070e+00
4.942350000000000243e+00
4.945409999999999862e+00
4.947440000000000282e+00
4.950520000000000032e+00
4.952589999999999826e+00
4.955669999999999575e+00
4.957709999999999617e+00
4.960759999999999614e+00
4.962799999999999656e+00
4.965830000000000410e+00
4.967889999999999695e+00
4.970939999999999692e+00
4.972979999999999734e+00
4.976069999999999993e+00
4.978110000000000035e+00
4.981189999999999785e+00
4.983229999999999826e+00
4.986290000000000333e+00
4.988349999999999618e+00
4.991399999999999615e+00
4.993470000000000297e+00
4.996529999999999916e+00
4.998569999999999958e+00
4.999990000000000379e+00
4.999990000000000379e+00
4.999990000000000379e+00
5.000000000000000000e+00
4.999990000000000379e+00
5.000000000000000000e+00
4.999990000000000379e+00
4.999990000000000379e+00
4.999990000000000379e+00
4.999990000000000379e+00
4.999990000000000379e+00
4.999990000000000379e+00
4.999990000000000379e+00
4.999990000000000379e+00
4.999990000000000379e+00
4.999990000000000379e+00
4.999990000000000379e+00
4.999990000000000379e+00
4.999990000000000379e+00
4.999990000000000379e+00
5.000000000000000000e+00
5.000000000000000000e+00
5.000000000000000000e+00
5.000000000000000000e+00
5.000000000000000000e+00
5.000000000000000000e+00
5.000000000000000000e+00
5.000000000000000000e+00
5.000000000000000000e+00
5.000000000000000000e+00
4.999990000000000379e+00
4.999990000000000379e+00
5.000000000000000000e+00
5.000000000000000000e+00
5.000000000000000000e+00
5.000000000000000000e+00
5.000000000000000000e+00
5.000000000000000000e+00
