-9.925907000000000473e-08
-9.925907000000000473e-08
-9.925907000000000473e-08
-9.925907000000000473e-08
-9.925907000000000473e-08
-9.925907000000000473e-08
-9.925907000000000473e-08
-9.925907000000000473e-08
-9.925907000000000473e-08
-9.925907000000000473e-08
-9.925907000000000473e-08
-9.925907000000000473e-08
-9.925907000000000473e-08
-9.925907000000000473e-08
-9.925907000000000473e-08
-9.925907000000000473e-08
-9.925907000000000473e-08
-9.925179000000000019e-08
-9.925179000000000019e-08
-9.925179000000000019e-08
-9.925179000000000019e-08
-9.925179000000000019e-08
-9.924452000000000544e-08
-9.924452000000000544e-08
-9.924452000000000544e-08
-9.924452000000000544e-08
-9.924452000000000544e-08
-9.924452000000000544e-08
-9.924452000000000544e-08
-9.924452000000000544e-08
-9.923724000000000089e-08
-9.923724000000000089e-08
-9.923724000000000089e-08
-9.923724000000000089e-08
-9.923724000000000089e-08
-9.923724000000000089e-08
-9.923724000000000089e-08
-9.923724000000000089e-08
-9.923724000000000089e-08
-9.923724000000000089e-08
-9.923724000000000089e-08
-9.923724000000000089e-08
-9.923724000000000089e-08
-9.923724000000000089e-08
-9.923724000000000089e-08
-9.923724000000000089e-08
-9.923724000000000089e-08
-9.923724000000000089e-08
-9.923724000000000089e-08
-9.923724000000000089e-08
-9.923724000000000089e-08
-9.923724000000000089e-08
-9.923724000000000089e-08
-9.923724000000000089e-08
-9.923724000000000089e-08
-9.923724000000000089e-08
-9.923724000000000089e-08
-9.923724000000000089e-08
-9.923724000000000089e-08
-9.923724000000000089e-08
-9.923724000000000089e-08
-9.923724000000000089e-08
-9.923724000000000089e-08
-9.923724000000000089e-08
-9.923724000000000089e-08
-9.923724000000000089e-08
-9.923724000000000089e-08
-9.923724000000000089e-08
-9.923724000000000089e-08
-9.923724000000000089e-08
-9.923724000000000089e-08
-9.923724000000000089e-08
-9.924452000000000544e-08
-9.924452000000000544e-08
-9.924452000000000544e-08
-9.924452000000000544e-08
-9.924452000000000544e-08
-9.924452000000000544e-08
-9.925179000000000019e-08
-9.925179000000000019e-08
-9.925179000000000019e-08
-9.925179000000000019e-08
-9.925179000000000019e-08
-9.925179000000000019e-08
-9.925907000000000473e-08
-9.925907000000000473e-08
-9.925907000000000473e-08
-9.925907000000000473e-08
-9.925907000000000473e-08
-9.925907000000000473e-08
-9.925907000000000473e-08
-9.925907000000000473e-08
-9.926633999999999948e-08
-9.926633999999999948e-08
-9.926633999999999948e-08
-9.926633999999999948e-08
-9.926633999999999948e-08
-9.926633999999999948e-08
-9.926633999999999948e-08
-9.926633999999999948e-08
-9.926633999999999948e-08
-9.926633999999999948e-08
-9.926633999999999948e-08
-9.926633999999999948e-08
-9.926633999999999948e-08
-9.927362000000000403e-08
-9.927362000000000403e-08
-9.927362000000000403e-08
-9.927362000000000403e-08
-9.927362000000000403e-08
-9.927362000000000403e-08
-9.927362000000000403e-08
-9.927362000000000403e-08
-9.927362000000000403e-08
-9.927362000000000403e-08
-9.927362000000000403e-08
-9.927362000000000403e-08
-9.927362000000000403e-08
-9.927362000000000403e-08
-9.927362000000000403e-08
-9.927362000000000403e-08
-9.927362000000000403e-08
-9.927362000000000403e-08
-9.927362000000000403e-08
-9.927362000000000403e-08
-9.927362000000000403e-08
-9.928089999999999534e-08
-9.928089999999999534e-08
-9.928089999999999534e-08
-9.928089999999999534e-08
-9.928089999999999534e-08
-9.928089999999999534e-08
-9.928089999999999534e-08
-9.928089999999999534e-08
-9.928089999999999534e-08
-9.928089999999999534e-08
-9.928089999999999534e-08
-9.928089999999999534e-08
-9.928089999999999534e-08
-9.928089999999999534e-08
-9.928089999999999534e-08
-9.928089999999999534e-08
-9.928089999999999534e-08
-9.928089999999999534e-08
-9.928089999999999534e-08
-9.928089999999999534e-08
-9.928089999999999534e-08
-9.928089999999999534e-08
-9.928089999999999534e-08
-9.928089999999999534e-08
-9.928089999999999534e-08
-9.928089999999999534e-08
-9.928089999999999534e-08
-9.928089999999999534e-08
-9.928089999999999534e-08
-9.928089999999999534e-08
-9.928089999999999534e-08
-9.928089999999999534e-08
-9.928089999999999534e-08
-9.928089999999999534e-08
-9.928089999999999534e-08
-9.928089999999999534e-08
-9.928089999999999534e-08
-9.928089999999999534e-08
-9.928817000000000332e-08
-9.928089999999999534e-08
-9.928089999999999534e-08
-9.928089999999999534e-08
-9.928089999999999534e-08
-9.928089999999999534e-08
-9.928089999999999534e-08
-9.928089999999999534e-08
-9.928089999999999534e-08
-9.928089999999999534e-08
-9.928089999999999534e-08
-9.928089999999999534e-08
-9.928089999999999534e-08
-9.927362000000000403e-08
-9.927362000000000403e-08
-9.927362000000000403e-08
-9.927362000000000403e-08
-9.927362000000000403e-08
-9.927362000000000403e-08
-9.927362000000000403e-08
-9.926633999999999948e-08
-9.926633999999999948e-08
-9.926633999999999948e-08
-9.926633999999999948e-08
-9.926633999999999948e-08
-9.926633999999999948e-08
-9.926633999999999948e-08
-9.926633999999999948e-08
-9.926633999999999948e-08
-9.926633999999999948e-08
-9.926633999999999948e-08
-9.926633999999999948e-08
-9.926633999999999948e-08
-9.926633999999999948e-08
-9.926633999999999948e-08
-9.926633999999999948e-08
-9.926633999999999948e-08
-9.926633999999999948e-08
-9.926633999999999948e-08
-9.926633999999999948e-08
-9.926633999999999948e-08
-9.926633999999999948e-08
-9.926633999999999948e-08
-9.926633999999999948e-08
-9.926633999999999948e-08
-9.926633999999999948e-08
-9.926633999999999948e-08
-9.926633999999999948e-08
-9.926633999999999948e-08
-9.926633999999999948e-08
-9.926633999999999948e-08
-9.926633999999999948e-08
-9.926633999999999948e-08
-9.926633999999999948e-08
-9.926633999999999948e-08
-9.926633999999999948e-08
-9.926633999999999948e-08
-9.926633999999999948e-08
-9.927362000000000403e-08
-9.927362000000000403e-08
-9.927362000000000403e-08
-9.927362000000000403e-08
-9.927362000000000403e-08
-9.927362000000000403e-08
-9.927362000000000403e-08
-9.927362000000000403e-08
-9.927362000000000403e-08
-9.927362000000000403e-08
-9.927362000000000403e-08
-9.927362000000000403e-08
-9.927362000000000403e-08
-9.927362000000000403e-08
-9.927362000000000403e-08
-9.927362000000000403e-08
-9.927362000000000403e-08
-9.927362000000000403e-08
-9.927362000000000403e-08
-9.927362000000000403e-08
-9.927362000000000403e-08
-9.927362000000000403e-08
-9.927362000000000403e-08
-9.927362000000000403e-08
-9.927362000000000403e-08
-9.927362000000000403e-08
-9.927362000000000403e-08
-9.927362000000000403e-08
-9.928089999999999534e-08
-9.928089999999999534e-08
-9.928089999999999534e-08
-9.928089999999999534e-08
-9.928089999999999534e-08
-9.928089999999999534e-08
-9.928089999999999534e-08
-9.928089999999999534e-08
-9.928089999999999534e-08
-9.928089999999999534e-08
-9.928089999999999534e-08
-9.928089999999999534e-08
-9.928089999999999534e-08
-9.928089999999999534e-08
-9.928089999999999534e-08
-9.928089999999999534e-08
-9.928089999999999534e-08
-9.928089999999999534e-08
-9.928089999999999534e-08
-9.928089999999999534e-08
-9.928089999999999534e-08
-9.928089999999999534e-08
-9.928089999999999534e-08
-9.928817000000000332e-08
-9.928817000000000332e-08
-9.928817000000000332e-08
-9.928817000000000332e-08
-9.928817000000000332e-08
-9.928817000000000332e-08
-9.928817000000000332e-08
-9.928817000000000332e-08
-9.928817000000000332e-08
-9.928817000000000332e-08
-9.928817000000000332e-08
-9.928817000000000332e-08
-9.928817000000000332e-08
-9.928817000000000332e-08
-9.928817000000000332e-08
-9.928817000000000332e-08
-9.928817000000000332e-08
-9.928817000000000332e-08
-9.928817000000000332e-08
-9.928817000000000332e-08
-9.929544999999999464e-08
-9.929544999999999464e-08
-9.929544999999999464e-08
-9.929544999999999464e-08
-9.929544999999999464e-08
-9.929544999999999464e-08
-9.929544999999999464e-08
-9.929544999999999464e-08
-9.929544999999999464e-08
-9.929544999999999464e-08
-9.929544999999999464e-08
-9.929544999999999464e-08
-9.929544999999999464e-08
-9.929544999999999464e-08
-9.929544999999999464e-08
-9.929544999999999464e-08
-9.929544999999999464e-08
-9.929544999999999464e-08
-9.929544999999999464e-08
-9.930272000000000261e-08
-9.930272000000000261e-08
-9.930272000000000261e-08
-9.930272000000000261e-08
-9.930272000000000261e-08
-9.930272000000000261e-08
-9.930272000000000261e-08
-9.930272000000000261e-08
-9.930272000000000261e-08
-9.930272000000000261e-08
-9.930272000000000261e-08
-9.930272000000000261e-08
-9.930272000000000261e-08
-9.930272000000000261e-08
-9.930272000000000261e-08
-9.930272000000000261e-08
-9.930272000000000261e-08
-9.930272000000000261e-08
-9.930272000000000261e-08
-9.930272000000000261e-08
-9.930272000000000261e-08
-9.930272000000000261e-08
-9.930272000000000261e-08
-9.930272000000000261e-08
-9.930272000000000261e-08
-9.930272000000000261e-08
-9.930272000000000261e-08
-9.930999999999999393e-08
-9.930999999999999393e-08
-9.930999999999999393e-08
-9.930999999999999393e-08
-9.930999999999999393e-08
-9.930999999999999393e-08
-9.930999999999999393e-08
-9.930999999999999393e-08
-9.930999999999999393e-08
-9.930999999999999393e-08
-9.930999999999999393e-08
-9.930999999999999393e-08
-9.930999999999999393e-08
-9.930999999999999393e-08
-9.930999999999999393e-08
-9.930999999999999393e-08
-9.930999999999999393e-08
-9.930999999999999393e-08
-9.930999999999999393e-08
-9.930999999999999393e-08
-9.930999999999999393e-08
-9.930999999999999393e-08
-9.930999999999999393e-08
-9.931727999999999848e-08
-9.931727999999999848e-08
-9.931727999999999848e-08
-9.931727999999999848e-08
-9.931727999999999848e-08
-9.931727999999999848e-08
-9.931727999999999848e-08
-9.931727999999999848e-08
-9.931727999999999848e-08
-9.931727999999999848e-08
-9.931727999999999848e-08
-9.931727999999999848e-08
-9.931727999999999848e-08
-9.931727999999999848e-08
-9.931727999999999848e-08
-9.931727999999999848e-08
-9.931727999999999848e-08
-9.931727999999999848e-08
-9.931727999999999848e-08
-9.931727999999999848e-08
-9.931727999999999848e-08
-9.931727999999999848e-08
-9.931727999999999848e-08
-9.931727999999999848e-08
-9.931727999999999848e-08
-9.931727999999999848e-08
-9.931727999999999848e-08
-9.931727999999999848e-08
-9.931727999999999848e-08
-9.931727999999999848e-08
-9.931727999999999848e-08
-9.931727999999999848e-08
-9.931727999999999848e-08
-9.931727999999999848e-08
-9.931727999999999848e-08
-9.931727999999999848e-08
-9.931727999999999848e-08
-9.931727999999999848e-08
-9.931727999999999848e-08
-9.931727999999999848e-08
-9.931727999999999848e-08
-9.931727999999999848e-08
-9.931727999999999848e-08
-9.931727999999999848e-08
-9.931727999999999848e-08
-9.932455000000000646e-08
-9.932455000000000646e-08
-9.932455000000000646e-08
-9.932455000000000646e-08
-9.932455000000000646e-08
-9.932455000000000646e-08
-9.932455000000000646e-08
-9.932455000000000646e-08
-9.932455000000000646e-08
-9.932455000000000646e-08
-9.932455000000000646e-08
-9.932455000000000646e-08
-9.932455000000000646e-08
-9.932455000000000646e-08
-9.932455000000000646e-08
-9.932455000000000646e-08
-9.932455000000000646e-08
-9.932455000000000646e-08
-9.932455000000000646e-08
-9.932455000000000646e-08
-9.932455000000000646e-08
-9.933182999999999777e-08
-9.933182999999999777e-08
-9.933182999999999777e-08
-9.933182999999999777e-08
-9.933182999999999777e-08
-9.933182999999999777e-08
-9.933182999999999777e-08
-9.933182999999999777e-08
-9.933182999999999777e-08
-9.933182999999999777e-08
-9.933182999999999777e-08
-9.933182999999999777e-08
-9.933182999999999777e-08
-9.933182999999999777e-08
-9.933182999999999777e-08
-9.933182999999999777e-08
-9.933182999999999777e-08
-9.933910000000000575e-08
-9.933910000000000575e-08
-9.933910000000000575e-08
-9.933910000000000575e-08
-9.933910000000000575e-08
-9.933910000000000575e-08
-9.933910000000000575e-08
-9.933910000000000575e-08
-9.933910000000000575e-08
-9.933910000000000575e-08
-9.933910000000000575e-08
-9.933910000000000575e-08
-9.934637999999999706e-08
-9.934637999999999706e-08
-9.934637999999999706e-08
-9.934637999999999706e-08
-9.934637999999999706e-08
-9.934637999999999706e-08
-9.934637999999999706e-08
-9.934637999999999706e-08
-9.934637999999999706e-08
-9.934637999999999706e-08
-9.934637999999999706e-08
-9.935366000000000161e-08
-9.935366000000000161e-08
-9.935366000000000161e-08
-9.935366000000000161e-08
-9.935366000000000161e-08
-9.935366000000000161e-08
-9.935366000000000161e-08
-9.935366000000000161e-08
-9.935366000000000161e-08
-9.935366000000000161e-08
-9.935366000000000161e-08
-9.935366000000000161e-08
-9.936092999999999636e-08
-9.936092999999999636e-08
-9.936092999999999636e-08
-9.936092999999999636e-08
-9.936092999999999636e-08
-9.936092999999999636e-08
-9.936092999999999636e-08
-9.936092999999999636e-08
-9.936092999999999636e-08
-9.936092999999999636e-08
-9.936092999999999636e-08
-9.936092999999999636e-08
-9.936092999999999636e-08
-9.936092999999999636e-08
-9.936092999999999636e-08
-9.936821000000000091e-08
-9.936821000000000091e-08
-9.936821000000000091e-08
-9.936821000000000091e-08
-9.936821000000000091e-08
-9.936821000000000091e-08
-9.936821000000000091e-08
-9.936821000000000091e-08
-9.936821000000000091e-08
-9.936821000000000091e-08
-9.936821000000000091e-08
-9.936821000000000091e-08
-9.936821000000000091e-08
-9.936821000000000091e-08
-9.936821000000000091e-08
-9.936821000000000091e-08
-9.936821000000000091e-08
-9.936821000000000091e-08
-9.936821000000000091e-08
-9.936821000000000091e-08
-9.936821000000000091e-08
-9.937547999999999565e-08
-9.937547999999999565e-08
-9.937547999999999565e-08
-9.937547999999999565e-08
-9.937547999999999565e-08
-9.937547999999999565e-08
-9.937547999999999565e-08
-9.937547999999999565e-08
-9.937547999999999565e-08
-9.937547999999999565e-08
-9.937547999999999565e-08
-9.937547999999999565e-08
-9.937547999999999565e-08
-9.938276000000000020e-08
-9.938276000000000020e-08
-9.938276000000000020e-08
-9.938276000000000020e-08
-9.938276000000000020e-08
-9.938276000000000020e-08
-9.938276000000000020e-08
-9.938276000000000020e-08
-9.938276000000000020e-08
-9.938276000000000020e-08
-9.938276000000000020e-08
-9.938276000000000020e-08
-9.938276000000000020e-08
-9.938276000000000020e-08
-9.939004000000000475e-08
-9.939004000000000475e-08
-9.939004000000000475e-08
-9.939004000000000475e-08
-9.939004000000000475e-08
-9.939004000000000475e-08
-9.939004000000000475e-08
-9.939004000000000475e-08
-9.939004000000000475e-08
-9.939004000000000475e-08
-9.939004000000000475e-08
-9.939004000000000475e-08
-9.939004000000000475e-08
-9.939004000000000475e-08
-9.939004000000000475e-08
-9.939004000000000475e-08
-9.939004000000000475e-08
-9.939004000000000475e-08
-9.939004000000000475e-08
-9.939730999999999949e-08
-9.939730999999999949e-08
-9.939730999999999949e-08
-9.939730999999999949e-08
-9.939730999999999949e-08
-9.939730999999999949e-08
-9.939730999999999949e-08
-9.939730999999999949e-08
-9.939730999999999949e-08
-9.939730999999999949e-08
-9.939730999999999949e-08
-9.939730999999999949e-08
-9.939730999999999949e-08
-9.939730999999999949e-08
-9.939730999999999949e-08
-9.939730999999999949e-08
-9.939730999999999949e-08
-9.939730999999999949e-08
-9.939730999999999949e-08
-9.939730999999999949e-08
-9.939730999999999949e-08
-9.939730999999999949e-08
-9.939730999999999949e-08
-9.939730999999999949e-08
-9.939730999999999949e-08
-9.939730999999999949e-08
-9.939730999999999949e-08
-9.939730999999999949e-08
-9.939730999999999949e-08
-9.939730999999999949e-08
-9.939730999999999949e-08
-9.939730999999999949e-08
-9.939730999999999949e-08
-9.939730999999999949e-08
-9.939730999999999949e-08
-9.939730999999999949e-08
-9.939730999999999949e-08
-9.939730999999999949e-08
-9.940459000000000404e-08
-9.940459000000000404e-08
-9.940459000000000404e-08
-9.940459000000000404e-08
-9.940459000000000404e-08
-9.940459000000000404e-08
-9.940459000000000404e-08
-9.940459000000000404e-08
-9.940459000000000404e-08
-9.940459000000000404e-08
-9.941185999999999879e-08
-9.941185999999999879e-08
-9.941185999999999879e-08
-9.941185999999999879e-08
-9.941185999999999879e-08
-9.941185999999999879e-08
-9.941185999999999879e-08
-9.941185999999999879e-08
-9.941185999999999879e-08
-9.941185999999999879e-08
-9.941914000000000334e-08
-9.941914000000000334e-08
-9.941914000000000334e-08
-9.941914000000000334e-08
-9.941914000000000334e-08
-9.941914000000000334e-08
-9.941914000000000334e-08
-9.941914000000000334e-08
-9.941914000000000334e-08
-9.941914000000000334e-08
-9.941914000000000334e-08
-9.941914000000000334e-08
-9.941914000000000334e-08
-9.942641999999999465e-08
-9.942641999999999465e-08
-9.942641999999999465e-08
-9.942641999999999465e-08
-9.942641999999999465e-08
-9.942641999999999465e-08
-9.942641999999999465e-08
-9.942641999999999465e-08
-9.942641999999999465e-08
-9.942641999999999465e-08
-9.942641999999999465e-08
-9.943369000000000263e-08
-9.943369000000000263e-08
-9.943369000000000263e-08
-9.943369000000000263e-08
-9.943369000000000263e-08
-9.943369000000000263e-08
-9.943369000000000263e-08
-9.943369000000000263e-08
-9.943369000000000263e-08
-9.943369000000000263e-08
-9.943369000000000263e-08
-9.943369000000000263e-08
-9.943369000000000263e-08
-9.943369000000000263e-08
-9.943369000000000263e-08
-9.944096999999999394e-08
-9.944096999999999394e-08
-9.944096999999999394e-08
-9.944096999999999394e-08
-9.944096999999999394e-08
-9.944096999999999394e-08
-9.944096999999999394e-08
-9.944096999999999394e-08
-9.944096999999999394e-08
-9.944096999999999394e-08
-9.944096999999999394e-08
-9.944096999999999394e-08
-9.944824000000000192e-08
-9.944824000000000192e-08
-9.944824000000000192e-08
-9.944824000000000192e-08
-9.944824000000000192e-08
-9.944824000000000192e-08
-9.944824000000000192e-08
-9.944824000000000192e-08
-9.944824000000000192e-08
-9.944824000000000192e-08
-9.944824000000000192e-08
-9.944824000000000192e-08
-9.944824000000000192e-08
-9.945552000000000647e-08
-9.945552000000000647e-08
-9.945552000000000647e-08
-9.945552000000000647e-08
-9.945552000000000647e-08
-9.945552000000000647e-08
-9.945552000000000647e-08
-9.945552000000000647e-08
-9.945552000000000647e-08
-9.945552000000000647e-08
-9.945552000000000647e-08
-9.945552000000000647e-08
-9.946279999999999778e-08
-9.946279999999999778e-08
-9.946279999999999778e-08
-9.946279999999999778e-08
-9.946279999999999778e-08
-9.946279999999999778e-08
-9.946279999999999778e-08
-9.946279999999999778e-08
-9.946279999999999778e-08
-9.946279999999999778e-08
-9.946279999999999778e-08
-9.946279999999999778e-08
-9.946279999999999778e-08
-9.947007000000000576e-08
-9.947007000000000576e-08
-9.947007000000000576e-08
-9.947007000000000576e-08
-9.947007000000000576e-08
-9.947007000000000576e-08
-9.947007000000000576e-08
-9.947007000000000576e-08
-9.947007000000000576e-08
-9.947007000000000576e-08
-9.947007000000000576e-08
-9.947007000000000576e-08
-9.947734999999999708e-08
-9.947734999999999708e-08
-9.947734999999999708e-08
-9.947734999999999708e-08
-9.947734999999999708e-08
-9.947734999999999708e-08
-9.947734999999999708e-08
-9.947734999999999708e-08
-9.947734999999999708e-08
-9.947734999999999708e-08
-9.947734999999999708e-08
-9.947734999999999708e-08
-9.947734999999999708e-08
-9.947734999999999708e-08
-9.947734999999999708e-08
-9.947734999999999708e-08
-9.947734999999999708e-08
-9.947734999999999708e-08
-9.947734999999999708e-08
-9.947734999999999708e-08
-9.947734999999999708e-08
-9.947734999999999708e-08
-9.947734999999999708e-08
-9.948462000000000506e-08
-9.948462000000000506e-08
-9.948462000000000506e-08
-9.948462000000000506e-08
-9.948462000000000506e-08
-9.948462000000000506e-08
-9.948462000000000506e-08
-9.948462000000000506e-08
-9.948462000000000506e-08
-9.949189999999999637e-08
-9.949189999999999637e-08
-9.949189999999999637e-08
-9.949189999999999637e-08
-9.949189999999999637e-08
-9.949189999999999637e-08
-9.949189999999999637e-08
-9.949189999999999637e-08
-9.949189999999999637e-08
-9.949189999999999637e-08
-9.949189999999999637e-08
-9.949918000000000092e-08
-9.949918000000000092e-08
-9.949918000000000092e-08
-9.949918000000000092e-08
-9.949918000000000092e-08
-9.949918000000000092e-08
-9.949918000000000092e-08
-9.949918000000000092e-08
-9.949918000000000092e-08
-9.949918000000000092e-08
-9.949918000000000092e-08
-9.949918000000000092e-08
-9.950644999999999566e-08
-9.950644999999999566e-08
-9.950644999999999566e-08
-9.950644999999999566e-08
-9.950644999999999566e-08
-9.950644999999999566e-08
-9.950644999999999566e-08
-9.950644999999999566e-08
-9.950644999999999566e-08
-9.950644999999999566e-08
-9.950644999999999566e-08
-9.950644999999999566e-08
-9.950644999999999566e-08
-9.951373000000000021e-08
-9.951373000000000021e-08
-9.951373000000000021e-08
-9.951373000000000021e-08
-9.951373000000000021e-08
-9.951373000000000021e-08
-9.951373000000000021e-08
-9.951373000000000021e-08
-9.951373000000000021e-08
-9.951373000000000021e-08
-9.951373000000000021e-08
-9.951373000000000021e-08
-9.951373000000000021e-08
-9.951373000000000021e-08
-9.952099999999999496e-08
-9.952099999999999496e-08
-9.952099999999999496e-08
-9.952099999999999496e-08
-9.952099999999999496e-08
-9.952099999999999496e-08
-9.952099999999999496e-08
-9.952099999999999496e-08
-9.952099999999999496e-08
-9.952099999999999496e-08
-9.952827999999999951e-08
-9.952827999999999951e-08
-9.952827999999999951e-08
-9.952827999999999951e-08
-9.952827999999999951e-08
-9.952827999999999951e-08
-9.952827999999999951e-08
-9.952827999999999951e-08
-9.952827999999999951e-08
-9.952827999999999951e-08
-9.952827999999999951e-08
-9.953554999999999425e-08
-9.953554999999999425e-08
-9.953554999999999425e-08
-9.953554999999999425e-08
-9.953554999999999425e-08
-9.953554999999999425e-08
-9.953554999999999425e-08
-9.953554999999999425e-08
-9.953554999999999425e-08
-9.953554999999999425e-08
-9.953554999999999425e-08
-9.953554999999999425e-08
-9.953554999999999425e-08
-9.953554999999999425e-08
-9.954282999999999880e-08
-9.954282999999999880e-08
-9.954282999999999880e-08
-9.954282999999999880e-08
-9.954282999999999880e-08
-9.954282999999999880e-08
-9.954282999999999880e-08
-9.954282999999999880e-08
-9.954282999999999880e-08
-9.954282999999999880e-08
-9.954282999999999880e-08
-9.954282999999999880e-08
-9.954282999999999880e-08
-9.955011000000000335e-08
-9.955011000000000335e-08
-9.955011000000000335e-08
-9.955011000000000335e-08
-9.955011000000000335e-08
-9.955011000000000335e-08
-9.955011000000000335e-08
-9.955011000000000335e-08
-9.955011000000000335e-08
-9.955011000000000335e-08
-9.955011000000000335e-08
-9.955011000000000335e-08
-9.955011000000000335e-08
-9.955737999999999809e-08
-9.955737999999999809e-08
-9.955737999999999809e-08
-9.955737999999999809e-08
-9.955737999999999809e-08
-9.955737999999999809e-08
-9.955737999999999809e-08
-9.955737999999999809e-08
-9.955737999999999809e-08
-9.955737999999999809e-08
-9.955737999999999809e-08
-9.955737999999999809e-08
-9.955737999999999809e-08
-9.955737999999999809e-08
-9.955737999999999809e-08
-9.955737999999999809e-08
-9.955737999999999809e-08
-9.955737999999999809e-08
-9.955737999999999809e-08
-9.955737999999999809e-08
-9.955737999999999809e-08
-9.955737999999999809e-08
-9.955737999999999809e-08
-9.955737999999999809e-08
-9.955737999999999809e-08
-9.955737999999999809e-08
-9.955737999999999809e-08
-9.955737999999999809e-08
-9.955737999999999809e-08
-9.955737999999999809e-08
-9.955737999999999809e-08
-9.956466000000000264e-08
-9.956466000000000264e-08
-9.956466000000000264e-08
-9.956466000000000264e-08
-9.956466000000000264e-08
-9.956466000000000264e-08
-9.956466000000000264e-08
-9.956466000000000264e-08
-9.956466000000000264e-08
-9.956466000000000264e-08
-9.956466000000000264e-08
-9.956466000000000264e-08
-9.956466000000000264e-08
-9.957192999999999739e-08
-9.957192999999999739e-08
-9.957192999999999739e-08
-9.957192999999999739e-08
-9.957192999999999739e-08
-9.957192999999999739e-08
-9.957192999999999739e-08
-9.957192999999999739e-08
-9.957192999999999739e-08
-9.957192999999999739e-08
-9.957192999999999739e-08
-9.957192999999999739e-08
-9.957192999999999739e-08
-9.957192999999999739e-08
-9.957192999999999739e-08
-9.957192999999999739e-08
-9.957921000000000194e-08
-9.957921000000000194e-08
-9.957921000000000194e-08
-9.957921000000000194e-08
-9.957921000000000194e-08
-9.957921000000000194e-08
-9.957921000000000194e-08
-9.957921000000000194e-08
-9.957921000000000194e-08
-9.957921000000000194e-08
-9.957921000000000194e-08
-9.957921000000000194e-08
-9.958649000000000648e-08
-9.958649000000000648e-08
-9.958649000000000648e-08
-9.958649000000000648e-08
-9.958649000000000648e-08
-9.958649000000000648e-08
-9.958649000000000648e-08
-9.958649000000000648e-08
-9.958649000000000648e-08
-9.958649000000000648e-08
-9.958649000000000648e-08
-9.958649000000000648e-08
-9.958649000000000648e-08
-9.958649000000000648e-08
-9.959376000000000123e-08
-9.959376000000000123e-08
-9.959376000000000123e-08
-9.959376000000000123e-08
-9.959376000000000123e-08
-9.959376000000000123e-08
-9.959376000000000123e-08
-9.959376000000000123e-08
-9.959376000000000123e-08
-9.959376000000000123e-08
-9.959376000000000123e-08
-9.959376000000000123e-08
-9.959376000000000123e-08
-9.959376000000000123e-08
-9.960104000000000578e-08
-9.960104000000000578e-08
-9.960104000000000578e-08
-9.960104000000000578e-08
-9.960104000000000578e-08
-9.960104000000000578e-08
-9.960104000000000578e-08
-9.960104000000000578e-08
-9.960104000000000578e-08
-9.960104000000000578e-08
-9.960104000000000578e-08
-9.960104000000000578e-08
-9.960104000000000578e-08
-9.960104000000000578e-08
-9.960831000000000052e-08
-9.960831000000000052e-08
-9.960831000000000052e-08
-9.960831000000000052e-08
-9.960831000000000052e-08
-9.960831000000000052e-08
-9.960831000000000052e-08
-9.960831000000000052e-08
-9.960831000000000052e-08
-9.960831000000000052e-08
-9.960831000000000052e-08
-9.960831000000000052e-08
-9.960831000000000052e-08
-9.960831000000000052e-08
-9.960831000000000052e-08
-9.960831000000000052e-08
-9.960831000000000052e-08
-9.960831000000000052e-08
-9.960831000000000052e-08
-9.960831000000000052e-08
-9.960831000000000052e-08
-9.961559000000000507e-08
-9.961559000000000507e-08
-9.961559000000000507e-08
-9.961559000000000507e-08
-9.961559000000000507e-08
-9.961559000000000507e-08
-9.961559000000000507e-08
-9.961559000000000507e-08
-9.961559000000000507e-08
-9.961559000000000507e-08
-9.961559000000000507e-08
-9.961559000000000507e-08
-9.961559000000000507e-08
-9.961559000000000507e-08
-9.962286999999999639e-08
-9.962286999999999639e-08
-9.962286999999999639e-08
-9.962286999999999639e-08
-9.962286999999999639e-08
-9.962286999999999639e-08
-9.962286999999999639e-08
-9.962286999999999639e-08
-9.962286999999999639e-08
-9.962286999999999639e-08
-9.962286999999999639e-08
-9.963014000000000436e-08
-9.963014000000000436e-08
-9.963014000000000436e-08
-9.963014000000000436e-08
-9.963014000000000436e-08
-9.963014000000000436e-08
-9.963014000000000436e-08
-9.963014000000000436e-08
-9.963014000000000436e-08
-9.963014000000000436e-08
-9.963014000000000436e-08
-9.963014000000000436e-08
-9.963741999999999568e-08
-9.963741999999999568e-08
-9.963741999999999568e-08
-9.963741999999999568e-08
-9.963741999999999568e-08
-9.963741999999999568e-08
-9.963741999999999568e-08
-9.963741999999999568e-08
-9.963741999999999568e-08
-9.963741999999999568e-08
-9.963741999999999568e-08
-9.963741999999999568e-08
-9.963741999999999568e-08
-9.963741999999999568e-08
-9.963741999999999568e-08
-9.963741999999999568e-08
-9.963741999999999568e-08
-9.963741999999999568e-08
-9.963741999999999568e-08
-9.964469000000000366e-08
-9.964469000000000366e-08
-9.964469000000000366e-08
-9.964469000000000366e-08
-9.964469000000000366e-08
-9.964469000000000366e-08
-9.964469000000000366e-08
-9.964469000000000366e-08
-9.964469000000000366e-08
-9.964469000000000366e-08
-9.964469000000000366e-08
-9.964469000000000366e-08
-9.964469000000000366e-08
-9.964469000000000366e-08
-9.965196999999999497e-08
-9.965196999999999497e-08
-9.965196999999999497e-08
-9.965196999999999497e-08
-9.965196999999999497e-08
-9.965196999999999497e-08
-9.965196999999999497e-08
-9.965196999999999497e-08
-9.965196999999999497e-08
-9.965196999999999497e-08
-9.965196999999999497e-08
-9.965196999999999497e-08
-9.965196999999999497e-08
-9.965196999999999497e-08
-9.965196999999999497e-08
-9.965196999999999497e-08
-9.965196999999999497e-08
-9.965196999999999497e-08
-9.965924999999999952e-08
-9.965924999999999952e-08
-9.965924999999999952e-08
-9.965924999999999952e-08
-9.965924999999999952e-08
-9.965924999999999952e-08
-9.965924999999999952e-08
-9.965924999999999952e-08
-9.965924999999999952e-08
-9.965924999999999952e-08
-9.965924999999999952e-08
-9.965924999999999952e-08
-9.965924999999999952e-08
-9.965924999999999952e-08
-9.965924999999999952e-08
-9.965924999999999952e-08
-9.965924999999999952e-08
-9.965924999999999952e-08
-9.966651999999999426e-08
-9.966651999999999426e-08
-9.966651999999999426e-08
-9.966651999999999426e-08
-9.966651999999999426e-08
-9.966651999999999426e-08
-9.966651999999999426e-08
-9.966651999999999426e-08
-9.966651999999999426e-08
-9.966651999999999426e-08
-9.966651999999999426e-08
-9.966651999999999426e-08
-9.966651999999999426e-08
-9.966651999999999426e-08
-9.966651999999999426e-08
-9.966651999999999426e-08
-9.966651999999999426e-08
-9.966651999999999426e-08
-9.966651999999999426e-08
-9.966651999999999426e-08
-9.966651999999999426e-08
-9.966651999999999426e-08
-9.966651999999999426e-08
-9.967379999999999881e-08
-9.967379999999999881e-08
-9.967379999999999881e-08
-9.967379999999999881e-08
-9.967379999999999881e-08
-9.967379999999999881e-08
-9.967379999999999881e-08
-9.967379999999999881e-08
-9.967379999999999881e-08
-9.967379999999999881e-08
-9.967379999999999881e-08
-9.967379999999999881e-08
-9.967379999999999881e-08
-9.967379999999999881e-08
-9.968106999999999356e-08
-9.968106999999999356e-08
-9.968106999999999356e-08
-9.968106999999999356e-08
-9.968106999999999356e-08
-9.968106999999999356e-08
-9.968106999999999356e-08
-9.968106999999999356e-08
-9.968106999999999356e-08
-9.968106999999999356e-08
-9.968106999999999356e-08
-9.968106999999999356e-08
-9.968106999999999356e-08
-9.968834999999999811e-08
-9.968834999999999811e-08
-9.968834999999999811e-08
-9.968834999999999811e-08
-9.968834999999999811e-08
-9.968834999999999811e-08
-9.968834999999999811e-08
-9.968834999999999811e-08
-9.968834999999999811e-08
-9.968834999999999811e-08
-9.968834999999999811e-08
-9.968834999999999811e-08
-9.968834999999999811e-08
-9.968834999999999811e-08
-9.968834999999999811e-08
-9.968834999999999811e-08
-9.968834999999999811e-08
-9.968834999999999811e-08
-9.968834999999999811e-08
-9.968834999999999811e-08
-9.969563000000000266e-08
-9.969563000000000266e-08
-9.969563000000000266e-08
-9.969563000000000266e-08
-9.969563000000000266e-08
-9.969563000000000266e-08
-9.969563000000000266e-08
-9.969563000000000266e-08
-9.969563000000000266e-08
-9.969563000000000266e-08
-9.969563000000000266e-08
-9.969563000000000266e-08
-9.969563000000000266e-08
-9.969563000000000266e-08
-9.969563000000000266e-08
-9.969563000000000266e-08
-9.970289999999999740e-08
-9.970289999999999740e-08
-9.970289999999999740e-08
-9.970289999999999740e-08
-9.970289999999999740e-08
-9.970289999999999740e-08
-9.970289999999999740e-08
-9.970289999999999740e-08
-9.970289999999999740e-08
-9.970289999999999740e-08
-9.970289999999999740e-08
-9.970289999999999740e-08
-9.970289999999999740e-08
-9.970289999999999740e-08
-9.971018000000000195e-08
-9.971018000000000195e-08
-9.971018000000000195e-08
-9.971018000000000195e-08
-9.971018000000000195e-08
-9.971018000000000195e-08
-9.971018000000000195e-08
-9.971018000000000195e-08
-9.971018000000000195e-08
-9.971018000000000195e-08
-9.971744999999999669e-08
-9.971744999999999669e-08
-9.971744999999999669e-08
-9.971744999999999669e-08
-9.971744999999999669e-08
-9.971744999999999669e-08
-9.971744999999999669e-08
-9.971744999999999669e-08
-9.971744999999999669e-08
-9.971744999999999669e-08
-9.971744999999999669e-08
-9.971744999999999669e-08
-9.971744999999999669e-08
-9.971744999999999669e-08
-9.971744999999999669e-08
-9.971744999999999669e-08
-9.971744999999999669e-08
-9.971744999999999669e-08
-9.971744999999999669e-08
-9.971744999999999669e-08
-9.971744999999999669e-08
-9.971744999999999669e-08
-9.971744999999999669e-08
-9.971744999999999669e-08
-9.971744999999999669e-08
-9.971744999999999669e-08
-9.971744999999999669e-08
-9.972473000000000124e-08
-9.972473000000000124e-08
-9.972473000000000124e-08
-9.972473000000000124e-08
-9.972473000000000124e-08
-9.972473000000000124e-08
-9.972473000000000124e-08
-9.972473000000000124e-08
-9.972473000000000124e-08
-9.972473000000000124e-08
-9.972473000000000124e-08
-9.972473000000000124e-08
-9.972473000000000124e-08
-9.972473000000000124e-08
-9.972473000000000124e-08
-9.972473000000000124e-08
-9.972473000000000124e-08
-9.972473000000000124e-08
-9.972473000000000124e-08
-9.972473000000000124e-08
-9.972473000000000124e-08
-9.972473000000000124e-08
-9.972473000000000124e-08
-9.972473000000000124e-08
-9.973201000000000579e-08
-9.973201000000000579e-08
-9.973201000000000579e-08
-9.973201000000000579e-08
-9.973201000000000579e-08
-9.973201000000000579e-08
-9.973201000000000579e-08
-9.973201000000000579e-08
-9.973201000000000579e-08
-9.973201000000000579e-08
-9.973201000000000579e-08
-9.973201000000000579e-08
-9.973201000000000579e-08
-9.973201000000000579e-08
-9.973201000000000579e-08
-9.973201000000000579e-08
-9.973201000000000579e-08
-9.973201000000000579e-08
-9.973201000000000579e-08
-9.973928000000000054e-08
-9.973928000000000054e-08
-9.973928000000000054e-08
-9.973928000000000054e-08
-9.973928000000000054e-08
-9.973928000000000054e-08
-9.973928000000000054e-08
-9.973928000000000054e-08
-9.973928000000000054e-08
-9.973928000000000054e-08
-9.973928000000000054e-08
-9.973928000000000054e-08
-9.973928000000000054e-08
-9.973928000000000054e-08
-9.973928000000000054e-08
-9.973928000000000054e-08
-9.973928000000000054e-08
-9.974656000000000509e-08
-9.974656000000000509e-08
-9.974656000000000509e-08
-9.974656000000000509e-08
-9.974656000000000509e-08
-9.974656000000000509e-08
-9.974656000000000509e-08
-9.974656000000000509e-08
-9.974656000000000509e-08
-9.974656000000000509e-08
-9.974656000000000509e-08
-9.974656000000000509e-08
-9.974656000000000509e-08
-9.974656000000000509e-08
-9.974656000000000509e-08
-9.974656000000000509e-08
-9.974656000000000509e-08
-9.974656000000000509e-08
-9.974656000000000509e-08
-9.975382999999999983e-08
-9.975382999999999983e-08
-9.975382999999999983e-08
-9.975382999999999983e-08
-9.975382999999999983e-08
-9.975382999999999983e-08
-9.975382999999999983e-08
-9.975382999999999983e-08
-9.975382999999999983e-08
-9.975382999999999983e-08
-9.975382999999999983e-08
-9.975382999999999983e-08
-9.975382999999999983e-08
-9.975382999999999983e-08
-9.975382999999999983e-08
-9.975382999999999983e-08
-9.975382999999999983e-08
-9.975382999999999983e-08
-9.975382999999999983e-08
-9.975382999999999983e-08
-9.976111000000000438e-08
-9.976111000000000438e-08
-9.976111000000000438e-08
-9.976111000000000438e-08
-9.976111000000000438e-08
-9.976111000000000438e-08
-9.976111000000000438e-08
-9.976111000000000438e-08
-9.976111000000000438e-08
-9.976111000000000438e-08
-9.976111000000000438e-08
-9.976111000000000438e-08
-9.976111000000000438e-08
-9.976111000000000438e-08
-9.976111000000000438e-08
-9.976111000000000438e-08
-9.976111000000000438e-08
-9.976111000000000438e-08
-9.976111000000000438e-08
-9.976111000000000438e-08
-9.976111000000000438e-08
-9.976838999999999569e-08
-9.976838999999999569e-08
-9.976838999999999569e-08
-9.976838999999999569e-08
-9.976838999999999569e-08
-9.976838999999999569e-08
-9.976838999999999569e-08
-9.976838999999999569e-08
-9.976838999999999569e-08
-9.976838999999999569e-08
-9.976838999999999569e-08
-9.976838999999999569e-08
-9.976838999999999569e-08
-9.976838999999999569e-08
-9.976838999999999569e-08
-9.976838999999999569e-08
-9.976838999999999569e-08
-9.976838999999999569e-08
-9.976838999999999569e-08
-9.976838999999999569e-08
-9.976838999999999569e-08
-9.977566000000000367e-08
-9.977566000000000367e-08
-9.977566000000000367e-08
-9.977566000000000367e-08
-9.977566000000000367e-08
-9.977566000000000367e-08
-9.977566000000000367e-08
-9.977566000000000367e-08
-9.977566000000000367e-08
-9.977566000000000367e-08
-9.977566000000000367e-08
-9.977566000000000367e-08
-9.977566000000000367e-08
-9.977566000000000367e-08
-9.977566000000000367e-08
-9.977566000000000367e-08
-9.977566000000000367e-08
-9.977566000000000367e-08
-9.977566000000000367e-08
-9.977566000000000367e-08
-9.977566000000000367e-08
-9.977566000000000367e-08
-9.977566000000000367e-08
-9.977566000000000367e-08
-9.977566000000000367e-08
-9.977566000000000367e-08
-9.977566000000000367e-08
-9.977566000000000367e-08
-9.978293999999999499e-08
-9.978293999999999499e-08
-9.978293999999999499e-08
-9.978293999999999499e-08
-9.978293999999999499e-08
-9.978293999999999499e-08
-9.978293999999999499e-08
-9.978293999999999499e-08
-9.978293999999999499e-08
-9.978293999999999499e-08
-9.978293999999999499e-08
-9.978293999999999499e-08
-9.978293999999999499e-08
-9.978293999999999499e-08
-9.978293999999999499e-08
-9.978293999999999499e-08
-9.978293999999999499e-08
-9.978293999999999499e-08
-9.978293999999999499e-08
-9.978293999999999499e-08
-9.978293999999999499e-08
-9.978293999999999499e-08
-9.978293999999999499e-08
-9.978293999999999499e-08
-9.978293999999999499e-08
-9.978293999999999499e-08
-9.978293999999999499e-08
-9.978293999999999499e-08
-9.978293999999999499e-08
-9.978293999999999499e-08
-9.978293999999999499e-08
-9.978293999999999499e-08
-9.978293999999999499e-08
-9.978293999999999499e-08
-9.978293999999999499e-08
-9.978293999999999499e-08
-9.978293999999999499e-08
-9.978293999999999499e-08
-9.978293999999999499e-08
-9.979021000000000296e-08
-9.979021000000000296e-08
-9.979021000000000296e-08
-9.979021000000000296e-08
-9.979021000000000296e-08
-9.979021000000000296e-08
-9.979021000000000296e-08
-9.979021000000000296e-08
-9.979021000000000296e-08
-9.979021000000000296e-08
-9.979021000000000296e-08
-9.979021000000000296e-08
-9.979021000000000296e-08
-9.979021000000000296e-08
-9.979021000000000296e-08
-9.979021000000000296e-08
-9.979021000000000296e-08
-9.979021000000000296e-08
-9.979021000000000296e-08
-9.979021000000000296e-08
-9.979021000000000296e-08
-9.979021000000000296e-08
-9.979748999999999428e-08
-9.979748999999999428e-08
-9.979748999999999428e-08
-9.979748999999999428e-08
-9.979748999999999428e-08
-9.979748999999999428e-08
-9.979748999999999428e-08
-9.979748999999999428e-08
-9.979748999999999428e-08
-9.979748999999999428e-08
-9.979748999999999428e-08
-9.979748999999999428e-08
-9.979748999999999428e-08
-9.979748999999999428e-08
-9.979748999999999428e-08
-9.979748999999999428e-08
-9.979748999999999428e-08
-9.979748999999999428e-08
-9.979748999999999428e-08
-9.979748999999999428e-08
-9.979748999999999428e-08
-9.979748999999999428e-08
-9.979748999999999428e-08
-9.979748999999999428e-08
-9.979748999999999428e-08
-9.979748999999999428e-08
-9.979748999999999428e-08
-9.979748999999999428e-08
-9.979748999999999428e-08
-9.979748999999999428e-08
-9.979748999999999428e-08
-9.979748999999999428e-08
-9.979748999999999428e-08
-9.979748999999999428e-08
-9.979748999999999428e-08
-9.979748999999999428e-08
-9.979748999999999428e-08
-9.979748999999999428e-08
-9.979748999999999428e-08
-9.979748999999999428e-08
-9.979748999999999428e-08
-9.979748999999999428e-08
-9.979748999999999428e-08
-9.979748999999999428e-08
-9.979748999999999428e-08
-9.979748999999999428e-08
-9.979748999999999428e-08
-9.979748999999999428e-08
-9.979748999999999428e-08
-9.979748999999999428e-08
-9.979748999999999428e-08
-9.979748999999999428e-08
-9.979748999999999428e-08
-9.979748999999999428e-08
-9.979748999999999428e-08
-9.979748999999999428e-08
-9.979748999999999428e-08
-9.979748999999999428e-08
-9.979748999999999428e-08
-9.979748999999999428e-08
-9.979748999999999428e-08
-9.979748999999999428e-08
-9.979748999999999428e-08
-9.979748999999999428e-08
-9.979748999999999428e-08
-9.979748999999999428e-08
-9.979748999999999428e-08
-9.979748999999999428e-08
-9.979748999999999428e-08
-9.979748999999999428e-08
-9.979748999999999428e-08
-9.979748999999999428e-08
-9.979748999999999428e-08
-9.979748999999999428e-08
-9.979748999999999428e-08
-9.979748999999999428e-08
-9.979748999999999428e-08
-9.979748999999999428e-08
-9.979748999999999428e-08
-9.980476999999999883e-08
-9.980476999999999883e-08
-9.980476999999999883e-08
-9.980476999999999883e-08
-9.980476999999999883e-08
-9.980476999999999883e-08
-9.980476999999999883e-08
-9.980476999999999883e-08
-9.980476999999999883e-08
-9.980476999999999883e-08
-9.980476999999999883e-08
-9.980476999999999883e-08
-9.980476999999999883e-08
-9.980476999999999883e-08
-9.980476999999999883e-08
-9.980476999999999883e-08
-9.980476999999999883e-08
-9.980476999999999883e-08
-9.980476999999999883e-08
-9.980476999999999883e-08
-9.980476999999999883e-08
-9.980476999999999883e-08
-9.980476999999999883e-08
-9.980476999999999883e-08
-9.980476999999999883e-08
-9.980476999999999883e-08
-9.980476999999999883e-08
-9.980476999999999883e-08
-9.980476999999999883e-08
-9.980476999999999883e-08
-9.980476999999999883e-08
-9.980476999999999883e-08
-9.980476999999999883e-08
-9.980476999999999883e-08
-9.980476999999999883e-08
-9.980476999999999883e-08
-9.980476999999999883e-08
-9.980476999999999883e-08
-9.980476999999999883e-08
-9.980476999999999883e-08
-9.980476999999999883e-08
-9.980476999999999883e-08
-9.980476999999999883e-08
-9.980476999999999883e-08
-9.980476999999999883e-08
-9.980476999999999883e-08
-9.980476999999999883e-08
-9.980476999999999883e-08
-9.980476999999999883e-08
-9.980476999999999883e-08
-9.980476999999999883e-08
-9.980476999999999883e-08
-9.980476999999999883e-08
-9.980476999999999883e-08
-9.980476999999999883e-08
-9.980476999999999883e-08
-9.980476999999999883e-08
-9.980476999999999883e-08
-9.980476999999999883e-08
-9.980476999999999883e-08
-9.980476999999999883e-08
-9.980476999999999883e-08
-9.980476999999999883e-08
-9.980476999999999883e-08
-9.981203999999999357e-08
-9.981203999999999357e-08
-9.981203999999999357e-08
-9.981203999999999357e-08
-9.981203999999999357e-08
-9.981203999999999357e-08
-9.981203999999999357e-08
-9.981203999999999357e-08
-9.981203999999999357e-08
-9.981203999999999357e-08
-9.981203999999999357e-08
-9.981203999999999357e-08
-9.981203999999999357e-08
-9.981203999999999357e-08
-9.981203999999999357e-08
-9.981203999999999357e-08
-9.981203999999999357e-08
-9.981203999999999357e-08
-9.981203999999999357e-08
-9.981203999999999357e-08
-9.981203999999999357e-08
-9.981203999999999357e-08
-9.981203999999999357e-08
-9.981203999999999357e-08
-9.981203999999999357e-08
-9.981203999999999357e-08
-9.981203999999999357e-08
-9.981203999999999357e-08
-9.981203999999999357e-08
-9.981203999999999357e-08
-9.981203999999999357e-08
-9.981203999999999357e-08
-9.981203999999999357e-08
-9.981203999999999357e-08
-9.981203999999999357e-08
-9.981203999999999357e-08
-9.981203999999999357e-08
-9.981203999999999357e-08
-9.981203999999999357e-08
-9.981203999999999357e-08
-9.981203999999999357e-08
-9.981203999999999357e-08
-9.981203999999999357e-08
-9.981203999999999357e-08
-9.981203999999999357e-08
-9.981203999999999357e-08
-9.981931999999999812e-08
-9.981931999999999812e-08
-9.981931999999999812e-08
-9.981931999999999812e-08
-9.981931999999999812e-08
-9.981931999999999812e-08
-9.981931999999999812e-08
-9.981931999999999812e-08
-9.981931999999999812e-08
-9.981931999999999812e-08
-9.981931999999999812e-08
-9.981931999999999812e-08
-9.981931999999999812e-08
-9.981931999999999812e-08
-9.981931999999999812e-08
-9.981931999999999812e-08
-9.981931999999999812e-08
-9.981931999999999812e-08
-9.981931999999999812e-08
-9.981931999999999812e-08
-9.981931999999999812e-08
-9.981931999999999812e-08
-9.981931999999999812e-08
-9.981931999999999812e-08
-9.981931999999999812e-08
-9.981931999999999812e-08
-9.981931999999999812e-08
-9.981931999999999812e-08
-9.981931999999999812e-08
-9.981931999999999812e-08
-9.981931999999999812e-08
-9.981931999999999812e-08
-9.981931999999999812e-08
-9.981931999999999812e-08
-9.981931999999999812e-08
-9.981931999999999812e-08
-9.981931999999999812e-08
-9.982659000000000610e-08
-9.982659000000000610e-08
-9.982659000000000610e-08
-9.982659000000000610e-08
-9.982659000000000610e-08
-9.982659000000000610e-08
-9.982659000000000610e-08
-9.982659000000000610e-08
-9.982659000000000610e-08
-9.982659000000000610e-08
-9.982659000000000610e-08
-9.982659000000000610e-08
-9.982659000000000610e-08
-9.982659000000000610e-08
-9.982659000000000610e-08
-9.982659000000000610e-08
-9.982659000000000610e-08
-9.982659000000000610e-08
-9.982659000000000610e-08
-9.982659000000000610e-08
-9.982659000000000610e-08
-9.982659000000000610e-08
-9.982659000000000610e-08
-9.982659000000000610e-08
-9.982659000000000610e-08
-9.982659000000000610e-08
-9.982659000000000610e-08
-9.982659000000000610e-08
-9.982659000000000610e-08
-9.982659000000000610e-08
-9.982659000000000610e-08
-9.982659000000000610e-08
-9.982659000000000610e-08
-9.982659000000000610e-08
-9.982659000000000610e-08
-9.982659000000000610e-08
-9.982659000000000610e-08
-9.982659000000000610e-08
-9.982659000000000610e-08
-9.982659000000000610e-08
-9.982659000000000610e-08
-9.982659000000000610e-08
-9.982659000000000610e-08
-9.982659000000000610e-08
-9.982659000000000610e-08
-9.982659000000000610e-08
-9.983386999999999741e-08
-9.983386999999999741e-08
-9.983386999999999741e-08
-9.983386999999999741e-08
-9.983386999999999741e-08
-9.983386999999999741e-08
-9.983386999999999741e-08
-9.983386999999999741e-08
-9.983386999999999741e-08
-9.983386999999999741e-08
-9.983386999999999741e-08
-9.983386999999999741e-08
-9.983386999999999741e-08
-9.983386999999999741e-08
-9.983386999999999741e-08
-9.983386999999999741e-08
-9.983386999999999741e-08
-9.983386999999999741e-08
-9.983386999999999741e-08
-9.983386999999999741e-08
-9.983386999999999741e-08
-9.983386999999999741e-08
-9.983386999999999741e-08
-9.983386999999999741e-08
-9.983386999999999741e-08
-9.983386999999999741e-08
-9.983386999999999741e-08
-9.983386999999999741e-08
-9.983386999999999741e-08
-9.983386999999999741e-08
-9.983386999999999741e-08
-9.983386999999999741e-08
-9.983386999999999741e-08
-9.983386999999999741e-08
-9.983386999999999741e-08
-9.983386999999999741e-08
-9.983386999999999741e-08
-9.983386999999999741e-08
-9.983386999999999741e-08
-9.983386999999999741e-08
-9.983386999999999741e-08
-9.983386999999999741e-08
-9.983386999999999741e-08
-9.984115000000000196e-08
-9.984115000000000196e-08
-9.984115000000000196e-08
-9.984115000000000196e-08
-9.984115000000000196e-08
-9.984115000000000196e-08
-9.984115000000000196e-08
-9.984115000000000196e-08
-9.984115000000000196e-08
-9.984115000000000196e-08
-9.984115000000000196e-08
-9.984115000000000196e-08
-9.984115000000000196e-08
-9.984115000000000196e-08
-9.984115000000000196e-08
-9.984115000000000196e-08
-9.984115000000000196e-08
-9.984115000000000196e-08
-9.984115000000000196e-08
-9.984115000000000196e-08
-9.984115000000000196e-08
-9.984115000000000196e-08
-9.984115000000000196e-08
-9.984115000000000196e-08
-9.984115000000000196e-08
-9.984115000000000196e-08
-9.984115000000000196e-08
-9.984115000000000196e-08
-9.984115000000000196e-08
-9.984115000000000196e-08
-9.984115000000000196e-08
-9.984115000000000196e-08
-9.984115000000000196e-08
-9.984115000000000196e-08
-9.984115000000000196e-08
-9.984115000000000196e-08
-9.984115000000000196e-08
-9.984115000000000196e-08
-9.984115000000000196e-08
-9.984115000000000196e-08
-9.984115000000000196e-08
-9.984115000000000196e-08
-9.984115000000000196e-08
-9.984115000000000196e-08
-9.984115000000000196e-08
-9.984115000000000196e-08
-9.984115000000000196e-08
-9.984115000000000196e-08
-9.984115000000000196e-08
-9.984115000000000196e-08
-9.984115000000000196e-08
-9.984115000000000196e-08
-9.984115000000000196e-08
-9.984115000000000196e-08
-9.984115000000000196e-08
-9.984115000000000196e-08
-9.984115000000000196e-08
-9.984115000000000196e-08
-9.984115000000000196e-08
-9.984115000000000196e-08
-9.984115000000000196e-08
-9.984115000000000196e-08
-9.984115000000000196e-08
-9.984115000000000196e-08
-9.984115000000000196e-08
-9.984115000000000196e-08
-9.984115000000000196e-08
-9.984115000000000196e-08
-9.984115000000000196e-08
-9.984115000000000196e-08
-9.984115000000000196e-08
-9.984115000000000196e-08
-9.984115000000000196e-08
-9.984115000000000196e-08
-9.984115000000000196e-08
-9.984115000000000196e-08
-9.984115000000000196e-08
-9.984115000000000196e-08
-9.984115000000000196e-08
-9.984115000000000196e-08
-9.984115000000000196e-08
-9.984115000000000196e-08
-9.984115000000000196e-08
-9.984115000000000196e-08
-9.984115000000000196e-08
-9.984115000000000196e-08
-9.984115000000000196e-08
-9.984115000000000196e-08
-9.984115000000000196e-08
-9.984115000000000196e-08
-9.984115000000000196e-08
-9.984115000000000196e-08
-9.984115000000000196e-08
-9.984115000000000196e-08
-9.984115000000000196e-08
-9.984115000000000196e-08
-9.984115000000000196e-08
-9.984115000000000196e-08
-9.984115000000000196e-08
-9.984115000000000196e-08
-9.984115000000000196e-08
-9.984115000000000196e-08
-9.984115000000000196e-08
-9.984115000000000196e-08
-9.984115000000000196e-08
-9.984115000000000196e-08
-9.984115000000000196e-08
-9.984115000000000196e-08
-9.984115000000000196e-08
-9.984115000000000196e-08
-9.984115000000000196e-08
-9.984115000000000196e-08
-9.984115000000000196e-08
-9.984115000000000196e-08
-9.984115000000000196e-08
-9.984115000000000196e-08
-9.984115000000000196e-08
-9.984115000000000196e-08
-9.984841999999999671e-08
-9.984841999999999671e-08
-9.984841999999999671e-08
-9.984841999999999671e-08
-9.984841999999999671e-08
-9.984841999999999671e-08
-9.984841999999999671e-08
-9.984841999999999671e-08
-9.984841999999999671e-08
-9.984841999999999671e-08
-9.984841999999999671e-08
-9.984841999999999671e-08
-9.984841999999999671e-08
-9.984841999999999671e-08
-9.984841999999999671e-08
-9.984841999999999671e-08
-9.984841999999999671e-08
-9.984841999999999671e-08
-9.984841999999999671e-08
-9.984841999999999671e-08
-9.984841999999999671e-08
-9.984841999999999671e-08
-9.984841999999999671e-08
-9.984841999999999671e-08
-9.984841999999999671e-08
-9.984841999999999671e-08
-9.985570000000000126e-08
-9.985570000000000126e-08
-9.985570000000000126e-08
-9.985570000000000126e-08
-9.985570000000000126e-08
-9.985570000000000126e-08
-9.985570000000000126e-08
-9.985570000000000126e-08
-9.985570000000000126e-08
-9.985570000000000126e-08
-9.985570000000000126e-08
-9.985570000000000126e-08
-9.985570000000000126e-08
-9.985570000000000126e-08
-9.985570000000000126e-08
-9.985570000000000126e-08
-9.985570000000000126e-08
-9.985570000000000126e-08
-9.985570000000000126e-08
-9.985570000000000126e-08
-9.985570000000000126e-08
-9.985570000000000126e-08
-9.985570000000000126e-08
-9.985570000000000126e-08
-9.985570000000000126e-08
-9.985570000000000126e-08
-9.985570000000000126e-08
-9.985570000000000126e-08
-9.985570000000000126e-08
-9.985570000000000126e-08
-9.985570000000000126e-08
-9.985570000000000126e-08
-9.985570000000000126e-08
-9.985570000000000126e-08
-9.985570000000000126e-08
-9.985570000000000126e-08
-9.985570000000000126e-08
-9.985570000000000126e-08
-9.985570000000000126e-08
-9.985570000000000126e-08
-9.985570000000000126e-08
-9.985570000000000126e-08
-9.985570000000000126e-08
-9.985570000000000126e-08
-9.985570000000000126e-08
-9.985570000000000126e-08
-9.985570000000000126e-08
-9.985570000000000126e-08
-9.985570000000000126e-08
-9.985570000000000126e-08
-9.985570000000000126e-08
-9.985570000000000126e-08
-9.985570000000000126e-08
-9.985570000000000126e-08
-9.985570000000000126e-08
-9.985570000000000126e-08
-9.985570000000000126e-08
-9.985570000000000126e-08
-9.985570000000000126e-08
-9.985570000000000126e-08
-9.985570000000000126e-08
-9.985570000000000126e-08
-9.985570000000000126e-08
-9.985570000000000126e-08
-9.985570000000000126e-08
-9.985570000000000126e-08
-9.985570000000000126e-08
-9.985570000000000126e-08
-9.985570000000000126e-08
-9.985570000000000126e-08
-9.985570000000000126e-08
-9.985570000000000126e-08
