7.320224999999999866e-06
7.312774000000000231e-06
7.309048999999999687e-06
7.305322999999999750e-06
7.301598000000000052e-06
7.301598000000000052e-06
7.301598000000000052e-06
7.301598000000000052e-06
7.301598000000000052e-06
7.301598000000000052e-06
7.301598000000000052e-06
7.301598000000000052e-06
7.301598000000000052e-06
7.305322999999999750e-06
7.312774000000000231e-06
7.312774000000000231e-06
7.320224999999999866e-06
7.331399999999999805e-06
7.338851000000000287e-06
7.346301999999999921e-06
7.357476999999999861e-06
7.368653000000000040e-06
7.376103999999999674e-06
7.387279999999999853e-06
7.402180999999999729e-06
7.409632000000000211e-06
7.420807000000000150e-06
7.431983000000000329e-06
7.439433999999999964e-06
7.450610000000000143e-06
7.461786000000000322e-06
7.472961000000000261e-06
7.480411999999999896e-06
7.491588000000000075e-06
7.502764000000000254e-06
7.510213999999999649e-06
7.521389999999999828e-06
7.532566000000000007e-06
7.536290999999999704e-06
7.547466999999999883e-06
7.554918000000000365e-06
7.566093999999999696e-06
7.573543999999999939e-06
7.588444999999999815e-06
7.599620999999999994e-06
7.618247999999999807e-06
7.633177999999999849e-06
7.648078999999999725e-06
7.662979999999999602e-06
7.677882000000000565e-06
7.689056999999999657e-06
7.696508000000000139e-06
7.707684000000000318e-06
7.715133999999999713e-06
7.722585000000000194e-06
7.730036000000000676e-06
7.737486000000000071e-06
7.741210999999999768e-06
7.748662000000000250e-06
7.756113000000000731e-06
7.767287999999999824e-06
7.778464000000000003e-06
7.785915000000000484e-06
7.789640000000000182e-06
7.804541000000000058e-06
7.811992000000000540e-06
7.815717000000000237e-06
7.815717000000000237e-06
7.819442999999999327e-06
7.826893000000000416e-06
7.849245000000000774e-06
7.871596999999999438e-06
7.886497999999999314e-06
7.901398999999999191e-06
7.908849999999999672e-06
7.916300000000000761e-06
7.923750999999999549e-06
7.946102000000000514e-06
7.979629999999999357e-06
8.013157999999999894e-06
8.050411000000000128e-06
8.076488000000000184e-06
8.087662999999999276e-06
8.083937999999999579e-06
8.072761999999999400e-06
8.050411000000000128e-06
8.031783999999999468e-06
8.020607999999999289e-06
8.020607999999999289e-06
8.028058999999999770e-06
8.039234999999999949e-06
8.039234999999999949e-06
8.039234999999999949e-06
8.035508999999999165e-06
8.035508999999999165e-06
8.042959999999999647e-06
8.061585999999999221e-06
8.080212999999999881e-06
8.102565000000000239e-06
8.110014999999999634e-06
8.110014999999999634e-06
8.098838999999999455e-06
8.076488000000000184e-06
8.057860999999999523e-06
8.042959999999999647e-06
8.042959999999999647e-06
8.042959999999999647e-06
8.042959999999999647e-06
8.046684999999999344e-06
8.057860999999999523e-06
8.072761999999999400e-06
8.087662999999999276e-06
8.098838999999999455e-06
8.106289999999999937e-06
8.110014999999999634e-06
8.128642000000000295e-06
8.147267999999999869e-06
8.169620000000000226e-06
8.191972000000000584e-06
8.203146999999999677e-06
8.203146999999999677e-06
8.199421999999999979e-06
8.180796000000000405e-06
8.169620000000000226e-06
8.165895000000000529e-06
8.169620000000000226e-06
8.173344999999999924e-06
8.184521000000000103e-06
8.199421999999999979e-06
8.225499000000000035e-06
8.247851000000000393e-06
8.270203000000000751e-06
8.296280000000000806e-06
8.322356999999999167e-06
8.348433999999999223e-06
8.370785999999999581e-06
8.396862999999999636e-06
8.422939999999999692e-06
8.449016999999999747e-06
8.467642999999999321e-06
8.486269999999999981e-06
8.504895999999999555e-06
8.519796999999999432e-06
8.534697999999999308e-06
8.549598999999999185e-06
8.564501000000000148e-06
8.579402000000000024e-06
8.586851999999999419e-06
8.601754000000000382e-06
8.612928999999999475e-06
8.631556000000000135e-06
8.646457000000000012e-06
8.661357999999999888e-06
8.676258999999999764e-06
8.687434999999999943e-06
8.698611000000000122e-06
8.706062000000000604e-06
8.706062000000000604e-06
8.709787000000000301e-06
8.717238000000000783e-06
8.720963000000000480e-06
8.728412999999999875e-06
8.735864000000000357e-06
8.743315000000000838e-06
8.754489999999999931e-06
8.769391999999999200e-06
8.784293000000000770e-06
8.802919000000000344e-06
8.817820000000000221e-06
8.836446999999999187e-06
8.858798999999999545e-06
8.877425000000000813e-06
8.896051000000000387e-06
8.914677999999999353e-06
8.929578999999999230e-06
8.933304000000000621e-06
8.940754999999999409e-06
8.948205999999999890e-06
8.948205999999999890e-06
8.948205999999999890e-06
8.944480000000000800e-06
8.940754999999999409e-06
8.933304000000000621e-06
8.929578999999999230e-06
8.925853999999999532e-06
8.925853999999999532e-06
8.922128000000000442e-06
8.918403000000000745e-06
8.922128000000000442e-06
8.925853999999999532e-06
8.929578999999999230e-06
8.937029999999999711e-06
8.948205999999999890e-06
8.959381000000000677e-06
8.974282999999999946e-06
8.989183999999999822e-06
9.000360000000000001e-06
9.018985999999999575e-06
9.026437000000000056e-06
9.041337999999999933e-06
9.056238999999999809e-06
9.063690000000000291e-06
9.074864999999999383e-06
9.086040999999999562e-06
9.100941999999999439e-06
9.119569000000000099e-06
9.138194999999999673e-06
9.156822000000000334e-06
9.175447999999999908e-06
9.194075000000000568e-06
9.212701000000000142e-06
9.231328000000000802e-06
9.246229000000000679e-06
9.261130000000000555e-06
9.276031000000000432e-06
9.298383000000000790e-06
9.313284000000000666e-06
9.331910000000000240e-06
9.350536999999999206e-06
9.372888999999999564e-06
9.391515000000000832e-06
9.410141999999999799e-06
9.428767999999999373e-06
9.439943999999999552e-06
9.451119999999999731e-06
9.462295999999999910e-06
9.469745999999999305e-06
9.477196999999999786e-06
9.484646999999999181e-06
9.495822999999999360e-06
9.499548000000000752e-06
9.510723999999999237e-06
9.521899999999999415e-06
9.529350999999999897e-06
9.540527000000000076e-06
9.555427999999999952e-06
9.566604000000000131e-06
9.581505000000000008e-06
9.596405999999999884e-06
9.615031999999999458e-06
9.629934000000000421e-06
9.644835000000000298e-06
9.659736000000000174e-06
9.678361999999999748e-06
9.689537999999999927e-06
9.708165000000000587e-06
9.723066000000000464e-06
9.737967000000000340e-06
9.752868000000000217e-06
9.771494999999999183e-06
9.786396000000000754e-06
9.805022000000000328e-06
9.819923000000000204e-06
9.838549999999999170e-06
9.853451000000000741e-06
9.872077000000000315e-06
9.886978999999999584e-06
9.905604999999999158e-06
9.920506000000000728e-06
9.939132999999999695e-06
9.954033999999999571e-06
9.968934999999999448e-06
9.983835999999999324e-06
9.998736999999999201e-06
1.001363999999999956e-05
1.002480999999999999e-05
1.003598999999999943e-05
1.004717000000000057e-05
1.006206999999999936e-05
1.006952000000000045e-05
1.008068999999999919e-05
1.009187000000000033e-05
1.010304999999999977e-05
1.011795000000000026e-05
1.012912000000000069e-05
1.014030000000000014e-05
1.015520000000000062e-05
1.017009999999999941e-05
1.018499999999999989e-05
1.019617999999999934e-05
1.021107999999999982e-05
1.022225000000000026e-05
1.023342999999999970e-05
1.024461000000000084e-05
1.025577999999999958e-05
1.026323000000000067e-05
1.027441000000000011e-05
1.028558000000000055e-05
1.029675999999999999e-05
1.030793999999999943e-05
1.032283999999999992e-05
1.033774000000000040e-05
1.035263999999999919e-05
1.036753999999999967e-05
1.038617000000000021e-05
1.040479000000000004e-05
1.041596999999999948e-05
1.043460000000000001e-05
1.044950000000000050e-05
1.046066999999999924e-05
1.047185000000000037e-05
1.048302999999999982e-05
1.049793000000000030e-05
1.050910000000000074e-05
1.052399999999999953e-05
1.053890000000000001e-05
1.055380999999999950e-05
1.057242999999999933e-05
1.059105999999999987e-05
1.060967999999999970e-05
1.063204000000000028e-05
1.064694000000000076e-05
1.066929000000000064e-05
1.068791999999999948e-05
1.070653999999999931e-05
1.072888999999999919e-05
1.074380000000000037e-05
1.076242000000000020e-05
1.077732000000000069e-05
1.079221999999999948e-05
1.080713000000000066e-05
1.082202999999999945e-05
1.083319999999999989e-05
1.084810000000000037e-05
1.085927999999999981e-05
1.087418000000000030e-05
1.088908000000000078e-05
1.089653000000000018e-05
1.091143000000000066e-05
1.092261000000000010e-05
1.093005999999999950e-05
1.094495999999999998e-05
1.095613999999999943e-05
1.097103999999999991e-05
1.098594000000000039e-05
1.100083999999999918e-05
1.101573999999999967e-05
1.103064000000000015e-05
1.104927000000000068e-05
1.106416999999999947e-05
1.108280000000000001e-05
1.109770000000000049e-05
1.111259999999999928e-05
1.113494999999999916e-05
1.114613000000000030e-05
1.116475000000000013e-05
1.117965000000000061e-05
1.119456000000000010e-05
1.120946000000000059e-05
1.122062999999999933e-05
1.123552999999999981e-05
1.124670999999999925e-05
1.125789000000000039e-05
1.127278999999999918e-05
1.128395999999999962e-05
1.130259000000000015e-05
1.131749000000000063e-05
1.133611999999999947e-05
1.135473999999999930e-05
1.136963999999999979e-05
1.138827000000000032e-05
1.140689999999999916e-05
1.142925000000000073e-05
1.144414999999999952e-05
1.146278000000000005e-05
1.148512999999999993e-05
1.150374999999999976e-05
1.152611000000000034e-05
1.154101000000000082e-05
1.155963000000000066e-05
1.157825999999999949e-05
1.159689000000000002e-05
1.161550999999999986e-05
1.163041000000000034e-05
1.165276999999999923e-05
1.166766999999999971e-05
1.168257000000000019e-05
1.170120000000000073e-05
1.171982000000000056e-05
1.173844999999999939e-05
1.175334999999999988e-05
1.177569999999999976e-05
1.179433000000000029e-05
1.181295000000000012e-05
1.183903000000000005e-05
1.186137999999999993e-05
1.188372999999999981e-05
1.190980999999999973e-05
1.193588999999999966e-05
1.196569000000000063e-05
1.198804000000000051e-05
1.201039000000000039e-05
1.203274999999999927e-05
1.205137000000000080e-05
1.206626999999999959e-05
1.208490000000000012e-05
1.209980000000000060e-05
1.211842999999999944e-05
1.213332999999999992e-05
1.215196000000000046e-05
1.216685999999999925e-05
1.218548000000000077e-05
1.220037999999999956e-05
1.222274000000000014e-05
1.223764000000000062e-05
1.225626000000000046e-05
1.227861999999999934e-05
1.230096999999999922e-05
1.231959000000000075e-05
1.234567000000000067e-05
1.236802000000000055e-05
1.239037000000000043e-05
1.241272999999999932e-05
1.243507999999999919e-05
1.245743000000000077e-05
1.247605999999999961e-05
1.250213000000000053e-05
1.252448000000000041e-05
1.254683999999999929e-05
1.256918999999999917e-05
1.259154000000000074e-05
1.261016999999999958e-05
1.263251999999999946e-05
1.265486999999999934e-05
1.267349999999999987e-05
1.269584999999999975e-05
1.271446999999999958e-05
1.273683000000000016e-05
1.276289999999999939e-05
1.278897999999999931e-05
1.281505999999999924e-05
1.284113000000000016e-05
1.287094000000000013e-05
1.289700999999999936e-05
1.292308999999999929e-05
1.295289000000000026e-05
1.298268999999999953e-05
1.300876999999999946e-05
1.303857000000000042e-05
1.306092999999999931e-05
1.308327999999999919e-05
1.310935000000000011e-05
1.313171000000000069e-05
1.315406000000000057e-05
1.317641000000000045e-05
1.320249000000000037e-05
1.322484000000000025e-05
1.325092000000000018e-05
1.327698999999999941e-05
1.329933999999999929e-05
1.332541999999999921e-05
1.335150000000000083e-05
1.337758000000000076e-05
1.340364999999999999e-05
1.342972999999999991e-05
1.345952999999999919e-05
1.348933000000000015e-05
1.351541000000000008e-05
1.354520999999999936e-05
1.357128999999999928e-05
1.359736999999999921e-05
1.362717000000000018e-05
1.365325000000000010e-05
1.367931999999999933e-05
1.370912999999999930e-05
1.373520000000000022e-05
1.376128000000000015e-05
1.378736000000000008e-05
1.381342999999999930e-05
1.383578999999999988e-05
1.386558999999999916e-05
1.389167000000000078e-05
1.391774000000000000e-05
1.394381999999999993e-05
1.396989999999999986e-05
1.399597000000000078e-05
1.402578000000000075e-05
1.405184999999999998e-05
1.407792999999999991e-05
1.410027999999999979e-05
1.412635999999999971e-05
1.415243999999999964e-05
1.417478999999999952e-05
1.419713999999999940e-05
1.421948999999999928e-05
1.424183999999999916e-05
1.426419000000000073e-05
1.428654999999999961e-05
1.431262000000000053e-05
1.433497999999999942e-05
1.435732999999999930e-05
1.437967999999999918e-05
1.440576000000000080e-05
1.443556000000000007e-05
1.446535999999999935e-05
1.449889000000000036e-05
1.453241999999999968e-05
1.457338999999999939e-05
1.461436999999999980e-05
1.465908000000000026e-05
1.470378000000000002e-05
1.474847999999999978e-05
1.478946000000000019e-05
1.483415999999999995e-05
1.487514000000000036e-05
1.491239999999999973e-05
1.495336999999999944e-05
1.499063000000000050e-05
1.502787999999999917e-05
1.506512999999999953e-05
1.510239000000000060e-05
1.513590999999999922e-05
1.516944000000000023e-05
1.520669000000000060e-05
1.524021999999999992e-05
1.527752999999999940e-05
1.531477999999999976e-05
1.534831000000000078e-05
1.537810999999999836e-05
1.541163999999999937e-05
1.543772000000000099e-05
1.546379999999999923e-05
1.548987000000000015e-05
1.551222999999999903e-05
1.553458000000000060e-05
1.555319999999999874e-05
1.557928000000000036e-05
1.559790999999999920e-05
1.561653000000000073e-05
1.563515999999999956e-05
1.565378999999999840e-05
1.567240999999999993e-05
1.569476000000000150e-05
1.572083999999999973e-05
1.574692000000000135e-05
1.577671999999999893e-05
1.580651999999999990e-05
1.583633000000000157e-05
1.586984999999999850e-05
1.590710999999999956e-05
1.594062999999999988e-05
1.597789000000000094e-05
1.601141000000000126e-05
1.604866999999999893e-05
1.608218999999999925e-05
1.611572000000000026e-05
1.614925000000000128e-05
1.618277999999999890e-05
1.622002999999999927e-05
1.625727999999999963e-05
1.629081000000000065e-05
1.632806000000000101e-05
1.636158999999999864e-05
1.639883999999999900e-05
1.643237000000000002e-05
1.646590000000000103e-05
1.650315000000000140e-05
1.653294999999999898e-05
1.656647999999999999e-05
1.660001000000000101e-05
1.662608999999999924e-05
1.665960999999999956e-05
1.668942000000000122e-05
1.671921999999999880e-05
1.674901999999999977e-05
1.677882000000000074e-05
1.680489999999999897e-05
1.683469999999999994e-05
1.686823000000000096e-05
1.689802999999999854e-05
1.693528999999999960e-05
1.697253999999999996e-05
1.700979000000000033e-05
1.704704000000000069e-05
1.708429999999999836e-05
1.712154999999999873e-05
1.716252999999999914e-05
1.719606000000000015e-05
1.722958000000000047e-05
1.726684000000000153e-05
1.730408999999999851e-05
1.734133999999999887e-05
1.738231999999999928e-05
1.742329999999999969e-05
1.746799999999999945e-05
1.750526000000000051e-05
1.754251000000000088e-05
1.757976000000000124e-05
1.761701000000000160e-05
1.765426999999999928e-05
1.768778999999999959e-05
1.771760000000000126e-05
1.775485000000000163e-05
1.778837999999999925e-05
1.781445000000000017e-05
1.784052999999999841e-05
1.786287999999999998e-05
1.789641000000000100e-05
1.792993999999999862e-05
1.796346999999999964e-05
1.798954000000000056e-05
1.801189999999999944e-05
1.802680000000000162e-05
1.803797000000000037e-05
1.804541999999999976e-05
1.804170000000000041e-05
1.803425000000000102e-05
1.802680000000000162e-05
1.803052000000000097e-05
1.804541999999999976e-05
1.807150000000000138e-05
1.809384999999999957e-05
1.811247999999999840e-05
1.811993000000000119e-05
1.813109999999999993e-05
1.813854999999999932e-05
1.815718000000000155e-05
1.818325999999999978e-05
1.822051000000000015e-05
1.825404000000000116e-05
1.828383999999999874e-05
1.830247000000000097e-05
1.831363999999999971e-05
1.833226999999999855e-05
1.835090000000000077e-05
1.837324999999999896e-05
1.839560000000000053e-05
1.841049999999999932e-05
1.842913000000000155e-05
1.845519999999999908e-05
1.847756000000000135e-05
1.849990999999999954e-05
1.851480999999999833e-05
1.852226000000000111e-05
1.853344000000000055e-05
1.854833999999999934e-05
1.856324000000000152e-05
1.858185999999999966e-05
1.859676999999999915e-05
1.861912000000000072e-05
1.864146999999999891e-05
1.866382000000000048e-05
1.868616999999999867e-05
1.871225000000000029e-05
1.873459999999999847e-05
1.875323000000000070e-05
1.877184999999999883e-05
1.879048000000000106e-05
1.880910999999999990e-05
1.882773000000000142e-05
1.884636000000000026e-05
1.886498999999999910e-05
1.887616000000000123e-05
1.888734000000000067e-05
1.889850999999999941e-05
1.890223999999999946e-05
1.891341999999999890e-05
1.892459000000000103e-05
1.893577000000000048e-05
1.895438999999999861e-05
1.896929000000000079e-05
1.898791999999999963e-05
1.900281999999999842e-05
1.901772000000000060e-05
1.902890000000000004e-05
1.904379999999999883e-05
1.906243000000000106e-05
1.907732999999999985e-05
1.909595000000000137e-05
1.912202999999999960e-05
1.914438000000000118e-05
1.916674000000000006e-05
1.918909000000000164e-05
1.921143999999999982e-05
1.923006000000000135e-05
1.924869000000000018e-05
1.926358999999999897e-05
1.927849000000000115e-05
1.928967000000000060e-05
1.930085000000000004e-05
1.931574999999999883e-05
1.933065000000000101e-05
1.934554999999999980e-05
1.936044999999999859e-05
1.937908000000000081e-05
1.939769999999999895e-05
1.942005000000000052e-05
1.944240999999999941e-05
1.946103000000000093e-05
1.947965999999999977e-05
1.950201000000000134e-05
1.952435999999999953e-05
1.954298999999999837e-05
1.956906999999999999e-05
1.959142000000000156e-05
1.961376999999999975e-05
1.963985000000000137e-05
1.966219999999999955e-05
1.968455000000000112e-05
1.970689999999999931e-05
1.972925000000000088e-05
1.975532999999999911e-05
1.978141000000000074e-05
1.980375999999999892e-05
1.982611000000000049e-05
1.985218999999999873e-05
1.988198999999999969e-05
1.990807000000000132e-05
1.993786999999999890e-05
1.996766999999999986e-05
1.999747000000000083e-05
2.003099999999999846e-05
2.006079999999999943e-05
2.008688000000000105e-05
2.012040999999999868e-05
2.015020999999999964e-05
2.018374000000000066e-05
2.021354000000000163e-05
2.024706999999999926e-05
2.027315000000000088e-05
2.029921999999999841e-05
2.032903000000000008e-05
2.035138000000000165e-05
2.037744999999999918e-05
2.039981000000000146e-05
2.042215999999999964e-05
2.044823000000000056e-05
2.046685999999999940e-05
2.048549000000000162e-05
2.050783999999999981e-05
2.052646999999999865e-05
2.054509000000000017e-05
2.056743999999999836e-05
2.058607000000000058e-05
2.061214999999999882e-05
2.063450000000000039e-05
2.066057999999999862e-05
2.068293000000000019e-05
2.070900999999999843e-05
2.073880999999999940e-05
2.076488000000000032e-05
2.079468999999999860e-05
2.082448999999999956e-05
2.085802000000000058e-05
2.088782000000000155e-05
2.091761999999999913e-05
2.094370000000000075e-05
2.096231999999999889e-05
2.098840000000000051e-05
2.101074999999999869e-05
2.102938000000000092e-05
2.105172999999999910e-05
2.107036000000000133e-05
2.109270999999999951e-05
2.111506000000000109e-05
2.113740999999999927e-05
2.116349000000000089e-05
2.118583999999999908e-05
2.121564000000000005e-05
2.124172000000000167e-05
2.126779999999999990e-05
2.129388000000000152e-05
2.131994999999999905e-05
2.134976000000000072e-05
2.137956000000000169e-05
2.141308999999999932e-05
2.144660999999999963e-05
2.147641000000000060e-05
2.151367000000000166e-05
2.154719999999999929e-05
2.158071999999999961e-05
2.160680000000000123e-05
2.163659999999999881e-05
2.165895000000000038e-05
2.168130999999999927e-05
2.169621000000000144e-05
2.171855999999999963e-05
2.173718999999999847e-05
2.175580999999999999e-05
2.178189000000000161e-05
2.180423999999999980e-05
2.182286999999999864e-05
2.184522000000000021e-05
2.186384999999999905e-05
2.188247000000000057e-05
2.189736999999999936e-05
2.191600000000000159e-05
2.193834999999999977e-05
2.195697999999999861e-05
2.197933000000000018e-05
2.200540999999999842e-05
2.202775999999999999e-05
2.205383000000000091e-05
2.208363999999999919e-05
2.211344000000000016e-05
2.214324000000000113e-05
2.217676999999999875e-05
2.221029999999999977e-05
2.224010000000000074e-05
2.227362999999999836e-05
2.230714999999999868e-05
2.233323000000000030e-05
2.235557999999999849e-05
2.238166000000000011e-05
2.240401000000000168e-05
2.242635999999999987e-05
2.245244000000000149e-05
2.246734000000000028e-05
2.248596999999999911e-05
2.251205000000000073e-05
2.253812000000000166e-05
2.256792999999999993e-05
2.259028000000000151e-05
2.260889999999999965e-05
2.262007999999999909e-05
2.263498000000000127e-05
2.264616000000000071e-05
2.267223000000000163e-05
2.270203999999999991e-05
2.273556000000000023e-05
2.276536999999999851e-05
2.278772000000000008e-05
2.281007000000000165e-05
2.283241999999999984e-05
2.285850000000000146e-05
2.288829999999999904e-05
2.291810000000000001e-05
2.294045000000000158e-05
2.295908000000000042e-05
2.295908000000000042e-05
2.295908000000000042e-05
2.295536000000000107e-05
2.294790000000000097e-05
2.295163000000000102e-05
2.296281000000000046e-05
2.299261000000000143e-05
2.304104000000000124e-05
2.310808999999999918e-05
2.318260000000000061e-05
2.326828000000000078e-05
2.335769000000000099e-05
2.343591999999999838e-05
2.351041999999999911e-05
2.357002999999999835e-05
2.361100999999999876e-05
2.362963000000000029e-05
2.363707999999999968e-05
2.363707999999999968e-05
2.363707999999999968e-05
2.364452999999999908e-05
2.365943999999999857e-05
2.367806000000000010e-05
2.368923999999999954e-05
2.370041000000000167e-05
2.371531000000000046e-05
2.373393999999999930e-05
2.376374000000000026e-05
2.379727000000000128e-05
2.383079999999999891e-05
2.387177999999999932e-05
2.390902999999999968e-05
2.395745999999999949e-05
2.399843999999999990e-05
2.403940999999999961e-05
2.408412000000000007e-05
2.412881999999999983e-05
2.416235000000000084e-05
2.419587999999999847e-05
2.422567999999999944e-05
2.425176000000000106e-05
2.427410999999999924e-05
2.428901000000000142e-05
2.430019000000000086e-05
2.430391000000000021e-05
2.430764000000000026e-05
2.431508999999999965e-05
2.431880999999999900e-05
2.432253999999999905e-05
2.432998999999999844e-05
2.434489000000000062e-05
2.435605999999999936e-05
2.437096999999999885e-05
2.438587000000000103e-05
2.440821999999999922e-05
2.442312000000000140e-05
2.444546999999999958e-05
2.446036999999999837e-05
2.447900000000000060e-05
2.449389999999999939e-05
2.450880000000000156e-05
2.453859999999999914e-05
2.456468000000000076e-05
2.460193000000000113e-05
2.463545999999999876e-05
2.466525999999999972e-05
2.468761999999999861e-05
2.471368999999999953e-05
2.473604000000000110e-05
2.476956999999999873e-05
2.480309999999999975e-05
2.483663000000000076e-05
2.486270000000000168e-05
2.488877999999999991e-05
2.491486000000000154e-05
2.494465999999999912e-05
2.498190999999999948e-05
2.503033999999999928e-05
2.508994999999999853e-05
2.516072999999999991e-05
2.522778000000000124e-05
2.528366000000000044e-05
2.533209000000000025e-05
2.535816999999999848e-05
2.537679000000000001e-05
2.539541999999999885e-05
2.541405000000000107e-05
2.544011999999999860e-05
2.547737999999999967e-05
2.552952999999999882e-05
2.558914000000000146e-05
2.565991999999999945e-05
2.573070000000000083e-05
2.579029999999999937e-05
2.583499999999999913e-05
2.586108000000000075e-05
2.587226000000000020e-05
2.585736000000000141e-05
2.582754999999999974e-05
2.578284999999999998e-05
2.572697000000000078e-05
2.566363999999999879e-05
2.559659000000000085e-05
2.553325999999999887e-05
2.547737999999999967e-05
2.543639999999999926e-05
2.541777000000000042e-05
2.541405000000000107e-05
2.542894999999999986e-05
2.544757000000000139e-05
2.547364999999999962e-05
2.551089999999999998e-05
2.555561000000000044e-05
2.561893999999999904e-05
2.568227000000000102e-05
2.574559999999999962e-05
2.580893000000000160e-05
2.587226000000000020e-05
2.593558999999999879e-05
2.599147000000000138e-05
2.603990000000000119e-05
2.608832000000000029e-05
2.612558000000000135e-05
2.615910000000000167e-05
2.618890999999999995e-05
2.621498000000000087e-05
2.623360999999999971e-05
2.625223999999999855e-05
2.627086000000000007e-05
2.628948999999999891e-05
2.631557000000000053e-05
2.633791999999999872e-05
2.636027000000000029e-05
2.638261999999999847e-05
2.640870000000000009e-05
2.643105000000000167e-05
2.645339999999999985e-05
2.647575000000000143e-05
2.650555999999999971e-05
2.653536000000000067e-05
2.656889000000000169e-05
2.659868999999999927e-05
2.663593999999999963e-05
2.667319000000000000e-05
2.671045000000000106e-05
2.674397999999999869e-05
2.677749999999999900e-05
2.681476000000000007e-05
2.684456000000000103e-05
2.687808999999999866e-05
2.691533999999999902e-05
2.694887000000000004e-05
2.698239000000000036e-05
2.701592000000000137e-05
2.704944999999999900e-05
2.707924999999999997e-05
2.710533000000000159e-05
2.713140999999999982e-05
2.714630999999999861e-05
2.716121000000000079e-05
2.717237999999999953e-05
2.718355999999999897e-05
2.719100999999999837e-05
2.719846000000000115e-05
2.720219000000000120e-05
2.721335999999999994e-05
2.722453999999999938e-05
2.723198999999999878e-05
2.724689000000000096e-05
2.726178999999999975e-05
2.727668999999999854e-05
2.729159000000000072e-05
2.730648999999999951e-05
2.732884999999999839e-05
2.735119999999999996e-05
2.737727000000000089e-05
2.740334999999999912e-05
2.743315000000000009e-05
2.746295999999999837e-05
2.748902999999999929e-05
2.751884000000000095e-05
2.754490999999999849e-05
2.756726000000000006e-05
2.758961999999999895e-05
2.761197000000000052e-05
2.764177000000000149e-05
2.766411999999999967e-05
2.769392000000000064e-05
2.771999999999999887e-05
2.774235000000000045e-05
2.776842999999999868e-05
2.779078000000000025e-05
2.780940999999999909e-05
2.782803000000000061e-05
2.783921000000000006e-05
2.785410999999999885e-05
2.786529000000000168e-05
2.787646000000000042e-05
2.788763999999999986e-05
2.789881999999999931e-05
2.790626999999999870e-05
2.792117000000000088e-05
2.792862000000000027e-05
2.794351999999999906e-05
2.796215000000000129e-05
2.798449999999999947e-05
2.801057000000000040e-05
2.804037999999999867e-05
2.807017999999999964e-05
2.811116000000000005e-05
2.815214000000000046e-05
2.818939000000000083e-05
2.823037000000000124e-05
2.827507000000000100e-05
2.830859999999999862e-05
2.834584999999999899e-05
2.837938000000000000e-05
2.842036000000000041e-05
2.845761000000000078e-05
2.849113999999999840e-05
2.852093999999999937e-05
2.855074000000000034e-05
2.858054000000000131e-05
2.861406999999999894e-05
2.863642000000000051e-05
2.865876999999999870e-05
2.867740000000000092e-05
2.869974999999999911e-05
2.872583000000000073e-05
2.875562999999999831e-05
2.878170999999999993e-05
2.880406000000000150e-05
2.883013999999999973e-05
2.886367000000000075e-05
2.890092000000000111e-05
2.894190000000000152e-05
2.897169999999999910e-05
2.899405000000000068e-05
2.900523000000000012e-05
2.901639999999999886e-05
2.903503000000000109e-05
2.906110999999999932e-05
2.910207999999999903e-05
2.916541000000000101e-05
2.923618999999999900e-05
2.932932999999999927e-05
2.943364000000000166e-05
2.954538999999999936e-05
2.966088000000000120e-05
2.976519000000000021e-05
2.985087000000000038e-05
2.991419999999999897e-05
2.995889999999999873e-05
2.999614999999999909e-05
3.001851000000000137e-05
3.002968000000000011e-05
3.003712999999999950e-05
3.003712999999999950e-05
3.003341000000000016e-05
3.002596000000000076e-05
3.001105999999999858e-05
2.999987999999999914e-05
2.999242999999999975e-05
2.998869999999999970e-05
2.998125000000000030e-05
2.996635000000000151e-05
2.994399999999999994e-05
2.991419999999999897e-05
2.988067000000000135e-05
2.983969000000000093e-05
2.979871000000000052e-05
2.976519000000000021e-05
2.973165999999999919e-05
2.970186000000000161e-05
2.969440999999999883e-05
2.969813000000000156e-05
2.972047999999999975e-05
2.975774000000000081e-05
2.979871000000000052e-05
2.984342000000000098e-05
2.988440000000000139e-05
2.992537000000000110e-05
2.997380000000000091e-05
3.002968000000000011e-05
3.008555999999999931e-05
3.014143999999999851e-05
3.018241999999999892e-05
3.021594999999999994e-05
3.024202000000000086e-05
3.026064999999999970e-05
3.027927999999999853e-05
3.030534999999999945e-05
3.034632999999999986e-05
3.039475999999999967e-05
3.045436000000000161e-05
3.051024000000000081e-05
3.055505999999999880e-05
3.058858999999999981e-05
3.061093999999999800e-05
3.062957000000000022e-05
3.065191999999999841e-05
3.068544999999999942e-05
3.072270000000000317e-05
3.075995000000000015e-05
3.078603000000000177e-05
3.080465999999999722e-05
3.081210999999999661e-05
3.082327999999999875e-05
3.083818999999999824e-05
3.084936000000000037e-05
3.086054000000000320e-05
3.086799000000000259e-05
3.087915999999999795e-05
3.090151999999999683e-05
3.093503999999999715e-05
3.097975000000000099e-05
3.104307999999999959e-05
3.112130999999999697e-05
3.121071000000000327e-05
3.131502000000000227e-05
3.142305999999999794e-05
3.153853999999999908e-05
3.165774999999999687e-05
3.177322999999999801e-05
3.188127000000000045e-05
3.197066999999999997e-05
3.203773000000000200e-05
3.207497999999999898e-05
3.208616000000000181e-05
3.207871000000000241e-05
3.205635999999999745e-05
3.203773000000000200e-05
3.202283000000000321e-05
3.201909999999999978e-05
3.202283000000000321e-05
3.203028000000000261e-05
3.203399999999999857e-05
3.202654999999999917e-05
3.201165000000000038e-05
3.198185000000000280e-05
3.195204999999999844e-05
3.191479000000000077e-05
3.188871999999999985e-05
3.188499000000000319e-05
3.189616999999999924e-05
3.193342000000000299e-05
3.198557999999999946e-05
3.205635999999999745e-05
3.214204000000000101e-05
3.223144000000000052e-05
3.232457999999999740e-05
3.240652999999999752e-05
3.246986000000000289e-05
3.251456999999999996e-05
3.252946999999999875e-05
3.252201999999999936e-05
3.248848999999999834e-05
3.242888000000000248e-05
3.235438000000000176e-05
3.226869999999999820e-05
3.216811000000000193e-05
3.206380999999999684e-05
3.195949999999999784e-05
3.186637000000000166e-05
3.179186000000000024e-05
3.174715999999999709e-05
3.172853000000000164e-05
3.172853000000000164e-05
3.173970999999999769e-05
3.175832999999999922e-05
3.178067999999999741e-05
3.181049000000000246e-05
3.184401000000000278e-05
3.187753999999999702e-05
3.190361999999999864e-05
3.192970000000000026e-05
3.195949999999999784e-05
3.199675000000000159e-05
3.204518000000000140e-05
3.210850999999999999e-05
3.217557000000000202e-05
3.224635000000000001e-05
3.230967999999999861e-05
3.236183000000000115e-05
3.239536000000000217e-05
3.241397999999999692e-05
3.241771000000000035e-05
3.242143000000000309e-05
3.242888000000000248e-05
3.245495999999999733e-05
3.248848999999999834e-05
3.254809000000000028e-05
3.262260000000000171e-05
3.271201000000000192e-05
3.282003999999999689e-05
3.293925000000000146e-05
3.306218000000000199e-05
3.318883999999999918e-05
3.331922999999999981e-05
3.344588999999999700e-05
3.356510000000000158e-05
3.367685999999999998e-05
3.377744000000000232e-05
3.385940000000000314e-05
3.391528000000000235e-05
3.394507999999999993e-05
3.395625000000000206e-05
3.394507999999999993e-05
3.393018000000000114e-05
3.391154999999999891e-05
3.389291999999999668e-05
3.387430000000000193e-05
3.384449999999999758e-05
3.380723999999999990e-05
3.375881000000000010e-05
3.371410999999999695e-05
3.367313000000000332e-05
3.363960000000000230e-05
3.360979999999999795e-05
3.358372000000000310e-05
3.356136999999999814e-05
3.354274999999999661e-05
3.353529999999999722e-05
3.353529999999999722e-05
3.353529999999999722e-05
3.354274999999999661e-05
3.356136999999999814e-05
3.358372000000000310e-05
3.361353000000000138e-05
3.363960000000000230e-05
3.366941000000000058e-05
3.370293000000000090e-05
3.373646000000000191e-05
3.376253999999999676e-05
3.378861999999999838e-05
3.380723999999999990e-05
3.381842000000000273e-05
3.382958999999999809e-05
3.383703999999999748e-05
3.383703999999999748e-05
3.384077000000000092e-05
3.384822000000000031e-05
3.385194999999999697e-05
3.386311999999999910e-05
3.387430000000000193e-05
3.388546999999999729e-05
3.389665000000000012e-05
3.391154999999999891e-05
3.392644999999999770e-05
3.394507999999999993e-05
3.396742999999999811e-05
3.399350999999999973e-05
3.401585999999999792e-05
3.404193999999999954e-05
3.406428999999999772e-05
3.408664000000000268e-05
3.410526999999999813e-05
3.411271999999999753e-05
3.412388999999999966e-05
3.413507000000000249e-05
3.413878999999999845e-05
3.414623999999999784e-05
3.415368999999999724e-05
3.416113999999999663e-05
3.416859999999999673e-05
3.417976999999999886e-05
3.419095000000000169e-05
3.419840000000000109e-05
3.421329999999999988e-05
3.422819999999999867e-05
3.423938000000000150e-05
3.425428000000000029e-05
3.426172999999999968e-05
3.427290000000000181e-05
3.428407999999999787e-05
3.429526000000000070e-05
3.430271000000000009e-05
3.431015999999999949e-05
3.432133000000000162e-05
3.432878000000000101e-05
3.433995999999999707e-05
3.435112999999999920e-05
3.436231000000000203e-05
3.438466000000000021e-05
3.440329000000000244e-05
3.442564000000000062e-05
3.445172000000000224e-05
3.448525000000000326e-05
3.451505000000000084e-05
3.454484999999999842e-05
3.457837999999999944e-05
3.460817999999999702e-05
3.463425999999999864e-05
3.465660999999999682e-05
3.467896000000000178e-05
3.470130999999999997e-05
3.471620999999999876e-05
3.473110999999999755e-05
3.473855999999999694e-05
3.475347000000000321e-05
3.476837000000000200e-05
3.478327000000000079e-05
3.479816999999999958e-05
3.481306999999999837e-05
3.483170000000000060e-05
3.484287000000000273e-05
3.485404999999999878e-05
3.486149999999999818e-05
3.486149999999999818e-05
3.486149999999999818e-05
3.486149999999999818e-05
3.486149999999999818e-05
3.486522000000000091e-05
3.486522000000000091e-05
3.486894999999999757e-05
3.486894999999999757e-05
3.487268000000000101e-05
3.487268000000000101e-05
3.487268000000000101e-05
3.487639999999999697e-05
3.488013000000000040e-05
3.489130000000000253e-05
3.490247999999999859e-05
3.491737999999999738e-05
3.493228000000000294e-05
3.494718000000000173e-05
3.495835999999999779e-05
3.496952999999999992e-05
3.498442999999999871e-05
3.499187999999999810e-05
3.499933999999999820e-05
3.500678999999999759e-05
3.501051000000000033e-05
3.501423999999999699e-05
3.502169000000000316e-05
3.502169000000000316e-05
3.502540999999999912e-05
3.502914000000000255e-05
3.502914000000000255e-05
3.502914000000000255e-05
3.502540999999999912e-05
3.502169000000000316e-05
3.501051000000000033e-05
3.499933999999999820e-05
3.498816000000000214e-05
3.497326000000000335e-05
3.495463000000000113e-05
3.493600999999999960e-05
3.491737999999999738e-05
3.489875000000000193e-05
3.489130000000000253e-05
3.488013000000000040e-05
3.487639999999999697e-05
3.487639999999999697e-05
3.488013000000000040e-05
3.488757999999999980e-05
3.489502999999999919e-05
3.489502999999999919e-05
3.490620000000000132e-05
3.491365000000000072e-05
3.492482999999999677e-05
3.493228000000000294e-05
3.494345999999999900e-05
3.495463000000000113e-05
3.495835999999999779e-05
3.496580999999999718e-05
3.497326000000000335e-05
3.498442999999999871e-05
3.499187999999999810e-05
3.499933999999999820e-05
3.501423999999999699e-05
3.502914000000000255e-05
3.504404000000000134e-05
3.505520999999999670e-05
3.507012000000000296e-05
3.508502000000000175e-05
3.509992000000000054e-05
3.511481999999999933e-05
3.512226999999999873e-05
3.512971999999999812e-05
3.512971999999999812e-05
3.512971999999999812e-05
3.512600000000000216e-05
3.511854000000000207e-05
3.511481999999999933e-05
3.511109000000000268e-05
3.510364000000000328e-05
3.510364000000000328e-05
3.510364000000000328e-05
3.510364000000000328e-05
3.510364000000000328e-05
3.510736999999999994e-05
3.511109000000000268e-05
3.511481999999999933e-05
3.511854000000000207e-05
3.512226999999999873e-05
3.512600000000000216e-05
3.512971999999999812e-05
3.512971999999999812e-05
3.512971999999999812e-05
3.512971999999999812e-05
3.512971999999999812e-05
3.512971999999999812e-05
3.513345000000000156e-05
3.514090000000000096e-05
3.514835000000000035e-05
3.515952000000000248e-05
3.517442000000000127e-05
3.518187000000000067e-05
3.519304999999999672e-05
3.520422999999999955e-05
3.521167999999999895e-05
3.521540000000000168e-05
3.521540000000000168e-05
3.521912999999999834e-05
3.521912999999999834e-05
3.521540000000000168e-05
3.521540000000000168e-05
3.521167999999999895e-05
3.520795000000000229e-05
3.520422999999999955e-05
3.519304999999999672e-05
3.518187000000000067e-05
3.516697000000000188e-05
3.514835000000000035e-05
3.513345000000000156e-05
3.511854000000000207e-05
3.509992000000000054e-05
3.508502000000000175e-05
3.507012000000000296e-05
3.505520999999999670e-05
3.503659000000000195e-05
3.502169000000000316e-05
3.501423999999999699e-05
3.500678999999999759e-05
3.500306000000000093e-05
3.501051000000000033e-05
3.502169000000000316e-05
3.503285999999999851e-05
3.505149000000000074e-05
3.506638999999999953e-05
3.508502000000000175e-05
3.509618999999999711e-05
3.510736999999999994e-05
3.511481999999999933e-05
3.511481999999999933e-05
3.511109000000000268e-05
3.510364000000000328e-05
3.509247000000000115e-05
3.508128999999999832e-05
3.506638999999999953e-05
3.504775999999999730e-05
3.502169000000000316e-05
3.499561000000000154e-05
3.496580999999999718e-05
3.493600999999999960e-05
3.490620000000000132e-05
3.487639999999999697e-05
3.484287000000000273e-05
3.481306999999999837e-05
3.477953999999999735e-05
3.474973999999999977e-05
3.471994000000000219e-05
3.469386000000000057e-05
3.467151000000000239e-05
3.465288000000000016e-05
3.464170999999999803e-05
3.463053000000000198e-05
3.462680999999999924e-05
3.462680999999999924e-05
3.462680999999999924e-05
3.462680999999999924e-05
3.462680999999999924e-05
3.462308000000000258e-05
3.461935999999999985e-05
3.461189999999999975e-05
3.460072999999999762e-05
3.458582999999999883e-05
3.456720000000000338e-05
3.454484999999999842e-05
3.451505000000000084e-05
3.448525000000000326e-05
3.445543999999999820e-05
3.442191999999999789e-05
3.439210999999999961e-05
3.435858999999999929e-05
3.432878000000000101e-05
3.430271000000000009e-05
3.428035000000000121e-05
3.426172999999999968e-05
3.424683000000000089e-05
3.423564999999999806e-05
3.423193000000000210e-05
3.423193000000000210e-05
3.423564999999999806e-05
3.425054999999999685e-05
3.426172999999999968e-05
3.428407999999999787e-05
3.431015999999999949e-05
3.433623000000000041e-05
3.436603999999999869e-05
3.439584000000000304e-05
3.442564000000000062e-05
3.445917000000000164e-05
3.449270000000000265e-05
3.452622000000000297e-05
3.455974999999999721e-05
3.459327999999999823e-05
3.462680999999999924e-05
3.465660999999999682e-05
3.468268999999999844e-05
3.470503999999999663e-05
3.471994000000000219e-05
3.473484000000000098e-05
3.473855999999999694e-05
3.474229000000000038e-05
3.473855999999999694e-05
3.473484000000000098e-05
3.472365999999999815e-05
3.470503999999999663e-05
3.469013999999999784e-05
3.467522999999999835e-05
3.464915999999999743e-05
3.462680999999999924e-05
3.460817999999999702e-05
3.458210000000000217e-05
3.456348000000000065e-05
3.454484999999999842e-05
3.452622000000000297e-05
3.451505000000000084e-05
3.450386999999999801e-05
3.448896999999999922e-05
3.448151999999999982e-05
3.446662000000000103e-05
3.445172000000000224e-05
3.444427000000000285e-05
3.442936999999999728e-05
3.441819000000000123e-05
3.440329000000000244e-05
3.438838999999999687e-05
3.436976000000000142e-05
3.435112999999999920e-05
3.432878000000000101e-05
3.431015999999999949e-05
3.428407999999999787e-05
3.426172999999999968e-05
3.423193000000000210e-05
3.419840000000000109e-05
3.416859999999999673e-05
3.413507000000000249e-05
3.410526999999999813e-05
3.407173999999999712e-05
3.404193999999999954e-05
3.400840999999999852e-05
3.397861000000000094e-05
3.394880000000000266e-05
3.392644999999999770e-05
3.390409999999999952e-05
3.388175000000000133e-05
3.386685000000000254e-05
3.385194999999999697e-05
3.384449999999999758e-05
3.383332000000000152e-05
3.382587000000000213e-05
3.381842000000000273e-05
3.381468999999999930e-05
3.381097000000000334e-05
3.380351999999999717e-05
3.379979000000000051e-05
3.379234000000000111e-05
3.378861999999999838e-05
3.378489000000000172e-05
3.378116999999999898e-05
3.377370999999999889e-05
3.376999000000000293e-05
3.376625999999999949e-05
3.376625999999999949e-05
3.376253999999999676e-05
3.375881000000000010e-05
3.375508999999999736e-05
3.374763999999999797e-05
3.373646000000000191e-05
3.372528999999999978e-05
3.372156000000000312e-05
3.371410999999999695e-05
3.370665999999999756e-05
3.370293000000000090e-05
3.369548000000000150e-05
3.368803000000000211e-05
3.367685999999999998e-05
3.366196000000000119e-05
3.364705000000000170e-05
3.362843000000000017e-05
3.361724999999999734e-05
3.359863000000000259e-05
3.358744999999999976e-05
3.357255000000000097e-05
3.355765000000000218e-05
3.354274999999999661e-05
3.352784999999999782e-05
3.350922000000000237e-05
3.349431999999999681e-05
3.347941999999999802e-05
3.346451999999999923e-05
3.344960999999999974e-05
3.343471000000000095e-05
3.341981000000000216e-05
3.340864000000000003e-05
3.339000999999999780e-05
3.337510999999999901e-05
3.336393000000000296e-05
3.334531000000000143e-05
3.333041000000000264e-05
3.331178000000000042e-05
3.328943000000000223e-05
3.327080000000000001e-05
3.324845000000000182e-05
3.323726999999999899e-05
3.321864999999999746e-05
3.321119999999999807e-05
3.319628999999999858e-05
3.318138999999999979e-05
3.316276999999999826e-05
3.314414000000000281e-05
3.312178999999999785e-05
3.309571000000000301e-05
3.307335999999999805e-05
3.305100999999999986e-05
3.303237999999999764e-05
3.301376000000000289e-05
3.299513000000000066e-05
3.298394999999999783e-05
3.296904999999999904e-05
3.295787999999999691e-05
3.293925000000000146e-05
3.292435000000000267e-05
3.290199999999999771e-05
3.288337000000000226e-05
3.286846999999999669e-05
3.284611999999999851e-05
3.282749000000000306e-05
3.280886000000000083e-05
3.279396000000000204e-05
3.277906000000000325e-05
3.276415999999999769e-05
3.275299000000000233e-05
3.274180999999999950e-05
3.273808000000000284e-05
3.272691000000000071e-05
3.271946000000000132e-05
3.270827999999999849e-05
3.269711000000000313e-05
3.267848000000000091e-05
3.266358000000000212e-05
3.264494999999999989e-05
3.262632999999999836e-05
3.261515000000000231e-05
3.260396999999999948e-05
3.259652000000000008e-05
3.260024999999999674e-05
3.260770000000000291e-05
3.261886999999999827e-05
3.263750000000000050e-05
3.266358000000000212e-05
3.269711000000000313e-05
3.273436000000000011e-05
3.277534000000000052e-05
3.281258999999999749e-05
3.285356999999999790e-05
3.289454999999999831e-05
3.293180000000000206e-05
3.295787999999999691e-05
3.298394999999999783e-05
3.299884999999999662e-05
3.301002999999999945e-05
3.301376000000000289e-05
3.301002999999999945e-05
3.299884999999999662e-05
3.298394999999999783e-05
3.296533000000000308e-05
3.293551999999999802e-05
3.290944999999999710e-05
3.287592000000000286e-05
3.284611999999999851e-05
3.281632000000000093e-05
3.279023999999999931e-05
3.277160999999999708e-05
3.275299000000000233e-05
3.274180999999999950e-05
3.273808000000000284e-05
3.273436000000000011e-05
3.273062999999999667e-05
3.273436000000000011e-05
3.273436000000000011e-05
3.273808000000000284e-05
3.274180999999999950e-05
3.274553000000000224e-05
3.275299000000000233e-05
3.276044000000000173e-05
3.276789000000000112e-05
3.277534000000000052e-05
3.277534000000000052e-05
3.277906000000000325e-05
3.277906000000000325e-05
3.277906000000000325e-05
3.277534000000000052e-05
3.277160999999999708e-05
3.276044000000000173e-05
3.274925999999999890e-05
3.273808000000000284e-05
3.272691000000000071e-05
3.271572999999999788e-05
3.270827999999999849e-05
3.270082999999999909e-05
3.269337999999999970e-05
3.268219999999999687e-05
3.267474999999999747e-05
3.265984999999999868e-05
3.264122999999999715e-05
3.262260000000000171e-05
3.260024999999999674e-05
3.257789999999999856e-05
3.255181999999999694e-05
3.252574000000000209e-05
3.249967000000000117e-05
3.246614000000000016e-05
3.243260999999999914e-05
3.240281000000000156e-05
3.237300999999999720e-05
3.234319999999999893e-05
3.232085000000000074e-05
3.229850000000000255e-05
3.228359999999999699e-05
3.226869999999999820e-05
3.225752000000000214e-05
3.224635000000000001e-05
3.223890000000000062e-05
3.223516999999999718e-05
3.223516999999999718e-05
3.223516999999999718e-05
3.223144000000000052e-05
3.222771999999999779e-05
3.222026999999999839e-05
3.221281999999999900e-05
3.220536999999999960e-05
3.219418999999999677e-05
3.217928999999999798e-05
3.216811000000000193e-05
3.215321000000000314e-05
3.213459000000000161e-05
3.211223999999999665e-05
3.208987999999999777e-05
3.206752999999999958e-05
3.204518000000000140e-05
3.201909999999999978e-05
3.199675000000000159e-05
3.197066999999999997e-05
3.194832000000000178e-05
3.191851999999999743e-05
3.188871999999999985e-05
3.185892000000000227e-05
3.182539000000000125e-05
3.179186000000000024e-05
3.176206000000000266e-05
3.172853000000000164e-05
3.170617999999999668e-05
3.168755000000000123e-05
3.167265000000000244e-05
3.166520000000000304e-05
3.166520000000000304e-05
3.167265000000000244e-05
3.168382999999999849e-05
3.169872999999999728e-05
3.170989999999999942e-05
3.172853000000000164e-05
3.173598000000000104e-05
3.175087999999999983e-05
3.175832999999999922e-05
3.176206000000000266e-05
3.176206000000000266e-05
3.175832999999999922e-05
3.175461000000000326e-05
3.174343000000000043e-05
3.172853000000000164e-05
3.171734999999999881e-05
3.169872999999999728e-05
3.168755000000000123e-05
3.166892999999999970e-05
3.166148000000000031e-05
3.165029999999999748e-05
3.164284999999999808e-05
3.163539999999999869e-05
3.163167000000000203e-05
3.162049999999999990e-05
3.160560000000000111e-05
3.159441999999999828e-05
3.157951999999999949e-05
3.156833999999999666e-05
3.155343999999999787e-05
3.154227000000000251e-05
3.153853999999999908e-05
3.152736000000000302e-05
3.151990999999999685e-05
3.150874000000000150e-05
3.150129000000000210e-05
3.148265999999999988e-05
3.147148999999999775e-05
3.145657999999999826e-05
3.144541000000000290e-05
3.143050999999999733e-05
3.141933000000000128e-05
3.140815999999999915e-05
3.138952999999999692e-05
3.137462999999999813e-05
3.135227999999999995e-05
3.132619999999999833e-05
3.130385000000000014e-05
3.128150000000000196e-05
3.125542000000000034e-05
3.122188999999999932e-05
3.119580999999999770e-05
3.116228999999999739e-05
3.112876000000000315e-05
3.109523000000000213e-05
3.105797999999999838e-05
3.101699999999999797e-05
3.097975000000000099e-05
3.094249000000000332e-05
3.090897000000000300e-05
3.087915999999999795e-05
3.084563999999999763e-05
3.081582999999999935e-05
3.078603000000000177e-05
3.075622999999999741e-05
3.073015000000000257e-05
3.070779999999999761e-05
3.068544999999999942e-05
3.066681999999999720e-05
3.065191999999999841e-05
3.063701999999999962e-05
3.062212000000000083e-05
3.060722000000000204e-05
3.059232000000000325e-05
3.058486999999999708e-05
3.057741999999999768e-05
3.056996999999999829e-05
3.056996999999999829e-05
3.056996999999999829e-05
3.057369000000000102e-05
3.057369000000000102e-05
3.057741999999999768e-05
3.058114000000000042e-05
3.058486999999999708e-05
3.058858999999999981e-05
3.058858999999999981e-05
3.058858999999999981e-05
3.058114000000000042e-05
3.056996999999999829e-05
3.055505999999999880e-05
3.052526000000000122e-05
3.049906999999999868e-05
3.046554000000000105e-05
3.043201000000000003e-05
3.039848999999999972e-05
3.036868000000000144e-05
3.034261000000000052e-05
3.032025000000000163e-05
3.030163000000000011e-05
3.027927999999999853e-05
3.026809999999999909e-05
3.025320000000000030e-05
3.024202000000000086e-05
3.024202000000000086e-05
3.023830000000000151e-05
3.023830000000000151e-05
3.023830000000000151e-05
3.024202000000000086e-05
3.024202000000000086e-05
3.024202000000000086e-05
3.024202000000000086e-05
3.023457000000000146e-05
3.023084999999999873e-05
3.021966999999999929e-05
3.020850000000000054e-05
3.019732000000000110e-05
3.018614000000000166e-05
3.017123999999999948e-05
3.014889000000000129e-05
3.013398999999999912e-05
3.011164000000000093e-05
3.008555999999999931e-05
3.006321000000000113e-05
3.003712999999999950e-05
3.000732999999999854e-05
2.997380000000000091e-05
2.994399999999999994e-05
2.990674999999999958e-05
2.986948999999999851e-05
2.982851999999999880e-05
2.978753999999999839e-05
2.973910999999999859e-05
2.968694999999999873e-05
2.962735000000000019e-05
2.956402000000000159e-05
2.949695999999999956e-05
2.942618000000000157e-05
2.936284999999999958e-05
2.929952000000000099e-05
2.924364999999999910e-05
2.919148999999999925e-05
2.914678999999999949e-05
2.910580999999999908e-05
2.906855999999999871e-05
2.903875000000000043e-05
2.901267999999999951e-05
2.899033000000000133e-05
2.897169999999999910e-05
2.894935000000000092e-05
2.893444999999999874e-05
2.891208999999999985e-05
2.889719000000000106e-05
2.887856999999999954e-05
2.885994000000000070e-05
2.883758999999999913e-05
2.881524000000000094e-05
2.878915999999999932e-05
2.876681000000000114e-05
2.874072999999999952e-05
2.871838000000000133e-05
2.869602999999999976e-05
2.868113000000000097e-05
2.866995000000000153e-05
2.866622999999999879e-05
2.866622999999999879e-05
2.866995000000000153e-05
2.867740000000000092e-05
2.868485000000000032e-05
2.868858000000000036e-05
2.869229999999999971e-05
2.869229999999999971e-05
2.868858000000000036e-05
2.868485000000000032e-05
2.866995000000000153e-05
2.865504999999999935e-05
2.863642000000000051e-05
2.861406999999999894e-05
2.859172000000000075e-05
2.856191999999999978e-05
2.853211000000000150e-05
2.849859000000000119e-05
2.846877999999999952e-05
2.843525999999999920e-05
2.840545000000000092e-05
2.837938000000000000e-05
2.835329999999999838e-05
2.833095000000000020e-05
2.830859999999999862e-05
2.829369999999999983e-05
2.828625000000000044e-05
2.828252000000000039e-05
2.827880000000000104e-05
2.828625000000000044e-05
2.829369999999999983e-05
2.830486999999999858e-05
2.830859999999999862e-05
2.831605000000000141e-05
2.831977000000000076e-05
2.831977000000000076e-05
2.831605000000000141e-05
2.831232000000000136e-05
2.830486999999999858e-05
2.828996999999999979e-05
2.827507000000000100e-05
2.825643999999999877e-05
