5.713127999999999826e-05
5.714991000000000049e-05
5.716854000000000271e-05
5.719089000000000090e-05
5.721697000000000252e-05
5.723558999999999727e-05
5.725421999999999949e-05
5.727285000000000172e-05
5.728030000000000112e-05
5.728401999999999707e-05
5.727285000000000172e-05
5.725794000000000223e-05
5.723932000000000070e-05
5.720952000000000312e-05
5.716480999999999928e-05
5.711265999999999674e-05
5.704932999999999814e-05
5.697481999999999671e-05
5.689658999999999933e-05
5.680717999999999911e-05
5.671033000000000020e-05
5.660602000000000119e-05
5.649798999999999945e-05
5.638994999999999701e-05
5.627447000000000265e-05
5.615898000000000081e-05
5.604349999999999968e-05
5.592429000000000188e-05
5.580507999999999731e-05
5.567842000000000011e-05
5.555176000000000292e-05
5.541764999999999956e-05
5.529099000000000237e-05
5.515687999999999901e-05
5.502277000000000242e-05
5.488865999999999906e-05
5.475455000000000247e-05
5.462416000000000184e-05
5.450123000000000131e-05
5.437456999999999734e-05
5.425163999999999681e-05
5.413242999999999901e-05
5.401693999999999718e-05
5.389772999999999938e-05
5.377852000000000158e-05
5.366304000000000045e-05
5.354755999999999931e-05
5.343206999999999747e-05
5.332030999999999907e-05
5.320110000000000128e-05
5.308562000000000014e-05
5.297386000000000174e-05
5.285838000000000060e-05
5.274662000000000220e-05
5.263113000000000036e-05
5.251938000000000266e-05
5.241134000000000022e-05
5.230703000000000121e-05
5.220644999999999886e-05
5.211332000000000269e-05
5.202763999999999913e-05
5.194196000000000235e-05
5.187116999999999688e-05
5.180038999999999889e-05
5.172588999999999817e-05
5.165137999999999674e-05
5.158433000000000218e-05
5.152099999999999681e-05
5.146511999999999761e-05
5.140551000000000175e-05
5.133101000000000102e-05
5.124905000000000020e-05
5.115963999999999999e-05
5.107768999999999987e-05
5.100691000000000187e-05
5.095103000000000267e-05
5.091005000000000226e-05
5.086162000000000246e-05
5.079828999999999709e-05
5.071633000000000304e-05
5.060830000000000130e-05
5.048908999999999673e-05
5.036242999999999953e-05
5.025067000000000113e-05
5.015753999999999818e-05
5.009048999999999685e-05
5.004577999999999978e-05
5.001598000000000220e-05
4.997872999999999845e-05
4.993029999999999864e-05
4.985952000000000065e-05
4.977755999999999983e-05
4.969933000000000244e-05
4.962854999999999768e-05
4.956521999999999908e-05
4.950189000000000049e-05
4.942737999999999906e-05
4.933053000000000015e-05
4.921132000000000235e-05
4.908093000000000172e-05
4.894310000000000240e-05
4.882016000000000117e-05
4.870840000000000277e-05
4.861900000000000325e-05
4.853704000000000243e-05
4.845135999999999887e-05
4.835449999999999926e-05
4.826137000000000309e-05
4.816450999999999670e-05
4.808255000000000265e-05
4.800060000000000253e-05
4.791491999999999897e-05
4.783669000000000159e-05
4.776962999999999956e-05
4.771002999999999762e-05
4.765787000000000116e-05
4.759454000000000256e-05
4.751259000000000244e-05
4.741573000000000283e-05
4.730396999999999765e-05
4.719220999999999925e-05
4.709162999999999690e-05
4.700967000000000286e-05
4.694262000000000152e-05
4.688300999999999889e-05
4.681595999999999756e-05
4.674890000000000230e-05
4.668185000000000097e-05
4.661478999999999894e-05
4.654027999999999751e-05
4.645460000000000073e-05
4.636891999999999717e-05
4.628696000000000313e-05
4.620127999999999957e-05
4.610814999999999662e-05
4.601874000000000318e-05
4.592933999999999689e-05
4.583620000000000001e-05
4.573561999999999766e-05
4.564249000000000149e-05
4.555308000000000127e-05
4.546739999999999772e-05
4.537798999999999750e-05
4.529603999999999738e-05
4.522153000000000273e-05
4.513958000000000261e-05
4.505762000000000178e-05
4.496821000000000157e-05
4.488252999999999801e-05
4.478940000000000184e-05
4.469254000000000222e-05
4.458823000000000322e-05
4.448391999999999743e-05
4.436844000000000307e-05
4.425667999999999790e-05
4.414119999999999676e-05
4.402571000000000170e-05
4.390649999999999713e-05
4.378728999999999933e-05
4.366809000000000223e-05
4.354142999999999826e-05
4.341103999999999764e-05
4.327693000000000105e-05
4.313536999999999829e-05
4.299381000000000231e-05
4.285224999999999955e-05
4.270696000000000014e-05
4.256167000000000072e-05
4.242384000000000140e-05
4.228972999999999803e-05
4.215933999999999741e-05
4.203640999999999687e-05
4.192092000000000181e-05
4.180916999999999734e-05
4.170485999999999833e-05
4.160054999999999932e-05
4.150368999999999971e-05
4.141055999999999676e-05
4.131743000000000058e-05
4.122429999999999763e-05
4.113488999999999742e-05
4.103802999999999780e-05
4.094861999999999759e-05
4.085176999999999868e-05
4.075490999999999906e-05
4.065060000000000006e-05
4.053511999999999892e-05
4.041962999999999708e-05
4.030041999999999929e-05
4.017376000000000210e-05
4.003964999999999873e-05
3.989809000000000275e-05
3.975652999999999999e-05
3.961124000000000058e-05
3.945477999999999903e-05
3.930576999999999688e-05
3.915676000000000150e-05
3.901147000000000208e-05
3.886619000000000337e-05
3.872463000000000061e-05
3.858305999999999715e-05
3.844895000000000056e-05
3.831857000000000064e-05
3.819190999999999667e-05
3.807269999999999887e-05
3.795721999999999773e-05
3.784173000000000267e-05
3.772251999999999810e-05
3.761075999999999970e-05
3.749155000000000190e-05
3.737979999999999743e-05
3.727176000000000176e-05
3.716373000000000002e-05
3.705197000000000162e-05
3.695511000000000200e-05
3.685452999999999966e-05
3.675394999999999731e-05
3.666081000000000043e-05
3.656396000000000152e-05
3.646710000000000191e-05
3.637024000000000230e-05
3.627338000000000269e-05
3.617280000000000034e-05
3.607221999999999799e-05
3.597164000000000242e-05
3.587104999999999938e-05
3.577046999999999703e-05
3.566989000000000146e-05
3.556558000000000245e-05
3.546126999999999667e-05
3.535695999999999766e-05
3.525638000000000209e-05
3.515579999999999975e-05
3.505894000000000013e-05
3.496208000000000052e-05
3.487268000000000101e-05
3.477953999999999735e-05
3.469013999999999784e-05
3.460072999999999762e-05
3.451505000000000084e-05
3.442191999999999789e-05
3.433995999999999707e-05
3.425428000000000029e-05
3.416859999999999673e-05
3.408664000000000268e-05
3.400468000000000186e-05
3.391528000000000235e-05
3.382958999999999809e-05
3.375136000000000070e-05
3.366567999999999715e-05
3.358372000000000310e-05
3.350177000000000298e-05
3.342353999999999882e-05
3.334157999999999800e-05
3.325590000000000122e-05
3.317394000000000039e-05
3.309199000000000027e-05
3.300630000000000279e-05
3.292435000000000267e-05
3.283866999999999911e-05
3.276044000000000173e-05
3.267848000000000091e-05
3.259652000000000008e-05
3.252201999999999936e-05
3.244750999999999793e-05
3.237300999999999720e-05
3.229850000000000255e-05
3.223144000000000052e-05
3.216438999999999919e-05
3.210106000000000060e-05
3.204518000000000140e-05
3.199675000000000159e-05
3.195577000000000118e-05
3.191851999999999743e-05
3.189244000000000258e-05
3.186637000000000166e-05
3.184773999999999944e-05
3.182910999999999721e-05
3.181420999999999842e-05
3.179558999999999690e-05
3.178441000000000084e-05
3.176951000000000205e-05
3.175461000000000326e-05
3.173598000000000104e-05
3.171734999999999881e-05
3.169872999999999728e-05
3.167637999999999910e-05
3.165402000000000021e-05
3.163539999999999869e-05
3.161677000000000324e-05
3.159815000000000171e-05
3.157951999999999949e-05
3.156462000000000070e-05
3.154972000000000191e-05
3.153853999999999908e-05
3.152736000000000302e-05
3.152364000000000029e-05
3.151619000000000089e-05
3.151245999999999746e-05
3.151619000000000089e-05
3.151619000000000089e-05
3.151990999999999685e-05
3.152364000000000029e-05
3.153108999999999968e-05
3.153853999999999908e-05
3.154598999999999847e-05
3.155343999999999787e-05
3.156088999999999726e-05
3.157207000000000009e-05
3.157207000000000009e-05
3.157579000000000283e-05
3.157579000000000283e-05
3.157579000000000283e-05
3.157207000000000009e-05
3.157207000000000009e-05
3.156088999999999726e-05
3.155343999999999787e-05
3.154598999999999847e-05
3.154227000000000251e-05
3.153853999999999908e-05
3.153853999999999908e-05
3.154598999999999847e-05
3.155343999999999787e-05
3.156462000000000070e-05
3.157579000000000283e-05
3.159441999999999828e-05
3.160931999999999707e-05
3.162794999999999929e-05
3.164284999999999808e-05
3.166520000000000304e-05
3.167637999999999910e-05
3.169127999999999789e-05
3.170245000000000002e-05
3.171363000000000285e-05
3.172108000000000225e-05
3.172853000000000164e-05
3.173225999999999830e-05
3.173598000000000104e-05
3.173970999999999769e-05
3.174343000000000043e-05
3.174715999999999709e-05
3.175087999999999983e-05
3.175461000000000326e-05
3.176206000000000266e-05
3.176206000000000266e-05
3.177322999999999801e-05
3.177696000000000145e-05
3.178441000000000084e-05
3.179186000000000024e-05
3.179558999999999690e-05
3.179930999999999963e-05
3.180304000000000307e-05
3.180304000000000307e-05
3.180304000000000307e-05
3.179930999999999963e-05
3.179558999999999690e-05
3.179186000000000024e-05
3.178441000000000084e-05
3.177696000000000145e-05
3.176951000000000205e-05
3.176206000000000266e-05
3.175461000000000326e-05
3.174715999999999709e-05
3.173598000000000104e-05
3.172853000000000164e-05
3.171734999999999881e-05
3.169872999999999728e-05
3.168010000000000184e-05
3.166148000000000031e-05
3.163167000000000203e-05
3.159441999999999828e-05
3.155343999999999787e-05
3.150500999999999806e-05
3.144912999999999886e-05
3.138580000000000027e-05
3.131874999999999893e-05
3.125168999999999690e-05
3.117719000000000295e-05
3.109523000000000213e-05
3.101327000000000131e-05
3.093132000000000119e-05
3.084191000000000097e-05
3.076367999999999681e-05
3.068544999999999942e-05
3.061467000000000143e-05
3.054760999999999940e-05
3.048788999999999923e-05
3.043201000000000003e-05
3.037986000000000088e-05
3.033516000000000112e-05
3.029790000000000006e-05
3.026064999999999970e-05
3.022711999999999868e-05
3.019359000000000105e-05
3.016007000000000074e-05
3.012653999999999972e-05
3.009300999999999871e-05
3.005575999999999834e-05
3.001851000000000137e-05
2.998498000000000035e-05
2.995144999999999934e-05
2.992164999999999837e-05
2.989185000000000079e-05
2.986576999999999917e-05
2.983969000000000093e-05
2.981733999999999936e-05
2.979871000000000052e-05
2.977263999999999960e-05
2.975028000000000072e-05
2.973165999999999919e-05
2.971303000000000035e-05
2.970186000000000161e-05
2.968322999999999939e-05
2.967204999999999994e-05
2.965715000000000115e-05
2.963852999999999963e-05
2.962362000000000014e-05
2.960499999999999861e-05
2.958265000000000043e-05
2.955656999999999881e-05
2.953422000000000062e-05
2.950441999999999965e-05
2.947461000000000137e-05
2.943736000000000101e-05
2.939638000000000060e-05
2.935540000000000019e-05
2.930698000000000108e-05
2.925855000000000128e-05
2.921384000000000082e-05
2.916541000000000101e-05
2.911698999999999852e-05
2.906855999999999871e-05
2.902385000000000164e-05
2.897541999999999845e-05
2.892699999999999934e-05
2.887856999999999954e-05
2.883013999999999973e-05
2.878542999999999928e-05
2.873701000000000017e-05
2.868858000000000036e-05
2.864386999999999991e-05
2.859544000000000010e-05
2.855074000000000034e-05
2.850231000000000054e-05
2.846133000000000012e-05
2.841663000000000037e-05
2.837564999999999996e-05
2.833839999999999959e-05
2.830486999999999858e-05
2.827134000000000095e-05
2.824153999999999998e-05
2.821173999999999901e-05
2.818194000000000143e-05
2.815214000000000046e-05
2.811860999999999945e-05
2.808880999999999848e-05
2.805528000000000085e-05
2.802547999999999988e-05
2.799194999999999887e-05
2.796215000000000129e-05
2.792862000000000027e-05
2.790253999999999865e-05
2.787646000000000042e-05
2.784665999999999945e-05
2.781685999999999848e-05
2.778333000000000086e-05
2.774979999999999984e-05
2.771254999999999948e-05
2.767156999999999907e-05
2.762313999999999926e-05
2.757843999999999950e-05
2.752256000000000030e-05
2.747041000000000115e-05
2.742198000000000134e-05
2.736982000000000149e-05
2.732511999999999834e-05
2.728414000000000132e-05
2.724316000000000091e-05
2.720964000000000059e-05
2.717610999999999958e-05
2.714630999999999861e-05
2.712396000000000043e-05
2.710533000000000159e-05
2.708669999999999936e-05
2.707553000000000062e-05
2.706435000000000118e-05
2.705689999999999839e-05
2.704944999999999900e-05
2.704199999999999960e-05
2.703826999999999956e-05
2.703082000000000016e-05
2.702337000000000077e-05
2.701592000000000137e-05
2.700474999999999924e-05
2.699356999999999980e-05
2.697867000000000101e-05
2.696749000000000157e-05
2.695258999999999939e-05
2.694142000000000065e-05
2.692278999999999842e-05
2.691533999999999902e-05
2.690044000000000023e-05
2.688554000000000144e-05
2.687435999999999861e-05
2.685945999999999982e-05
2.685201000000000043e-05
2.684083000000000099e-05
2.683338000000000159e-05
2.682592999999999881e-05
2.681847999999999941e-05
2.681103000000000002e-05
2.679985000000000058e-05
2.678867999999999845e-05
2.677749999999999900e-05
2.676260000000000021e-05
2.674770000000000142e-05
2.672906999999999920e-05
2.671045000000000106e-05
2.668809999999999949e-05
2.665829000000000121e-05
2.662477000000000089e-05
2.659123999999999987e-05
2.655398999999999951e-05
2.652045999999999850e-05
2.648321000000000152e-05
2.644223000000000111e-05
2.640497000000000005e-05
2.636027000000000029e-05
2.631557000000000053e-05
2.627830999999999947e-05
2.623733999999999976e-05
2.620380999999999874e-05
2.617028000000000111e-05
2.614419999999999949e-05
2.612185000000000131e-05
2.609205000000000034e-05
2.607342000000000150e-05
2.605106999999999993e-05
2.603244999999999840e-05
2.601753999999999891e-05
2.600264000000000012e-05
2.599147000000000138e-05
2.598028999999999855e-05
2.596911999999999981e-05
2.596165999999999971e-05
2.594304000000000157e-05
2.592813999999999940e-05
2.590579000000000121e-05
2.588715999999999899e-05
2.586108000000000075e-05
2.583499999999999913e-05
2.580147999999999882e-05
2.577167000000000054e-05
2.574559999999999962e-05
2.571579999999999865e-05
2.569343999999999976e-05
2.567482000000000163e-05
2.565618999999999940e-05
2.564874000000000000e-05
2.563756000000000056e-05
2.563011000000000117e-05
2.562638999999999843e-05
2.562265999999999838e-05
2.561893999999999904e-05
2.561893999999999904e-05
2.561893999999999904e-05
2.561520999999999899e-05
2.561148999999999964e-05
2.561148999999999964e-05
2.560775999999999959e-05
2.560775999999999959e-05
2.560775999999999959e-05
2.560775999999999959e-05
2.560775999999999959e-05
2.560031000000000020e-05
2.560031000000000020e-05
2.558914000000000146e-05
2.558168000000000136e-05
2.557050999999999923e-05
2.555561000000000044e-05
2.554443000000000100e-05
2.553325999999999887e-05
2.552952999999999882e-05
2.552952999999999882e-05
2.553325999999999887e-05
2.553325999999999887e-05
2.554071000000000165e-05
2.555188000000000039e-05
2.555561000000000044e-05
2.555932999999999979e-05
2.555932999999999979e-05
2.555561000000000044e-05
2.554443000000000100e-05
2.551834999999999938e-05
2.549227999999999846e-05
2.546993000000000027e-05
2.545875000000000083e-05
2.544757000000000139e-05
2.543266999999999921e-05
2.541405000000000107e-05
2.539541999999999885e-05
2.537679000000000001e-05
2.536562000000000127e-05
2.535816999999999848e-05
2.535443999999999843e-05
2.535443999999999843e-05
2.536562000000000127e-05
2.539541999999999885e-05
2.543266999999999921e-05
2.547737999999999967e-05
2.551463000000000003e-05
2.553698000000000160e-05
2.555561000000000044e-05
2.557795999999999863e-05
2.560404000000000025e-05
2.564874000000000000e-05
2.569716999999999981e-05
2.574931999999999896e-05
2.579774999999999877e-05
2.583499999999999913e-05
2.586108000000000075e-05
2.588342999999999894e-05
2.591324000000000061e-05
2.594676000000000092e-05
2.598028999999999855e-05
2.601008999999999952e-05
2.603990000000000119e-05
2.607342000000000150e-05
2.611812999999999857e-05
2.616282999999999833e-05
2.621126000000000152e-05
2.625223999999999855e-05
2.629694000000000169e-05
2.634537000000000150e-05
2.640125000000000070e-05
2.645712999999999990e-05
2.650555999999999971e-05
2.655025999999999946e-05
2.659868999999999927e-05
2.664338999999999903e-05
2.668065000000000009e-05
2.671790000000000045e-05
2.674770000000000142e-05
2.677377999999999965e-05
2.679240000000000118e-05
2.680358000000000062e-05
2.681476000000000007e-05
2.681847999999999941e-05
2.681476000000000007e-05
2.680731000000000067e-05
2.679613000000000123e-05
2.678494999999999840e-05
2.677004999999999961e-05
2.675888000000000086e-05
2.674024999999999864e-05
2.672906999999999920e-05
2.672534999999999985e-05
2.672161999999999980e-05
2.672534999999999985e-05
2.673279999999999924e-05
2.674770000000000142e-05
2.675888000000000086e-05
2.677004999999999961e-05
2.678494999999999840e-05
2.679613000000000123e-05
2.681103000000000002e-05
2.682220999999999946e-05
2.683338000000000159e-05
2.684456000000000103e-05
2.685201000000000043e-05
2.685945999999999982e-05
2.685945999999999982e-05
2.686317999999999917e-05
2.685945999999999982e-05
2.685201000000000043e-05
2.682965999999999886e-05
2.680358000000000062e-05
2.676633000000000026e-05
2.671790000000000045e-05
2.666202000000000125e-05
2.659868999999999927e-05
2.653908000000000002e-05
2.648321000000000152e-05
2.643105000000000167e-05
2.638261999999999847e-05
2.633418999999999867e-05
2.628575999999999886e-05
2.623733999999999976e-05
2.618890999999999995e-05
2.614048000000000014e-05
2.609205000000000034e-05
2.605851999999999932e-05
2.602871999999999836e-05
2.601008999999999952e-05
2.599892000000000078e-05
2.599147000000000138e-05
2.598028999999999855e-05
2.596911999999999981e-05
2.596165999999999971e-05
2.594304000000000157e-05
2.592813999999999940e-05
2.590206000000000116e-05
2.586481000000000080e-05
2.582383000000000039e-05
2.577540000000000058e-05
2.571952000000000138e-05
2.566363999999999879e-05
2.560031000000000020e-05
2.552952999999999882e-05
2.545875000000000083e-05
2.537679000000000001e-05
2.529855999999999923e-05
2.521287999999999906e-05
2.513092000000000163e-05
2.504524000000000146e-05
2.496329000000000134e-05
2.488506000000000057e-05
2.481054999999999914e-05
2.474349000000000050e-05
2.468015999999999851e-05
2.462055999999999997e-05
2.455723000000000137e-05
2.449389999999999939e-05
2.442684000000000074e-05
2.435605999999999936e-05
2.428901000000000142e-05
2.421823000000000004e-05
2.414744999999999866e-05
2.408039000000000002e-05
2.402451000000000082e-05
2.397236000000000167e-05
2.393138000000000125e-05
2.389040000000000084e-05
2.385688000000000053e-05
2.382706999999999886e-05
2.380472000000000068e-05
2.378236999999999910e-05
2.376002000000000092e-05
2.374511999999999874e-05
2.373021999999999995e-05
2.371904000000000051e-05
2.370786000000000106e-05
2.369295999999999889e-05
2.368179000000000014e-05
2.366689000000000135e-05
2.365197999999999848e-05
2.363707999999999968e-05
2.362218000000000089e-05
2.361473000000000150e-05
2.359982999999999932e-05
2.358864999999999988e-05
2.357375000000000109e-05
2.355884999999999891e-05
2.353650000000000073e-05
2.352159999999999855e-05
2.350669999999999976e-05
2.349552000000000032e-05
2.349180000000000097e-05
2.349552000000000032e-05
2.350296999999999971e-05
2.352159999999999855e-05
2.353278000000000138e-05
2.354768000000000017e-05
2.355512999999999956e-05
2.355884999999999891e-05
2.355884999999999891e-05
2.355512999999999956e-05
2.354395000000000012e-05
2.353278000000000138e-05
2.352159999999999855e-05
2.350669999999999976e-05
2.349180000000000097e-05
2.348062000000000153e-05
2.346571999999999935e-05
2.345453999999999990e-05
2.343964000000000111e-05
2.342846999999999898e-05
2.340612000000000080e-05
2.338748999999999857e-05
2.336514000000000039e-05
2.333905999999999877e-05
2.331298000000000053e-05
2.329062999999999896e-05
2.326828000000000078e-05
2.324964999999999855e-05
2.323103000000000041e-05
2.321613000000000162e-05
2.320867000000000153e-05
2.320494999999999879e-05
2.320494999999999879e-05
2.320867000000000153e-05
2.321240000000000158e-05
2.322730000000000037e-05
2.324219999999999916e-05
2.325710000000000133e-05
2.327200000000000012e-05
2.328317999999999957e-05
2.328690999999999961e-05
2.329062999999999896e-05
2.329062999999999896e-05
2.327946000000000022e-05
2.326455000000000073e-05
2.324219999999999916e-05
2.321985000000000097e-05
2.318631999999999996e-05
2.314535000000000024e-05
2.309319000000000039e-05
2.304849000000000063e-05
2.301122999999999957e-05
2.297770999999999925e-05
2.294045000000000158e-05
2.289574999999999843e-05
2.284359999999999928e-05
2.279888999999999882e-05
2.276536999999999851e-05
2.273929000000000027e-05
2.273556000000000023e-05
2.272811000000000083e-05
2.271320999999999865e-05
2.269086000000000047e-05
2.266850999999999889e-05
2.264616000000000071e-05
2.263498000000000127e-05
2.262752999999999848e-05
2.261262999999999969e-05
2.259773000000000090e-05
2.256792999999999993e-05
2.253439999999999892e-05
2.250460000000000134e-05
2.248596999999999911e-05
2.248968999999999846e-05
2.251577000000000008e-05
2.256792999999999993e-05
2.263125000000000122e-05
2.270203999999999991e-05
2.276536999999999851e-05
2.281379000000000100e-05
2.283614999999999988e-05
2.283241999999999984e-05
2.279143999999999943e-05
2.272066000000000144e-05
2.262379999999999844e-05
2.250460000000000134e-05
2.237794000000000076e-05
2.225499999999999953e-05
2.214697000000000117e-05
2.206501000000000035e-05
2.200913000000000115e-05
2.197933000000000018e-05
2.196815000000000074e-05
2.195324999999999856e-05
2.194207999999999982e-05
2.193090000000000038e-05
2.192345000000000098e-05
2.191600000000000159e-05
2.190854999999999880e-05
2.188620000000000062e-05
2.185266999999999960e-05
2.181541999999999924e-05
2.177816000000000157e-05
2.173345999999999842e-05
2.168875999999999866e-05
2.164405000000000159e-05
2.160307000000000118e-05
2.156955000000000086e-05
2.153228999999999980e-05
2.149876999999999949e-05
2.146896000000000121e-05
2.143916000000000024e-05
2.140935999999999927e-05
2.137210999999999891e-05
2.132367999999999910e-05
2.127896999999999864e-05
2.123054999999999954e-05
2.117838999999999968e-05
2.111879000000000113e-05
2.105545999999999915e-05
2.099584999999999990e-05
2.093625000000000135e-05
2.086918999999999932e-05
2.080586000000000073e-05
2.074998000000000153e-05
2.069409999999999894e-05
2.063821999999999974e-05
2.058980000000000063e-05
2.054882000000000022e-05
2.051901999999999925e-05
2.049294000000000102e-05
2.047430999999999879e-05
2.045941000000000000e-05
2.045196000000000061e-05
2.043332999999999838e-05
2.040353000000000080e-05
2.037744999999999918e-05
2.034765000000000160e-05
2.032903000000000008e-05
2.032903000000000008e-05
2.032530000000000003e-05
2.031785000000000063e-05
2.029549999999999906e-05
2.026197000000000143e-05
2.022099000000000102e-05
2.018374000000000066e-05
2.015393999999999969e-05
2.013531000000000085e-05
2.011295999999999928e-05
2.008688000000000105e-05
2.004590000000000064e-05
1.999375000000000148e-05
1.993041999999999950e-05
1.987454000000000030e-05
1.982239000000000115e-05
1.979257999999999948e-05
1.978513000000000008e-05
1.979257999999999948e-05
1.982239000000000115e-05
1.985218999999999873e-05
1.988571999999999974e-05
1.990061999999999853e-05
1.988943999999999909e-05
1.985218999999999873e-05
1.978513000000000008e-05
1.968828000000000117e-05
1.957278999999999933e-05
1.944612999999999875e-05
1.931947000000000156e-05
1.920026000000000038e-05
1.909222999999999864e-05
1.899909999999999907e-05
1.892459000000000103e-05
1.886870999999999845e-05
1.880910999999999990e-05
1.875695000000000004e-05
1.870107000000000084e-05
1.863773999999999886e-05
1.857069000000000092e-05
1.851480999999999833e-05
1.847383000000000130e-05
1.844030000000000029e-05
1.841794999999999872e-05
1.838815000000000114e-05
1.835835000000000017e-05
1.832481999999999915e-05
1.830247000000000097e-05
1.828011999999999939e-05
1.826149000000000056e-05
1.823913999999999898e-05
1.822795999999999954e-05
1.820934000000000140e-05
1.819442999999999853e-05
1.818325999999999978e-05
1.817581000000000039e-05
1.816463000000000094e-05
1.815345999999999881e-05
1.814600999999999942e-05
1.814227999999999937e-05
1.813854999999999932e-05
1.813482999999999998e-05
1.813109999999999993e-05
1.812365000000000053e-05
1.811620000000000114e-05
1.810874999999999836e-05
1.809757999999999961e-05
1.808640000000000017e-05
1.807895000000000078e-05
1.806404999999999860e-05
1.804914999999999981e-05
1.802307000000000158e-05
1.799327000000000061e-05
1.795973999999999959e-05
1.792248999999999923e-05
1.788896000000000160e-05
1.786287999999999998e-05
1.784052999999999841e-05
1.782562999999999962e-05
1.781073000000000083e-05
1.779955000000000138e-05
1.778837999999999925e-05
1.776975000000000042e-05
1.774739999999999884e-05
1.772132000000000061e-05
1.769151999999999964e-05
1.765426999999999928e-05
1.761701000000000160e-05
1.757603999999999850e-05
1.753878000000000083e-05
1.750153000000000047e-05
1.746799999999999945e-05
1.744192999999999853e-05
1.741956999999999965e-05
1.740095000000000151e-05
1.738976999999999868e-05
1.738231999999999928e-05
1.737486999999999989e-05
1.736369000000000044e-05
1.734879000000000165e-05
1.732644000000000008e-05
1.729663999999999911e-05
1.725565999999999870e-05
1.721095999999999894e-05
1.715134999999999970e-05
1.708429999999999836e-05
1.700607000000000098e-05
1.692784000000000020e-05
1.684214999999999934e-05
1.675274999999999982e-05
1.666706999999999965e-05
1.658510999999999883e-05
1.650688000000000144e-05
1.643237000000000002e-05
1.636904000000000142e-05
1.630570999999999944e-05
1.624238000000000084e-05
1.618277999999999890e-05
1.612689999999999970e-05
1.607473999999999985e-05
1.602259000000000070e-05
1.597044000000000154e-05
1.591828000000000169e-05
1.586239999999999910e-05
1.581024999999999995e-05
1.575437000000000075e-05
1.570222000000000160e-05
1.564633999999999901e-05
1.559417999999999915e-05
1.554203000000000000e-05
1.548987000000000015e-05
1.544890000000000044e-05
1.540418999999999998e-05
1.535949000000000022e-05
1.532223999999999986e-05
1.528125999999999945e-05
1.523277000000000052e-05
1.518434000000000072e-05
1.512845999999999982e-05
1.506885999999999958e-05
1.500552999999999929e-05
1.493474999999999961e-05
1.486396999999999992e-05
1.479690999999999959e-05
1.473730999999999934e-05
1.467770000000000009e-05
1.462554999999999925e-05
1.457711999999999944e-05
1.453241999999999968e-05
1.448770999999999923e-05
1.444673000000000051e-05
1.442065999999999959e-05
1.440203000000000075e-05
1.438340000000000022e-05
1.436478000000000039e-05
1.434243000000000051e-05
1.433124999999999937e-05
1.432379999999999998e-05
1.431635000000000058e-05
1.430516999999999944e-05
1.427910000000000022e-05
1.425673999999999964e-05
1.423438999999999976e-05
1.421576999999999993e-05
1.419340999999999935e-05
1.415989000000000073e-05
1.412262999999999966e-05
1.408165999999999995e-05
1.404440000000000058e-05
1.401459999999999962e-05
1.398107000000000029e-05
1.393264000000000049e-05
1.387304000000000025e-05
1.379480999999999947e-05
1.369050000000000047e-05
1.356756999999999993e-05
1.342972999999999991e-05
1.328817000000000054e-05
1.313916000000000008e-05
1.299760000000000071e-05
1.286721000000000009e-05
1.277035000000000048e-05
1.271075000000000023e-05
1.269211999999999970e-05
1.269957000000000079e-05
1.272938000000000076e-05
1.276662999999999943e-05
1.282251000000000033e-05
1.288584000000000062e-05
1.294916999999999921e-05
1.300876999999999946e-05
1.306838000000000040e-05
1.312052999999999955e-05
1.316522999999999931e-05
1.319130999999999924e-05
1.320620999999999972e-05
1.322484000000000025e-05
1.323974000000000074e-05
1.325463999999999953e-05
1.326209000000000062e-05
1.325092000000000018e-05
1.322484000000000025e-05
1.318385999999999984e-05
1.312798000000000064e-05
1.305719999999999926e-05
1.297524000000000013e-05
1.287838999999999953e-05
1.277408000000000052e-05
1.266976999999999982e-05
1.258035999999999961e-05
1.250586000000000057e-05
1.246115000000000012e-05
1.243135000000000084e-05
1.240899999999999927e-05
1.238664999999999939e-05
1.237175000000000060e-05
1.236056999999999946e-05
1.236802000000000055e-05
1.239037000000000043e-05
1.242389999999999975e-05
1.245743000000000077e-05
1.247978000000000065e-05
1.248351000000000069e-05
1.246859999999999951e-05
1.243880000000000024e-05
1.239781999999999983e-05
1.235685000000000011e-05
1.232704000000000014e-05
1.231586999999999970e-05
1.232332000000000079e-05
1.233821999999999958e-05
1.234940000000000072e-05
1.235312000000000007e-05
1.235685000000000011e-05
1.236429999999999951e-05
1.238664999999999939e-05
1.243135000000000084e-05
1.248723000000000004e-05
1.255429000000000038e-05
1.262507000000000006e-05
1.269211999999999970e-05
1.276662999999999943e-05
1.284857999999999956e-05
1.292681999999999933e-05
1.299760000000000071e-05
1.304601999999999982e-05
1.307955000000000084e-05
1.310190000000000071e-05
1.310935000000000011e-05
1.310935000000000011e-05
1.310563000000000076e-05
1.309444999999999963e-05
1.307582999999999979e-05
1.303857000000000042e-05
1.299387000000000067e-05
1.294543999999999917e-05
1.289700999999999936e-05
1.286721000000000009e-05
1.285603999999999965e-05
1.285976000000000069e-05
1.287465999999999948e-05
1.288584000000000062e-05
1.288584000000000062e-05
1.286721000000000009e-05
1.283741000000000081e-05
1.280387999999999980e-05
1.277779999999999987e-05
1.276289999999999939e-05
1.277408000000000052e-05
1.280387999999999980e-05
1.284857999999999956e-05
1.289700999999999936e-05
1.293798999999999977e-05
1.296033999999999965e-05
1.295662000000000030e-05
1.292681999999999933e-05
1.287838999999999953e-05
1.280387999999999980e-05
1.271075000000000023e-05
1.260272000000000018e-05
1.248723000000000004e-05
1.237919999999999999e-05
1.228607000000000043e-05
1.222274000000000014e-05
1.219666000000000021e-05
1.221156000000000070e-05
1.226370999999999985e-05
1.234940000000000072e-05
1.245743000000000077e-05
1.259526000000000009e-05
1.274800000000000060e-05
1.291935999999999924e-05
1.309073000000000028e-05
1.326209000000000062e-05
1.342972999999999991e-05
1.359736999999999921e-05
1.375756000000000080e-05
1.390283999999999952e-05
1.402578000000000075e-05
1.411518000000000027e-05
1.417105999999999947e-05
1.420086000000000044e-05
1.421576999999999993e-05
1.421948999999999928e-05
1.420832000000000053e-05
1.418595999999999995e-05
1.414499000000000024e-05
1.410027999999999979e-05
1.406675000000000046e-05
1.404067999999999954e-05
1.401459999999999962e-05
1.397734999999999925e-05
1.392891999999999945e-05
1.385440999999999972e-05
1.376128000000000015e-05
1.364952000000000006e-05
1.354149000000000001e-05
1.342972999999999991e-05
1.334404999999999974e-05
1.328817000000000054e-05
1.325463999999999953e-05
1.325092000000000018e-05
1.326582000000000066e-05
1.329933999999999929e-05
1.333287000000000030e-05
1.337012999999999967e-05
1.341109999999999938e-05
1.345580999999999984e-05
1.348933000000000015e-05
1.351914000000000013e-05
1.354893999999999940e-05
1.356383999999999989e-05
1.356756999999999993e-05
1.356756999999999993e-05
1.356756999999999993e-05
1.357874000000000037e-05
1.360853999999999965e-05
1.364952000000000006e-05
1.370167999999999991e-05
1.374637999999999967e-05
1.377991000000000068e-05
1.380597999999999991e-05
1.382834000000000049e-05
1.386186000000000080e-05
1.391029000000000061e-05
1.396989999999999986e-05
1.403323000000000015e-05
1.409283000000000039e-05
1.413753000000000015e-05
1.417478999999999952e-05
1.421203999999999988e-05
1.425302000000000029e-05
1.430145000000000010e-05
1.434614999999999986e-05
1.438713000000000027e-05
1.441321000000000019e-05
1.443556000000000007e-05
1.444300999999999947e-05
1.443927999999999942e-05
1.442065999999999959e-05
1.439830999999999971e-05
1.437595000000000082e-05
1.434614999999999986e-05
1.431262000000000053e-05
1.427165000000000082e-05
1.423438999999999976e-05
1.420832000000000053e-05
1.418595999999999995e-05
1.416734000000000012e-05
1.415989000000000073e-05
1.415616000000000068e-05
1.416361000000000008e-05
1.417478999999999952e-05
1.418969000000000000e-05
1.421576999999999993e-05
1.424929000000000024e-05
1.428654999999999961e-05
1.433124999999999937e-05
1.437595000000000082e-05
1.442438000000000063e-05
1.446908999999999939e-05
1.451379000000000085e-05
1.455849000000000060e-05
1.459574999999999997e-05
1.463300000000000034e-05
1.466652999999999966e-05
1.469260000000000058e-05
1.471868000000000051e-05
1.474103000000000038e-05
1.476338000000000026e-05
1.478574000000000084e-05
1.481181000000000007e-05
1.484160999999999934e-05
1.487141999999999932e-05
1.490122000000000029e-05
1.493101999999999956e-05
1.496455000000000058e-05
1.499434999999999985e-05
1.501669999999999973e-05
1.503906000000000031e-05
1.505768000000000014e-05
1.507258000000000062e-05
1.508376000000000007e-05
1.509866000000000055e-05
1.511355999999999934e-05
1.513590999999999922e-05
1.515826000000000079e-05
1.519179000000000011e-05
1.522904000000000048e-05
1.527008000000000000e-05
1.531477999999999976e-05
1.535576000000000017e-05
1.540418999999999998e-05
1.545261999999999978e-05
1.548987000000000015e-05
1.553085000000000056e-05
1.556810000000000092e-05
1.559790999999999920e-05
1.562398000000000012e-05
1.564260999999999896e-05
1.565005999999999835e-05
1.565751000000000114e-05
1.565751000000000114e-05
1.565751000000000114e-05
1.565005999999999835e-05
1.564260999999999896e-05
1.563888999999999961e-05
1.563142999999999952e-05
1.563142999999999952e-05
1.562398000000000012e-05
1.561653000000000073e-05
1.560908000000000133e-05
1.558672999999999976e-05
1.555692999999999879e-05
1.551967999999999843e-05
1.548242000000000075e-05
1.544144000000000034e-05
1.540418999999999998e-05
1.538183999999999840e-05
1.537438999999999901e-05
1.538183999999999840e-05
1.540047000000000063e-05
1.543399000000000095e-05
1.547124999999999862e-05
1.551594999999999838e-05
1.556810000000000092e-05
1.562398000000000012e-05
1.567985999999999932e-05
1.573573999999999852e-05
1.579162000000000111e-05
1.584005000000000092e-05
1.588475000000000068e-05
1.592573000000000109e-05
1.595925999999999871e-05
1.599278999999999973e-05
1.602259000000000070e-05
1.605239000000000167e-05
1.608218999999999925e-05
1.611572000000000026e-05
1.614925000000000128e-05
1.617904999999999886e-05
1.621257999999999987e-05
1.624238000000000084e-05
1.627590999999999847e-05
1.630199000000000009e-05
1.633179000000000106e-05
1.636158999999999864e-05
1.639511999999999965e-05
1.642865000000000067e-05
1.646590000000000103e-05
1.649942999999999866e-05
1.653294999999999898e-05
1.657021000000000004e-05
1.660746000000000040e-05
1.664844000000000081e-05
1.668942000000000122e-05
1.674157000000000038e-05
1.679373000000000023e-05
1.684959999999999873e-05
1.690921000000000137e-05
1.697253999999999996e-05
1.702841999999999916e-05
1.708802000000000110e-05
1.714018000000000095e-05
1.719233000000000011e-05
1.724448999999999996e-05
1.729290999999999907e-05
1.734506999999999892e-05
1.738976999999999868e-05
1.744192999999999853e-05
1.749035000000000102e-05
1.754251000000000088e-05
1.758721000000000064e-05
1.763564000000000044e-05
1.768407000000000025e-05
1.773250000000000005e-05
1.778092999999999986e-05
1.782935999999999966e-05
1.788896000000000160e-05
1.795229000000000020e-05
1.801561999999999879e-05
1.807895000000000078e-05
1.814972999999999877e-05
1.822424000000000019e-05
1.830247000000000097e-05
1.838442000000000109e-05
1.846637999999999852e-05
1.854833999999999934e-05
1.862657000000000012e-05
1.870107000000000084e-05
1.877557999999999888e-05
1.883891000000000087e-05
1.890223999999999946e-05
1.896557000000000145e-05
1.902516999999999999e-05
1.908477999999999924e-05
1.914438000000000118e-05
1.920770999999999977e-05
1.927849000000000115e-05
1.934926999999999914e-05
1.943122999999999996e-05
1.951319000000000079e-05
1.960259000000000030e-05
1.969573000000000057e-05
1.979630999999999953e-05
1.990061999999999853e-05
2.000865000000000027e-05
2.011295999999999928e-05
2.021354000000000163e-05
2.030294999999999846e-05
2.038489999999999858e-05
2.044823000000000056e-05
2.048549000000000162e-05
2.050410999999999976e-05
2.049294000000000102e-05
2.045941000000000000e-05
2.041098000000000020e-05
2.035138000000000165e-05
2.028804999999999967e-05
2.022844000000000042e-05
2.017256000000000122e-05
2.013159000000000151e-05
2.010177999999999984e-05
2.007943000000000165e-05
2.007570999999999892e-05
2.008688000000000105e-05
2.010550999999999989e-05
2.014649000000000030e-05
2.020236999999999950e-05
2.026570000000000148e-05
2.034392999999999887e-05
2.043332999999999838e-05
2.053019000000000138e-05
2.063450000000000039e-05
2.073880999999999940e-05
2.083938999999999835e-05
2.093997000000000070e-05
2.103311000000000097e-05
2.112251000000000048e-05
2.120447000000000130e-05
2.127896999999999864e-05
2.134230000000000063e-05
2.140562999999999922e-05
2.146150999999999842e-05
2.150994000000000162e-05
2.156210000000000147e-05
2.161053000000000127e-05
2.165895000000000038e-05
2.171111000000000023e-05
2.175580999999999999e-05
2.181168999999999919e-05
2.186011999999999900e-05
2.191227000000000154e-05
2.196070000000000135e-05
2.201286000000000120e-05
2.206874000000000040e-05
2.212088999999999955e-05
2.218049000000000149e-05
2.223637000000000069e-05
2.229597999999999994e-05
2.235557999999999849e-05
2.241146000000000108e-05
2.246734000000000028e-05
2.251950000000000013e-05
2.257164999999999928e-05
2.262007999999999909e-05
2.267223000000000163e-05
2.273184000000000088e-05
2.278772000000000008e-05
2.285104999999999867e-05
2.291810000000000001e-05
2.298888000000000138e-05
2.306338999999999942e-05
2.314162000000000020e-05
2.321985000000000097e-05
2.330553000000000114e-05
2.338748999999999857e-05
2.346944999999999939e-05
2.355884999999999891e-05
2.365197999999999848e-05
2.374884000000000147e-05
2.384570000000000109e-05
2.395001000000000009e-05
2.405058999999999905e-05
2.415490000000000145e-05
2.424803000000000101e-05
2.434116000000000057e-05
2.443057000000000079e-05
2.450880000000000156e-05
2.458330999999999960e-05
2.465409000000000098e-05
2.472113999999999892e-05
2.478820000000000096e-05
2.485897999999999895e-05
2.493720999999999972e-05
2.502288999999999989e-05
2.511974999999999950e-05
2.522778000000000124e-05
2.533582000000000030e-05
2.545875000000000083e-05
2.557795999999999863e-05
2.570088999999999916e-05
2.582383000000000039e-05
2.594304000000000157e-05
2.606224999999999937e-05
2.617028000000000111e-05
2.627086000000000007e-05
2.636400000000000034e-05
2.644595000000000046e-05
2.652045999999999850e-05
2.658750999999999983e-05
2.665083999999999842e-05
2.671045000000000106e-05
2.677004999999999961e-05
2.682965999999999886e-05
2.688926000000000079e-05
2.695258999999999939e-05
2.701219999999999864e-05
2.707180000000000057e-05
2.712023000000000038e-05
2.716866000000000018e-05
2.720591000000000055e-05
2.723944000000000156e-05
2.726551999999999980e-05
2.728414000000000132e-05
2.729532000000000076e-05
2.731021999999999955e-05
2.732511999999999834e-05
2.733257000000000113e-05
2.735119999999999996e-05
2.736982000000000149e-05
2.739589999999999972e-05
2.742570000000000069e-05
2.746295999999999837e-05
2.750766000000000151e-05
2.755609000000000132e-05
2.760824000000000047e-05
2.766411999999999967e-05
2.771999999999999887e-05
2.777961000000000151e-05
2.784294000000000010e-05
2.790999000000000144e-05
2.797705000000000008e-05
2.804783000000000146e-05
2.811487999999999940e-05
2.818194000000000143e-05
2.824527000000000003e-05
2.831232000000000136e-05
2.838309999999999935e-05
2.846133000000000012e-05
2.853584000000000155e-05
2.861406999999999894e-05
2.868858000000000036e-05
2.875935999999999835e-05
2.882640999999999969e-05
2.889346999999999833e-05
2.895307000000000027e-05
2.900523000000000012e-05
2.905737999999999927e-05
2.910207999999999903e-05
2.914678999999999949e-05
2.919148999999999925e-05
2.922873999999999961e-05
2.926227000000000063e-05
2.930325000000000104e-05
2.933677999999999866e-05
2.936657999999999963e-05
2.939266000000000125e-05
2.941500999999999944e-05
2.942991000000000162e-05
2.944481000000000041e-05
2.944854000000000045e-05
2.945225999999999980e-05
2.945225999999999980e-05
2.944854000000000045e-05
2.944109000000000106e-05
2.942991000000000162e-05
2.941872999999999879e-05
2.941127999999999939e-05
2.940382999999999999e-05
2.939638000000000060e-05
2.938893000000000120e-05
2.938520999999999847e-05
2.938520999999999847e-05
2.939638000000000060e-05
2.941127999999999939e-05
2.942618000000000157e-05
2.944854000000000045e-05
2.948206000000000077e-05
2.951558999999999840e-05
2.956029000000000154e-05
2.960872000000000135e-05
2.966088000000000120e-05
2.971676000000000040e-05
2.977263999999999960e-05
2.982851999999999880e-05
2.988812000000000074e-05
2.994772999999999999e-05
3.000732999999999854e-05
3.007437999999999987e-05
3.014889000000000129e-05
3.024202000000000086e-05
3.033516000000000112e-05
3.044318999999999948e-05
3.055505999999999880e-05
3.066310000000000124e-05
3.077858000000000238e-05
3.088660999999999734e-05
3.099092000000000312e-05
3.109523000000000213e-05
3.119580999999999770e-05
3.128895000000000135e-05
3.138207999999999753e-05
3.147521000000000048e-05
3.156088999999999726e-05
3.163539999999999869e-05
3.171363000000000285e-05
3.178441000000000084e-05
3.185146000000000217e-05
3.191479000000000077e-05
3.196322000000000057e-05
3.200792999999999764e-05
3.204144999999999796e-05
3.206380999999999684e-05
3.208616000000000181e-05
3.210478000000000333e-05
3.212340999999999878e-05
3.214204000000000101e-05
3.216066000000000253e-05
3.217928999999999798e-05
3.220536999999999960e-05
3.223144000000000052e-05
3.226869999999999820e-05
3.231340000000000135e-05
3.237300999999999720e-05
3.245124000000000137e-05
3.254064000000000088e-05
3.263750000000000050e-05
3.274180999999999950e-05
3.284239000000000185e-05
3.294670000000000086e-05
3.305100999999999986e-05
3.314786999999999947e-05
3.324100000000000242e-05
3.333041000000000264e-05
3.341608999999999942e-05
3.350177000000000298e-05
3.358000000000000037e-05
3.365822999999999775e-05
3.374018999999999857e-05
3.381842000000000273e-05
3.390037000000000286e-05
3.397861000000000094e-05
3.405683999999999833e-05
3.413133999999999905e-05
3.419840000000000109e-05
3.426172999999999968e-05
3.432505999999999828e-05
3.437721000000000082e-05
3.442936999999999728e-05
3.447779000000000317e-05
3.451876999999999680e-05
3.455229999999999782e-05
3.458210000000000217e-05
3.460445000000000036e-05
3.461935999999999985e-05
3.462680999999999924e-05
3.463053000000000198e-05
3.462680999999999924e-05
3.462308000000000258e-05
3.461189999999999975e-05
3.459700000000000096e-05
3.457837999999999944e-05
3.455974999999999721e-05
3.454484999999999842e-05
3.452994999999999963e-05
3.452250000000000024e-05
3.452622000000000297e-05
3.453739999999999903e-05
3.456720000000000338e-05
3.461189999999999975e-05
3.466777999999999895e-05
3.473855999999999694e-05
3.482425000000000120e-05
3.492110000000000011e-05
3.502540999999999912e-05
3.514090000000000096e-05
3.526383000000000149e-05
3.538677000000000272e-05
3.551342999999999991e-05
3.563262999999999701e-05
3.574811999999999884e-05
3.585242999999999785e-05
3.595301000000000020e-05
3.603868999999999698e-05
3.612064999999999780e-05
3.619514999999999853e-05
3.625847999999999712e-05
3.631436000000000310e-05
3.635533999999999673e-05
3.639631999999999714e-05
3.642612000000000150e-05
3.645220000000000312e-05
3.647455000000000131e-05
3.648572999999999736e-05
3.649689999999999949e-05
3.650808000000000232e-05
3.651924999999999768e-05
3.653415000000000324e-05
3.655651000000000213e-05
3.658630999999999971e-05
3.661984000000000072e-05
3.665708999999999770e-05
3.670179000000000085e-05
3.673904999999999852e-05
3.678375000000000167e-05
3.682844999999999804e-05
3.686571000000000249e-05
3.691040999999999886e-05
3.695138999999999927e-05
3.699236999999999968e-05
3.703333999999999939e-05
3.707431999999999980e-05
3.711530000000000021e-05
3.715628000000000062e-05
3.720471000000000043e-05
3.724940999999999680e-05
3.729784000000000338e-05
3.734253999999999975e-05
3.739470000000000299e-05
3.744313000000000280e-05
3.749900000000000130e-05
3.755488000000000050e-05
3.761820999999999909e-05
3.768153999999999769e-05
3.774487000000000306e-05
3.781937999999999771e-05
3.790506000000000127e-05
3.799447000000000149e-05
3.809133000000000110e-05
3.818818000000000001e-05
3.828503999999999962e-05
3.837817000000000257e-05
3.846386000000000005e-05
3.853836000000000078e-05
3.860168999999999938e-05
3.865011999999999918e-05
3.868737000000000293e-05
3.870227000000000172e-05
3.870227000000000172e-05
3.869482000000000233e-05
3.867246999999999737e-05
3.864639000000000252e-05
3.861658999999999817e-05
3.858679000000000059e-05
3.855699000000000301e-05
3.853091000000000138e-05
3.850482999999999976e-05
3.847875999999999884e-05
3.845639999999999996e-05
3.843405000000000177e-05
3.840424999999999742e-05
3.837072000000000318e-05
3.833346999999999943e-05
3.829993999999999841e-05
3.826640999999999739e-05
3.823660999999999981e-05
3.820681000000000223e-05
3.818073000000000061e-05
3.815093000000000303e-05
3.812485000000000141e-05
3.809504999999999706e-05
3.807642000000000161e-05
3.806152000000000282e-05
3.805035000000000069e-05
3.805035000000000069e-05
3.805406999999999665e-05
3.806152000000000282e-05
3.808014999999999827e-05
3.810250000000000323e-05
3.812857999999999807e-05
3.815838000000000243e-05
3.819190999999999667e-05
3.822171000000000102e-05
3.825524000000000204e-05
3.828503999999999962e-05
3.832229000000000337e-05
3.835955000000000105e-05
3.840424999999999742e-05
3.844895000000000056e-05
3.850110999999999703e-05
3.854581000000000017e-05
3.859423999999999998e-05
3.863894000000000313e-05
3.868737000000000293e-05
3.873208000000000000e-05
3.877678000000000315e-05
3.882147999999999952e-05
3.887364000000000276e-05
3.892207000000000257e-05
3.897795000000000177e-05
3.903382000000000027e-05
3.909343000000000290e-05
3.915302999999999806e-05
3.921635999999999666e-05
3.928714000000000143e-05
3.936165000000000285e-05
3.943988000000000024e-05
3.951810999999999762e-05
3.961124000000000058e-05
3.970437999999999745e-05
3.980495999999999980e-05
3.990926999999999881e-05
4.001730000000000055e-05
4.012160999999999955e-05
4.022964000000000130e-05
4.033022999999999757e-05
4.043080999999999991e-05
4.052766999999999953e-05
4.061706999999999904e-05
4.070647999999999926e-05
4.078470999999999665e-05
4.086294000000000081e-05
4.093371999999999880e-05
4.100449999999999679e-05
4.107155999999999882e-05
4.113488999999999742e-05
4.120193999999999875e-05
4.126900000000000078e-05
4.134350000000000151e-05
4.141801000000000293e-05
4.149996999999999698e-05
4.158191999999999710e-05
4.166760000000000066e-05
4.173838999999999935e-05
4.180171999999999794e-05
4.185759000000000322e-05
4.189856999999999685e-05
4.192838000000000191e-05
4.194699999999999666e-05
4.195817999999999949e-05
4.195817999999999949e-05
4.195445000000000283e-05
4.194699999999999666e-05
4.193583000000000130e-05
4.192464999999999847e-05
4.191719999999999908e-05
4.190602000000000302e-05
4.189485000000000089e-05
4.188740000000000150e-05
4.188740000000000150e-05
4.189485000000000089e-05
4.191719999999999908e-05
4.195073000000000009e-05
4.199171000000000050e-05
4.204757999999999901e-05
4.210719000000000164e-05
4.217796999999999963e-05
4.224874999999999762e-05
4.232698000000000179e-05
4.240520999999999917e-05
4.249089000000000273e-05
4.256539999999999738e-05
4.264363000000000154e-05
4.271440999999999953e-05
4.278518999999999752e-05
4.285224999999999955e-05
4.293047999999999694e-05
4.300497999999999767e-05
4.309067000000000192e-05
4.317262000000000204e-05
4.325458000000000287e-05
4.333653000000000299e-05
4.341477000000000107e-05
4.348554999999999906e-05
4.356004999999999979e-05
4.363082999999999778e-05
4.369044000000000042e-05
4.374631999999999962e-05
4.379474999999999942e-05
4.383571999999999913e-05
4.387669999999999955e-05
4.391395000000000330e-05
4.394376000000000158e-05
4.396983000000000250e-05
4.399964000000000078e-05
4.402943999999999836e-05
4.406669000000000211e-05
4.410767000000000252e-05
4.414865000000000293e-05
4.420453000000000213e-05
4.426041000000000133e-05
4.432746000000000266e-05
4.439824000000000065e-05
4.447646999999999804e-05
4.455842999999999886e-05
4.465156000000000181e-05
4.474842000000000142e-05
4.484899999999999700e-05
4.495331000000000278e-05
4.506133999999999774e-05
4.516938000000000019e-05
4.528486000000000132e-05
4.540780000000000255e-05
4.553073000000000309e-05
4.566483999999999967e-05
4.581385000000000183e-05
4.597031999999999730e-05
4.613422999999999824e-05
4.630558999999999858e-05
4.648813000000000175e-05
4.667811999999999753e-05
4.687929000000000293e-05
4.708417999999999751e-05
4.728906999999999886e-05
4.749768000000000295e-05
4.769511999999999813e-05
4.789256000000000009e-05
4.807882999999999992e-05
4.825763999999999965e-05
4.841782999999999786e-05
4.856311999999999727e-05
4.869349999999999720e-05
4.881271000000000177e-05
4.892074999999999744e-05
4.901760000000000313e-05
4.910327999999999991e-05
4.918151999999999799e-05
4.925601999999999872e-05
4.932679999999999671e-05
4.939385999999999874e-05
4.944973999999999794e-05
4.950189000000000049e-05
4.955776999999999969e-05
4.960992000000000223e-05
4.966207999999999869e-05
4.971795999999999789e-05
4.978129000000000327e-05
4.984833999999999782e-05
4.991912000000000259e-05
4.999734999999999997e-05
5.007186000000000140e-05
5.015753999999999818e-05
5.023949999999999900e-05
5.032518000000000256e-05
5.041459000000000278e-05
5.049654000000000290e-05
5.057849999999999694e-05
5.066045999999999776e-05
5.073495999999999849e-05
5.080574000000000326e-05
5.087279999999999851e-05
5.093240000000000045e-05
5.098827999999999965e-05
5.104044000000000289e-05
5.107768999999999987e-05
5.111493999999999684e-05
5.114101999999999846e-05
5.117082000000000282e-05
5.119317000000000100e-05
5.121551999999999919e-05
5.123787999999999807e-05
5.126023000000000303e-05
5.128258000000000122e-05
5.129748000000000001e-05
5.130866000000000284e-05
5.131982999999999819e-05
5.133101000000000102e-05
5.133472999999999698e-05
5.134218000000000316e-05
5.134963000000000255e-05
5.134963000000000255e-05
5.135335999999999921e-05
5.135335999999999921e-05
5.134963000000000255e-05
5.133846000000000042e-05
5.132727999999999759e-05
5.130866000000000284e-05
5.129003000000000061e-05
5.127139999999999839e-05
5.125649999999999960e-05
5.123787999999999807e-05
5.123042999999999868e-05
5.122670000000000202e-05
5.122670000000000202e-05
5.123787999999999807e-05
