1.899906999999999941e-07
1.937160000000000122e-07
1.937160000000000122e-07
1.974413000000000039e-07
1.974413000000000039e-07
1.937160000000000122e-07
1.937160000000000122e-07
1.937160000000000122e-07
1.899906999999999941e-07
1.899906999999999941e-07
1.899906999999999941e-07
1.899906999999999941e-07
1.899906999999999941e-07
1.899906999999999941e-07
1.899906999999999941e-07
1.937160000000000122e-07
1.937160000000000122e-07
1.974413000000000039e-07
2.011665999999999956e-07
2.048918999999999873e-07
2.086172000000000054e-07
2.123424999999999971e-07
2.197929999999999883e-07
2.197929999999999883e-07
2.272435999999999981e-07
2.309688999999999898e-07
2.384204000000000085e-07
2.458709999999999919e-07
2.533215999999999752e-07
2.570467999999999747e-07
2.607721000000000193e-07
2.682227000000000027e-07
2.793985999999999777e-07
2.831239000000000223e-07
2.905745000000000057e-07
3.017502999999999885e-07
3.166515000000000082e-07
3.241020999999999915e-07
3.427285000000000107e-07
3.576296999999999774e-07
3.762560999999999965e-07
3.911573000000000161e-07
4.135089999999999740e-07
4.358607999999999770e-07
4.544871999999999962e-07
4.768408000000000171e-07
4.991925000000000279e-07
5.215442999999999779e-07
5.401707000000000500e-07
5.625225000000000001e-07
5.811488999999999663e-07
5.997753999999999776e-07
6.221270999999999884e-07
6.407535999999999997e-07
6.593799999999999659e-07
6.742812000000000385e-07
6.929076000000000047e-07
7.078087999999999714e-07
7.264352000000000435e-07
7.413364000000000102e-07
7.562375999999999769e-07
7.711387000000000043e-07
7.897652000000000156e-07
8.009411000000000436e-07
8.195675000000000098e-07
8.344686999999999765e-07
8.493698000000000040e-07
8.642709999999999707e-07
8.828974000000000428e-07
8.940732999999999648e-07
9.126997999999999762e-07
9.238755999999999590e-07
9.425020999999999703e-07
9.536816000000000341e-07
9.648575000000000621e-07
9.760332999999999391e-07
9.797586000000000896e-07
9.872091999999999670e-07
9.946598000000000563e-07
9.983850999999999950e-07
1.002109999999999965e-06
1.005835999999999902e-06
1.005835999999999902e-06
1.009561000000000023e-06
1.013285999999999932e-06
1.013285999999999932e-06
1.013285999999999932e-06
1.017012000000000081e-06
1.020736999999999990e-06
1.024461999999999899e-06
1.031912999999999957e-06
1.035638000000000078e-06
1.043088999999999925e-06
1.043088999999999925e-06
1.050538999999999955e-06
1.061714999999999922e-06
1.069165999999999980e-06
1.076616000000000010e-06
1.087791999999999977e-06
1.098967999999999945e-06
1.106417999999999975e-06
1.117593999999999942e-06
1.128769999999999909e-06
1.139946000000000088e-06
1.151122000000000056e-06
1.166022999999999932e-06
1.173473999999999990e-06
1.184649999999999957e-06
1.199551000000000045e-06
1.210727000000000013e-06
1.221901999999999952e-06
1.233077999999999919e-06
1.247980000000000035e-06
1.259154999999999975e-06
1.270330999999999942e-06
1.285232000000000030e-06
1.296407999999999997e-06
1.311309000000000086e-06
1.326210999999999990e-06
1.337385999999999929e-06
1.356012999999999954e-06
1.367188999999999922e-06
1.385814999999999919e-06
1.400716000000000007e-06
1.419343000000000032e-06
1.434243999999999909e-06
1.452869999999999906e-06
1.471496999999999932e-06
1.486398000000000020e-06
1.508749999999999954e-06
1.523651000000000042e-06
1.546002999999999977e-06
1.564628999999999974e-06
1.583255999999999999e-06
1.601881999999999997e-06
1.620509000000000022e-06
1.642859999999999929e-06
1.665212000000000075e-06
1.683838000000000073e-06
1.706190000000000007e-06
1.728541999999999941e-06
1.750894000000000088e-06
1.773244999999999994e-06
1.795596999999999929e-06
1.817949000000000075e-06
1.836575000000000072e-06
1.862651999999999916e-06
1.881278999999999941e-06
1.903631000000000087e-06
1.925990000000000003e-06
1.948341000000000122e-06
1.966967999999999935e-06
1.993044999999999990e-06
2.011670999999999988e-06
2.030297999999999801e-06
2.056374999999999857e-06
2.075000999999999854e-06
2.097352999999999789e-06
2.119705000000000147e-06
2.142055999999999842e-06
2.164408000000000200e-06
2.186760000000000134e-06
2.209112000000000068e-06
2.231463000000000187e-06
2.253815000000000121e-06
2.276167000000000056e-06
2.298518999999999990e-06
2.320870000000000109e-06
2.343222000000000043e-06
2.369299000000000098e-06
2.391651000000000033e-06
2.414002999999999967e-06
2.436354000000000086e-06
2.462431000000000141e-06
2.481057999999999955e-06
2.507135000000000010e-06
2.529486999999999944e-06
2.551838000000000063e-06
2.570464999999999876e-06
2.596541999999999932e-06
2.618893999999999866e-06
2.637519999999999864e-06
2.659871999999999798e-06
2.678497999999999796e-06
2.693399000000000096e-06
2.715751000000000030e-06
2.730651999999999906e-06
2.753003999999999841e-06
2.767905000000000141e-06
2.786531999999999954e-06
2.805157999999999952e-06
2.820058999999999828e-06
2.842411000000000186e-06
2.857312000000000063e-06
2.875938999999999876e-06
2.890840000000000176e-06
2.913192000000000110e-06
2.928092999999999987e-06
2.946718999999999984e-06
2.969070999999999919e-06
2.983971999999999795e-06
3.006324000000000153e-06
3.024950000000000151e-06
3.043576999999999964e-06
3.065928000000000082e-06
3.084554999999999896e-06
3.103180999999999893e-06
3.125532999999999828e-06
3.144160000000000065e-06
3.166511000000000183e-06
3.188863000000000118e-06
3.207489000000000115e-06
3.229841000000000049e-06
3.252192999999999984e-06
3.270818999999999981e-06
3.293170999999999916e-06
3.311798000000000153e-06
3.334148999999999848e-06
3.356501000000000206e-06
3.378853000000000140e-06
3.401205000000000074e-06
3.419831000000000072e-06
3.449632999999999825e-06
3.471985000000000183e-06
3.494337000000000117e-06
3.520414000000000173e-06
3.546490999999999804e-06
3.576292999999999981e-06
3.598644999999999915e-06
3.624721999999999971e-06
3.650799000000000026e-06
3.676876000000000082e-06
3.702953000000000137e-06
3.729030000000000192e-06
3.751382000000000127e-06
3.773734000000000061e-06
3.799811000000000117e-06
3.822177000000000014e-06
3.848254000000000069e-06
3.866879999999999643e-06
3.892956999999999699e-06
3.915309000000000057e-06
3.937661000000000415e-06
3.960012999999999926e-06
3.986089999999999981e-06
4.008441000000000100e-06
4.030792999999999610e-06
4.053144999999999968e-06
4.079222000000000024e-06
4.097847999999999598e-06
4.120199999999999956e-06
4.146277000000000011e-06
4.164903999999999824e-06
4.183530000000000245e-06
4.209607000000000301e-06
4.228234000000000114e-06
4.250585000000000233e-06
4.272936999999999744e-06
4.291564000000000404e-06
4.310189999999999978e-06
4.332542000000000336e-06
4.351167999999999910e-06
4.369794999999999723e-06
4.392145999999999842e-06
4.414498000000000200e-06
4.433125000000000013e-06
4.459202000000000069e-06
4.477827999999999643e-06
4.500180000000000000e-06
4.522532000000000358e-06
4.544882999999999630e-06
4.567234999999999988e-06
4.589587000000000346e-06
4.611937999999999617e-06
4.634289999999999975e-06
4.652916999999999789e-06
4.682719000000000388e-06
4.701344999999999962e-06
4.727422000000000018e-06
4.753500000000000313e-06
4.779577000000000368e-06
4.805653999999999577e-06
4.828004999999999695e-06
4.854081999999999751e-06
4.876434000000000108e-06
4.906235999999999861e-06
4.928588000000000219e-06
4.950939999999999730e-06
4.973292000000000088e-06
4.999369000000000143e-06
5.017994999999999717e-06
5.040347000000000075e-06
5.062698999999999586e-06
5.081325000000000007e-06
5.099951999999999821e-06
5.122302999999999939e-06
5.140929999999999753e-06
5.159556000000000174e-06
5.178182999999999987e-06
5.196809000000000408e-06
5.215436000000000221e-06
5.230337000000000098e-06
5.248962999999999672e-06
5.267590000000000332e-06
5.286215999999999906e-06
5.297392000000000085e-06
5.316017999999999659e-06
5.330919999999999775e-06
5.349546000000000196e-06
5.360722000000000375e-06
5.379347999999999949e-06
5.394248999999999825e-06
5.409150999999999941e-06
5.424051999999999818e-06
5.438952999999999694e-06
5.453854000000000418e-06
5.468755000000000294e-06
5.479930999999999626e-06
5.494832000000000350e-06
5.509733000000000226e-06
5.520909000000000405e-06
5.535810000000000282e-06
5.543260999999999916e-06
5.558161999999999792e-06
5.569337999999999971e-06
5.576788999999999606e-06
5.584238999999999848e-06
5.595415000000000027e-06
5.599139999999999724e-06
5.602865999999999661e-06
5.602865999999999661e-06
5.606591000000000206e-06
5.606591000000000206e-06
5.606591000000000206e-06
5.606591000000000206e-06
5.606591000000000206e-06
5.602865999999999661e-06
5.602865999999999661e-06
5.602865999999999661e-06
5.602865999999999661e-06
5.602865999999999661e-06
5.602865999999999661e-06
5.602865999999999661e-06
5.602865999999999661e-06
5.602865999999999661e-06
5.602865999999999661e-06
5.602865999999999661e-06
5.606591000000000206e-06
5.610315999999999903e-06
5.614041999999999840e-06
5.621492000000000082e-06
5.625216999999999780e-06
5.632668000000000261e-06
5.636392999999999959e-06
5.640118999999999896e-06
5.651293999999999835e-06
5.655019999999999772e-06
5.662470000000000014e-06
5.666195999999999951e-06
5.677372000000000130e-06
5.684822000000000372e-06
5.692273000000000006e-06
5.699723000000000249e-06
5.707173999999999883e-06
5.718350000000000062e-06
5.725800000000000304e-06
5.733250999999999938e-06
5.744427000000000117e-06
5.755603000000000296e-06
5.766778000000000236e-06
5.777954000000000415e-06
5.789129999999999747e-06
5.796581000000000228e-06
5.811482000000000105e-06
5.822658000000000284e-06
5.833833999999999616e-06
5.845009999999999794e-06
5.856184999999999734e-06
5.867360999999999913e-06
5.882261999999999790e-06
5.889713000000000271e-06
5.904614000000000147e-06
5.919515000000000024e-06
5.930691000000000203e-06
5.945592000000000079e-06
5.956768000000000258e-06
5.975395000000000072e-06
5.986571000000000251e-06
6.005196999999999825e-06
6.016373000000000004e-06
6.034998999999999578e-06
6.046174999999999756e-06
6.057350999999999935e-06
6.068527000000000114e-06
6.075977999999999749e-06
6.079703000000000293e-06
6.079703000000000293e-06
6.079703000000000293e-06
6.079703000000000293e-06
6.079703000000000293e-06
6.079703000000000293e-06
6.075977999999999749e-06
6.075977999999999749e-06
6.072251999999999812e-06
6.072251999999999812e-06
6.072251999999999812e-06
6.072251999999999812e-06
6.075977999999999749e-06
6.079703000000000293e-06
6.079703000000000293e-06
6.083427999999999991e-06
6.090878999999999625e-06
6.098328999999999867e-06
6.109505000000000046e-06
6.116955999999999681e-06
6.124405999999999923e-06
6.139308000000000039e-06
6.146758000000000281e-06
6.161659000000000157e-06
6.172835000000000336e-06
6.187736000000000213e-06
6.202637000000000089e-06
6.213813000000000268e-06
6.232440000000000081e-06
6.243616000000000260e-06
6.262241999999999834e-06
6.277142999999999711e-06
6.295770000000000371e-06
6.310671000000000248e-06
6.329296999999999822e-06
6.347923999999999635e-06
6.362825000000000359e-06
6.381450999999999933e-06
6.400077999999999746e-06
6.422430000000000104e-06
6.437330999999999980e-06
6.459682000000000099e-06
6.478308999999999912e-06
6.496935000000000333e-06
6.519286999999999844e-06
6.534187999999999721e-06
6.552815000000000381e-06
6.575165999999999652e-06
6.593793000000000313e-06
6.616144999999999824e-06
6.634771000000000245e-06
6.653398000000000058e-06
6.675749000000000177e-06
6.694375999999999990e-06
6.716728000000000348e-06
6.739078999999999619e-06
6.761430999999999977e-06
6.780057000000000398e-06
6.806133999999999607e-06
6.828485999999999965e-06
6.850838000000000323e-06
6.873189999999999833e-06
6.899266999999999889e-06
6.917893000000000310e-06
6.940244999999999821e-06
6.966321999999999876e-06
6.984948000000000297e-06
7.007299999999999808e-06
7.029652000000000166e-06
7.048277999999999740e-06
7.070630000000000098e-06
7.092981999999999609e-06
7.111608000000000030e-06
7.130234999999999843e-06
7.152585999999999962e-06
7.171212999999999775e-06
7.189839000000000196e-06
7.212190999999999707e-06
7.227091999999999584e-06
7.249443999999999941e-06
7.268070000000000362e-06
7.286697000000000176e-06
7.305322999999999750e-06
7.323950000000000410e-06
7.342575999999999984e-06
7.361202999999999798e-06
7.379829000000000219e-06
7.398456000000000032e-06
7.417081999999999606e-06
7.439433999999999964e-06
7.458060000000000385e-06
7.476687000000000198e-06
7.499038000000000317e-06
7.517665000000000130e-06
7.536290999999999704e-06
7.558643000000000062e-06
7.577269999999999875e-06
7.599620999999999994e-06
7.618247999999999807e-06
7.636902999999999547e-06
7.655530000000000207e-06
7.674155999999999781e-06
7.692783000000000441e-06
7.715133999999999713e-06
7.733761000000000373e-06
7.756113000000000731e-06
7.774739000000000305e-06
7.793365999999999271e-06
7.815717000000000237e-06
7.830618000000000114e-06
7.852970000000000471e-06
7.871596999999999438e-06
7.890223000000000706e-06
7.912574999999999370e-06
7.931201000000000638e-06
7.946102000000000514e-06
7.968453999999999178e-06
7.983355000000000749e-06
8.001981999999999715e-06
8.016882999999999591e-06
8.031783999999999468e-06
8.046684999999999344e-06
8.061585999999999221e-06
8.072761999999999400e-06
8.087662999999999276e-06
8.106289999999999937e-06
8.117466000000000116e-06
8.132366999999999992e-06
8.143543000000000171e-06
8.158444000000000047e-06
8.169620000000000226e-06
8.184521000000000103e-06
8.199421999999999979e-06
8.210598000000000158e-06
8.225499000000000035e-06
8.236675000000000214e-06
8.251576000000000090e-06
8.266476999999999967e-06
8.281378999999999236e-06
8.296280000000000806e-06
8.307455999999999291e-06
8.322356999999999167e-06
8.333532999999999346e-06
8.348433999999999223e-06
8.359609999999999402e-06
8.374510999999999278e-06
8.389411999999999155e-06
8.404313000000000725e-06
8.419214000000000602e-06
8.430390000000000781e-06
8.445291000000000657e-06
8.456467000000000836e-06
8.471368000000000713e-06
8.486269999999999981e-06
8.497445000000000768e-06
8.512347000000000037e-06
8.523522000000000823e-06
8.538424000000000092e-06
8.549598999999999185e-06
8.564501000000000148e-06
8.579402000000000024e-06
8.586851999999999419e-06
8.601754000000000382e-06
8.612928999999999475e-06
8.624104999999999654e-06
8.639005999999999530e-06
8.650181999999999709e-06
8.661357999999999888e-06
8.672534000000000067e-06
8.679985000000000548e-06
8.691159999999999641e-06
8.694886000000000425e-06
8.702335999999999820e-06
8.706062000000000604e-06
8.706062000000000604e-06
8.706062000000000604e-06
8.706062000000000604e-06
8.706062000000000604e-06
8.706062000000000604e-06
8.706062000000000604e-06
8.706062000000000604e-06
8.706062000000000604e-06
8.706062000000000604e-06
8.706062000000000604e-06
8.706062000000000604e-06
8.706062000000000604e-06
8.706062000000000604e-06
8.709787000000000301e-06
8.713511999999999999e-06
8.717238000000000783e-06
8.724688000000000178e-06
8.732139000000000659e-06
8.739589000000000054e-06
8.747040000000000536e-06
8.754489999999999931e-06
8.765666000000000110e-06
8.776842000000000289e-06
8.788018000000000468e-06
8.802919000000000344e-06
8.810370000000000826e-06
8.825271000000000702e-06
8.836446999999999187e-06
8.851348000000000757e-06
8.862523999999999242e-06
8.873699999999999421e-06
8.888600999999999298e-06
8.896051000000000387e-06
8.910952999999999656e-06
8.922128000000000442e-06
8.933304000000000621e-06
8.944480000000000800e-06
8.959381000000000677e-06
8.966831999999999464e-06
8.981732999999999341e-06
8.992908999999999520e-06
9.004084999999999698e-06
9.015260999999999877e-06
9.026437000000000056e-06
9.037612000000000843e-06
9.052514000000000112e-06
9.063690000000000291e-06
9.074864999999999383e-06
9.086040999999999562e-06
9.100941999999999439e-06
9.112117999999999618e-06
9.123293999999999797e-06
9.138194999999999673e-06
9.149370999999999852e-06
9.160547000000000031e-06
9.175447999999999908e-06
9.182899000000000389e-06
9.194075000000000568e-06
9.208976000000000444e-06
9.216425999999999839e-06
9.231328000000000802e-06
9.242502999999999895e-06
9.249954000000000376e-06
9.264855000000000253e-06
9.276031000000000432e-06
9.287207000000000611e-06
9.298383000000000790e-06
9.309558999999999275e-06
9.324460000000000845e-06
9.335635999999999330e-06
9.346811999999999509e-06
9.361712999999999385e-06
9.372888999999999564e-06
9.384064000000000351e-06
9.395240000000000530e-06
9.402690999999999317e-06
9.417591999999999194e-06
9.428767999999999373e-06
9.436218999999999854e-06
9.443668999999999249e-06
9.454844999999999428e-06
9.466020999999999607e-06
9.469745999999999305e-06
9.480921999999999484e-06
9.488372999999999965e-06
9.499548000000000752e-06
9.503273999999999841e-06
9.514450000000000020e-06
9.521899999999999415e-06
9.529350999999999897e-06
9.540527000000000076e-06
9.551703000000000255e-06
9.562877999999999347e-06
9.570328999999999829e-06
9.581505000000000008e-06
9.592681000000000187e-06
9.603857000000000366e-06
9.615031999999999458e-06
9.626207999999999637e-06
9.637383999999999816e-06
9.652284999999999693e-06
9.659736000000000174e-06
9.670912000000000353e-06
9.685813000000000230e-06
9.693264000000000711e-06
9.708165000000000587e-06
9.719341000000000766e-06
9.730515999999999859e-06
9.745418000000000822e-06
9.752868000000000217e-06
9.767769000000000093e-06
9.782670999999999362e-06
9.793846000000000149e-06
9.808747999999999418e-06
9.816198000000000507e-06
9.831099000000000383e-06
9.846000000000000260e-06
9.857176000000000439e-06
9.872077000000000315e-06
9.879528000000000796e-06
9.894429000000000673e-06
9.909330000000000549e-06
9.916780999999999337e-06
9.931681999999999213e-06
9.942857999999999392e-06
9.954033999999999571e-06
9.968934999999999448e-06
9.980110999999999627e-06
9.991286999999999806e-06
1.000619000000000016e-05
1.001736000000000060e-05
1.003225999999999939e-05
1.003971999999999948e-05
1.005461999999999997e-05
1.006952000000000045e-05
1.008068999999999919e-05
1.009558999999999968e-05
1.010677000000000081e-05
1.012166999999999960e-05
1.013285000000000074e-05
1.014774999999999953e-05
1.016265000000000001e-05
1.017382999999999946e-05
1.018872999999999994e-05
1.019990000000000038e-05
1.021479999999999917e-05
1.022598000000000030e-05
1.023715999999999975e-05
1.025206000000000023e-05
1.026323000000000067e-05
1.027441000000000011e-05
1.028558000000000055e-05
1.029675999999999999e-05
1.030793999999999943e-05
1.032283999999999992e-05
1.033028999999999931e-05
1.034518999999999979e-05
1.035636999999999924e-05
1.036753999999999967e-05
1.038617000000000021e-05
1.039734000000000064e-05
1.041223999999999943e-05
1.042342000000000057e-05
1.044204999999999941e-05
1.045321999999999984e-05
1.047185000000000037e-05
1.048674999999999916e-05
1.050164999999999965e-05
1.051655000000000013e-05
1.053145000000000062e-05
1.054636000000000011e-05
1.056126000000000059e-05
1.057615999999999938e-05
1.059477999999999921e-05
1.060596000000000035e-05
1.062086000000000083e-05
1.063948999999999967e-05
1.065066000000000011e-05
1.066556000000000059e-05
1.068047000000000008e-05
1.069537000000000057e-05
1.070653999999999931e-05
1.072143999999999979e-05
1.073261999999999923e-05
1.074751999999999972e-05
1.076242000000000020e-05
1.077732000000000069e-05
1.079221999999999948e-05
1.080340000000000061e-05
1.081829999999999940e-05
1.082948000000000054e-05
1.084437999999999933e-05
1.085554999999999977e-05
1.085927999999999981e-05
1.086299999999999916e-05
1.085927999999999981e-05
1.085183000000000042e-05
1.084064999999999928e-05
1.082575000000000049e-05
1.080713000000000066e-05
1.078850000000000013e-05
1.076615000000000025e-05
1.074380000000000037e-05
1.072888999999999919e-05
1.070653999999999931e-05
1.069164000000000052e-05
1.067674000000000003e-05
1.066556000000000059e-05
1.065439000000000015e-05
1.064694000000000076e-05
1.063948999999999967e-05
1.063948999999999967e-05
1.063948999999999967e-05
1.063948999999999967e-05
1.063948999999999967e-05
1.064321000000000071e-05
1.064694000000000076e-05
1.065810999999999950e-05
1.066556000000000059e-05
1.067300999999999999e-05
1.068418999999999943e-05
1.069537000000000057e-05
1.070281999999999996e-05
1.071772000000000044e-05
1.073261999999999923e-05
1.074380000000000037e-05
1.075869999999999916e-05
1.076986999999999960e-05
1.078850000000000013e-05
1.079967000000000057e-05
1.081829999999999940e-05
1.082948000000000054e-05
1.084810000000000037e-05
1.086299999999999916e-05
1.088162999999999969e-05
1.089653000000000018e-05
1.091516000000000071e-05
1.093005999999999950e-05
1.094869000000000003e-05
1.096359000000000051e-05
1.098594000000000039e-05
1.100083999999999918e-05
1.101946999999999972e-05
1.103437000000000020e-05
1.104927000000000068e-05
1.106789999999999952e-05
1.108280000000000001e-05
1.110514999999999988e-05
1.112005000000000037e-05
1.113867999999999921e-05
1.115357999999999969e-05
1.117592999999999957e-05
1.119083000000000005e-05
1.120946000000000059e-05
1.122808000000000042e-05
1.124670999999999925e-05
1.126533999999999979e-05
1.128395999999999962e-05
1.130259000000000015e-05
1.132122000000000068e-05
1.133611999999999947e-05
1.135473999999999930e-05
1.137336999999999983e-05
1.139200000000000037e-05
1.141062000000000020e-05
1.142925000000000073e-05
1.144787999999999957e-05
1.146649999999999940e-05
1.148884999999999928e-05
1.150374999999999976e-05
1.152611000000000034e-05
1.154473000000000017e-05
1.155963000000000066e-05
1.158198999999999954e-05
1.160060999999999937e-05
1.161923999999999990e-05
1.163787000000000044e-05
1.165276999999999923e-05
1.167512000000000080e-05
1.169001999999999959e-05
1.170865000000000012e-05
1.172355000000000060e-05
1.174217000000000044e-05
1.175706999999999923e-05
1.177942999999999981e-05
1.179433000000000029e-05
1.180923000000000077e-05
1.182785000000000061e-05
1.184276000000000010e-05
1.186137999999999993e-05
1.188001000000000046e-05
1.189863999999999930e-05
1.191353999999999978e-05
1.193215999999999961e-05
1.195079000000000014e-05
1.196942000000000067e-05
1.198431999999999946e-05
1.200293999999999930e-05
1.202529999999999988e-05
1.204020000000000036e-05
1.206255000000000024e-05
1.208117000000000007e-05
1.209980000000000060e-05
1.212588000000000053e-05
1.214077999999999932e-05
1.216312999999999920e-05
1.218548000000000077e-05
1.220410999999999961e-05
1.222274000000000014e-05
1.224509000000000002e-05
1.226370999999999985e-05
1.228234000000000038e-05
1.230096999999999922e-05
1.231959000000000075e-05
1.233821999999999958e-05
1.235685000000000011e-05
1.237546999999999995e-05
1.239410000000000048e-05
1.241272999999999932e-05
1.243135000000000084e-05
1.244624999999999963e-05
1.246859999999999951e-05
1.248723000000000004e-05
1.250586000000000057e-05
1.252448000000000041e-05
1.254310999999999924e-05
1.256173999999999977e-05
1.258035999999999961e-05
1.259899000000000014e-05
1.261389000000000062e-05
1.263251999999999946e-05
1.264741999999999994e-05
1.266605000000000047e-05
1.268094999999999926e-05
1.269957000000000079e-05
1.271446999999999958e-05
1.272938000000000076e-05
1.274800000000000060e-05
1.276289999999999939e-05
1.278152999999999992e-05
1.279643000000000040e-05
1.281505999999999924e-05
1.282995999999999972e-05
1.284486000000000021e-05
1.285976000000000069e-05
1.287838999999999953e-05
1.289329000000000001e-05
1.291190999999999985e-05
1.292681999999999933e-05
1.294543999999999917e-05
1.296033999999999965e-05
1.298268999999999953e-05
1.299760000000000071e-05
1.301249999999999950e-05
1.303111999999999934e-05
1.304601999999999982e-05
1.306465000000000035e-05
1.307955000000000084e-05
1.309817999999999967e-05
1.311308000000000016e-05
1.313171000000000069e-05
1.314660999999999948e-05
1.316522999999999931e-05
1.318014000000000049e-05
1.319503999999999928e-05
1.321366000000000081e-05
1.322855999999999960e-05
1.324347000000000078e-05
1.326209000000000062e-05
1.327327000000000006e-05
1.329188999999999989e-05
1.330679999999999938e-05
1.332169999999999986e-05
1.333287000000000030e-05
1.335150000000000083e-05
1.336266999999999957e-05
1.338130000000000011e-05
1.339620000000000059e-05
1.341109999999999938e-05
1.342599999999999986e-05
1.344463000000000040e-05
1.345580999999999984e-05
1.347442999999999967e-05
1.348933000000000015e-05
1.350423999999999964e-05
1.351914000000000013e-05
1.353404000000000061e-05
1.355266000000000044e-05
1.356756999999999993e-05
1.358247000000000042e-05
1.359736999999999921e-05
1.361599000000000073e-05
1.362717000000000018e-05
1.364580000000000071e-05
1.366069999999999950e-05
1.367559999999999998e-05
1.369050000000000047e-05
1.370912999999999930e-05
1.372029999999999974e-05
1.373893000000000027e-05
1.375383000000000076e-05
1.376872999999999955e-05
1.378363000000000003e-05
1.379853000000000051e-05
1.380970999999999996e-05
1.382834000000000049e-05
1.384323999999999928e-05
1.385813999999999976e-05
1.387304000000000025e-05
1.388794000000000073e-05
1.390283999999999952e-05
1.392147000000000005e-05
1.393264000000000049e-05
1.395126999999999933e-05
1.396616999999999981e-05
1.398107000000000029e-05
1.399597000000000078e-05
1.401459999999999962e-05
1.402578000000000075e-05
1.404440000000000058e-05
1.405929999999999937e-05
1.407048000000000051e-05
1.408910999999999935e-05
1.410400999999999983e-05
1.411891000000000032e-05
1.413381000000000080e-05
1.414870999999999959e-05
1.416361000000000008e-05
1.417851000000000056e-05
1.419340999999999935e-05
1.420832000000000053e-05
1.421948999999999928e-05
1.423811999999999981e-05
1.425302000000000029e-05
1.426792000000000078e-05
1.428281999999999957e-05
1.430145000000000010e-05
1.431635000000000058e-05
1.433497999999999942e-05
1.434614999999999986e-05
1.436478000000000039e-05
1.437967999999999918e-05
1.439830999999999971e-05
1.440948000000000015e-05
1.442811000000000068e-05
1.443927999999999942e-05
1.445417999999999990e-05
1.446908999999999939e-05
1.448398999999999988e-05
1.449889000000000036e-05
1.451006000000000080e-05
1.452497000000000029e-05
1.453614000000000072e-05
1.455103999999999952e-05
1.456594000000000000e-05
1.458084000000000048e-05
1.459574999999999997e-05
1.461065000000000046e-05
1.462554999999999925e-05
1.464044999999999973e-05
1.465535000000000022e-05
1.466652999999999966e-05
1.468514999999999949e-05
1.469633000000000063e-05
1.471495000000000046e-05
1.472612999999999990e-05
1.474103000000000038e-05
1.475592999999999917e-05
1.477082999999999966e-05
1.478574000000000084e-05
1.480063999999999963e-05
1.481554000000000012e-05
1.482671000000000055e-05
1.484160999999999934e-05
1.485279000000000048e-05
1.487141999999999932e-05
1.488258999999999975e-05
1.489749000000000024e-05
1.491239999999999973e-05
1.492357000000000016e-05
1.494220000000000070e-05
1.494965000000000009e-05
1.496826999999999992e-05
1.497944999999999937e-05
1.499434999999999985e-05
1.500925000000000033e-05
1.502042999999999978e-05
1.503533000000000026e-05
1.504650999999999970e-05
1.506141000000000019e-05
1.507258000000000062e-05
1.508747999999999941e-05
1.510239000000000060e-05
1.511728999999999939e-05
1.513218999999999987e-05
1.514336000000000031e-05
1.515826000000000079e-05
1.517317000000000028e-05
1.518807000000000077e-05
1.519923999999999951e-05
1.521787000000000004e-05
1.522904000000000048e-05
1.524394999999999997e-05
1.525891000000000126e-05
1.527008000000000000e-05
1.528497999999999879e-05
1.529616000000000162e-05
1.531106000000000041e-05
1.532595999999999920e-05
1.534086000000000138e-05
1.535204000000000082e-05
1.536693999999999961e-05
1.537810999999999836e-05
1.539302000000000124e-05
1.540418999999999998e-05
1.541908999999999877e-05
1.543027000000000160e-05
1.544517000000000039e-05
1.545634999999999983e-05
1.547124999999999862e-05
1.548242000000000075e-05
1.549731999999999954e-05
1.551222999999999903e-05
1.552340000000000116e-05
1.553829999999999995e-05
1.554947999999999939e-05
1.556438000000000157e-05
1.557928000000000036e-05
1.559045999999999981e-05
1.560535999999999860e-05
1.561653000000000073e-05
1.563142999999999952e-05
1.564260999999999896e-05
1.565751000000000114e-05
1.567240999999999993e-05
1.568358999999999937e-05
1.569849000000000155e-05
1.570967000000000099e-05
1.572456999999999978e-05
1.573573999999999852e-05
1.575064000000000070e-05
1.576553999999999949e-05
1.577671999999999893e-05
1.578789999999999838e-05
1.579907000000000051e-05
1.581024999999999995e-05
1.581769999999999934e-05
1.582887000000000148e-05
1.583633000000000157e-05
1.584378000000000096e-05
1.585494999999999971e-05
1.586239999999999910e-05
1.586984999999999850e-05
1.587730000000000128e-05
1.588848000000000072e-05
1.589593000000000012e-05
1.590337999999999951e-05
1.591082999999999891e-05
1.591828000000000169e-05
1.592573000000000109e-05
1.593318000000000048e-05
1.594062999999999988e-05
1.595180999999999932e-05
1.595925999999999871e-05
1.596671000000000150e-05
1.597416000000000089e-05
1.598534000000000033e-05
1.599278999999999973e-05
1.600395999999999847e-05
1.601886000000000065e-05
1.602632000000000075e-05
1.604121999999999954e-05
1.605239000000000167e-05
1.606357000000000111e-05
1.607846999999999990e-05
1.608964999999999934e-05
1.610455000000000152e-05
1.611572000000000026e-05
1.612689999999999970e-05
1.614179999999999849e-05
1.615298000000000132e-05
1.616788000000000011e-05
1.617904999999999886e-05
1.619768000000000108e-05
1.621257999999999987e-05
1.622747999999999866e-05
1.624238000000000084e-05
1.625727999999999963e-05
1.627590999999999847e-05
1.629081000000000065e-05
1.630570999999999944e-05
1.632061000000000162e-05
1.633924000000000045e-05
1.635413999999999924e-05
1.636904000000000142e-05
1.638394000000000021e-05
1.639883999999999900e-05
1.641001999999999844e-05
1.642492000000000062e-05
1.643981999999999941e-05
1.645472000000000159e-05
1.646590000000000103e-05
1.648079999999999982e-05
1.649569999999999861e-05
1.651060000000000079e-05
1.652549999999999958e-05
1.653667999999999902e-05
1.655531000000000125e-05
1.656647999999999999e-05
1.658137999999999878e-05
1.659256000000000161e-05
1.660746000000000040e-05
1.662235999999999919e-05
1.663726000000000137e-05
1.665216000000000016e-05
1.666333999999999960e-05
1.668196999999999844e-05
1.669314000000000057e-05
1.671176999999999941e-05
1.672667000000000159e-05
1.674157000000000038e-05
1.675646999999999917e-05
1.677510000000000139e-05
1.679000000000000018e-05
1.680862999999999902e-05
1.682353000000000120e-05
1.684214999999999934e-05
1.685705999999999883e-05
1.687196000000000100e-05
1.688685999999999979e-05
1.690175999999999858e-05
1.691666000000000076e-05
1.693155999999999955e-05
1.694273999999999899e-05
1.696136000000000052e-05
1.697253999999999996e-05
1.698743999999999875e-05
1.700234000000000093e-05
1.701723999999999972e-05
1.703213999999999851e-05
1.704704000000000069e-05
1.706195000000000018e-05
1.707684999999999897e-05
1.709547000000000050e-05
1.710664999999999994e-05
1.712527999999999877e-05
1.714018000000000095e-05
1.715879999999999909e-05
1.717370000000000127e-05
1.719233000000000011e-05
1.720350999999999955e-05
1.722586000000000112e-05
1.723702999999999986e-05
1.725565999999999870e-05
1.727056000000000088e-05
1.728918999999999972e-05
1.730408999999999851e-05
1.731899000000000069e-05
1.733761999999999952e-05
1.735251999999999831e-05
1.737115000000000054e-05
1.738604999999999933e-05
1.740467000000000086e-05
1.741956999999999965e-05
1.743819999999999848e-05
1.745310000000000066e-05
1.747172999999999950e-05
1.748663000000000168e-05
1.750526000000000051e-05
1.752015999999999930e-05
1.753878000000000083e-05
1.754996000000000027e-05
1.756858999999999911e-05
1.758349000000000129e-05
1.759839000000000008e-05
1.761328999999999887e-05
1.762819000000000105e-05
1.764308999999999984e-05
1.765798999999999863e-05
1.766917000000000146e-05
1.768407000000000025e-05
1.769896999999999904e-05
1.771014999999999848e-05
1.772132000000000061e-05
1.773250000000000005e-05
1.774366999999999880e-05
1.775858000000000167e-05
1.776230000000000102e-05
1.777719999999999981e-05
1.778837999999999925e-05
1.779955000000000138e-05
1.781073000000000083e-05
1.782562999999999962e-05
1.783307999999999901e-05
1.784798000000000119e-05
1.785916000000000063e-05
1.787032999999999937e-05
1.788523999999999886e-05
1.789641000000000100e-05
1.791130999999999979e-05
1.792248999999999923e-05
1.793366000000000136e-05
1.795229000000000020e-05
1.795973999999999959e-05
1.797836999999999843e-05
1.798954000000000056e-05
1.800443999999999935e-05
1.801561999999999879e-05
1.803052000000000097e-05
1.804541999999999976e-05
1.805659999999999920e-05
1.807522000000000073e-05
1.808268000000000082e-05
1.809757999999999961e-05
1.811247999999999840e-05
1.812365000000000053e-05
1.813854999999999932e-05
1.814972999999999877e-05
1.816463000000000094e-05
1.817581000000000039e-05
1.819070999999999918e-05
1.820561000000000136e-05
1.821679000000000080e-05
1.823168999999999959e-05
1.824285999999999833e-05
1.826149000000000056e-05
1.826893999999999995e-05
1.828756999999999879e-05
1.829874000000000092e-05
1.830992000000000036e-05
1.832481999999999915e-05
1.833599999999999859e-05
1.835090000000000077e-05
1.836206999999999952e-05
1.837324999999999896e-05
1.838815000000000114e-05
1.839933000000000058e-05
1.841049999999999932e-05
1.842540000000000150e-05
1.843658000000000094e-05
1.844774999999999968e-05
1.845892999999999913e-05
1.847010999999999857e-05
1.848501000000000075e-05
1.849246000000000014e-05
1.850362999999999888e-05
1.851853000000000106e-05
1.852599000000000116e-05
1.854088999999999995e-05
1.855205999999999869e-05
1.855951000000000147e-05
1.857441000000000026e-05
1.858558999999999971e-05
1.859303999999999910e-05
1.860794000000000128e-05
1.861912000000000072e-05
1.863028999999999946e-05
1.864146999999999891e-05
1.864892000000000169e-05
1.866382000000000048e-05
1.867499999999999992e-05
1.868616999999999867e-05
1.869735000000000150e-05
1.870852000000000024e-05
1.871969999999999968e-05
1.873087999999999912e-05
1.874578000000000130e-05
1.875323000000000070e-05
1.876812999999999949e-05
1.877557999999999888e-05
1.879048000000000106e-05
1.880166000000000050e-05
1.880910999999999990e-05
1.882400999999999869e-05
1.883891000000000087e-05
1.884636000000000026e-05
1.886125999999999905e-05
1.887243999999999849e-05
1.888361000000000062e-05
1.889479000000000007e-05
1.890595999999999881e-05
1.892087000000000169e-05
1.893204000000000043e-05
1.893948999999999982e-05
1.895438999999999861e-05
1.896557000000000145e-05
1.897675000000000089e-05
1.898791999999999963e-05
1.899909999999999907e-05
1.901027000000000120e-05
1.902516999999999999e-05
1.903261999999999939e-05
1.904752999999999888e-05
1.905870000000000101e-05
1.906988000000000045e-05
1.908104999999999919e-05
1.909222999999999864e-05
1.910341000000000147e-05
1.911831000000000026e-05
1.912575999999999965e-05
1.914065999999999844e-05
1.915183000000000057e-05
1.916301000000000002e-05
1.917418999999999946e-05
1.918909000000000164e-05
1.920026000000000038e-05
1.921143999999999982e-05
1.922260999999999856e-05
1.923752000000000144e-05
1.924869000000000018e-05
1.925986999999999963e-05
1.927476999999999842e-05
1.928222000000000120e-05
1.929711999999999999e-05
1.931201999999999878e-05
1.932320000000000161e-05
1.933437000000000035e-05
1.934554999999999980e-05
1.936044999999999859e-05
1.937163000000000142e-05
1.938280000000000016e-05
1.939397999999999960e-05
1.940887999999999839e-05
1.942005000000000052e-05
1.943122999999999996e-05
1.944240999999999941e-05
1.945731000000000159e-05
1.947221000000000038e-05
1.947965999999999977e-05
1.949828999999999861e-05
1.950946000000000074e-05
1.952064000000000018e-05
1.953553999999999897e-05
1.954671000000000110e-05
1.956162000000000059e-05
1.956906999999999999e-05
1.958396999999999878e-05
1.959514000000000091e-05
1.960259000000000030e-05
1.961376999999999975e-05
1.962494999999999919e-05
1.963239999999999858e-05
1.963985000000000137e-05
1.965102000000000011e-05
1.966219999999999955e-05
1.966964999999999895e-05
1.968082999999999839e-05
1.969200000000000052e-05
1.969573000000000057e-05
1.970689999999999931e-05
1.971807999999999875e-05
1.972553000000000153e-05
1.973670000000000028e-05
1.974787999999999972e-05
1.975905999999999916e-05
1.976650999999999856e-05
1.977768000000000069e-05
1.978886000000000013e-05
1.979630999999999953e-05
1.980748000000000166e-05
1.981866000000000110e-05
1.982611000000000049e-05
1.983728999999999994e-05
1.984473999999999933e-05
1.985218999999999873e-05
1.986336000000000086e-05
1.987454000000000030e-05
1.988571999999999974e-05
1.988943999999999909e-05
1.990061999999999853e-05
1.991552000000000071e-05
1.992297000000000011e-05
1.993413999999999885e-05
1.994532000000000168e-05
1.995277000000000107e-05
1.996395000000000052e-05
1.997511999999999926e-05
1.997884999999999931e-05
1.999002000000000144e-05
2.000120000000000088e-05
2.000865000000000027e-05
2.001609999999999967e-05
2.002354999999999906e-05
2.003472999999999851e-05
2.004218000000000129e-05
2.004963000000000068e-05
2.005708000000000008e-05
2.006452999999999947e-05
2.007197999999999887e-05
2.007943000000000165e-05
2.008688000000000105e-05
2.009806000000000049e-05
2.010550999999999989e-05
2.010922999999999923e-05
2.012040999999999868e-05
2.012786000000000146e-05
2.013531000000000085e-05
2.014276000000000025e-05
2.015020999999999964e-05
2.016138999999999909e-05
2.016883999999999848e-05
2.017256000000000122e-05
2.018001000000000061e-05
2.018746000000000001e-05
2.019863999999999945e-05
2.020236999999999950e-05
2.020981999999999889e-05
2.021727000000000168e-05
2.022472000000000107e-05
2.023217000000000047e-05
2.023588999999999981e-05
2.024706999999999926e-05
2.025451999999999865e-05
2.026197000000000143e-05
2.026570000000000148e-05
2.027315000000000088e-05
2.028060000000000027e-05
2.029176999999999901e-05
2.029549999999999906e-05
2.030294999999999846e-05
2.031040000000000124e-05
2.032156999999999998e-05
2.032903000000000008e-05
2.033274999999999942e-05
2.034019999999999882e-05
2.034765000000000160e-05
2.035883000000000104e-05
2.036255000000000039e-05
2.036999999999999979e-05
2.037744999999999918e-05
2.038862999999999862e-05
2.039235999999999867e-05
2.039981000000000146e-05
2.040726000000000085e-05
2.041471000000000025e-05
2.042215999999999964e-05
2.042960999999999904e-05
2.043705999999999843e-05
2.044451000000000121e-05
2.045196000000000061e-05
2.045941000000000000e-05
2.046685999999999940e-05
2.047430999999999879e-05
2.048176000000000158e-05
2.048549000000000162e-05
2.049294000000000102e-05
2.050039000000000041e-05
2.050783999999999981e-05
2.051528999999999920e-05
2.051901999999999925e-05
2.052646999999999865e-05
2.053392000000000143e-05
2.053764000000000078e-05
2.054509000000000017e-05
2.054882000000000022e-05
2.055626999999999962e-05
2.056371999999999901e-05
2.057489000000000114e-05
2.058235000000000124e-05
2.058607000000000058e-05
2.059351999999999998e-05
2.060096999999999937e-05
2.061214999999999882e-05
2.061587000000000155e-05
2.062705000000000099e-05
2.063450000000000039e-05
2.064567999999999983e-05
2.065312999999999923e-05
2.066430000000000136e-05
2.067175000000000075e-05
2.067920000000000015e-05
2.069037999999999959e-05
2.070154999999999833e-05
2.071273000000000116e-05
2.072018000000000056e-05
2.073136000000000000e-05
2.073880999999999940e-05
2.075371000000000157e-05
2.076488000000000032e-05
2.077234000000000041e-05
2.078350999999999915e-05
2.079468999999999860e-05
2.080214000000000138e-05
2.080959000000000077e-05
2.082075999999999952e-05
2.082820999999999891e-05
2.083566999999999901e-05
2.083566999999999901e-05
2.083193999999999896e-05
2.082075999999999952e-05
2.080586000000000073e-05
2.079095999999999855e-05
2.076861000000000036e-05
2.074625999999999879e-05
2.072018000000000056e-05
2.069782999999999898e-05
2.067548000000000080e-05
2.064567999999999983e-05
2.062705000000000099e-05
2.060841999999999877e-05
2.058607000000000058e-05
2.057116999999999841e-05
2.055253999999999957e-05
2.054509000000000017e-05
2.053392000000000143e-05
2.052646999999999865e-05
2.051901999999999925e-05
2.051528999999999920e-05
2.051155999999999916e-05
2.051155999999999916e-05
2.051155999999999916e-05
2.051155999999999916e-05
2.051528999999999920e-05
2.051901999999999925e-05
2.051901999999999925e-05
2.052646999999999865e-05
2.053019000000000138e-05
2.053392000000000143e-05
2.054137000000000083e-05
2.054882000000000022e-05
2.055253999999999957e-05
2.055998999999999896e-05
2.056743999999999836e-05
2.057489000000000114e-05
2.058235000000000124e-05
2.058980000000000063e-05
2.059725000000000003e-05
2.060469999999999942e-05
2.061214999999999882e-05
2.061587000000000155e-05
2.062332000000000095e-05
2.063077000000000034e-05
2.063821999999999974e-05
2.064567999999999983e-05
2.065312999999999923e-05
2.066057999999999862e-05
2.066803000000000140e-05
2.067548000000000080e-05
2.068293000000000019e-05
2.069037999999999959e-05
2.070154999999999833e-05
2.070900999999999843e-05
2.071646000000000121e-05
2.072762999999999995e-05
2.073880999999999940e-05
2.074625999999999879e-05
2.076116000000000097e-05
2.076861000000000036e-05
2.077978999999999981e-05
2.079095999999999855e-05
2.080214000000000138e-05
2.081331000000000012e-05
2.082448999999999956e-05
2.083566999999999901e-05
2.085057000000000119e-05
2.086173999999999993e-05
2.087291999999999937e-05
2.088782000000000155e-05
2.089899000000000029e-05
2.091016999999999973e-05
2.092506999999999852e-05
2.093625000000000135e-05
2.095115000000000014e-05
2.096231999999999889e-05
2.097349999999999833e-05
2.098840000000000051e-05
2.099957999999999995e-05
2.101447999999999874e-05
2.102565000000000087e-05
2.103683000000000031e-05
2.104800999999999976e-05
2.105917999999999850e-05
2.107036000000000133e-05
2.108526000000000012e-05
2.109270999999999951e-05
2.110388999999999896e-05
2.111506000000000109e-05
2.112624000000000053e-05
2.113740999999999927e-05
2.114858999999999871e-05
2.115604000000000150e-05
2.116349000000000089e-05
2.117467000000000034e-05
2.118211999999999973e-05
2.118956999999999913e-05
2.120074000000000126e-05
2.120819000000000065e-05
2.121564000000000005e-05
2.122681999999999949e-05
2.123799999999999893e-05
2.124544999999999833e-05
2.125662000000000046e-05
2.126779999999999990e-05
2.127896999999999864e-05
2.128642999999999874e-05
2.130133000000000091e-05
2.130878000000000031e-05
2.131994999999999905e-05
2.133112999999999849e-05
2.134230000000000063e-05
2.135348000000000007e-05
2.136837999999999886e-05
2.137583000000000164e-05
2.139073000000000043e-05
2.140190999999999987e-05
2.140935999999999927e-05
2.142426000000000145e-05
2.143544000000000089e-05
2.144289000000000028e-05
2.145405999999999903e-05
2.146523999999999847e-05
2.147269000000000125e-05
2.148387000000000070e-05
2.149503999999999944e-05
2.149876999999999949e-05
2.150994000000000162e-05
2.152112000000000106e-05
2.153228999999999980e-05
2.153973999999999920e-05
2.155091999999999864e-05
2.156210000000000147e-05
2.157327000000000021e-05
2.158816999999999900e-05
2.159561999999999840e-05
2.161053000000000127e-05
2.162543000000000006e-05
2.163659999999999881e-05
2.165523000000000103e-05
2.166268000000000043e-05
2.168130999999999927e-05
2.168875999999999866e-05
2.170738000000000019e-05
2.172227999999999898e-05
2.173345999999999842e-05
2.174836000000000060e-05
2.175580999999999999e-05
2.177070999999999878e-05
2.178561000000000096e-05
2.179679000000000040e-05
2.181168999999999919e-05
2.182286999999999864e-05
2.183404000000000077e-05
2.184893999999999956e-05
2.186011999999999900e-05
2.187502000000000118e-05
2.188620000000000062e-05
2.190109999999999941e-05
2.191227000000000154e-05
2.192345000000000098e-05
2.193834999999999977e-05
2.194952999999999921e-05
2.196443000000000139e-05
2.197560000000000014e-05
2.199050999999999963e-05
2.200167999999999837e-05
2.201286000000000120e-05
2.202775999999999999e-05
2.203892999999999873e-05
2.205011000000000156e-05
2.206501000000000035e-05
2.207245999999999975e-05
2.208363999999999919e-05
2.209854000000000137e-05
2.210599000000000076e-05
2.212088999999999955e-05
2.213206999999999900e-05
2.213951999999999839e-05
2.214697000000000117e-05
2.215813999999999992e-05
2.216558999999999931e-05
2.216558999999999931e-05
2.216931999999999936e-05
2.216931999999999936e-05
2.217303999999999871e-05
2.217676999999999875e-05
2.217676999999999875e-05
2.217676999999999875e-05
2.218049000000000149e-05
2.218422000000000154e-05
2.218795000000000158e-05
2.219540000000000098e-05
2.219912000000000033e-05
2.220285000000000037e-05
2.221401999999999912e-05
2.222146999999999851e-05
2.222892000000000130e-05
2.223637000000000069e-05
2.225128000000000018e-05
2.226244999999999892e-05
2.227362999999999836e-05
2.228853000000000054e-05
2.229969999999999929e-05
2.231833000000000151e-05
2.233323000000000030e-05
2.235185999999999914e-05
2.237048000000000066e-05
2.238910999999999950e-05
2.240773999999999834e-05
2.242635999999999987e-05
2.244871999999999875e-05
2.246734000000000028e-05
2.248968999999999846e-05
2.251205000000000073e-05
2.253066999999999887e-05
2.254930000000000110e-05
2.257537999999999933e-05
2.259400000000000086e-05
2.261262999999999969e-05
2.263498000000000127e-05
2.265361000000000010e-05
2.267223000000000163e-05
2.269457999999999981e-05
2.271693999999999870e-05
2.273556000000000023e-05
2.275790999999999841e-05
2.277654000000000064e-05
2.279888999999999882e-05
2.282124000000000039e-05
2.283986999999999923e-05
2.286222000000000081e-05
2.288456999999999899e-05
2.290320000000000122e-05
2.292554999999999940e-05
2.294790000000000097e-05
2.297025999999999986e-05
2.298888000000000138e-05
2.301122999999999957e-05
2.302985999999999841e-05
2.305220999999999998e-05
2.307083999999999882e-05
2.308947000000000104e-05
2.311181999999999923e-05
2.312672000000000141e-05
2.314906999999999959e-05
2.316396999999999838e-05
2.318260000000000061e-05
2.320121999999999875e-05
2.321613000000000162e-05
2.323474999999999976e-05
2.324964999999999855e-05
2.326828000000000078e-05
2.328317999999999957e-05
2.329807999999999836e-05
2.331298000000000053e-05
2.333160999999999937e-05
2.334651000000000155e-05
2.336514000000000039e-05
2.338003999999999918e-05
2.339866000000000070e-05
2.341357000000000019e-05
2.343218999999999833e-05
2.344337000000000116e-05
2.346198999999999930e-05
2.347689999999999879e-05
2.349180000000000097e-05
2.350669999999999976e-05
2.352532000000000128e-05
2.353650000000000073e-05
2.355512999999999956e-05
2.356629999999999831e-05
2.358493000000000053e-05
2.359610999999999997e-05
2.361100999999999876e-05
2.362218000000000089e-05
2.364080999999999973e-05
2.365570999999999852e-05
2.367061000000000070e-05
2.368550999999999949e-05
2.369668999999999893e-05
2.371531000000000046e-05
2.372648999999999990e-05
2.374511999999999874e-05
2.376002000000000092e-05
2.377863999999999905e-05
2.379354999999999854e-05
2.381217000000000007e-05
2.382706999999999886e-05
2.384570000000000109e-05
2.386059999999999988e-05
2.387922999999999871e-05
2.389785000000000024e-05
2.391274999999999903e-05
2.393138000000000125e-05
2.395001000000000009e-05
2.396863000000000162e-05
2.398726000000000046e-05
2.400215999999999925e-05
2.402079000000000147e-05
2.403569000000000026e-05
2.405431999999999910e-05
2.406922000000000128e-05
2.408783999999999941e-05
2.410274000000000159e-05
2.412137000000000043e-05
2.413254999999999987e-05
2.413999999999999927e-05
2.413626999999999922e-05
2.412510000000000048e-05
2.409901999999999886e-05
2.406549000000000123e-05
2.402451000000000082e-05
2.397608000000000101e-05
2.392392999999999847e-05
2.387549999999999867e-05
2.381961999999999947e-05
2.376747000000000031e-05
2.371904000000000051e-05
2.367434000000000075e-05
2.362963000000000029e-05
2.359237999999999993e-05
2.355884999999999891e-05
2.352905000000000133e-05
2.350669999999999976e-05
2.348435000000000157e-05
2.346944999999999939e-05
2.345826999999999995e-05
2.344709000000000051e-05
2.343964000000000111e-05
2.343591999999999838e-05
2.343591999999999838e-05
2.343591999999999838e-05
2.343964000000000111e-05
2.344337000000000116e-05
2.345082000000000056e-05
2.346198999999999930e-05
2.346571999999999935e-05
2.347689999999999879e-05
2.349180000000000097e-05
2.349925000000000036e-05
2.351041999999999911e-05
2.352532000000000128e-05
2.353650000000000073e-05
2.354768000000000017e-05
2.356257999999999896e-05
2.357748000000000114e-05
2.359237999999999993e-05
2.360355999999999937e-05
2.361846000000000155e-05
2.362963000000000029e-05
2.364825999999999913e-05
2.365943999999999857e-05
2.367806000000000010e-05
2.368923999999999954e-05
2.370786000000000106e-05
2.371904000000000051e-05
2.373766999999999934e-05
2.374884000000000147e-05
2.376374000000000026e-05
2.378236999999999910e-05
2.379354999999999854e-05
2.380845000000000072e-05
2.381961999999999947e-05
2.383452000000000164e-05
2.384570000000000109e-05
2.386059999999999988e-05
2.387549999999999867e-05
2.388668000000000150e-05
2.390529999999999963e-05
2.391274999999999903e-05
2.392765999999999852e-05
2.393883000000000065e-05
2.395745999999999949e-05
2.397236000000000167e-05
2.398354000000000111e-05
2.399843999999999990e-05
2.401333999999999869e-05
2.402824000000000087e-05
2.403940999999999961e-05
2.405803999999999845e-05
2.406922000000000128e-05
2.408412000000000007e-05
2.409901999999999886e-05
2.411392000000000104e-05
2.412881999999999983e-05
2.414371999999999862e-05
2.415862000000000079e-05
2.416980000000000024e-05
2.418842999999999907e-05
2.419960000000000120e-05
2.421823000000000004e-05
2.422939999999999878e-05
2.424431000000000166e-05
2.425921000000000045e-05
2.427410999999999924e-05
2.428901000000000142e-05
2.430391000000000021e-05
2.431880999999999900e-05
2.433371000000000118e-05
2.435234000000000002e-05
2.436350999999999876e-05
2.438214000000000098e-05
2.439703999999999977e-05
2.441193999999999856e-05
2.442312000000000140e-05
2.444175000000000023e-05
2.445291999999999898e-05
2.447155000000000120e-05
2.448644999999999999e-05
2.450134999999999878e-05
2.451625000000000096e-05
2.453114999999999975e-05
2.454604999999999854e-05
2.456468000000000076e-05
2.457957999999999955e-05
2.459820999999999839e-05
2.461311000000000057e-05
2.463173999999999941e-05
2.464664000000000159e-05
2.466154000000000038e-05
2.467270999999999912e-05
2.468761999999999861e-05
2.469507000000000139e-05
2.470252000000000079e-05
2.470997000000000018e-05
2.471741999999999958e-05
2.472486999999999897e-05
2.473231999999999837e-05
2.473604000000000110e-05
2.473977000000000115e-05
2.474722000000000055e-05
2.475466999999999994e-05
2.476211999999999934e-05
2.476584999999999938e-05
2.476956999999999873e-05
2.477702000000000151e-05
2.478075000000000156e-05
2.478820000000000096e-05
2.479192000000000030e-05
2.479565000000000035e-05
2.479565000000000035e-05
2.479565000000000035e-05
2.479936999999999970e-05
2.480309999999999975e-05
2.480681999999999909e-05
2.480681999999999909e-05
2.480681999999999909e-05
2.480681999999999909e-05
2.480681999999999909e-05
2.480681999999999909e-05
2.480681999999999909e-05
2.480681999999999909e-05
2.480309999999999975e-05
2.480309999999999975e-05
2.480309999999999975e-05
2.480309999999999975e-05
2.480309999999999975e-05
2.480309999999999975e-05
2.479936999999999970e-05
2.480309999999999975e-05
2.480309999999999975e-05
2.480309999999999975e-05
2.480309999999999975e-05
2.480309999999999975e-05
2.480681999999999909e-05
2.480681999999999909e-05
2.480681999999999909e-05
2.480681999999999909e-05
2.481054999999999914e-05
2.481054999999999914e-05
2.481427999999999919e-05
2.481427999999999919e-05
2.481799999999999854e-05
2.481799999999999854e-05
2.482172999999999858e-05
2.482172999999999858e-05
2.482545000000000132e-05
2.482545000000000132e-05
2.482545000000000132e-05
2.482545000000000132e-05
2.482918000000000137e-05
2.482918000000000137e-05
2.482918000000000137e-05
2.483290000000000071e-05
2.483290000000000071e-05
2.483290000000000071e-05
2.483290000000000071e-05
2.483290000000000071e-05
2.483290000000000071e-05
2.483290000000000071e-05
2.483290000000000071e-05
2.483290000000000071e-05
2.483663000000000076e-05
2.483663000000000076e-05
2.483663000000000076e-05
2.483663000000000076e-05
2.484035000000000011e-05
2.484035000000000011e-05
2.484035000000000011e-05
2.484408000000000016e-05
2.484408000000000016e-05
2.484779999999999950e-05
2.484779999999999950e-05
2.485152999999999955e-05
2.485524999999999890e-05
2.485524999999999890e-05
2.485524999999999890e-05
2.485524999999999890e-05
2.485524999999999890e-05
2.485524999999999890e-05
2.485524999999999890e-05
2.485897999999999895e-05
2.485897999999999895e-05
2.485897999999999895e-05
2.485897999999999895e-05
2.486270000000000168e-05
2.486642999999999834e-05
2.487388000000000112e-05
2.487761000000000117e-05
2.488133000000000052e-05
2.488877999999999991e-05
2.489250999999999996e-05
2.489622999999999931e-05
2.489995999999999936e-05
2.490740999999999875e-05
2.491113000000000149e-05
2.491486000000000154e-05
2.492231000000000093e-05
2.492231000000000093e-05
2.492231000000000093e-05
2.492603000000000028e-05
2.492603000000000028e-05
2.492976000000000033e-05
2.492976000000000033e-05
2.493347999999999967e-05
2.493347999999999967e-05
2.493347999999999967e-05
2.493720999999999972e-05
2.493720999999999972e-05
2.493720999999999972e-05
2.493720999999999972e-05
2.493720999999999972e-05
2.493720999999999972e-05
2.493720999999999972e-05
2.494092999999999907e-05
2.494092999999999907e-05
2.494092999999999907e-05
2.494092999999999907e-05
2.494465999999999912e-05
2.494465999999999912e-05
2.494465999999999912e-05
2.494465999999999912e-05
2.494465999999999912e-05
2.494838999999999916e-05
2.494838999999999916e-05
2.494838999999999916e-05
2.494838999999999916e-05
2.495210999999999851e-05
2.495210999999999851e-05
2.495210999999999851e-05
2.495210999999999851e-05
2.495210999999999851e-05
2.495583999999999856e-05
2.495583999999999856e-05
2.495956000000000129e-05
2.495956000000000129e-05
2.495956000000000129e-05
2.496329000000000134e-05
2.496701000000000069e-05
2.497074000000000074e-05
2.497819000000000013e-05
2.498563999999999953e-05
2.499308999999999892e-05
2.500053999999999832e-05
2.501172000000000115e-05
2.501917000000000054e-05
2.503033999999999928e-05
2.504151999999999873e-05
2.504897000000000151e-05
2.505642000000000091e-05
2.506758999999999965e-05
2.507504999999999974e-05
2.508249999999999914e-05
2.508994999999999853e-05
2.509740000000000132e-05
2.510485000000000071e-05
2.511230000000000011e-05
2.511601999999999945e-05
2.511974999999999950e-05
2.512719999999999890e-05
2.513092000000000163e-05
2.513465000000000168e-05
2.513837999999999834e-05
2.514210000000000107e-05
2.514210000000000107e-05
2.514583000000000112e-05
2.514955000000000047e-05
2.514955000000000047e-05
2.515328000000000052e-05
2.515699999999999986e-05
2.515699999999999986e-05
2.516072999999999991e-05
2.516072999999999991e-05
2.516072999999999991e-05
2.516444999999999926e-05
2.516444999999999926e-05
2.516817999999999931e-05
2.516817999999999931e-05
2.517189999999999865e-05
2.517189999999999865e-05
2.517189999999999865e-05
2.517562999999999870e-05
2.517562999999999870e-05
2.517562999999999870e-05
2.517562999999999870e-05
2.517562999999999870e-05
2.517935000000000144e-05
2.517935000000000144e-05
2.517935000000000144e-05
2.517935000000000144e-05
2.517935000000000144e-05
2.517935000000000144e-05
2.517935000000000144e-05
2.517935000000000144e-05
2.517935000000000144e-05
2.517562999999999870e-05
2.517562999999999870e-05
2.517562999999999870e-05
2.517562999999999870e-05
2.517562999999999870e-05
2.517562999999999870e-05
2.517562999999999870e-05
2.517562999999999870e-05
2.517562999999999870e-05
2.517562999999999870e-05
2.517562999999999870e-05
2.517935000000000144e-05
2.517935000000000144e-05
2.517935000000000144e-05
2.518308000000000148e-05
2.518308000000000148e-05
2.518680000000000083e-05
2.519053000000000088e-05
2.519053000000000088e-05
2.519053000000000088e-05
2.519425000000000023e-05
2.519425000000000023e-05
2.519798000000000027e-05
2.519798000000000027e-05
2.520171000000000032e-05
2.520171000000000032e-05
2.520542999999999967e-05
2.520542999999999967e-05
