4.796707000000000152e-05
4.795962000000000212e-05
4.795217000000000273e-05
4.794472000000000333e-05
4.794472000000000333e-05
4.794472000000000333e-05
4.794472000000000333e-05
4.795217000000000273e-05
4.795217000000000273e-05
4.795962000000000212e-05
4.795962000000000212e-05
4.796707000000000152e-05
4.797452000000000091e-05
4.798197000000000031e-05
4.798941999999999970e-05
4.799686999999999910e-05
4.800431999999999849e-05
4.800431999999999849e-05
4.800431999999999849e-05
4.801176999999999789e-05
4.801921999999999728e-05
4.802667999999999738e-05
4.803412999999999677e-05
4.804158000000000294e-05
4.804903000000000234e-05
4.805648000000000173e-05
4.806393000000000113e-05
4.806393000000000113e-05
4.806393000000000113e-05
4.806393000000000113e-05
4.804903000000000234e-05
4.803412999999999677e-05
4.801176999999999789e-05
4.798941999999999970e-05
4.795217000000000273e-05
4.790746999999999958e-05
4.784040999999999755e-05
4.776590999999999682e-05
4.766904999999999721e-05
4.756473999999999820e-05
4.743808000000000101e-05
4.730396999999999765e-05
4.715496000000000227e-05
4.700595000000000012e-05
4.684947999999999787e-05
4.668556999999999693e-05
4.652911000000000216e-05
4.635775000000000182e-05
4.620127999999999957e-05
4.604481999999999802e-05
4.588090999999999708e-05
4.572445000000000231e-05
4.556798000000000006e-05
4.541151999999999851e-05
4.526251000000000314e-05
4.510605000000000159e-05
4.496448999999999883e-05
4.480802000000000336e-05
4.465901000000000121e-05
4.452489999999999785e-05
4.437589000000000247e-05
4.423432999999999971e-05
4.408531999999999756e-05
4.395121000000000097e-05
4.381709999999999761e-05
4.367554000000000163e-05
4.354142999999999826e-05
4.339986000000000158e-05
4.326574999999999822e-05
4.313164000000000163e-05
4.299752999999999827e-05
4.287087000000000108e-05
4.273675999999999772e-05
4.260265000000000113e-05
4.247598999999999716e-05
4.234188000000000058e-05
4.221522000000000338e-05
4.209600999999999881e-05
4.196935000000000162e-05
4.185013999999999705e-05
4.172347999999999986e-05
4.160427000000000206e-05
4.147761999999999879e-05
4.135841000000000099e-05
4.123920000000000320e-05
4.112743999999999802e-05
4.100823000000000022e-05
4.088902000000000243e-05
4.077725999999999725e-05
4.065804999999999945e-05
4.053884000000000166e-05
4.042708000000000326e-05
4.030786999999999868e-05
4.019612000000000098e-05
4.008436000000000258e-05
3.996514999999999801e-05
3.985338999999999961e-05
3.974908000000000060e-05
3.963732000000000220e-05
3.952555999999999702e-05
3.942124999999999801e-05
3.931694999999999971e-05
3.920519000000000131e-05
3.910088000000000230e-05
3.900402000000000269e-05
3.889970999999999691e-05
3.879540999999999860e-05
3.869109999999999959e-05
3.859423999999999998e-05
3.849738000000000037e-05
3.839307000000000136e-05
3.828877000000000306e-05
3.818445999999999727e-05
3.808759999999999766e-05
3.798328999999999866e-05
3.787897999999999965e-05
3.777468000000000134e-05
3.767037000000000234e-05
3.756606000000000333e-05
3.746174999999999755e-05
3.735743999999999854e-05
3.725314000000000023e-05
3.714883000000000123e-05
3.704452000000000222e-05
3.693275999999999704e-05
3.682844999999999804e-05
3.672413999999999903e-05
3.661239000000000133e-05
3.650808000000000232e-05
3.639631999999999714e-05
3.628455999999999874e-05
3.618024999999999974e-05
3.606849000000000134e-05
3.596419000000000303e-05
3.584497999999999846e-05
3.574066999999999945e-05
3.562891000000000105e-05
3.552460000000000204e-05
3.540538999999999747e-05
3.530107999999999846e-05
3.518932000000000006e-05
3.508502000000000175e-05
3.496580999999999718e-05
3.485404999999999878e-05
3.474973999999999977e-05
3.463798000000000137e-05
3.452622000000000297e-05
3.441445999999999779e-05
3.431015999999999949e-05
3.419840000000000109e-05
3.408664000000000268e-05
3.397487999999999751e-05
3.387056999999999850e-05
3.375881000000000010e-05
3.364705000000000170e-05
3.354274999999999661e-05
3.343843999999999761e-05
3.332667999999999921e-05
3.322237000000000020e-05
3.311806000000000119e-05
3.300630000000000279e-05
3.290199999999999771e-05
3.279023999999999931e-05
3.267848000000000091e-05
3.257417000000000190e-05
3.246240999999999672e-05
3.235809999999999772e-05
3.223890000000000062e-05
3.213459000000000161e-05
3.202283000000000321e-05
3.191106999999999803e-05
3.179930999999999963e-05
3.168755000000000123e-05
3.157579000000000283e-05
3.147148999999999775e-05
3.135227999999999995e-05
3.124052000000000155e-05
3.112876000000000315e-05
3.102444999999999736e-05
3.090523999999999957e-05
3.079348000000000117e-05
3.068172000000000276e-05
3.056996999999999829e-05
3.045063999999999887e-05
3.033143000000000107e-05
3.021966999999999929e-05
3.010046000000000149e-05
2.998869999999999970e-05
2.986948999999999851e-05
2.975774000000000081e-05
2.963852999999999963e-05
2.951186999999999905e-05
2.940011000000000065e-05
2.928089999999999946e-05
2.916169000000000167e-05
2.904992999999999988e-05
2.893071999999999869e-05
2.881151000000000090e-05
2.868485000000000032e-05
2.857308999999999853e-05
2.845388000000000073e-05
2.833466999999999955e-05
2.821546999999999906e-05
2.810371000000000066e-05
2.798449999999999947e-05
2.786529000000000168e-05
2.774608000000000049e-05
2.762686999999999931e-05
2.751511000000000091e-05
2.740334999999999912e-05
2.728414000000000132e-05
2.716493000000000014e-05
2.705316999999999835e-05
2.694142000000000065e-05
2.682220999999999946e-05
2.671045000000000106e-05
2.659868999999999927e-05
2.647948000000000147e-05
2.636771999999999968e-05
2.625596000000000128e-05
2.614419999999999949e-05
2.602498999999999831e-05
2.590579000000000121e-05
2.579402999999999942e-05
2.567482000000000163e-05
2.556305999999999984e-05
2.545130000000000143e-05
2.533209000000000025e-05
2.521287999999999906e-05
2.509367000000000127e-05
2.498190999999999948e-05
2.486270000000000168e-05
2.475095000000000059e-05
2.463173999999999941e-05
2.451253000000000161e-05
2.440076999999999982e-05
2.428901000000000142e-05
2.416980000000000024e-05
2.405803999999999845e-05
2.393883000000000065e-05
2.382706999999999886e-05
2.370786000000000106e-05
2.359610999999999997e-05
2.348435000000000157e-05
2.336514000000000039e-05
2.325337999999999860e-05
2.314162000000000020e-05
2.302985999999999841e-05
2.291810000000000001e-05
2.280634000000000160e-05
2.269457999999999981e-05
2.259028000000000151e-05
2.247851999999999972e-05
2.237421000000000071e-05
2.226989999999999832e-05
2.216558999999999931e-05
2.206129000000000100e-05
2.196443000000000139e-05
2.186011999999999900e-05
2.176325999999999939e-05
2.165895000000000038e-05
2.156210000000000147e-05
2.145778999999999907e-05
2.136092999999999946e-05
2.126406999999999985e-05
2.115977000000000155e-05
2.106290999999999855e-05
2.095859999999999954e-05
2.086173999999999993e-05
2.076488000000000032e-05
2.066057999999999862e-05
2.056371999999999901e-05
2.045941000000000000e-05
2.036255000000000039e-05
2.026570000000000148e-05
2.016138999999999909e-05
2.006452999999999947e-05
1.996022000000000047e-05
1.987081000000000025e-05
1.976650999999999856e-05
1.967709999999999834e-05
1.957278999999999933e-05
1.948337999999999912e-05
1.937908000000000081e-05
1.928967000000000060e-05
1.919281000000000098e-05
1.910341000000000147e-05
1.899909999999999907e-05
1.890968999999999886e-05
1.881282999999999924e-05
1.873087999999999912e-05
1.863401999999999951e-05
1.854460999999999930e-05
1.844774999999999968e-05
1.836579999999999956e-05
1.826893999999999995e-05
1.817952999999999973e-05
1.809757999999999961e-05
1.800816999999999940e-05
1.791875999999999918e-05
1.783680999999999906e-05
1.775485000000000163e-05
1.767289000000000080e-05
1.759839000000000008e-05
1.752387999999999865e-05
1.744938000000000131e-05
1.736742000000000049e-05
1.730035999999999846e-05
1.722586000000000112e-05
1.715879999999999909e-05
1.709175000000000115e-05
1.702468999999999912e-05
1.695764000000000117e-05
1.689057999999999914e-05
1.682353000000000120e-05
1.675646999999999917e-05
1.669687000000000062e-05
1.662980999999999859e-05
1.657021000000000004e-05
1.650315000000000140e-05
1.644354999999999946e-05
1.638394000000000021e-05
1.632434000000000166e-05
1.626472999999999903e-05
1.620513000000000048e-05
1.614552000000000123e-05
1.608591999999999929e-05
1.602632000000000075e-05
1.597416000000000089e-05
1.592200999999999835e-05
1.586984999999999850e-05
1.581769999999999934e-05
1.576553999999999949e-05
1.571339000000000034e-05
1.566124000000000118e-05
1.561653000000000073e-05
1.557183000000000097e-05
1.551967999999999843e-05
1.547497000000000136e-05
1.543027000000000160e-05
1.538556999999999845e-05
1.533340999999999860e-05
1.528870999999999884e-05
1.525139999999999936e-05
1.519923999999999951e-05
1.516199000000000084e-05
1.511728999999999939e-05
1.507258000000000062e-05
1.503533000000000026e-05
1.499063000000000050e-05
1.494592000000000004e-05
1.490866999999999968e-05
1.486396999999999992e-05
1.481925999999999946e-05
1.477455999999999971e-05
1.473730999999999934e-05
1.469260000000000058e-05
1.464790000000000082e-05
1.460319999999999937e-05
1.456594000000000000e-05
1.451379000000000085e-05
1.446908999999999939e-05
1.442438000000000063e-05
1.437222999999999978e-05
1.432751999999999932e-05
1.428281999999999957e-05
1.423811999999999981e-05
1.418595999999999995e-05
1.414126000000000020e-05
1.409656000000000044e-05
1.404440000000000058e-05
1.399224999999999974e-05
1.394008999999999988e-05
1.388794000000000073e-05
1.383578999999999988e-05
1.378363000000000003e-05
1.373147999999999918e-05
1.367931999999999933e-05
1.361972000000000078e-05
1.356010999999999984e-05
1.350796000000000069e-05
1.344836000000000044e-05
1.338874999999999950e-05
1.332914999999999926e-05
1.326954000000000001e-05
1.320249000000000037e-05
1.314287999999999943e-05
1.307582999999999979e-05
1.301622000000000055e-05
1.294916999999999921e-05
1.288211000000000057e-05
1.281505999999999924e-05
1.274800000000000060e-05
1.268094999999999926e-05
1.260643999999999953e-05
1.253938999999999989e-05
1.246488000000000016e-05
1.239037000000000043e-05
1.231586999999999970e-05
1.223391000000000058e-05
1.215940999999999985e-05
1.208490000000000012e-05
1.200293999999999930e-05
1.192098999999999917e-05
1.183903000000000005e-05
1.176452000000000032e-05
1.167512000000000080e-05
1.159315999999999998e-05
1.151865999999999925e-05
1.142925000000000073e-05
1.134728999999999991e-05
1.126533999999999979e-05
1.117592999999999957e-05
1.108651999999999935e-05
1.100456999999999923e-05
1.091516000000000071e-05
1.082575000000000049e-05
1.074380000000000037e-05
1.064694000000000076e-05
1.056497999999999994e-05
1.046812000000000033e-05
1.038617000000000021e-05
1.028931000000000059e-05
1.019990000000000038e-05
1.011049999999999917e-05
1.001363999999999956e-05
9.924231999999999818e-06
9.834824999999999473e-06
9.745418000000000822e-06
9.648559999999999995e-06
9.559152999999999650e-06
9.469745999999999305e-06
9.372888999999999564e-06
9.283481999999999219e-06
9.186624000000000086e-06
9.104668000000000223e-06
9.007809999999999396e-06
8.918403000000000745e-06
8.821545999999999310e-06
8.732139000000000659e-06
8.635280999999999833e-06
8.545873999999999487e-06
8.449016999999999747e-06
8.359609999999999402e-06
8.255301999999999180e-06
8.165895000000000529e-06
8.069036999999999702e-06
7.979629999999999357e-06
7.875322000000000829e-06
7.785915000000000484e-06
7.689056999999999657e-06
7.599620999999999994e-06
7.502764000000000254e-06
7.405906000000000274e-06
7.316498999999999929e-06
7.219642000000000188e-06
7.130234999999999843e-06
7.033376999999999864e-06
6.943970000000000365e-06
6.847112999999999778e-06
6.757706000000000280e-06
6.660848000000000300e-06
6.571440999999999955e-06
6.482033999999999610e-06
6.392627000000000111e-06
6.303219999999999766e-06
6.206363000000000026e-06
6.116955999999999681e-06
6.027549000000000183e-06
5.938141999999999837e-06
5.848735000000000339e-06
5.759327999999999994e-06
5.669920999999999649e-06
5.580514000000000150e-06
5.491106999999999805e-06
5.401700000000000307e-06
5.319743999999999596e-06
5.222885999999999616e-06
5.126028999999999876e-06
5.044071999999999773e-06
4.947215000000000033e-06
4.857807999999999687e-06
4.760949999999999708e-06
4.671543000000000210e-06
4.574685999999999622e-06
4.485279000000000124e-06
4.388421000000000144e-06
4.299013999999999799e-06
4.202157000000000059e-06
4.112749999999999714e-06
4.015891999999999734e-06
3.926485000000000236e-06
3.837077999999999890e-06
3.740205999999999948e-06
3.650799000000000026e-06
3.561392000000000104e-06
3.471985000000000183e-06
3.375128000000000019e-06
3.293170999999999916e-06
3.196314000000000175e-06
3.099456000000000196e-06
3.017499999999999908e-06
2.928092999999999987e-06
2.838686000000000065e-06
2.749279000000000143e-06
2.659871999999999798e-06
2.585366000000000176e-06
2.495958999999999831e-06
2.406551999999999909e-06
2.332045999999999864e-06
2.242638999999999942e-06
2.160683000000000079e-06
2.086177000000000033e-06
2.004221000000000169e-06
1.914813999999999824e-06
1.840301000000000009e-06
1.765794999999999964e-06
1.683838000000000073e-06
1.609333000000000055e-06
1.527375999999999952e-06
1.452869999999999906e-06
1.385814999999999919e-06
1.303859000000000055e-06
1.229353000000000010e-06
1.162298000000000023e-06
1.087791999999999977e-06
1.013285999999999932e-06
9.462274000000000149e-07
8.791720999999999981e-07
8.121169000000000265e-07
7.376110999999999656e-07
6.705558999999999939e-07
6.035007000000000222e-07
5.364454000000000054e-07
4.693884000000000158e-07
4.023331999999999912e-07
3.352778999999999744e-07
2.756732999999999860e-07
2.086172000000000054e-07
1.415618999999999886e-07
8.195683999999999923e-08
1.490126999999999894e-08
-4.470371000000000134e-08
-1.117591999999999993e-07
-1.713643000000000014e-07
-2.309688999999999898e-07
-2.980249999999999969e-07
-3.576296999999999774e-07
-4.246849000000000020e-07
-4.842914000000000004e-07
-5.438959999999999887e-07
-6.109511999999999604e-07
-6.705558999999999939e-07
-7.301604999999999822e-07
-7.972157999999999990e-07
-8.568203999999999873e-07
-9.164251000000000208e-07
-9.760332999999999391e-07
-1.035638000000000078e-06
-1.095243000000000035e-06
-1.154846999999999965e-06
-1.214451999999999922e-06
-1.274057000000000091e-06
-1.333661000000000020e-06
-1.385814999999999919e-06
-1.437969000000000030e-06
-1.490122999999999929e-06
-1.542277000000000040e-06
-1.586980999999999909e-06
-1.646586000000000078e-06
-1.698739999999999977e-06
-1.743443000000000030e-06
-1.795596999999999929e-06
-1.840301000000000009e-06
-1.899904999999999939e-06
-1.944616000000000001e-06
-1.996770000000000112e-06
-2.041473999999999980e-06
-2.093628000000000091e-06
-2.145782000000000202e-06
-2.190484999999999831e-06
-2.235189000000000124e-06
-2.287342999999999811e-06
-2.332045999999999864e-06
-2.376750000000000156e-06
-2.421453000000000209e-06
-2.473606999999999897e-06
-2.510860000000000131e-06
-2.555564000000000000e-06
-2.600267000000000053e-06
-2.644970999999999922e-06
-2.682224000000000156e-06
-2.726927000000000209e-06
-2.771631000000000078e-06
-2.808883000000000073e-06
-2.853586999999999941e-06
-2.898289999999999994e-06
-2.935542999999999805e-06
-2.980247000000000098e-06
-3.017499999999999908e-06
-3.054753000000000143e-06
-3.099456000000000196e-06
-3.136709000000000007e-06
-3.173961999999999818e-06
-3.218664999999999870e-06
-3.255918000000000105e-06
-3.293170999999999916e-06
-3.330424000000000150e-06
-3.360225999999999903e-06
-3.397479000000000137e-06
-3.434731999999999948e-06
-3.471985000000000183e-06
-3.501786999999999936e-06
-3.539040000000000170e-06
-3.568843000000000162e-06
-3.606095999999999973e-06
-3.643347999999999968e-06
-3.673150999999999961e-06
-3.702953000000000137e-06
-3.740205999999999948e-06
-3.770008000000000124e-06
-3.807260999999999935e-06
-3.829627999999999648e-06
-3.866879999999999643e-06
-3.889232000000000001e-06
-3.926485000000000236e-06
-3.948836999999999747e-06
-3.986089999999999981e-06
-4.008441000000000100e-06
-4.038244000000000092e-06
-4.060595999999999603e-06
-4.097847999999999598e-06
-4.120199999999999956e-06
-4.150001999999999709e-06
-4.179804999999999701e-06
-4.202157000000000059e-06
-4.231958999999999812e-06
-4.246859999999999688e-06
-4.276662000000000288e-06
-4.306465000000000281e-06
-4.328816000000000399e-06
-4.358619000000000391e-06
-4.373520000000000268e-06
-4.403322000000000021e-06
-4.433125000000000013e-06
-4.448025999999999890e-06
-4.477827999999999643e-06
-4.500180000000000000e-06
-4.515080999999999877e-06
-4.544882999999999630e-06
-4.567234999999999988e-06
-4.589587000000000346e-06
-4.611937999999999617e-06
-4.634289999999999975e-06
-4.656642000000000333e-06
-4.678993999999999844e-06
-4.701344999999999962e-06
-4.723697000000000320e-06
-4.753500000000000313e-06
-4.768401000000000189e-06
-4.790752000000000308e-06
-4.820555000000000300e-06
-4.835456000000000177e-06
-4.865257999999999929e-06
-4.887610000000000287e-06
-4.909961999999999798e-06
-4.939764000000000398e-06
-4.962115999999999909e-06
-4.991917999999999662e-06
-5.006819000000000386e-06
-5.036622000000000378e-06
-5.066424000000000131e-06
-5.088775999999999642e-06
-5.126028999999999876e-06
-5.148379999999999995e-06
-5.178182999999999987e-06
-5.207984999999999740e-06
-5.237787000000000340e-06
-5.267590000000000332e-06
-5.304842000000000327e-06
-5.327193999999999838e-06
-5.364447000000000072e-06
-5.394248999999999825e-06
-5.431502000000000060e-06
-5.468755000000000294e-06
-5.506007999999999682e-06
-5.535810000000000282e-06
-5.573062999999999669e-06
-5.602865999999999661e-06
-5.640118999999999896e-06
-5.677372000000000130e-06
-5.707173999999999883e-06
-5.751877000000000359e-06
-5.789129999999999747e-06
-5.826382999999999981e-06
-5.863636000000000216e-06
-5.900888999999999603e-06
-5.945592000000000079e-06
-5.990295999999999948e-06
-6.027549000000000183e-06
-6.079703000000000293e-06
-6.116955999999999681e-06
-6.154208999999999915e-06
-6.206363000000000026e-06
-6.251065999999999655e-06
-6.288318999999999890e-06
-6.340473000000000001e-06
-6.385176999999999869e-06
-6.422430000000000104e-06
-6.467132999999999733e-06
-6.519286999999999844e-06
-6.563990999999999713e-06
-6.608694000000000189e-06
-6.653398000000000058e-06
-6.698100999999999688e-06
-6.750254999999999798e-06
-6.794958999999999667e-06
-6.847112999999999778e-06
-6.891816000000000255e-06
-6.936520000000000123e-06
-6.988674000000000234e-06
-7.033376999999999864e-06
-7.092981999999999609e-06
-7.137685000000000085e-06
-7.189839000000000196e-06
-7.241993000000000307e-06
-7.286697000000000176e-06
-7.346301999999999921e-06
-7.398456000000000032e-06
-7.450610000000000143e-06
-7.502764000000000254e-06
-7.554918000000000365e-06
-7.607071999999999628e-06
-7.659254999999999904e-06
-7.711409000000000015e-06
-7.763563000000000126e-06
-7.815717000000000237e-06
-7.867871000000000348e-06
-7.920025000000000459e-06
-7.979629999999999357e-06
-8.024334000000000073e-06
-8.083937999999999579e-06
-8.128642000000000295e-06
-8.180796000000000405e-06
-8.240399999999999911e-06
-8.292554000000000022e-06
-8.344708000000000133e-06
-8.396862999999999636e-06
-8.456467000000000836e-06
-8.508620999999999253e-06
-8.560774999999999364e-06
-8.620379999999999956e-06
-8.672534000000000067e-06
-8.724688000000000178e-06
-8.776842000000000289e-06
-8.828996000000000400e-06
-8.881150000000000510e-06
-8.933304000000000621e-06
-9.000360000000000001e-06
-9.045062999999999630e-06
-9.097216999999999741e-06
-9.149370999999999852e-06
-9.208976000000000444e-06
-9.261130000000000555e-06
-9.313284000000000666e-06
-9.372888999999999564e-06
-9.425042999999999675e-06
-9.477196999999999786e-06
-9.521899999999999415e-06
-9.574053999999999526e-06
-9.633659000000000119e-06
-9.678361999999999748e-06
-9.730515999999999859e-06
-9.775220000000000575e-06
-9.827374000000000686e-06
-9.879528000000000796e-06
-9.931681999999999213e-06
-9.983835999999999324e-06
-1.002854000000000004e-05
-1.008068999999999919e-05
-1.013285000000000074e-05
-1.018499999999999989e-05
-1.022971000000000035e-05
-1.028185999999999951e-05
-1.032655999999999926e-05
-1.038617000000000021e-05
-1.043086999999999996e-05
-1.048302999999999982e-05
-1.053518000000000066e-05
-1.058732999999999982e-05
-1.063948999999999967e-05
-1.069164000000000052e-05
-1.074380000000000037e-05
-1.079594999999999952e-05
-1.084810000000000037e-05
-1.090026000000000023e-05
-1.095986000000000047e-05
-1.101202000000000032e-05
-1.106416999999999947e-05
-1.110886999999999923e-05
-1.116103000000000078e-05
-1.121317999999999993e-05
-1.127278999999999918e-05
-1.131749000000000063e-05
-1.136963999999999979e-05
-1.142179999999999964e-05
-1.147395000000000049e-05
-1.153355999999999974e-05
-1.158571000000000058e-05
-1.163787000000000044e-05
-1.169001999999999959e-05
-1.174217000000000044e-05
-1.179433000000000029e-05
-1.184647999999999944e-05
-1.190609000000000038e-05
-1.195823999999999954e-05
-1.201039000000000039e-05
-1.206255000000000024e-05
-1.211469999999999939e-05
-1.216685999999999925e-05
-1.222645999999999949e-05
-1.227861999999999934e-05
-1.233821999999999958e-05
-1.239037000000000043e-05
-1.244253000000000028e-05
-1.249467999999999944e-05
-1.254683999999999929e-05
-1.260643999999999953e-05
-1.265859000000000038e-05
-1.271075000000000023e-05
-1.276289999999999939e-05
-1.281505999999999924e-05
-1.287465999999999948e-05
-1.292681999999999933e-05
-1.298641999999999958e-05
-1.303857000000000042e-05
-1.309073000000000028e-05
-1.314287999999999943e-05
-1.320249000000000037e-05
-1.325463999999999953e-05
-1.330679999999999938e-05
-1.336639999999999962e-05
-1.342599999999999986e-05
-1.348561000000000081e-05
-1.353775999999999996e-05
-1.358991999999999981e-05
-1.364207000000000066e-05
-1.369423000000000051e-05
-1.374637999999999967e-05
-1.379853000000000051e-05
-1.384323999999999928e-05
-1.388794000000000073e-05
-1.394008999999999988e-05
-1.398480000000000034e-05
-1.402950000000000010e-05
-1.407419999999999986e-05
-1.412635999999999971e-05
-1.417105999999999947e-05
-1.422321999999999932e-05
-1.426792000000000078e-05
-1.432006999999999993e-05
-1.437967999999999918e-05
-1.443183000000000002e-05
-1.448398999999999988e-05
-1.453614000000000072e-05
-1.459574999999999997e-05
-1.464790000000000082e-05
-1.470004999999999997e-05
-1.475965999999999922e-05
-1.481925999999999946e-05
-1.487887000000000041e-05
-1.493101999999999956e-05
-1.498317999999999941e-05
-1.504277999999999966e-05
-1.510239000000000060e-05
-1.515453999999999975e-05
-1.521413999999999999e-05
-1.526636000000000066e-05
-1.533340999999999860e-05
-1.539302000000000124e-05
-1.544517000000000039e-05
-1.550476999999999894e-05
-1.556438000000000157e-05
-1.561653000000000073e-05
-1.567613999999999997e-05
-1.573573999999999852e-05
-1.579535000000000116e-05
-1.584750000000000031e-05
-1.590710999999999956e-05
-1.596671000000000150e-05
-1.602632000000000075e-05
-1.609336999999999869e-05
-1.615298000000000132e-05
-1.621257999999999987e-05
-1.627217999999999842e-05
-1.633179000000000106e-05
-1.639138999999999961e-05
-1.644354999999999946e-05
-1.650315000000000140e-05
-1.656276000000000064e-05
-1.661490999999999980e-05
-1.667451999999999905e-05
-1.673412000000000098e-05
-1.678627000000000014e-05
-1.685332999999999878e-05
-1.690548000000000132e-05
-1.695764000000000117e-05
-1.701723999999999972e-05
-1.706939999999999957e-05
-1.712154999999999873e-05
-1.717370000000000127e-05
-1.723331000000000052e-05
-1.729290999999999907e-05
-1.734506999999999892e-05
-1.739722000000000146e-05
-1.745683000000000071e-05
-1.750897999999999986e-05
-1.755367999999999962e-05
-1.761328999999999887e-05
-1.766544000000000141e-05
-1.771014999999999848e-05
-1.776230000000000102e-05
-1.780700000000000078e-05
-1.786661000000000003e-05
-1.791130999999999979e-05
-1.796346999999999964e-05
-1.800816999999999940e-05
-1.806031999999999855e-05
-1.811247999999999840e-05
-1.816463000000000094e-05
-1.820934000000000140e-05
-1.825404000000000116e-05
-1.830619000000000031e-05
-1.835835000000000017e-05
-1.840304999999999993e-05
-1.844774999999999968e-05
-1.849990999999999954e-05
-1.854460999999999930e-05
-1.858931999999999975e-05
-1.863401999999999951e-05
-1.868616999999999867e-05
-1.873087999999999912e-05
-1.877557999999999888e-05
-1.881282999999999924e-05
-1.886498999999999910e-05
-1.890968999999999886e-05
-1.895438999999999861e-05
-1.900654999999999847e-05
-1.904379999999999883e-05
-1.908849999999999859e-05
-1.913320999999999905e-05
-1.917790999999999881e-05
-1.922260999999999856e-05
-1.925986999999999963e-05
-1.930456999999999939e-05
-1.934926999999999914e-05
-1.938653000000000021e-05
-1.943122999999999996e-05
-1.946848000000000033e-05
-1.951319000000000079e-05
-1.955789000000000054e-05
-1.959514000000000091e-05
-1.963985000000000137e-05
-1.967709999999999834e-05
-1.970689999999999931e-05
-1.975160999999999977e-05
-1.978886000000000013e-05
-1.982611000000000049e-05
-1.987081000000000025e-05
-1.990061999999999853e-05
-1.994532000000000168e-05
-1.998256999999999865e-05
-2.001982999999999972e-05
-2.005708000000000008e-05
-2.009433000000000044e-05
-2.013904000000000090e-05
-2.016883999999999848e-05
-2.020608999999999884e-05
-2.025078999999999860e-05
-2.028804999999999967e-05
-2.033274999999999942e-05
-2.036255000000000039e-05
-2.039981000000000146e-05
-2.044451000000000121e-05
-2.048176000000000158e-05
-2.052646999999999865e-05
-2.055626999999999962e-05
-2.059351999999999998e-05
-2.063821999999999974e-05
-2.066803000000000140e-05
-2.070527999999999838e-05
-2.074252999999999874e-05
-2.077978999999999981e-05
-2.080959000000000077e-05
-2.084684000000000114e-05
-2.088409000000000150e-05
-2.091389999999999978e-05
-2.095859999999999954e-05
-2.098840000000000051e-05
-2.103311000000000097e-05
-2.106290999999999855e-05
-2.110015999999999891e-05
-2.113740999999999927e-05
-2.117467000000000034e-05
-2.121192000000000070e-05
-2.124917000000000106e-05
-2.128642999999999874e-05
-2.132367999999999910e-05
-2.136092999999999946e-05
-2.140562999999999922e-05
-2.143544000000000089e-05
-2.147269000000000125e-05
-2.151739000000000101e-05
-2.155464999999999869e-05
-2.159934999999999844e-05
-2.162914999999999941e-05
-2.166639999999999978e-05
-2.170366000000000084e-05
-2.174091000000000120e-05
-2.177816000000000157e-05
-2.180796999999999985e-05
-2.184522000000000021e-05
-2.187502000000000118e-05
-2.191227000000000154e-05
-2.194207999999999982e-05
-2.197933000000000018e-05
-2.200913000000000115e-05
-2.204638000000000151e-05
-2.207618999999999979e-05
-2.210599000000000076e-05
-2.214324000000000113e-05
-2.217303999999999871e-05
-2.221029999999999977e-05
-2.224010000000000074e-05
-2.227735000000000110e-05
-2.231460999999999878e-05
-2.235185999999999914e-05
-2.238166000000000011e-05
-2.241891000000000047e-05
-2.245617000000000153e-05
-2.248596999999999911e-05
-2.252321999999999948e-05
-2.256046999999999984e-05
-2.259773000000000090e-05
-2.262752999999999848e-05
-2.266477999999999885e-05
-2.269457999999999981e-05
-2.273184000000000088e-05
-2.276163999999999846e-05
-2.279888999999999882e-05
-2.282870000000000049e-05
-2.286595000000000085e-05
-2.290320000000000122e-05
-2.293299999999999880e-05
-2.297025999999999986e-05
-2.300751000000000022e-05
-2.304476000000000059e-05
-2.307456000000000155e-05
-2.311926999999999862e-05
-2.314906999999999959e-05
-2.318631999999999996e-05
-2.323103000000000041e-05
-2.326083000000000138e-05
-2.330553000000000114e-05
-2.333532999999999872e-05
-2.337258999999999978e-05
-2.341728999999999954e-05
-2.345453999999999990e-05
-2.349180000000000097e-05
-2.352905000000000133e-05
-2.356629999999999831e-05
-2.361100999999999876e-05
-2.364080999999999973e-05
-2.368550999999999949e-05
-2.372277000000000055e-05
-2.375257000000000152e-05
-2.379727000000000128e-05
-2.383452000000000164e-05
-2.387177999999999932e-05
-2.390902999999999968e-05
-2.394628000000000004e-05
-2.398354000000000111e-05
-2.402079000000000147e-05
-2.405803999999999845e-05
-2.408783999999999941e-05
-2.412510000000000048e-05
-2.416235000000000084e-05
-2.419960000000000120e-05
-2.422194999999999939e-05
-2.425921000000000045e-05
-2.428901000000000142e-05
-2.432625999999999840e-05
-2.435605999999999936e-05
-2.438587000000000103e-05
-2.442312000000000140e-05
-2.445291999999999898e-05
-2.448271999999999994e-05
-2.451253000000000161e-05
-2.454977999999999859e-05
-2.457957999999999955e-05
-2.460938000000000052e-05
-2.463918999999999880e-05
-2.467643999999999917e-05
-2.470624000000000013e-05
-2.473604000000000110e-05
-2.476584999999999938e-05
-2.480309999999999975e-05
-2.483290000000000071e-05
-2.486270000000000168e-05
-2.489250999999999996e-05
-2.492231000000000093e-05
-2.495956000000000129e-05
-2.498935999999999887e-05
-2.501917000000000054e-05
-2.505642000000000091e-05
-2.508621999999999849e-05
-2.512346999999999885e-05
-2.515328000000000052e-05
-2.519053000000000088e-05
-2.522032999999999846e-05
-2.525757999999999882e-05
-2.528739000000000049e-05
-2.531719000000000146e-05
-2.534698999999999904e-05
-2.537679000000000001e-05
-2.540660000000000168e-05
-2.543639999999999926e-05
-2.546620000000000022e-05
-2.549600000000000119e-05
-2.552580999999999947e-05
-2.555561000000000044e-05
-2.558541000000000141e-05
-2.561520999999999899e-05
-2.564500999999999996e-05
-2.567482000000000163e-05
-2.570461999999999921e-05
-2.573442000000000017e-05
-2.576422000000000114e-05
-2.579402999999999942e-05
-2.583127999999999978e-05
-2.586108000000000075e-05
-2.589833000000000112e-05
-2.592813999999999940e-05
-2.596538999999999976e-05
-2.598774000000000133e-05
-2.602498999999999831e-05
-2.605479999999999998e-05
-2.609205000000000034e-05
-2.612185000000000131e-05
-2.615910000000000167e-05
-2.618890999999999995e-05
-2.622616000000000031e-05
-2.624850999999999850e-05
-2.628575999999999886e-05
-2.630812000000000114e-05
-2.634537000000000150e-05
-2.636771999999999968e-05
-2.639752000000000065e-05
-2.641987999999999954e-05
-2.645712999999999990e-05
-2.647948000000000147e-05
-2.650927999999999905e-05
-2.653908000000000002e-05
-2.656143999999999891e-05
-2.659123999999999987e-05
-2.661359000000000145e-05
-2.664338999999999903e-05
-2.666574000000000060e-05
-2.669554999999999888e-05
-2.672534999999999985e-05
-2.674770000000000142e-05
-2.678494999999999840e-05
-2.680731000000000067e-05
-2.683711000000000164e-05
-2.685945999999999982e-05
-2.688926000000000079e-05
-2.691905999999999837e-05
-2.694142000000000065e-05
-2.697122000000000161e-05
-2.699356999999999980e-05
-2.702337000000000077e-05
-2.704571999999999895e-05
-2.707553000000000062e-05
-2.710533000000000159e-05
-2.712767999999999977e-05
-2.715748000000000074e-05
-2.717982999999999893e-05
-2.720964000000000059e-05
-2.723944000000000156e-05
-2.726178999999999975e-05
-2.729904000000000011e-05
-2.732139999999999900e-05
-2.735119999999999996e-05
-2.738100000000000093e-05
-2.741079999999999851e-05
-2.744059999999999948e-05
-2.747786000000000054e-05
-2.750766000000000151e-05
-2.753745999999999909e-05
-2.756726000000000006e-05
-2.760452000000000112e-05
-2.763431999999999870e-05
-2.767901999999999846e-05
-2.770883000000000013e-05
-2.774608000000000049e-05
-2.778333000000000086e-05
-2.781312999999999844e-05
-2.785783999999999889e-05
-2.788763999999999986e-05
-2.793233999999999962e-05
-2.796960000000000068e-05
-2.800685000000000105e-05
-2.805155000000000081e-05
-2.808880999999999848e-05
-2.812605999999999884e-05
-2.817075999999999860e-05
-2.821546999999999906e-05
-2.825271999999999942e-05
-2.830486999999999858e-05
-2.834957999999999903e-05
-2.839427999999999879e-05
-2.843897999999999855e-05
-2.848368999999999901e-05
-2.852838999999999877e-05
-2.857308999999999853e-05
-2.862524999999999838e-05
-2.866995000000000153e-05
-2.871465000000000128e-05
-2.875935999999999835e-05
-2.880406000000000150e-05
-2.884876000000000126e-05
-2.888601999999999893e-05
-2.893817000000000148e-05
-2.897541999999999845e-05
-2.902012999999999891e-05
-2.906482999999999867e-05
-2.910952999999999843e-05
-2.914678999999999949e-05
-2.919148999999999925e-05
-2.923618999999999900e-05
-2.927345000000000007e-05
-2.931814999999999983e-05
-2.935540000000000019e-05
-2.939266000000000125e-05
-2.942991000000000162e-05
-2.946715999999999859e-05
-2.951186999999999905e-05
-2.954911999999999941e-05
-2.957892000000000038e-05
-2.961617000000000074e-05
-2.965342999999999842e-05
-2.969067999999999878e-05
-2.972047999999999975e-05
-2.975774000000000081e-05
-2.978753999999999839e-05
-2.982478999999999876e-05
-2.985458999999999972e-05
-2.989185000000000079e-05
-2.991419999999999897e-05
-2.995144999999999934e-05
-2.998125000000000030e-05
-3.001851000000000137e-05
-3.004830999999999895e-05
-3.008555999999999931e-05
-3.012280999999999967e-05
-3.015262000000000134e-05
-3.019732000000000110e-05
-3.023457000000000146e-05
-3.027927999999999853e-05
-3.032398000000000168e-05
-3.036122999999999866e-05
-3.040593999999999911e-05
-3.045063999999999887e-05
-3.048788999999999923e-05
-3.053271000000000061e-05
-3.056996999999999829e-05
-3.061467000000000143e-05
-3.065936999999999780e-05
-3.069662000000000155e-05
-3.073387999999999923e-05
-3.077858000000000238e-05
-3.081582999999999935e-05
-3.085308999999999703e-05
-3.089779000000000017e-05
-3.093503999999999715e-05
-3.097230000000000160e-05
-3.101699999999999797e-05
-3.105425000000000172e-05
-3.109895999999999879e-05
-3.113621000000000254e-05
-3.117345999999999952e-05
-3.121071000000000327e-05
-3.124797000000000094e-05
-3.129266999999999731e-05
-3.132992000000000106e-05
-3.135972999999999934e-05
-3.140443000000000249e-05
-3.143423000000000007e-05
-3.147893999999999714e-05
-3.150874000000000150e-05
-3.154598999999999847e-05
-3.158324000000000222e-05
-3.161305000000000050e-05
-3.165029999999999748e-05
-3.168010000000000184e-05
-3.171734999999999881e-05
-3.174715999999999709e-05
-3.178441000000000084e-05
-3.181420999999999842e-05
-3.185892000000000227e-05
-3.188871999999999985e-05
-3.192596999999999682e-05
-3.196322000000000057e-05
-3.200047999999999825e-05
-3.204518000000000140e-05
-3.208242999999999837e-05
-3.211969000000000282e-05
-3.216438999999999919e-05
-3.220164000000000294e-05
-3.223890000000000062e-05
-3.228359999999999699e-05
-3.232085000000000074e-05
-3.235809999999999772e-05
-3.239536000000000217e-05
-3.243260999999999914e-05
-3.246986000000000289e-05
-3.249967000000000117e-05
-3.254436999999999754e-05
-3.257417000000000190e-05
-3.261141999999999887e-05
-3.264868000000000333e-05
-3.268593000000000030e-05
-3.271572999999999788e-05
-3.274553000000000224e-05
-3.278278999999999991e-05
-3.281258999999999749e-05
-3.284239000000000185e-05
-3.287218999999999943e-05
-3.290944999999999710e-05
-3.293925000000000146e-05
-3.296904999999999904e-05
-3.299884999999999662e-05
-3.302866000000000168e-05
-3.305845999999999926e-05
-3.308080999999999744e-05
-3.311061000000000180e-05
-3.314042000000000008e-05
-3.316276999999999826e-05
-3.319257000000000262e-05
-3.321492000000000080e-05
-3.324471999999999838e-05
-3.326707999999999727e-05
-3.329688000000000163e-05
-3.331922999999999981e-05
-3.334157999999999800e-05
-3.337138000000000235e-05
-3.339374000000000124e-05
-3.341608999999999942e-05
-3.344588999999999700e-05
-3.346824000000000196e-05
-3.349803999999999954e-05
-3.352038999999999773e-05
-3.355020000000000278e-05
-3.357255000000000097e-05
-3.360234999999999855e-05
-3.363215000000000291e-05
-3.365451000000000179e-05
-3.368430999999999937e-05
-3.369920999999999816e-05
-3.372901000000000252e-05
-3.375881000000000010e-05
-3.377370999999999889e-05
-3.380351999999999717e-05
-3.382587000000000213e-05
-3.384077000000000092e-05
-3.387056999999999850e-05
-3.388546999999999729e-05
-3.390037000000000286e-05
-3.392273000000000174e-05
-3.393763000000000053e-05
-3.395252999999999932e-05
-3.396742999999999811e-05
-3.398978000000000307e-05
-3.400468000000000186e-05
-3.401213000000000126e-05
-3.402703000000000005e-05
-3.404193999999999954e-05
-3.405683999999999833e-05
-3.407173999999999712e-05
-3.407919000000000329e-05
-3.408664000000000268e-05
-3.410154000000000147e-05
-3.411644000000000026e-05
-3.413133999999999905e-05
-3.413878999999999845e-05
-3.414623999999999784e-05
-3.416113999999999663e-05
-3.417605000000000290e-05
-3.419095000000000169e-05
-3.419840000000000109e-05
-3.420585000000000048e-05
-3.421329999999999988e-05
-3.422819999999999867e-05
-3.424309999999999746e-05
-3.425054999999999685e-05
-3.425800000000000302e-05
-3.426545000000000242e-05
-3.427290000000000181e-05
-3.428035000000000121e-05
-3.428780000000000060e-05
-3.430271000000000009e-05
-3.431015999999999949e-05
-3.431760999999999888e-05
-3.433250999999999767e-05
-3.433250999999999767e-05
-3.434741000000000324e-05
-3.436231000000000203e-05
-3.436976000000000142e-05
-3.438466000000000021e-05
-3.439210999999999961e-05
-3.439955999999999900e-05
-3.441445999999999779e-05
-3.442936999999999728e-05
-3.443681999999999668e-05
-3.444427000000000285e-05
-3.445172000000000224e-05
-3.445917000000000164e-05
-3.446662000000000103e-05
-3.447407000000000043e-05
-3.448151999999999982e-05
-3.448896999999999922e-05
-3.449641999999999861e-05
-3.450386999999999801e-05
-3.451876999999999680e-05
-3.451876999999999680e-05
-3.452622000000000297e-05
-3.453367000000000237e-05
-3.454112000000000176e-05
-3.454858000000000186e-05
-3.455603000000000125e-05
-3.456348000000000065e-05
-3.457093000000000004e-05
-3.457837999999999944e-05
-3.457837999999999944e-05
-3.458582999999999883e-05
-3.458582999999999883e-05
-3.458582999999999883e-05
-3.458582999999999883e-05
-3.459327999999999823e-05
-3.459327999999999823e-05
-3.459327999999999823e-05
-3.459327999999999823e-05
-3.460072999999999762e-05
-3.460072999999999762e-05
-3.460072999999999762e-05
-3.460072999999999762e-05
-3.460072999999999762e-05
-3.460072999999999762e-05
-3.460072999999999762e-05
-3.460072999999999762e-05
-3.460072999999999762e-05
-3.459327999999999823e-05
-3.459327999999999823e-05
-3.459327999999999823e-05
-3.459327999999999823e-05
-3.459327999999999823e-05
-3.459327999999999823e-05
-3.459327999999999823e-05
-3.459327999999999823e-05
-3.459327999999999823e-05
-3.458582999999999883e-05
-3.458582999999999883e-05
-3.458582999999999883e-05
-3.459327999999999823e-05
-3.459327999999999823e-05
-3.459327999999999823e-05
-3.459327999999999823e-05
-3.459327999999999823e-05
-3.458582999999999883e-05
-3.458582999999999883e-05
-3.458582999999999883e-05
-3.458582999999999883e-05
-3.458582999999999883e-05
-3.458582999999999883e-05
-3.457837999999999944e-05
-3.457837999999999944e-05
-3.457837999999999944e-05
-3.457093000000000004e-05
-3.457093000000000004e-05
-3.457093000000000004e-05
-3.457093000000000004e-05
-3.456348000000000065e-05
-3.456348000000000065e-05
-3.456348000000000065e-05
-3.456348000000000065e-05
-3.456348000000000065e-05
-3.455603000000000125e-05
-3.455603000000000125e-05
-3.455603000000000125e-05
-3.455603000000000125e-05
-3.455603000000000125e-05
-3.455603000000000125e-05
-3.455603000000000125e-05
-3.455603000000000125e-05
-3.455603000000000125e-05
-3.455603000000000125e-05
-3.456348000000000065e-05
-3.456348000000000065e-05
-3.456348000000000065e-05
-3.456348000000000065e-05
-3.456348000000000065e-05
-3.456348000000000065e-05
-3.456348000000000065e-05
-3.456348000000000065e-05
-3.455603000000000125e-05
-3.455603000000000125e-05
-3.455603000000000125e-05
-3.454858000000000186e-05
-3.454858000000000186e-05
-3.454112000000000176e-05
-3.453367000000000237e-05
-3.452622000000000297e-05
-3.452622000000000297e-05
-3.451876999999999680e-05
-3.451876999999999680e-05
-3.451876999999999680e-05
-3.451131999999999740e-05
-3.451131999999999740e-05
-3.451131999999999740e-05
-3.451131999999999740e-05
-3.450386999999999801e-05
-3.450386999999999801e-05
-3.450386999999999801e-05
-3.450386999999999801e-05
-3.450386999999999801e-05
-3.450386999999999801e-05
-3.450386999999999801e-05
-3.450386999999999801e-05
-3.450386999999999801e-05
-3.449641999999999861e-05
-3.449641999999999861e-05
-3.449641999999999861e-05
-3.449641999999999861e-05
-3.449641999999999861e-05
-3.449641999999999861e-05
-3.449641999999999861e-05
-3.449641999999999861e-05
-3.449641999999999861e-05
-3.449641999999999861e-05
-3.449641999999999861e-05
-3.449641999999999861e-05
-3.449641999999999861e-05
-3.449641999999999861e-05
-3.450386999999999801e-05
-3.450386999999999801e-05
-3.450386999999999801e-05
-3.451131999999999740e-05
-3.451131999999999740e-05
-3.451876999999999680e-05
-3.451876999999999680e-05
-3.451876999999999680e-05
-3.452622000000000297e-05
-3.452622000000000297e-05
-3.452622000000000297e-05
-3.453367000000000237e-05
-3.453367000000000237e-05
-3.453367000000000237e-05
-3.453367000000000237e-05
-3.453367000000000237e-05
-3.453367000000000237e-05
-3.453367000000000237e-05
-3.453367000000000237e-05
-3.452622000000000297e-05
-3.452622000000000297e-05
-3.451876999999999680e-05
-3.451876999999999680e-05
-3.451876999999999680e-05
-3.451876999999999680e-05
-3.451131999999999740e-05
-3.451131999999999740e-05
-3.451131999999999740e-05
-3.451131999999999740e-05
-3.451131999999999740e-05
-3.451131999999999740e-05
-3.451131999999999740e-05
-3.451131999999999740e-05
-3.451131999999999740e-05
-3.451131999999999740e-05
-3.451131999999999740e-05
-3.451131999999999740e-05
-3.451131999999999740e-05
-3.451131999999999740e-05
-3.451131999999999740e-05
-3.451131999999999740e-05
-3.451131999999999740e-05
-3.451131999999999740e-05
-3.451131999999999740e-05
-3.450386999999999801e-05
-3.450386999999999801e-05
-3.450386999999999801e-05
-3.450386999999999801e-05
-3.450386999999999801e-05
-3.450386999999999801e-05
-3.450386999999999801e-05
-3.450386999999999801e-05
-3.450386999999999801e-05
-3.449641999999999861e-05
-3.449641999999999861e-05
-3.449641999999999861e-05
-3.449641999999999861e-05
-3.449641999999999861e-05
-3.448896999999999922e-05
-3.448896999999999922e-05
-3.448151999999999982e-05
-3.448151999999999982e-05
-3.448151999999999982e-05
-3.447407000000000043e-05
-3.447407000000000043e-05
-3.447407000000000043e-05
-3.447407000000000043e-05
-3.447407000000000043e-05
-3.447407000000000043e-05
-3.447407000000000043e-05
-3.447407000000000043e-05
-3.447407000000000043e-05
-3.447407000000000043e-05
-3.447407000000000043e-05
-3.447407000000000043e-05
-3.448151999999999982e-05
-3.448151999999999982e-05
-3.448151999999999982e-05
-3.448151999999999982e-05
-3.448151999999999982e-05
-3.447407000000000043e-05
-3.447407000000000043e-05
-3.446662000000000103e-05
-3.446662000000000103e-05
-3.445917000000000164e-05
-3.445917000000000164e-05
-3.445917000000000164e-05
-3.445172000000000224e-05
-3.444427000000000285e-05
-3.443681999999999668e-05
-3.443681999999999668e-05
-3.442936999999999728e-05
-3.442936999999999728e-05
-3.442936999999999728e-05
-3.442936999999999728e-05
-3.442936999999999728e-05
-3.442936999999999728e-05
-3.442936999999999728e-05
-3.442936999999999728e-05
-3.442936999999999728e-05
-3.442936999999999728e-05
-3.442191999999999789e-05
-3.442191999999999789e-05
-3.442191999999999789e-05
-3.441445999999999779e-05
-3.441445999999999779e-05
-3.441445999999999779e-05
-3.440700999999999840e-05
-3.440700999999999840e-05
-3.440700999999999840e-05
-3.440700999999999840e-05
-3.440700999999999840e-05
-3.440700999999999840e-05
-3.440700999999999840e-05
-3.440700999999999840e-05
-3.440700999999999840e-05
-3.440700999999999840e-05
-3.441445999999999779e-05
-3.441445999999999779e-05
-3.441445999999999779e-05
-3.442191999999999789e-05
-3.442191999999999789e-05
-3.442936999999999728e-05
-3.442936999999999728e-05
-3.443681999999999668e-05
-3.444427000000000285e-05
-3.445172000000000224e-05
-3.445172000000000224e-05
-3.445917000000000164e-05
-3.445917000000000164e-05
-3.446662000000000103e-05
-3.446662000000000103e-05
-3.447407000000000043e-05
-3.448151999999999982e-05
-3.448151999999999982e-05
-3.448896999999999922e-05
-3.449641999999999861e-05
-3.450386999999999801e-05
-3.451131999999999740e-05
-3.451876999999999680e-05
-3.451876999999999680e-05
-3.452622000000000297e-05
-3.454112000000000176e-05
-3.454858000000000186e-05
-3.455603000000000125e-05
-3.457093000000000004e-05
-3.457837999999999944e-05
-3.458582999999999883e-05
-3.458582999999999883e-05
-3.459327999999999823e-05
-3.460072999999999762e-05
-3.460817999999999702e-05
-3.461563000000000319e-05
-3.462308000000000258e-05
-3.463053000000000198e-05
-3.463053000000000198e-05
-3.463798000000000137e-05
-3.464543000000000077e-05
-3.464543000000000077e-05
-3.465288000000000016e-05
-3.466032999999999956e-05
-3.466777999999999895e-05
-3.467522999999999835e-05
-3.468268999999999844e-05
-3.469013999999999784e-05
-3.469013999999999784e-05
-3.469758999999999723e-05
-3.470503999999999663e-05
-3.470503999999999663e-05
-3.470503999999999663e-05
-3.471249000000000280e-05
-3.471249000000000280e-05
-3.471249000000000280e-05
-3.471249000000000280e-05
-3.471249000000000280e-05
-3.471249000000000280e-05
-3.471249000000000280e-05
-3.471249000000000280e-05
-3.471994000000000219e-05
-3.471994000000000219e-05
-3.471994000000000219e-05
-3.472739000000000159e-05
-3.472739000000000159e-05
-3.472739000000000159e-05
-3.471994000000000219e-05
-3.471994000000000219e-05
-3.471249000000000280e-05
-3.471249000000000280e-05
-3.471249000000000280e-05
-3.470503999999999663e-05
-3.469758999999999723e-05
-3.469013999999999784e-05
-3.469013999999999784e-05
-3.468268999999999844e-05
-3.467522999999999835e-05
-3.466777999999999895e-05
-3.466777999999999895e-05
-3.466032999999999956e-05
-3.466032999999999956e-05
-3.466032999999999956e-05
-3.466032999999999956e-05
-3.466032999999999956e-05
-3.466032999999999956e-05
-3.466032999999999956e-05
-3.466777999999999895e-05
-3.466777999999999895e-05
-3.467522999999999835e-05
-3.467522999999999835e-05
-3.468268999999999844e-05
-3.469013999999999784e-05
-3.469013999999999784e-05
-3.469758999999999723e-05
-3.469758999999999723e-05
-3.470503999999999663e-05
-3.471249000000000280e-05
-3.471249000000000280e-05
-3.471249000000000280e-05
-3.471994000000000219e-05
-3.471994000000000219e-05
-3.472739000000000159e-05
-3.472739000000000159e-05
-3.472739000000000159e-05
-3.473484000000000098e-05
-3.473484000000000098e-05
-3.474229000000000038e-05
-3.474229000000000038e-05
-3.474973999999999977e-05
-3.474973999999999977e-05
-3.475718999999999917e-05
-3.476463999999999856e-05
-3.476463999999999856e-05
-3.477208999999999796e-05
-3.477208999999999796e-05
-3.477208999999999796e-05
-3.477208999999999796e-05
-3.477208999999999796e-05
-3.477953999999999735e-05
-3.477953999999999735e-05
-3.477953999999999735e-05
-3.477953999999999735e-05
-3.478698999999999675e-05
-3.478698999999999675e-05
-3.478698999999999675e-05
-3.478698999999999675e-05
-3.477953999999999735e-05
-3.477953999999999735e-05
-3.477953999999999735e-05
-3.477953999999999735e-05
-3.477953999999999735e-05
-3.477208999999999796e-05
-3.477208999999999796e-05
-3.477208999999999796e-05
-3.477208999999999796e-05
-3.476463999999999856e-05
-3.475718999999999917e-05
-3.474973999999999977e-05
-3.474229000000000038e-05
-3.474229000000000038e-05
-3.473484000000000098e-05
-3.472739000000000159e-05
-3.472739000000000159e-05
-3.471994000000000219e-05
-3.471249000000000280e-05
-3.471249000000000280e-05
-3.471249000000000280e-05
-3.471249000000000280e-05
-3.471249000000000280e-05
-3.471249000000000280e-05
-3.470503999999999663e-05
-3.470503999999999663e-05
-3.469758999999999723e-05
-3.469758999999999723e-05
-3.469758999999999723e-05
-3.469013999999999784e-05
-3.469013999999999784e-05
-3.469013999999999784e-05
-3.468268999999999844e-05
-3.468268999999999844e-05
-3.468268999999999844e-05
-3.467522999999999835e-05
-3.467522999999999835e-05
-3.466777999999999895e-05
-3.466777999999999895e-05
-3.466032999999999956e-05
-3.466032999999999956e-05
-3.466032999999999956e-05
-3.465288000000000016e-05
-3.465288000000000016e-05
-3.465288000000000016e-05
-3.465288000000000016e-05
-3.465288000000000016e-05
-3.465288000000000016e-05
-3.465288000000000016e-05
-3.465288000000000016e-05
-3.465288000000000016e-05
-3.465288000000000016e-05
-3.465288000000000016e-05
-3.465288000000000016e-05
-3.465288000000000016e-05
-3.465288000000000016e-05
-3.465288000000000016e-05
-3.465288000000000016e-05
-3.466032999999999956e-05
-3.466032999999999956e-05
-3.466032999999999956e-05
-3.466032999999999956e-05
-3.466777999999999895e-05
-3.466777999999999895e-05
-3.466777999999999895e-05
-3.466777999999999895e-05
-3.467522999999999835e-05
-3.467522999999999835e-05
-3.467522999999999835e-05
-3.468268999999999844e-05
-3.468268999999999844e-05
-3.468268999999999844e-05
-3.469013999999999784e-05
-3.469013999999999784e-05
-3.469013999999999784e-05
-3.469758999999999723e-05
-3.469758999999999723e-05
-3.469758999999999723e-05
-3.470503999999999663e-05
-3.470503999999999663e-05
-3.471249000000000280e-05
-3.471249000000000280e-05
-3.471249000000000280e-05
-3.471249000000000280e-05
-3.471249000000000280e-05
-3.471249000000000280e-05
-3.471249000000000280e-05
-3.471249000000000280e-05
-3.471249000000000280e-05
-3.471249000000000280e-05
-3.471249000000000280e-05
-3.471249000000000280e-05
-3.470503999999999663e-05
-3.470503999999999663e-05
-3.469758999999999723e-05
-3.469758999999999723e-05
-3.469013999999999784e-05
-3.469013999999999784e-05
-3.468268999999999844e-05
-3.468268999999999844e-05
-3.467522999999999835e-05
-3.467522999999999835e-05
-3.466777999999999895e-05
-3.466032999999999956e-05
-3.466032999999999956e-05
-3.465288000000000016e-05
-3.464543000000000077e-05
-3.464543000000000077e-05
-3.464543000000000077e-05
-3.464543000000000077e-05
-3.463798000000000137e-05
-3.463798000000000137e-05
-3.463053000000000198e-05
-3.463053000000000198e-05
-3.462308000000000258e-05
-3.462308000000000258e-05
-3.461563000000000319e-05
-3.460817999999999702e-05
-3.460072999999999762e-05
-3.460072999999999762e-05
-3.459327999999999823e-05
-3.458582999999999883e-05
-3.458582999999999883e-05
-3.457837999999999944e-05
-3.457093000000000004e-05
-3.456348000000000065e-05
-3.455603000000000125e-05
-3.455603000000000125e-05
-3.454858000000000186e-05
-3.454112000000000176e-05
-3.454112000000000176e-05
-3.454112000000000176e-05
-3.453367000000000237e-05
-3.453367000000000237e-05
-3.453367000000000237e-05
-3.453367000000000237e-05
-3.453367000000000237e-05
-3.453367000000000237e-05
-3.453367000000000237e-05
-3.453367000000000237e-05
-3.453367000000000237e-05
-3.452622000000000297e-05
-3.452622000000000297e-05
-3.452622000000000297e-05
-3.452622000000000297e-05
-3.452622000000000297e-05
-3.451876999999999680e-05
-3.451876999999999680e-05
-3.451876999999999680e-05
-3.451876999999999680e-05
-3.451131999999999740e-05
-3.450386999999999801e-05
-3.450386999999999801e-05
-3.449641999999999861e-05
-3.449641999999999861e-05
-3.448896999999999922e-05
-3.448151999999999982e-05
-3.447407000000000043e-05
-3.446662000000000103e-05
-3.445917000000000164e-05
-3.445917000000000164e-05
-3.445172000000000224e-05
-3.443681999999999668e-05
-3.442936999999999728e-05
-3.442191999999999789e-05
-3.441445999999999779e-05
-3.440700999999999840e-05
-3.439210999999999961e-05
-3.439210999999999961e-05
-3.438466000000000021e-05
-3.436976000000000142e-05
-3.436231000000000203e-05
-3.435486000000000263e-05
-3.434741000000000324e-05
-3.433995999999999707e-05
-3.433250999999999767e-05
-3.433250999999999767e-05
-3.432505999999999828e-05
-3.432505999999999828e-05
-3.431760999999999888e-05
-3.431015999999999949e-05
-3.431015999999999949e-05
-3.430271000000000009e-05
-3.430271000000000009e-05
-3.429526000000000070e-05
-3.428780000000000060e-05
-3.428780000000000060e-05
-3.428035000000000121e-05
-3.427290000000000181e-05
-3.427290000000000181e-05
-3.426545000000000242e-05
-3.426545000000000242e-05
-3.426545000000000242e-05
-3.426545000000000242e-05
-3.425800000000000302e-05
-3.425800000000000302e-05
-3.425800000000000302e-05
-3.425800000000000302e-05
-3.425800000000000302e-05
-3.425054999999999685e-05
-3.425054999999999685e-05
-3.425054999999999685e-05
-3.425054999999999685e-05
-3.425054999999999685e-05
-3.425800000000000302e-05
-3.425800000000000302e-05
-3.426545000000000242e-05
-3.426545000000000242e-05
-3.426545000000000242e-05
-3.427290000000000181e-05
-3.428035000000000121e-05
-3.428780000000000060e-05
-3.429526000000000070e-05
-3.430271000000000009e-05
-3.431015999999999949e-05
-3.431760999999999888e-05
-3.432505999999999828e-05
-3.432505999999999828e-05
-3.432505999999999828e-05
-3.433250999999999767e-05
-3.433250999999999767e-05
-3.433250999999999767e-05
-3.432505999999999828e-05
-3.432505999999999828e-05
-3.432505999999999828e-05
-3.432505999999999828e-05
-3.432505999999999828e-05
-3.431760999999999888e-05
-3.431760999999999888e-05
-3.431760999999999888e-05
-3.431760999999999888e-05
-3.431015999999999949e-05
-3.431015999999999949e-05
-3.431015999999999949e-05
-3.431015999999999949e-05
-3.431015999999999949e-05
-3.431015999999999949e-05
-3.431760999999999888e-05
-3.431760999999999888e-05
-3.431760999999999888e-05
-3.431760999999999888e-05
-3.431760999999999888e-05
-3.431760999999999888e-05
-3.431760999999999888e-05
-3.431760999999999888e-05
-3.431760999999999888e-05
-3.432505999999999828e-05
-3.432505999999999828e-05
-3.432505999999999828e-05
-3.432505999999999828e-05
-3.432505999999999828e-05
-3.432505999999999828e-05
-3.432505999999999828e-05
-3.432505999999999828e-05
-3.432505999999999828e-05
-3.432505999999999828e-05
-3.432505999999999828e-05
-3.432505999999999828e-05
-3.432505999999999828e-05
-3.432505999999999828e-05
-3.431760999999999888e-05
-3.431760999999999888e-05
-3.431760999999999888e-05
-3.431760999999999888e-05
-3.431760999999999888e-05
-3.431760999999999888e-05
-3.431760999999999888e-05
-3.431760999999999888e-05
-3.431760999999999888e-05
-3.431760999999999888e-05
-3.431760999999999888e-05
-3.431015999999999949e-05
-3.431015999999999949e-05
-3.430271000000000009e-05
-3.429526000000000070e-05
-3.429526000000000070e-05
-3.428780000000000060e-05
-3.427290000000000181e-05
-3.426545000000000242e-05
-3.426545000000000242e-05
-3.425800000000000302e-05
-3.424309999999999746e-05
-3.423564999999999806e-05
-3.422819999999999867e-05
-3.422074999999999927e-05
-3.421329999999999988e-05
-3.420585000000000048e-05
-3.420585000000000048e-05
-3.419840000000000109e-05
-3.419095000000000169e-05
-3.418350000000000229e-05
-3.417605000000000290e-05
-3.416859999999999673e-05
-3.416859999999999673e-05
-3.416113999999999663e-05
-3.415368999999999724e-05
-3.414623999999999784e-05
-3.414623999999999784e-05
-3.413878999999999845e-05
-3.413878999999999845e-05
-3.413878999999999845e-05
-3.413133999999999905e-05
-3.413133999999999905e-05
-3.413133999999999905e-05
-3.412388999999999966e-05
-3.412388999999999966e-05
-3.412388999999999966e-05
-3.411644000000000026e-05
-3.411644000000000026e-05
-3.410899000000000087e-05
-3.410899000000000087e-05
-3.410899000000000087e-05
-3.410154000000000147e-05
-3.410154000000000147e-05
-3.410154000000000147e-05
-3.409409000000000208e-05
-3.409409000000000208e-05
-3.409409000000000208e-05
-3.408664000000000268e-05
-3.408664000000000268e-05
-3.407919000000000329e-05
-3.407919000000000329e-05
-3.407919000000000329e-05
-3.407919000000000329e-05
-3.407919000000000329e-05
-3.407919000000000329e-05
-3.407919000000000329e-05
-3.407919000000000329e-05
-3.407919000000000329e-05
-3.407919000000000329e-05
-3.407173999999999712e-05
-3.406428999999999772e-05
-3.404938999999999893e-05
-3.403447999999999944e-05
-3.401958000000000065e-05
-3.401213000000000126e-05
-3.400468000000000186e-05
-3.398232999999999690e-05
-3.396742999999999811e-05
-3.395997999999999872e-05
-3.395252999999999932e-05
-3.393763000000000053e-05
-3.392273000000000174e-05
-3.391528000000000235e-05
-3.390783000000000295e-05
-3.389291999999999668e-05
-3.388546999999999729e-05
-3.388546999999999729e-05
-3.387801999999999789e-05
-3.387056999999999850e-05
-3.386311999999999910e-05
-3.386311999999999910e-05
-3.385566999999999971e-05
-3.385566999999999971e-05
-3.385566999999999971e-05
-3.384822000000000031e-05
-3.384822000000000031e-05
-3.385566999999999971e-05
-3.385566999999999971e-05
-3.385566999999999971e-05
-3.386311999999999910e-05
-3.386311999999999910e-05
-3.387056999999999850e-05
-3.387056999999999850e-05
-3.387801999999999789e-05
-3.387801999999999789e-05
-3.388546999999999729e-05
-3.388546999999999729e-05
-3.388546999999999729e-05
-3.388546999999999729e-05
-3.388546999999999729e-05
-3.388546999999999729e-05
-3.388546999999999729e-05
-3.387801999999999789e-05
-3.387801999999999789e-05
-3.387056999999999850e-05
-3.386311999999999910e-05
-3.385566999999999971e-05
-3.384822000000000031e-05
-3.384077000000000092e-05
-3.383332000000000152e-05
-3.382587000000000213e-05
-3.382587000000000213e-05
-3.381842000000000273e-05
-3.381097000000000334e-05
-3.380351999999999717e-05
-3.380351999999999717e-05
-3.379606999999999777e-05
-3.378861999999999838e-05
-3.378861999999999838e-05
-3.378116999999999898e-05
-3.378116999999999898e-05
-3.378116999999999898e-05
-3.377370999999999889e-05
-3.377370999999999889e-05
-3.377370999999999889e-05
-3.377370999999999889e-05
-3.377370999999999889e-05
-3.377370999999999889e-05
-3.377370999999999889e-05
-3.376625999999999949e-05
-3.376625999999999949e-05
-3.376625999999999949e-05
-3.376625999999999949e-05
-3.376625999999999949e-05
-3.376625999999999949e-05
-3.375881000000000010e-05
-3.375881000000000010e-05
-3.375881000000000010e-05
-3.375881000000000010e-05
-3.375881000000000010e-05
-3.375136000000000070e-05
-3.375136000000000070e-05
-3.374391000000000131e-05
