5.069397999999999808e-05
5.069771000000000151e-05
5.070516000000000091e-05
5.071261000000000030e-05
5.071633000000000304e-05
5.072005999999999970e-05
5.072379000000000314e-05
5.072750999999999909e-05
5.073124000000000253e-05
5.073495999999999849e-05
5.073869000000000193e-05
5.074240999999999788e-05
5.074614000000000132e-05
5.074985999999999728e-05
5.075359000000000072e-05
5.075730999999999668e-05
5.076104000000000011e-05
5.076104000000000011e-05
5.076476000000000285e-05
5.076848999999999951e-05
5.077221000000000224e-05
5.077966000000000164e-05
5.078338999999999830e-05
5.078712000000000173e-05
5.079083999999999769e-05
5.079457000000000113e-05
5.079457000000000113e-05
5.079457000000000113e-05
5.079457000000000113e-05
5.079083999999999769e-05
5.078338999999999830e-05
5.077221000000000224e-05
5.076104000000000011e-05
5.075359000000000072e-05
5.073869000000000193e-05
5.073124000000000253e-05
5.072379000000000314e-05
5.071633000000000304e-05
5.071261000000000030e-05
5.071261000000000030e-05
5.071261000000000030e-05
5.071633000000000304e-05
5.071633000000000304e-05
5.071261000000000030e-05
5.070516000000000091e-05
5.069771000000000151e-05
5.067907999999999929e-05
5.066045999999999776e-05
5.063438000000000292e-05
5.060457999999999856e-05
5.057104999999999755e-05
5.054124999999999997e-05
5.050399000000000229e-05
5.046673999999999854e-05
5.042949000000000157e-05
5.038851000000000115e-05
5.035125999999999740e-05
5.030655000000000033e-05
5.025439999999999779e-05
5.020596999999999799e-05
5.015382000000000222e-05
5.009794000000000302e-05
5.003460999999999765e-05
4.997127999999999905e-05
4.990050000000000106e-05
4.982972000000000307e-05
4.975147999999999821e-05
4.967697999999999748e-05
4.959501999999999666e-05
4.951678999999999928e-05
4.943111000000000249e-05
4.934542999999999894e-05
4.926346999999999812e-05
4.917779000000000134e-05
4.909210999999999778e-05
4.900643000000000100e-05
4.891702000000000078e-05
4.883133999999999722e-05
4.874566000000000044e-05
4.865997000000000296e-05
4.857802000000000284e-05
4.849233999999999928e-05
4.841037999999999846e-05
4.832470000000000168e-05
4.824646999999999752e-05
4.816450999999999670e-05
4.808627999999999931e-05
4.800805000000000193e-05
4.792609000000000111e-05
4.784785999999999694e-05
4.776962999999999956e-05
4.769140000000000217e-05
4.762061999999999740e-05
4.754239000000000002e-05
4.746787999999999859e-05
4.739710000000000060e-05
4.732259999999999988e-05
4.724808999999999845e-05
4.717357999999999702e-05
4.709908000000000307e-05
4.702457000000000165e-05
4.695378999999999688e-05
4.687929000000000293e-05
4.680478000000000150e-05
4.673027000000000008e-05
4.665576999999999935e-05
4.658125999999999792e-05
4.651047999999999993e-05
4.643225000000000255e-05
4.635775000000000182e-05
4.627950999999999696e-05
4.620127999999999957e-05
4.612677999999999885e-05
4.604855000000000146e-05
4.597031999999999730e-05
4.589207999999999921e-05
4.581385000000000183e-05
4.573190000000000171e-05
4.565366999999999754e-05
4.556798000000000006e-05
4.548602999999999994e-05
4.540406999999999912e-05
4.531839000000000234e-05
4.523643000000000152e-05
4.515074999999999796e-05
4.506507000000000118e-05
4.497938999999999762e-05
4.488997999999999741e-05
4.480430000000000063e-05
4.471489000000000041e-05
4.462175999999999746e-05
4.453234999999999724e-05
4.443922000000000106e-05
4.434981000000000085e-05
4.425667999999999790e-05
4.416355000000000172e-05
4.407041999999999877e-05
4.397728000000000189e-05
4.388043000000000298e-05
4.378728999999999933e-05
4.369044000000000042e-05
4.358984999999999737e-05
4.349299999999999846e-05
4.339613999999999885e-05
4.329556000000000328e-05
4.319497000000000023e-05
4.309812000000000132e-05
4.299752999999999827e-05
4.289695000000000270e-05
4.279637000000000035e-05
4.269577999999999731e-05
4.259147999999999900e-05
4.249461999999999939e-05
4.239031000000000038e-05
4.228972999999999803e-05
4.218915000000000246e-05
4.208483999999999668e-05
4.198425000000000041e-05
4.188366999999999806e-05
4.177935999999999906e-05
4.167506000000000075e-05
4.157446999999999770e-05
4.147015999999999870e-05
4.136586000000000039e-05
4.126155000000000138e-05
4.115724000000000238e-05
4.105293000000000337e-05
4.094490000000000163e-05
4.084059000000000262e-05
4.073256000000000088e-05
4.062825000000000187e-05
4.052394000000000287e-05
4.041217999999999769e-05
4.030786999999999868e-05
4.020357000000000038e-05
4.009552999999999793e-05
3.999121999999999893e-05
3.987947000000000123e-05
3.977516000000000222e-05
3.966711999999999978e-05
3.955908999999999804e-05
3.945106000000000307e-05
3.934302000000000063e-05
3.923498999999999889e-05
3.912695999999999714e-05
3.901519999999999874e-05
3.891088999999999974e-05
3.879913000000000133e-05
3.869109999999999959e-05
3.857934000000000119e-05
3.847130999999999945e-05
3.835955000000000105e-05
3.824779000000000265e-05
3.813602999999999747e-05
3.802426999999999907e-05
3.790878999999999793e-05
3.780075000000000226e-05
3.768527000000000113e-05
3.757723999999999938e-05
3.746174999999999755e-05
3.734998999999999915e-05
3.723823000000000074e-05
3.713019999999999900e-05
3.701844000000000060e-05
3.690668000000000220e-05
3.679492999999999772e-05
3.668316999999999932e-05
3.657512999999999688e-05
3.645965000000000252e-05
3.635162000000000077e-05
3.623612999999999894e-05
3.612809999999999720e-05
3.601261000000000213e-05
3.590458000000000039e-05
3.578909999999999926e-05
3.568105999999999681e-05
3.556929999999999841e-05
3.546126999999999667e-05
3.534950999999999827e-05
3.524148000000000330e-05
3.512971999999999812e-05
3.502169000000000316e-05
3.491365000000000072e-05
3.480189000000000232e-05
3.469758999999999723e-05
3.458955000000000157e-05
3.448151999999999982e-05
3.437721000000000082e-05
3.426917999999999908e-05
3.416859999999999673e-05
3.406428999999999772e-05
3.396370000000000145e-05
3.386311999999999910e-05
3.376253999999999676e-05
3.366196000000000119e-05
3.356510000000000158e-05
3.347196999999999862e-05
3.337510999999999901e-05
3.327824999999999940e-05
3.318512000000000322e-05
3.309199000000000027e-05
3.299513000000000066e-05
3.290199999999999771e-05
3.281258999999999749e-05
3.271946000000000132e-05
3.263005000000000110e-05
3.253691999999999815e-05
3.244750999999999793e-05
3.235809999999999772e-05
3.226869999999999820e-05
3.217557000000000202e-05
3.208987999999999777e-05
3.200420000000000099e-05
3.191851999999999743e-05
3.182910999999999721e-05
3.174715999999999709e-05
3.166148000000000031e-05
3.157207000000000009e-05
3.149010999999999927e-05
3.140443000000000249e-05
3.131874999999999893e-05
3.123678999999999811e-05
3.115483999999999799e-05
3.107287999999999717e-05
3.099092000000000312e-05
3.090897000000000300e-05
3.083073999999999884e-05
3.075250000000000076e-05
3.067427000000000337e-05
3.059603999999999921e-05
3.052153999999999848e-05
3.044690999999999882e-05
3.036868000000000144e-05
3.029790000000000006e-05
3.022339999999999933e-05
3.014889000000000129e-05
3.007810999999999992e-05
3.000732999999999854e-05
2.993655000000000055e-05
2.986576999999999917e-05
2.979871000000000052e-05
2.972792999999999915e-05
2.965715000000000115e-05
2.959009999999999982e-05
2.952304000000000118e-05
2.945598999999999985e-05
2.938893000000000120e-05
2.932559999999999922e-05
2.926227000000000063e-05
2.919893999999999864e-05
2.913934000000000009e-05
2.907973000000000084e-05
2.902385000000000164e-05
2.896796999999999906e-05
2.891208999999999985e-05
2.885249000000000131e-05
2.880033999999999876e-05
2.874817999999999891e-05
2.869229999999999971e-05
2.864015000000000056e-05
2.859172000000000075e-05
2.853957000000000160e-05
2.849486000000000114e-05
2.844643000000000133e-05
2.840173000000000158e-05
2.835702999999999843e-05
2.831232000000000136e-05
2.827134000000000095e-05
2.823037000000000124e-05
2.819311000000000018e-05
2.815214000000000046e-05
2.811860999999999945e-05
2.808134999999999839e-05
2.804410000000000141e-05
2.800685000000000105e-05
2.797332000000000003e-05
2.793978999999999902e-05
2.790626999999999870e-05
2.787646000000000042e-05
2.784294000000000010e-05
2.781312999999999844e-05
2.778706000000000090e-05
2.775724999999999924e-05
2.773117999999999832e-05
2.770510000000000008e-05
2.767901999999999846e-05
2.765667000000000028e-05
2.763431999999999870e-05
2.761197000000000052e-05
2.758961999999999895e-05
2.756726000000000006e-05
2.754863999999999853e-05
2.753000999999999970e-05
2.751511000000000091e-05
2.749647999999999868e-05
2.748157999999999989e-05
2.746295999999999837e-05
2.745177999999999892e-05
2.743688000000000013e-05
2.742198000000000134e-05
2.740707999999999916e-05
2.739218000000000037e-05
2.738100000000000093e-05
2.736609999999999875e-05
2.735491999999999931e-05
2.734375000000000057e-05
2.732884999999999839e-05
2.731766999999999895e-05
2.730277000000000016e-05
2.729159000000000072e-05
2.727668999999999854e-05
2.726551999999999980e-05
2.725061000000000031e-05
2.723571000000000152e-05
2.722453999999999938e-05
2.720964000000000059e-05
2.719473999999999842e-05
2.717610999999999958e-05
2.716493000000000014e-05
2.714630999999999861e-05
2.713140999999999982e-05
2.711278000000000098e-05
2.709414999999999876e-05
2.707553000000000062e-05
2.705689999999999839e-05
2.703826999999999956e-05
2.701219999999999864e-05
2.698983999999999975e-05
2.696749000000000157e-05
2.694513999999999999e-05
2.691533999999999902e-05
2.688926000000000079e-05
2.686317999999999917e-05
2.684083000000000099e-05
2.681103000000000002e-05
2.678494999999999840e-05
2.675515000000000082e-05
2.672534999999999985e-05
2.669554999999999888e-05
2.666202000000000125e-05
2.662849000000000024e-05
2.659495999999999922e-05
2.656143999999999891e-05
2.652418000000000123e-05
2.648693000000000087e-05
2.644595000000000046e-05
2.640870000000000009e-05
2.637144999999999973e-05
2.632673999999999927e-05
2.628575999999999886e-05
2.624478999999999915e-05
2.620007999999999869e-05
2.615537999999999893e-05
2.611067999999999918e-05
2.606224999999999937e-05
2.601753999999999891e-05
2.596538999999999976e-05
2.592069000000000000e-05
2.587226000000000020e-05
2.581638000000000099e-05
2.576795000000000119e-05
2.571206999999999860e-05
2.565991999999999945e-05
2.561148999999999964e-05
2.555561000000000044e-05
2.549600000000000119e-05
2.544384999999999865e-05
2.538796999999999945e-05
2.533209000000000025e-05
2.526876000000000165e-05
2.521287999999999906e-05
2.515328000000000052e-05
2.509367000000000127e-05
2.503406999999999933e-05
2.497446000000000008e-05
2.491113000000000149e-05
2.484779999999999950e-05
2.478820000000000096e-05
2.472486999999999897e-05
2.465781000000000033e-05
2.459447999999999835e-05
2.453114999999999975e-05
2.446409999999999842e-05
2.439703999999999977e-05
2.432998999999999844e-05
2.426665999999999985e-05
2.419587999999999847e-05
2.412881999999999983e-05
2.406176999999999849e-05
2.399099000000000050e-05
2.392020999999999912e-05
2.384942000000000043e-05
2.378236999999999910e-05
2.371159000000000111e-05
2.364080999999999973e-05
2.357002999999999835e-05
2.349552000000000032e-05
2.342846999999999898e-05
2.335769000000000099e-05
2.328690999999999961e-05
2.321613000000000162e-05
2.314906999999999959e-05
2.307456000000000155e-05
2.300751000000000022e-05
2.293299999999999880e-05
2.286595000000000085e-05
2.279888999999999882e-05
2.272811000000000083e-05
2.266105999999999950e-05
2.259028000000000151e-05
2.251950000000000013e-05
2.245244000000000149e-05
2.238539000000000015e-05
2.231833000000000151e-05
2.224755000000000013e-05
2.217676999999999875e-05
2.210971000000000011e-05
2.203892999999999873e-05
2.197188000000000079e-05
2.190109999999999941e-05
2.183032000000000142e-05
2.176325999999999939e-05
2.169248000000000140e-05
2.162543000000000006e-05
2.155837000000000142e-05
2.148759000000000004e-05
2.142053999999999871e-05
2.134976000000000072e-05
2.128269999999999869e-05
2.121564000000000005e-05
2.115231000000000145e-05
2.108526000000000012e-05
2.101820000000000148e-05
2.095115000000000014e-05
2.088409000000000150e-05
2.081704000000000017e-05
2.074998000000000153e-05
2.068293000000000019e-05
2.061960000000000160e-05
2.055253999999999957e-05
2.048549000000000162e-05
2.042215999999999964e-05
2.035510000000000100e-05
2.028804999999999967e-05
2.022099000000000102e-05
2.015393999999999969e-05
2.008688000000000105e-05
2.002354999999999906e-05
1.995650000000000112e-05
1.988943999999999909e-05
1.982239000000000115e-05
1.975905999999999916e-05
1.969573000000000057e-05
1.963239999999999858e-05
1.956533999999999994e-05
1.950201000000000134e-05
1.943867999999999936e-05
1.937908000000000081e-05
1.931574999999999883e-05
1.925242000000000023e-05
1.918909000000000164e-05
1.912947999999999900e-05
1.906988000000000045e-05
1.901400000000000125e-05
1.895811999999999866e-05
1.890223999999999946e-05
1.884263000000000021e-05
1.878675999999999832e-05
1.873087999999999912e-05
1.867871999999999927e-05
1.862284000000000007e-05
1.856696000000000087e-05
1.851480999999999833e-05
1.845892999999999913e-05
1.840677999999999997e-05
1.835462000000000012e-05
1.830247000000000097e-05
1.825031000000000111e-05
1.820188000000000131e-05
1.814600999999999942e-05
1.810129999999999896e-05
1.804914999999999981e-05
1.800072000000000000e-05
1.795229000000000020e-05
1.790386000000000039e-05
1.785916000000000063e-05
1.780700000000000078e-05
1.776230000000000102e-05
1.771387000000000122e-05
1.766917000000000146e-05
1.762446000000000100e-05
1.757603999999999850e-05
1.753506000000000148e-05
1.749408000000000107e-05
1.744938000000000131e-05
1.741212000000000025e-05
1.737115000000000054e-05
1.733017000000000013e-05
1.729290999999999907e-05
1.725565999999999870e-05
1.722213000000000107e-05
1.718861000000000076e-05
1.715507999999999974e-05
1.712154999999999873e-05
1.708802000000000110e-05
1.705822000000000013e-05
1.702841999999999916e-05
1.699862000000000158e-05
1.696880999999999992e-05
1.693900999999999895e-05
1.690921000000000137e-05
1.687941000000000040e-05
1.685332999999999878e-05
1.683098000000000059e-05
1.680489999999999897e-05
1.677882000000000074e-05
1.674901999999999977e-05
1.672667000000000159e-05
1.670058999999999997e-05
1.667823999999999839e-05
1.665589000000000021e-05
1.662980999999999859e-05
1.660746000000000040e-05
1.658883000000000156e-05
1.656276000000000064e-05
1.654040999999999907e-05
1.652178000000000023e-05
1.649569999999999861e-05
1.647335000000000043e-05
1.645472000000000159e-05
1.643237000000000002e-05
1.641001999999999844e-05
1.638767000000000026e-05
1.636904000000000142e-05
1.634295999999999980e-05
1.632061000000000162e-05
1.630199000000000009e-05
1.627963999999999852e-05
1.626100999999999968e-05
1.624238000000000084e-05
1.622375999999999932e-05
1.620884999999999983e-05
1.619023000000000169e-05
1.617532999999999951e-05
1.616043000000000072e-05
1.614552000000000123e-05
1.613061999999999905e-05
1.611572000000000026e-05
1.610455000000000152e-05
1.608964999999999934e-05
1.607846999999999990e-05
1.606357000000000111e-05
1.605239000000000167e-05
1.604121999999999954e-05
1.603004000000000009e-05
1.602259000000000070e-05
1.601141000000000126e-05
1.600023999999999912e-05
1.598905999999999968e-05
1.598161000000000029e-05
1.597044000000000154e-05
1.595925999999999871e-05
1.595180999999999932e-05
1.594062999999999988e-05
1.593318000000000048e-05
1.592573000000000109e-05
1.591455999999999896e-05
1.590710999999999956e-05
1.589966000000000017e-05
1.589220000000000007e-05
1.588475000000000068e-05
1.587357999999999854e-05
1.586612999999999915e-05
1.586239999999999910e-05
1.585494999999999971e-05
1.584750000000000031e-05
1.584378000000000096e-05
1.583260000000000152e-05
1.582887000000000148e-05
1.582514999999999874e-05
1.581769999999999934e-05
1.580651999999999990e-05
1.579907000000000051e-05
1.579535000000000116e-05
1.578789999999999838e-05
1.578416999999999833e-05
1.577671999999999893e-05
1.576926999999999954e-05
1.576926999999999954e-05
1.576553999999999949e-05
1.576182000000000014e-05
1.575809000000000010e-05
1.575437000000000075e-05
1.575064000000000070e-05
1.575064000000000070e-05
1.574692000000000135e-05
1.574319000000000131e-05
1.573946999999999857e-05
1.573946999999999857e-05
1.573573999999999852e-05
1.573201999999999918e-05
1.572828999999999913e-05
1.572456999999999978e-05
1.572083999999999973e-05
1.571712000000000039e-05
1.571339000000000034e-05
1.570967000000000099e-05
1.570594000000000094e-05
1.570594000000000094e-05
1.570594000000000094e-05
1.570222000000000160e-05
1.569849000000000155e-05
1.569476000000000150e-05
1.569476000000000150e-05
1.569103999999999876e-05
1.568730999999999872e-05
1.568358999999999937e-05
1.567985999999999932e-05
1.567613999999999997e-05
1.567240999999999993e-05
1.567240999999999993e-05
1.566869000000000058e-05
1.566496000000000053e-05
1.565751000000000114e-05
1.565378999999999840e-05
1.564633999999999901e-05
1.564260999999999896e-05
1.563888999999999961e-05
1.563142999999999952e-05
1.562026000000000077e-05
1.561281000000000138e-05
1.560535999999999860e-05
1.559790999999999920e-05
1.558672999999999976e-05
1.557928000000000036e-05
1.556438000000000157e-05
1.555319999999999874e-05
1.554574999999999935e-05
1.553458000000000060e-05
1.552340000000000116e-05
1.551222999999999903e-05
1.549731999999999954e-05
1.548615000000000080e-05
1.547497000000000136e-05
1.546006999999999918e-05
1.544517000000000039e-05
1.543027000000000160e-05
1.541908999999999877e-05
1.540418999999999998e-05
1.538929000000000119e-05
1.537438999999999901e-05
1.535576000000000017e-05
1.534086000000000138e-05
1.532595999999999920e-05
1.530361000000000102e-05
1.528870999999999884e-05
1.526636000000000066e-05
1.524766999999999931e-05
1.522904000000000048e-05
1.520669000000000060e-05
1.518434000000000072e-05
1.516571999999999919e-05
1.513963999999999927e-05
1.512101000000000043e-05
1.509866000000000055e-05
1.507631000000000067e-05
1.505396000000000079e-05
1.503160000000000021e-05
1.500552999999999929e-05
1.497944999999999937e-05
1.495709999999999949e-05
1.493101999999999956e-05
1.490493999999999963e-05
1.487514000000000036e-05
1.484906999999999944e-05
1.481925999999999946e-05
1.478946000000000019e-05
1.475965999999999922e-05
1.473357999999999930e-05
1.470749999999999937e-05
1.467770000000000009e-05
1.465162000000000017e-05
1.462554999999999925e-05
1.459574999999999997e-05
1.457338999999999939e-05
1.454732000000000017e-05
1.452124000000000024e-05
1.449516000000000031e-05
1.446908999999999939e-05
1.444300999999999947e-05
1.441692999999999954e-05
1.438713000000000027e-05
1.436105000000000034e-05
1.433497999999999942e-05
1.430516999999999944e-05
1.427910000000000022e-05
1.424929000000000024e-05
1.421576999999999993e-05
1.418595999999999995e-05
1.415616000000000068e-05
1.412635999999999971e-05
1.409656000000000044e-05
1.406302999999999942e-05
1.403323000000000015e-05
1.399597000000000078e-05
1.396245000000000046e-05
1.393264000000000049e-05
1.389539000000000013e-05
1.385440999999999972e-05
1.381715999999999935e-05
1.377618000000000064e-05
1.373893000000000027e-05
1.370167999999999991e-05
1.366069999999999950e-05
1.362344000000000013e-05
1.358618999999999977e-05
1.355266000000000044e-05
1.351541000000000008e-05
1.347815999999999972e-05
1.344463000000000040e-05
1.340738000000000003e-05
1.337385000000000071e-05
1.334031999999999970e-05
1.330679999999999938e-05
1.327327000000000006e-05
1.323974000000000074e-05
1.320620999999999972e-05
1.317268000000000040e-05
1.313916000000000008e-05
1.310935000000000011e-05
1.307582999999999979e-05
1.303857000000000042e-05
1.300505000000000011e-05
1.297152000000000079e-05
1.293798999999999977e-05
1.290446000000000045e-05
1.287094000000000013e-05
1.284113000000000016e-05
1.280760999999999984e-05
1.277779999999999987e-05
1.274800000000000060e-05
1.271446999999999958e-05
1.268467000000000031e-05
1.265486999999999934e-05
1.262134000000000002e-05
1.259154000000000074e-05
1.255800999999999973e-05
1.252448000000000041e-05
1.249467999999999944e-05
1.246115000000000012e-05
1.242762999999999980e-05
1.239410000000000048e-05
1.236056999999999946e-05
1.232332000000000079e-05
1.228978999999999978e-05
1.225253999999999941e-05
1.221901000000000009e-05
1.217802999999999968e-05
1.214077999999999932e-05
1.210353000000000065e-05
1.206255000000000024e-05
1.202529999999999988e-05
1.198804000000000051e-05
1.194706000000000010e-05
1.190980999999999973e-05
1.187255999999999937e-05
1.183531000000000070e-05
1.179433000000000029e-05
1.175334999999999988e-05
1.171609999999999952e-05
1.167512000000000080e-05
1.163414000000000039e-05
1.159315999999999998e-05
1.155590999999999961e-05
1.151492999999999920e-05
1.147022999999999945e-05
1.142925000000000073e-05
1.139200000000000037e-05
1.134728999999999991e-05
1.130630999999999950e-05
1.126533999999999979e-05
1.122062999999999933e-05
1.117965000000000061e-05
1.113494999999999916e-05
1.109024999999999940e-05
1.104554000000000064e-05
1.099711999999999984e-05
1.095240999999999938e-05
1.090397999999999957e-05
1.085927999999999981e-05
1.081085000000000001e-05
1.076242000000000020e-05
1.071399000000000040e-05
1.066929000000000064e-05
1.061713999999999979e-05
1.056870999999999999e-05
1.051655000000000013e-05
1.046439999999999929e-05
1.041596999999999948e-05
1.036009000000000028e-05
1.031166000000000047e-05
1.025950999999999963e-05
1.020363000000000043e-05
1.015147000000000057e-05
1.009931999999999972e-05
1.005088999999999992e-05
1.000246000000000011e-05
9.950308999999999874e-06
9.909330000000000549e-06
9.860901999999999528e-06
9.816198000000000507e-06
9.775220000000000575e-06
9.734242000000000643e-06
9.693264000000000711e-06
9.652284999999999693e-06
9.615031999999999458e-06
9.570328999999999829e-06
9.529350999999999897e-06
9.492097999999999663e-06
9.451119999999999731e-06
9.406416000000000709e-06
9.365438000000000777e-06
9.324460000000000845e-06
9.276031000000000432e-06
9.235053000000000500e-06
9.190348999999999784e-06
9.145646000000000155e-06
9.097216999999999741e-06
9.052514000000000112e-06
9.004084999999999698e-06
8.959381000000000677e-06
8.907227000000000566e-06
8.858798999999999545e-06
8.810370000000000826e-06
8.761941000000000412e-06
8.713511999999999999e-06
8.665082999999999586e-06
8.612928999999999475e-06
8.568225999999999845e-06
8.516071999999999734e-06
8.471368000000000713e-06
8.422939999999999692e-06
8.374510999999999278e-06
8.326082000000000559e-06
8.281378999999999236e-06
8.232950000000000516e-06
8.184521000000000103e-06
8.136091999999999690e-06
8.087662999999999276e-06
8.042959999999999647e-06
7.994530999999999233e-06
7.946102000000000514e-06
7.897673999999999493e-06
7.852970000000000471e-06
7.804541000000000058e-06
7.756113000000000731e-06
7.715133999999999713e-06
7.666706000000000386e-06
7.625698000000000049e-06
7.580995000000000420e-06
7.536290999999999704e-06
7.495312999999999772e-06
7.450610000000000143e-06
7.409632000000000211e-06
7.368653000000000040e-06
7.327675000000000108e-06
7.282971999999999631e-06
7.245719000000000244e-06
7.204741000000000312e-06
7.160036999999999596e-06
7.122784000000000209e-06
7.085530999999999974e-06
7.044553000000000043e-06
7.003575000000000111e-06
6.966321999999999876e-06
6.929068999999999642e-06
6.888090999999999710e-06
6.850838000000000323e-06
6.813585000000000088e-06
6.776331999999999854e-06
6.739078999999999619e-06
6.701826000000000232e-06
6.664572999999999998e-06
6.623595000000000066e-06
6.586341999999999831e-06
6.552815000000000381e-06
6.519286999999999844e-06
6.482033999999999610e-06
6.444781000000000222e-06
6.411253999999999925e-06
6.377726000000000235e-06
6.347923999999999635e-06
6.314395999999999945e-06
6.284594000000000192e-06
6.251065999999999655e-06
6.217539000000000205e-06
6.187736000000000213e-06
6.154208999999999915e-06
6.124405999999999923e-06
6.090878999999999625e-06
6.061075999999999633e-06
6.031273999999999880e-06
5.997746000000000190e-06
5.967943999999999590e-06
5.941867000000000382e-06
5.912064999999999782e-06
5.885987999999999726e-06
5.856184999999999734e-06
5.826382999999999981e-06
5.796581000000000228e-06
5.770504000000000173e-06
5.744427000000000117e-06
5.714624000000000125e-06
5.688547000000000070e-06
5.662470000000000014e-06
5.636392999999999959e-06
5.610315999999999903e-06
5.584238999999999848e-06
5.561887999999999729e-06
5.539536000000000218e-06
5.509733000000000226e-06
5.487382000000000108e-06
5.465029999999999750e-06
5.442678000000000239e-06
5.416601000000000183e-06
5.397974999999999762e-06
5.375623000000000251e-06
5.349546000000000196e-06
5.327193999999999838e-06
5.308568000000000264e-06
5.286215999999999906e-06
5.263864000000000395e-06
5.245237999999999974e-06
5.222885999999999616e-06
5.200534000000000106e-06
5.185633000000000229e-06
5.163280999999999871e-06
5.144655000000000297e-06
5.126028999999999876e-06
5.107402000000000063e-06
5.085049999999999705e-06
5.066424000000000131e-06
5.044071999999999773e-06
5.025446000000000199e-06
5.003093999999999841e-06
4.984468000000000267e-06
4.965840999999999607e-06
4.943489000000000096e-06
4.924862999999999675e-06
4.906235999999999861e-06
4.883884999999999743e-06
4.868983999999999866e-06
4.850357000000000053e-06
4.835456000000000177e-06
4.816829000000000363e-06
4.801927999999999640e-06
4.779577000000000368e-06
4.764675000000000252e-06
4.749774000000000376e-06
4.731147999999999955e-06
4.716247000000000078e-06
4.697620000000000265e-06
4.686444000000000086e-06
4.671543000000000210e-06
4.652916999999999789e-06
4.641740999999999610e-06
4.626839999999999733e-06
4.615664000000000401e-06
4.600762999999999678e-06
4.589587000000000346e-06
4.574685999999999622e-06
4.559784000000000353e-06
4.548609000000000414e-06
4.533707000000000298e-06
4.522532000000000358e-06
4.503904999999999698e-06
4.492729000000000366e-06
4.477827999999999643e-06
4.462926999999999766e-06
4.448025999999999890e-06
4.433125000000000013e-06
4.418222999999999897e-06
4.403322000000000021e-06
4.392145999999999842e-06
4.377244999999999965e-06
4.366068999999999786e-06
4.354892999999999607e-06
4.339991999999999731e-06
4.332542000000000336e-06
4.317640999999999612e-06
4.306465000000000281e-06
4.299013999999999799e-06
4.287837999999999620e-06
4.276662000000000288e-06
4.272936999999999744e-06
4.261761000000000412e-06
4.250585000000000233e-06
4.243134999999999991e-06
4.235684000000000356e-06
4.224508000000000177e-06
4.217057999999999935e-06
4.209607000000000301e-06
4.198431000000000122e-06
4.190980999999999880e-06
4.179804999999999701e-06
4.172354000000000067e-06
4.161177999999999888e-06
4.146277000000000011e-06
4.138826999999999769e-06
4.127650999999999590e-06
4.116475000000000258e-06
4.105299000000000079e-06
4.097847999999999598e-06
4.086672999999999658e-06
4.082946999999999721e-06
4.075497000000000326e-06
4.068045999999999845e-06
4.064321000000000147e-06
4.056869999999999666e-06
4.053144999999999968e-06
4.045694000000000334e-06
4.041968999999999789e-06
4.038244000000000092e-06
4.030792999999999610e-06
4.023343000000000215e-06
4.019617000000000278e-06
4.012167000000000036e-06
4.008441000000000100e-06
4.000990999999999857e-06
3.993540000000000223e-06
3.989814999999999678e-06
3.986089999999999981e-06
3.982364000000000044e-06
3.974913999999999802e-06
3.971189000000000104e-06
3.967463000000000168e-06
3.963737999999999623e-06
3.960012999999999926e-06
3.960012999999999926e-06
3.960012999999999926e-06
3.956286999999999989e-06
3.956286999999999989e-06
3.960012999999999926e-06
3.956286999999999989e-06
3.956286999999999989e-06
3.956286999999999989e-06
3.956286999999999989e-06
3.952562000000000291e-06
3.952562000000000291e-06
3.945112000000000049e-06
3.941386000000000112e-06
3.937661000000000415e-06
3.933935999999999870e-06
3.926485000000000236e-06
3.926485000000000236e-06
3.926485000000000236e-06
3.926485000000000236e-06
3.926485000000000236e-06
3.926485000000000236e-06
3.930209999999999933e-06
3.930209999999999933e-06
3.933935999999999870e-06
3.937661000000000415e-06
3.941386000000000112e-06
3.945112000000000049e-06
3.948836999999999747e-06
3.956286999999999989e-06
3.956286999999999989e-06
3.963737999999999623e-06
3.971189000000000104e-06
3.974913999999999802e-06
3.982364000000000044e-06
3.986089999999999981e-06
3.989814999999999678e-06
3.989814999999999678e-06
3.993540000000000223e-06
3.997266000000000160e-06
3.997266000000000160e-06
4.000990999999999857e-06
4.004716000000000402e-06
4.008441000000000100e-06
4.012167000000000036e-06
4.015891999999999734e-06
4.019617000000000278e-06
4.019617000000000278e-06
4.023343000000000215e-06
4.027067999999999913e-06
4.030792999999999610e-06
4.034518000000000155e-06
4.034518000000000155e-06
4.038244000000000092e-06
4.041968999999999789e-06
4.045694000000000334e-06
4.049420000000000271e-06
4.053144999999999968e-06
4.053144999999999968e-06
4.053144999999999968e-06
4.056869999999999666e-06
4.056869999999999666e-06
4.060595999999999603e-06
4.064321000000000147e-06
4.064321000000000147e-06
4.068045999999999845e-06
4.071771000000000389e-06
4.075497000000000326e-06
4.079222000000000024e-06
4.082946999999999721e-06
4.082946999999999721e-06
4.082946999999999721e-06
4.082946999999999721e-06
4.082946999999999721e-06
4.082946999999999721e-06
4.082946999999999721e-06
4.082946999999999721e-06
4.079222000000000024e-06
4.075497000000000326e-06
4.075497000000000326e-06
4.075497000000000326e-06
4.075497000000000326e-06
4.071771000000000389e-06
4.071771000000000389e-06
4.071771000000000389e-06
4.071771000000000389e-06
4.071771000000000389e-06
4.071771000000000389e-06
4.068045999999999845e-06
4.068045999999999845e-06
4.068045999999999845e-06
4.064321000000000147e-06
4.064321000000000147e-06
4.060595999999999603e-06
4.060595999999999603e-06
4.056869999999999666e-06
4.053144999999999968e-06
4.053144999999999968e-06
4.049420000000000271e-06
4.045694000000000334e-06
4.045694000000000334e-06
4.038244000000000092e-06
4.034518000000000155e-06
4.027067999999999913e-06
4.019617000000000278e-06
4.019617000000000278e-06
4.008441000000000100e-06
4.000990999999999857e-06
3.997266000000000160e-06
3.989814999999999678e-06
3.982364000000000044e-06
3.978639000000000347e-06
3.971189000000000104e-06
3.960012999999999926e-06
3.956286999999999989e-06
3.948836999999999747e-06
3.945112000000000049e-06
3.933935999999999870e-06
3.926485000000000236e-06
3.922759999999999691e-06
3.911584000000000359e-06
3.904132999999999878e-06
3.892956999999999699e-06
3.889232000000000001e-06
3.878055999999999822e-06
3.866879999999999643e-06
3.863154999999999946e-06
3.851978999999999767e-06
3.844529000000000372e-06
3.837077999999999890e-06
3.829627999999999648e-06
3.825901999999999712e-06
3.818452000000000316e-06
3.810986999999999872e-06
3.803535999999999814e-06
3.799811000000000117e-06
3.792360000000000059e-06
3.784909000000000001e-06
3.773734000000000061e-06
3.766283000000000003e-06
3.762557999999999882e-06
3.751382000000000127e-06
3.743931000000000069e-06
3.736480999999999827e-06
3.729030000000000192e-06
3.717854000000000013e-06
3.710404000000000195e-06
3.702953000000000137e-06
3.691776999999999958e-06
3.680601000000000203e-06
3.669425000000000024e-06
3.658250000000000084e-06
3.647073999999999905e-06
3.639622999999999847e-06
3.624721999999999971e-06
3.617270999999999913e-06
3.609821000000000094e-06
3.598644999999999915e-06
3.583744000000000039e-06
3.576292999999999981e-06
3.565116999999999802e-06
3.550215999999999925e-06
3.542766000000000107e-06
3.531589999999999928e-06
3.524138999999999870e-06
3.512963000000000115e-06
3.505512999999999873e-06
3.498061999999999815e-06
3.486886000000000059e-06
3.483160999999999938e-06
3.471985000000000183e-06
3.464534999999999941e-06
3.453359000000000185e-06
3.449632999999999825e-06
3.438457000000000069e-06
3.431006999999999827e-06
3.423556000000000193e-06
3.419831000000000072e-06
3.412380000000000014e-06
3.404930000000000195e-06
3.397479000000000137e-06
3.390028999999999895e-06
3.386302999999999958e-06
3.375128000000000019e-06
3.367676999999999961e-06
3.360225999999999903e-06
3.356501000000000206e-06
3.349050999999999963e-06
3.341599999999999906e-06
3.334148999999999848e-06
3.326699000000000029e-06
3.322973000000000092e-06
3.319247999999999971e-06
3.311798000000000153e-06
3.304347000000000095e-06
3.296896000000000037e-06
3.293170999999999916e-06
3.281995000000000160e-06
3.274544999999999918e-06
3.267093999999999860e-06
3.259644000000000042e-06
3.255918000000000105e-06
3.244741999999999926e-06
3.237292000000000107e-06
3.229841000000000049e-06
3.226115999999999928e-06
3.218664999999999870e-06
3.211215000000000052e-06
3.203763999999999994e-06
3.196314000000000175e-06
3.192587999999999815e-06
3.185137999999999996e-06
3.177686999999999939e-06
3.170237000000000120e-06
3.166511000000000183e-06
3.162786000000000062e-06
3.155335000000000004e-06
3.151609999999999883e-06
3.147885000000000186e-06
3.144160000000000065e-06
3.140434000000000128e-06
3.136709000000000007e-06
3.132983999999999886e-06
3.132983999999999886e-06
3.129257999999999949e-06
3.125532999999999828e-06
3.121808000000000130e-06
3.121808000000000130e-06
3.118083000000000009e-06
3.118083000000000009e-06
3.114357000000000072e-06
3.114357000000000072e-06
3.114357000000000072e-06
3.114357000000000072e-06
3.110631999999999951e-06
3.106906999999999830e-06
3.103180999999999893e-06
3.103180999999999893e-06
3.103180999999999893e-06
3.095731000000000075e-06
3.095731000000000075e-06
3.092005000000000138e-06
3.088280000000000017e-06
3.084554999999999896e-06
3.080830000000000198e-06
3.080830000000000198e-06
3.077103999999999838e-06
3.073379000000000140e-06
3.073379000000000140e-06
3.069654000000000019e-06
3.069654000000000019e-06
3.069654000000000019e-06
3.069654000000000019e-06
3.069654000000000019e-06
3.069654000000000019e-06
3.069654000000000019e-06
3.069654000000000019e-06
3.069654000000000019e-06
3.069654000000000019e-06
3.069654000000000019e-06
3.069654000000000019e-06
3.065928000000000082e-06
3.065928000000000082e-06
3.065928000000000082e-06
3.065928000000000082e-06
3.065928000000000082e-06
3.065928000000000082e-06
3.065928000000000082e-06
3.065928000000000082e-06
3.065928000000000082e-06
3.065928000000000082e-06
3.065928000000000082e-06
3.065928000000000082e-06
3.065928000000000082e-06
3.065928000000000082e-06
3.065928000000000082e-06
3.065928000000000082e-06
3.069654000000000019e-06
3.069654000000000019e-06
3.069654000000000019e-06
3.069654000000000019e-06
3.069654000000000019e-06
3.069654000000000019e-06
3.069654000000000019e-06
3.069654000000000019e-06
3.073379000000000140e-06
3.073379000000000140e-06
3.073379000000000140e-06
3.077103999999999838e-06
3.077103999999999838e-06
3.080830000000000198e-06
3.080830000000000198e-06
3.084554999999999896e-06
3.084554999999999896e-06
3.084554999999999896e-06
3.088280000000000017e-06
3.088280000000000017e-06
3.092005000000000138e-06
3.092005000000000138e-06
3.095731000000000075e-06
3.095731000000000075e-06
3.095731000000000075e-06
3.099456000000000196e-06
3.103180999999999893e-06
3.103180999999999893e-06
3.103180999999999893e-06
3.106906999999999830e-06
3.110631999999999951e-06
3.114357000000000072e-06
3.114357000000000072e-06
3.118083000000000009e-06
3.121808000000000130e-06
3.125532999999999828e-06
3.132983999999999886e-06
3.132983999999999886e-06
3.136709000000000007e-06
3.140434000000000128e-06
3.144160000000000065e-06
3.151609999999999883e-06
3.155335000000000004e-06
3.162786000000000062e-06
3.166511000000000183e-06
3.170237000000000120e-06
3.177686999999999939e-06
3.181412000000000060e-06
3.188863000000000118e-06
3.196314000000000175e-06
3.196314000000000175e-06
3.203763999999999994e-06
3.211215000000000052e-06
3.218664999999999870e-06
3.226115999999999928e-06
3.229841000000000049e-06
3.237292000000000107e-06
3.244741999999999926e-06
3.255918000000000105e-06
3.259644000000000042e-06
3.267093999999999860e-06
3.274544999999999918e-06
3.281995000000000160e-06
3.289445999999999795e-06
3.293170999999999916e-06
3.300621999999999974e-06
3.304347000000000095e-06
3.311798000000000153e-06
3.319247999999999971e-06
3.322973000000000092e-06
3.330424000000000150e-06
3.337875000000000208e-06
3.345325000000000027e-06
3.352776000000000084e-06
3.356501000000000206e-06
3.363951999999999840e-06
3.371402000000000082e-06
3.378853000000000140e-06
3.386302999999999958e-06
3.393754000000000016e-06
3.401205000000000074e-06
3.408654999999999893e-06
3.416105999999999951e-06
3.423556000000000193e-06
3.431006999999999827e-06
3.438457000000000069e-06
3.449632999999999825e-06
3.457083999999999883e-06
3.468260000000000062e-06
3.479435999999999817e-06
3.483160999999999938e-06
3.494337000000000117e-06
3.505512999999999873e-06
3.512963000000000115e-06
3.524138999999999870e-06
3.531589999999999928e-06
3.542766000000000107e-06
3.550215999999999925e-06
3.557666999999999983e-06
3.568843000000000162e-06
3.576292999999999981e-06
3.583744000000000039e-06
3.591193999999999857e-06
3.602370000000000036e-06
3.609821000000000094e-06
3.617270999999999913e-06
3.628447000000000092e-06
3.639622999999999847e-06
3.647073999999999905e-06
3.658250000000000084e-06
3.673150999999999961e-06
3.680601000000000203e-06
3.691776999999999958e-06
3.702953000000000137e-06
3.714128999999999892e-06
3.725305000000000071e-06
3.736480999999999827e-06
3.747657000000000006e-06
3.758831999999999945e-06
3.766283000000000003e-06
3.777459000000000182e-06
3.788634999999999938e-06
3.799811000000000117e-06
3.807260999999999935e-06
3.818452000000000316e-06
3.829627999999999648e-06
3.837077999999999890e-06
3.848254000000000069e-06
3.855704999999999704e-06
3.863154999999999946e-06
3.878055999999999822e-06
3.889232000000000001e-06
3.896682999999999636e-06
3.911584000000000359e-06
3.922759999999999691e-06
3.933935999999999870e-06
3.948836999999999747e-06
3.960012999999999926e-06
3.974913999999999802e-06
3.989814999999999678e-06
4.000990999999999857e-06
4.015891999999999734e-06
4.027067999999999913e-06
4.038244000000000092e-06
4.053144999999999968e-06
4.064321000000000147e-06
4.082946999999999721e-06
4.094122999999999900e-06
4.112749999999999714e-06
4.127650999999999590e-06
4.142552000000000314e-06
4.157453000000000190e-06
4.176080000000000003e-06
4.190980999999999880e-06
4.205881999999999756e-06
4.220782999999999633e-06
4.235684000000000356e-06
4.250585000000000233e-06
4.265486000000000109e-06
4.276662000000000288e-06
4.291564000000000404e-06
4.306465000000000281e-06
4.317640999999999612e-06
4.336267000000000033e-06
4.347443000000000212e-06
4.366068999999999786e-06
4.377244999999999965e-06
4.395871999999999779e-06
4.410772999999999655e-06
4.433125000000000013e-06
4.448025999999999890e-06
4.466652000000000311e-06
4.489003999999999822e-06
4.511356000000000179e-06
4.529981999999999753e-06
4.552334000000000111e-06
4.570959999999999685e-06
4.589587000000000346e-06
4.611937999999999617e-06
4.630565000000000278e-06
4.652916999999999789e-06
4.671543000000000210e-06
4.693894999999999720e-06
4.716247000000000078e-06
4.734872999999999652e-06
4.757225000000000010e-06
4.779577000000000368e-06
4.801927999999999640e-06
4.824279999999999998e-06
4.846632000000000355e-06
4.872709000000000411e-06
4.895060999999999922e-06
4.917412000000000040e-06
4.939764000000000398e-06
4.965840999999999607e-06
4.988192999999999965e-06
5.014270000000000020e-06
5.032895999999999594e-06
5.062698999999999586e-06
5.085049999999999705e-06
5.111126999999999760e-06
5.133479000000000118e-06
5.159556000000000174e-06
5.185633000000000229e-06
5.211710000000000284e-06
5.237787000000000340e-06
5.260138999999999851e-06
5.286215999999999906e-06
5.316017999999999659e-06
5.342094999999999715e-06
5.371897999999999707e-06
5.397974999999999762e-06
5.427777000000000362e-06
5.453854000000000418e-06
5.483656000000000171e-06
5.513459000000000163e-06
5.539536000000000218e-06
5.569337999999999971e-06
5.595415000000000027e-06
5.617767000000000385e-06
5.636392999999999959e-06
5.655019999999999772e-06
5.666195999999999951e-06
5.681096999999999828e-06
5.695997999999999704e-06
5.703449000000000185e-06
5.714624000000000125e-06
5.725800000000000304e-06
5.733250999999999938e-06
5.744427000000000117e-06
5.755603000000000296e-06
5.766778000000000236e-06
5.781680000000000352e-06
5.796581000000000228e-06
5.815206999999999802e-06
5.830107999999999679e-06
5.848735000000000339e-06
5.867360999999999913e-06
5.889713000000000271e-06
5.912064999999999782e-06
5.930691000000000203e-06
5.953042999999999714e-06
5.979119999999999769e-06
6.001472000000000127e-06
6.023823999999999638e-06
6.046174999999999756e-06
6.072251999999999812e-06
6.098328999999999867e-06
6.124405999999999923e-06
6.150482999999999978e-06
6.176560000000000034e-06
6.206363000000000026e-06
6.232440000000000081e-06
6.258517000000000137e-06
6.284594000000000192e-06
6.310671000000000248e-06
6.340473000000000001e-06
6.366550000000000056e-06
6.396353000000000048e-06
6.426154999999999801e-06
6.452231999999999857e-06
6.478308999999999912e-06
6.504385999999999968e-06
6.530463000000000023e-06
6.560264999999999776e-06
6.586341999999999831e-06
6.616144999999999824e-06
6.649672000000000121e-06
6.675749000000000177e-06
6.705552000000000169e-06
6.731629000000000224e-06
6.761430999999999977e-06
6.791232999999999730e-06
6.817309999999999786e-06
6.847112999999999778e-06
6.876915000000000378e-06
6.906717000000000131e-06
6.936520000000000123e-06
6.966321999999999876e-06
6.996123999999999629e-06
7.029652000000000166e-06
7.055729000000000222e-06
7.085530999999999974e-06
7.115333999999999967e-06
7.141411000000000022e-06
7.167488000000000078e-06
7.193565000000000133e-06
7.219642000000000188e-06
7.249443999999999941e-06
7.275520999999999997e-06
7.301598000000000052e-06
7.327675000000000108e-06
7.350026999999999619e-06
7.376103999999999674e-06
7.398456000000000032e-06
7.424533000000000087e-06
7.450610000000000143e-06
7.476687000000000198e-06
7.502764000000000254e-06
7.536290999999999704e-06
7.562367999999999760e-06
7.592170999999999752e-06
7.618247999999999807e-06
7.644354000000000028e-06
7.666706000000000386e-06
7.692783000000000441e-06
7.718860000000000497e-06
7.741210999999999768e-06
7.767287999999999824e-06
7.793365999999999271e-06
7.819442999999999327e-06
7.841794000000000292e-06
7.867871000000000348e-06
7.890223000000000706e-06
7.916300000000000761e-06
7.938651999999999425e-06
7.961003999999999783e-06
7.983355000000000749e-06
8.009432000000000804e-06
8.039234999999999949e-06
8.065312000000000005e-06
8.095113999999999758e-06
8.128642000000000295e-06
8.158444000000000047e-06
8.191972000000000584e-06
8.225499000000000035e-06
8.259027000000000572e-06
8.292554000000000022e-06
8.326082000000000559e-06
8.359609999999999402e-06
8.396862999999999636e-06
8.430390000000000781e-06
8.467642999999999321e-06
8.501170999999999858e-06
8.530972999999999611e-06
8.564501000000000148e-06
8.590578000000000203e-06
8.616655000000000259e-06
8.642732000000000314e-06
8.668809000000000369e-06
8.691159999999999641e-06
8.717238000000000783e-06
8.743315000000000838e-06
8.769391999999999200e-06
8.802919000000000344e-06
8.832721999999999489e-06
8.862523999999999242e-06
8.892326000000000689e-06
8.925853999999999532e-06
8.955655999999999285e-06
8.985458000000000732e-06
9.011535000000000788e-06
9.037612000000000843e-06
9.063690000000000291e-06
9.086040999999999562e-06
9.112117999999999618e-06
9.130745000000000278e-06
9.153095999999999550e-06
9.179174000000000691e-06
9.205251000000000747e-06
9.227602000000000018e-06
9.253679000000000074e-06
9.276031000000000432e-06
9.305833000000000185e-06
9.328185000000000543e-06
9.350536999999999206e-06
9.376613999999999262e-06
9.402690999999999317e-06
9.432493000000000764e-06
9.458570000000000820e-06
9.488372999999999965e-06
9.518174999999999718e-06
9.547976999999999471e-06
9.577780000000000310e-06
9.611306999999999761e-06
9.644835000000000298e-06
9.678361999999999748e-06
9.711890000000000285e-06
9.745418000000000822e-06
9.775220000000000575e-06
9.808747999999999418e-06
9.838549999999999170e-06
9.872077000000000315e-06
9.905604999999999158e-06
9.935407000000000605e-06
9.965209999999999750e-06
9.998736999999999201e-06
1.002854000000000004e-05
1.006206999999999936e-05
1.009187000000000033e-05
1.012539999999999965e-05
1.015520000000000062e-05
1.018499999999999989e-05
1.021479999999999917e-05
1.024461000000000084e-05
1.027441000000000011e-05
1.030420999999999938e-05
1.033028999999999931e-05
1.036009000000000028e-05
1.038988999999999955e-05
1.042342000000000057e-05
1.045321999999999984e-05
1.048302999999999982e-05
1.051283000000000079e-05
1.054263000000000006e-05
1.057615999999999938e-05
1.060596000000000035e-05
1.063948999999999967e-05
1.066929000000000064e-05
1.070281999999999996e-05
1.073261999999999923e-05
1.076615000000000025e-05
1.079594999999999952e-05
1.082948000000000054e-05
1.086299999999999916e-05
1.089653000000000018e-05
1.092632999999999945e-05
1.096359000000000051e-05
1.099338999999999979e-05
1.102692000000000080e-05
1.106045000000000013e-05
1.109024999999999940e-05
1.112378000000000042e-05
1.115730000000000073e-05
1.119083000000000005e-05
1.122062999999999933e-05
1.125416000000000034e-05
1.128395999999999962e-05
1.131376000000000059e-05
1.134357000000000056e-05
1.137708999999999918e-05
1.140689999999999916e-05
1.144041999999999947e-05
1.147022999999999945e-05
1.150374999999999976e-05
1.153728000000000078e-05
1.157081000000000010e-05
1.160433999999999942e-05
1.163787000000000044e-05
1.167139000000000075e-05
1.170492000000000007e-05
1.173471999999999935e-05
1.176825000000000036e-05
1.179804999999999964e-05
1.183158000000000065e-05
1.186510999999999997e-05
1.189863999999999930e-05
1.192844000000000026e-05
1.196569000000000063e-05
1.199548999999999990e-05
1.203274999999999927e-05
1.206255000000000024e-05
1.209607999999999956e-05
1.212959999999999988e-05
1.216312999999999920e-05
1.219666000000000021e-05
1.223391000000000058e-05
1.226743999999999990e-05
1.230096999999999922e-05
1.233448999999999954e-05
1.237175000000000060e-05
1.240526999999999922e-05
1.243880000000000024e-05
1.247232999999999956e-05
1.250586000000000057e-05
1.253938999999999989e-05
1.256918999999999917e-05
1.260272000000000018e-05
1.263251999999999946e-05
1.266605000000000047e-05
1.269211999999999970e-05
1.272192000000000067e-05
1.275544999999999999e-05
1.278524999999999927e-05
1.281505999999999924e-05
1.284113000000000016e-05
1.287094000000000013e-05
1.290073999999999941e-05
1.293054000000000038e-05
1.296033999999999965e-05
1.299014999999999962e-05
1.301995000000000059e-05
1.304601999999999982e-05
1.307582999999999979e-05
1.310935000000000011e-05
1.313543000000000004e-05
1.316522999999999931e-05
1.319503999999999928e-05
1.322111000000000021e-05
1.325092000000000018e-05
1.328071999999999945e-05
1.331052000000000042e-05
1.334031999999999970e-05
1.337012999999999967e-05
1.340364999999999999e-05
1.343717999999999931e-05
1.347071000000000032e-05
1.350423999999999964e-05
1.353775999999999996e-05
1.357128999999999928e-05
1.360853999999999965e-05
1.364580000000000071e-05
1.367931999999999933e-05
1.370912999999999930e-05
1.374264999999999962e-05
1.377991000000000068e-05
1.381342999999999930e-05
1.384696000000000032e-05
1.388421999999999969e-05
1.391774000000000000e-05
1.395126999999999933e-05
1.398480000000000034e-05
1.401832999999999966e-05
1.405558000000000003e-05
1.408910999999999935e-05
1.411891000000000032e-05
1.415243999999999964e-05
1.418595999999999995e-05
1.421576999999999993e-05
1.424929000000000024e-05
1.428281999999999957e-05
1.431262000000000053e-05
1.434614999999999986e-05
1.437967999999999918e-05
1.441321000000000019e-05
1.444673000000000051e-05
1.448025999999999983e-05
1.451751000000000019e-05
1.455103999999999952e-05
1.458830000000000058e-05
1.462181999999999920e-05
1.465908000000000026e-05
1.469260000000000058e-05
1.472612999999999990e-05
1.475965999999999922e-05
1.479319000000000024e-05
1.483044000000000060e-05
1.486396999999999992e-05
1.489749000000000024e-05
1.493101999999999956e-05
1.496826999999999992e-05
1.500179999999999924e-05
1.503533000000000026e-05
1.507258000000000062e-05
1.510610999999999995e-05
1.514336000000000031e-05
1.517688999999999963e-05
1.521413999999999999e-05
1.525139999999999936e-05
1.528870999999999884e-05
1.532223999999999986e-05
1.535576000000000017e-05
1.539302000000000124e-05
1.543027000000000160e-05
1.546751999999999857e-05
1.550476999999999894e-05
1.554203000000000000e-05
1.557928000000000036e-05
1.561281000000000138e-05
1.565005999999999835e-05
1.568358999999999937e-05
1.572083999999999973e-05
1.575809000000000010e-05
1.579162000000000111e-05
1.582514999999999874e-05
1.585867999999999975e-05
1.589220000000000007e-05
1.592573000000000109e-05
1.595925999999999871e-05
1.599650999999999908e-05
1.603004000000000009e-05
1.606729000000000046e-05
1.610455000000000152e-05
1.614179999999999849e-05
1.617904999999999886e-05
1.621630999999999992e-05
1.625356000000000028e-05
1.629454000000000069e-05
1.633551000000000041e-05
1.637277000000000147e-05
1.641001999999999844e-05
1.645099999999999885e-05
1.648824999999999922e-05
1.652922999999999963e-05
1.656647999999999999e-05
1.660746000000000040e-05
1.664471000000000077e-05
1.668569000000000118e-05
1.671921999999999880e-05
1.675646999999999917e-05
1.679373000000000023e-05
1.683469999999999994e-05
1.687196000000000100e-05
1.690921000000000137e-05
1.694273999999999899e-05
1.698370999999999871e-05
1.702096999999999977e-05
1.706195000000000018e-05
1.709920000000000054e-05
1.713645000000000091e-05
1.717743000000000132e-05
1.721840999999999834e-05
1.725565999999999870e-05
1.729663999999999911e-05
1.733761999999999952e-05
1.737859999999999993e-05
1.741585000000000030e-05
1.745683000000000071e-05
1.749408000000000107e-05
1.753506000000000148e-05
1.757230999999999846e-05
1.760583999999999947e-05
1.764308999999999984e-05
1.768034000000000020e-05
1.771760000000000126e-05
1.775858000000000167e-05
1.779582999999999865e-05
1.782562999999999962e-05
1.786287999999999998e-05
1.790014000000000104e-05
1.793739000000000141e-05
1.797091999999999903e-05
1.800816999999999940e-05
1.804541999999999976e-05
1.807895000000000078e-05
1.811620000000000114e-05
1.815345999999999881e-05
1.819070999999999918e-05
1.822795999999999954e-05
1.826893999999999995e-05
1.830247000000000097e-05
1.833972000000000133e-05
1.837697000000000169e-05
1.841794999999999872e-05
1.845519999999999908e-05
1.849246000000000014e-05
1.852226000000000111e-05
1.855951000000000147e-05
1.859303999999999910e-05
1.862284000000000007e-05
1.865264000000000104e-05
1.868244999999999932e-05
1.871225000000000029e-05
1.873459999999999847e-05
1.875323000000000070e-05
1.877557999999999888e-05
1.879048000000000106e-05
1.880910999999999990e-05
1.882027999999999864e-05
1.883146000000000147e-05
1.883891000000000087e-05
1.884636000000000026e-05
1.885753999999999970e-05
1.886498999999999910e-05
1.887243999999999849e-05
1.887616000000000123e-05
1.888361000000000062e-05
1.888734000000000067e-05
1.889479000000000007e-05
1.889850999999999941e-05
1.890223999999999946e-05
1.890223999999999946e-05
1.890595999999999881e-05
1.890968999999999886e-05
1.890968999999999886e-05
1.891341999999999890e-05
1.891341999999999890e-05
1.891341999999999890e-05
1.891341999999999890e-05
1.891341999999999890e-05
1.891341999999999890e-05
1.891341999999999890e-05
1.891341999999999890e-05
1.890968999999999886e-05
1.890968999999999886e-05
1.890968999999999886e-05
1.890968999999999886e-05
1.890968999999999886e-05
1.890968999999999886e-05
1.890968999999999886e-05
1.890595999999999881e-05
1.890595999999999881e-05
1.890595999999999881e-05
1.890595999999999881e-05
1.890595999999999881e-05
1.890968999999999886e-05
1.890968999999999886e-05
1.891341999999999890e-05
1.891341999999999890e-05
1.891714000000000164e-05
1.892087000000000169e-05
1.892832000000000108e-05
1.893577000000000048e-05
1.893948999999999982e-05
1.894321999999999987e-05
1.895066999999999927e-05
1.895811999999999866e-05
1.896184000000000140e-05
1.896557000000000145e-05
1.896929000000000079e-05
1.897675000000000089e-05
1.898047000000000024e-05
1.898791999999999963e-05
1.899909999999999907e-05
1.900654999999999847e-05
1.901772000000000060e-05
1.903261999999999939e-05
1.904752999999999888e-05
1.906243000000000106e-05
1.907732999999999985e-05
1.909222999999999864e-05
1.910713000000000081e-05
1.912575999999999965e-05
1.913692999999999840e-05
1.915183000000000057e-05
1.916301000000000002e-05
1.917790999999999881e-05
1.918909000000000164e-05
1.920026000000000038e-05
1.921143999999999982e-05
1.921888999999999922e-05
1.923006000000000135e-05
1.923752000000000144e-05
1.924869000000000018e-05
1.925242000000000023e-05
1.925613999999999958e-05
1.926358999999999897e-05
1.927103999999999837e-05
1.927476999999999842e-05
1.927849000000000115e-05
1.928222000000000120e-05
1.928222000000000120e-05
1.928967000000000060e-05
1.929338999999999994e-05
1.929338999999999994e-05
1.929338999999999994e-05
1.929711999999999999e-05
1.929711999999999999e-05
1.930085000000000004e-05
1.930085000000000004e-05
1.929711999999999999e-05
1.929711999999999999e-05
1.929711999999999999e-05
1.929338999999999994e-05
1.928967000000000060e-05
1.928594000000000055e-05
1.928222000000000120e-05
1.928222000000000120e-05
1.927849000000000115e-05
1.927476999999999842e-05
1.927103999999999837e-05
1.926731999999999902e-05
1.926731999999999902e-05
1.926358999999999897e-05
1.925986999999999963e-05
1.925986999999999963e-05
1.925613999999999958e-05
1.925613999999999958e-05
1.925613999999999958e-05
1.925242000000000023e-05
1.925242000000000023e-05
1.925242000000000023e-05
1.925242000000000023e-05
1.925242000000000023e-05
1.925242000000000023e-05
1.925242000000000023e-05
1.925242000000000023e-05
1.925242000000000023e-05
1.925242000000000023e-05
1.925242000000000023e-05
1.924869000000000018e-05
1.924869000000000018e-05
1.924869000000000018e-05
1.924869000000000018e-05
1.924869000000000018e-05
1.924869000000000018e-05
1.924869000000000018e-05
1.924869000000000018e-05
1.924869000000000018e-05
1.924869000000000018e-05
1.924869000000000018e-05
1.924869000000000018e-05
1.924869000000000018e-05
1.924869000000000018e-05
1.924869000000000018e-05
1.924869000000000018e-05
1.924869000000000018e-05
1.924869000000000018e-05
1.924869000000000018e-05
1.924869000000000018e-05
1.924869000000000018e-05
1.924869000000000018e-05
1.924869000000000018e-05
1.924497000000000084e-05
1.924497000000000084e-05
1.924497000000000084e-05
1.924124000000000079e-05
1.924124000000000079e-05
1.923752000000000144e-05
1.923752000000000144e-05
1.923752000000000144e-05
1.923752000000000144e-05
1.923752000000000144e-05
1.923752000000000144e-05
1.923752000000000144e-05
1.924124000000000079e-05
1.924124000000000079e-05
1.924124000000000079e-05
1.924497000000000084e-05
1.924497000000000084e-05
1.924869000000000018e-05
1.924869000000000018e-05
1.924869000000000018e-05
1.924869000000000018e-05
1.925242000000000023e-05
1.925242000000000023e-05
1.925242000000000023e-05
1.924869000000000018e-05
1.924869000000000018e-05
1.924869000000000018e-05
1.924497000000000084e-05
1.924497000000000084e-05
1.924124000000000079e-05
1.924124000000000079e-05
1.923752000000000144e-05
1.923752000000000144e-05
1.923752000000000144e-05
1.923752000000000144e-05
1.923752000000000144e-05
1.923752000000000144e-05
1.923752000000000144e-05
1.923752000000000144e-05
1.923752000000000144e-05
1.924124000000000079e-05
1.924124000000000079e-05
1.924124000000000079e-05
1.924124000000000079e-05
1.924124000000000079e-05
1.924124000000000079e-05
1.924124000000000079e-05
1.924124000000000079e-05
1.924124000000000079e-05
1.924124000000000079e-05
1.924124000000000079e-05
1.924124000000000079e-05
1.924124000000000079e-05
1.924497000000000084e-05
1.924497000000000084e-05
1.924497000000000084e-05
1.924497000000000084e-05
1.924869000000000018e-05
1.924869000000000018e-05
1.924869000000000018e-05
1.925242000000000023e-05
1.925242000000000023e-05
1.925242000000000023e-05
1.925242000000000023e-05
