-3.700000000000000164e-03
1.060000000000000005e-02
3.009999999999999828e-02
6.049999999999999822e-02
9.070000000000000284e-02
1.205999999999999989e-01
1.406999999999999917e-01
1.708000000000000074e-01
2.008000000000000063e-01
2.308999999999999941e-01
2.508000000000000229e-01
2.802000000000000046e-01
3.104000000000000092e-01
3.406000000000000139e-01
3.704000000000000070e-01
3.906000000000000028e-01
4.205999999999999739e-01
4.504000000000000226e-01
4.803999999999999937e-01
4.996999999999999775e-01
5.302000000000000046e-01
5.602000000000000313e-01
5.903000000000000469e-01
6.104000000000000536e-01
6.408000000000000362e-01
6.705999999999999739e-01
7.023000000000000353e-01
7.219999999999999751e-01
7.514999999999999458e-01
7.816999999999999504e-01
8.116999999999999771e-01
8.317999999999999838e-01
8.597000000000000197e-01
8.918000000000000371e-01
9.214999999999999858e-01
9.412000000000000366e-01
9.690999999999999615e-01
1.001200000000000090e+00
1.031199999999999894e+00
1.051700000000000079e+00
1.081399999999999917e+00
1.111799999999999899e+00
1.141699999999999937e+00
1.171899999999999942e+00
1.191599999999999993e+00
1.220800000000000107e+00
1.251300000000000079e+00
1.281300000000000106e+00
1.301199999999999912e+00
1.330899999999999972e+00
1.361099999999999977e+00
1.391100000000000003e+00
1.411100000000000021e+00
1.440399999999999903e+00
1.470800000000000107e+00
1.502299999999999969e+00
1.522699999999999942e+00
1.550899999999999945e+00
1.582799999999999985e+00
1.612800000000000011e+00
1.632800000000000029e+00
1.662400000000000100e+00
1.691999999999999948e+00
1.722099999999999964e+00
1.741900000000000004e+00
1.771900000000000031e+00
1.801500000000000101e+00
1.831900000000000084e+00
1.851900000000000102e+00
1.881699999999999928e+00
1.911100000000000021e+00
1.941400000000000015e+00
1.971300000000000052e+00
1.991600000000000037e+00
2.021500000000000075e+00
2.051800000000000068e+00
2.083600000000000119e+00
2.103499999999999925e+00
2.133399999999999963e+00
2.162799999999999834e+00
2.193099999999999827e+00
2.212800000000000100e+00
2.242999999999999883e+00
2.272499999999999964e+00
2.302799999999999958e+00
2.322999999999999954e+00
2.353099999999999969e+00
2.382600000000000051e+00
2.412799999999999834e+00
2.432799999999999851e+00
2.462899999999999867e+00
2.492799999999999905e+00
2.522899999999999920e+00
2.543099999999999916e+00
2.572799999999999976e+00
2.602799999999999780e+00
2.632200000000000095e+00
2.652299999999999880e+00
2.682100000000000151e+00
2.712299999999999933e+00
2.741899999999999782e+00
2.773800000000000043e+00
2.794000000000000039e+00
2.823799999999999866e+00
2.853299999999999947e+00
2.883700000000000152e+00
2.903700000000000170e+00
2.933699999999999974e+00
2.963699999999999779e+00
2.993900000000000006e+00
3.013799999999999812e+00
3.043699999999999850e+00
3.073599999999999888e+00
3.103200000000000180e+00
3.123299999999999965e+00
3.153200000000000003e+00
3.183399999999999785e+00
3.212899999999999867e+00
3.233200000000000074e+00
3.263300000000000090e+00
3.293200000000000127e+00
3.322999999999999954e+00
3.342799999999999994e+00
3.373000000000000220e+00
3.403099999999999792e+00
3.433199999999999807e+00
3.452799999999999869e+00
3.483099999999999863e+00
3.512700000000000156e+00
3.543000000000000149e+00
3.572299999999999809e+00
3.592400000000000038e+00
3.624099999999999877e+00
3.654100000000000126e+00
3.683699999999999974e+00
3.704099999999999948e+00
3.733999999999999986e+00
3.763700000000000045e+00
3.793299999999999894e+00
3.813099999999999934e+00
3.843700000000000117e+00
3.873800000000000132e+00
3.903999999999999915e+00
3.923500000000000210e+00
3.954000000000000181e+00
3.983800000000000008e+00
4.013799999999999812e+00
4.033900000000000041e+00
4.063500000000000334e+00
4.093600000000000350e+00
4.123700000000000365e+00
4.143500000000000405e+00
4.173499999999999766e+00
4.203700000000000436e+00
4.233600000000000030e+00
4.253400000000000070e+00
4.282700000000000173e+00
4.315000000000000391e+00
4.345100000000000406e+00
4.375300000000000189e+00
4.394999999999999574e+00
4.425200000000000244e+00
4.455000000000000071e+00
4.485299999999999621e+00
4.504999999999999893e+00
4.534600000000000186e+00
4.564700000000000202e+00
4.594699999999999562e+00
4.614700000000000024e+00
4.644599999999999618e+00
4.674699999999999633e+00
4.704600000000000115e+00
4.724199999999999733e+00
4.753599999999999604e+00
4.784099999999999575e+00
4.814099999999999824e+00
4.834600000000000009e+00
4.864300000000000068e+00
4.894700000000000273e+00
4.924500000000000099e+00
4.944700000000000095e+00
4.974400000000000155e+00
5.005600000000000271e+00
5.035800000000000054e+00
5.055799999999999628e+00
5.085799999999999876e+00
5.115700000000000358e+00
5.145900000000000141e+00
5.175799999999999734e+00
5.195400000000000240e+00
5.224800000000000111e+00
5.255300000000000082e+00
5.285300000000000331e+00
5.305699999999999861e+00
5.335600000000000342e+00
5.365499999999999936e+00
5.395599999999999952e+00
5.415600000000000414e+00
5.445400000000000240e+00
5.474800000000000111e+00
5.504900000000000126e+00
5.524600000000000399e+00
5.554899999999999949e+00
5.584500000000000242e+00
5.614799999999999791e+00
5.634500000000000064e+00
5.664299999999999891e+00
5.693999999999999950e+00
5.724099999999999966e+00
5.744200000000000195e+00
5.774499999999999744e+00
5.804299999999999571e+00
5.834600000000000009e+00
5.854800000000000004e+00
5.884599999999999831e+00
5.916199999999999903e+00
5.945599999999999774e+00
5.975799999999999557e+00
5.995599999999999596e+00
6.025699999999999612e+00
6.055500000000000327e+00
6.085899999999999643e+00
6.105699999999999683e+00
6.135699999999999932e+00
6.165099999999999802e+00
6.195500000000000007e+00
6.215600000000000236e+00
6.245700000000000252e+00
6.275500000000000078e+00
6.305600000000000094e+00
6.325899999999999856e+00
6.355800000000000338e+00
6.385699999999999932e+00
6.414900000000000269e+00
6.434800000000000075e+00
6.464699999999999669e+00
6.495000000000000107e+00
6.524499999999999744e+00
6.545099999999999696e+00
6.574799999999999756e+00
6.606499999999999595e+00
6.636099999999999888e+00
6.656100000000000350e+00
6.686399999999999899e+00
6.716400000000000148e+00
6.746299999999999741e+00
6.776500000000000412e+00
6.796599999999999753e+00
6.826500000000000234e+00
6.856399999999999828e+00
6.886000000000000121e+00
6.905800000000000161e+00
6.935699999999999754e+00
6.965900000000000425e+00
6.995599999999999596e+00
7.015900000000000247e+00
7.045899999999999608e+00
7.075800000000000090e+00
7.105400000000000382e+00
7.125399999999999956e+00
7.155800000000000161e+00
7.185900000000000176e+00
7.217200000000000060e+00
7.237000000000000099e+00
7.265699999999999825e+00
7.297200000000000131e+00
7.327300000000000146e+00
7.347000000000000419e+00
7.376500000000000057e+00
7.406600000000000072e+00
7.436700000000000088e+00
7.456500000000000128e+00
7.486600000000000144e+00
7.516300000000000203e+00
7.546400000000000219e+00
7.575999999999999623e+00
7.596000000000000085e+00
7.626299999999999635e+00
7.656299999999999883e+00
7.688100000000000378e+00
7.706100000000000172e+00
7.736500000000000377e+00
7.766300000000000203e+00
7.798000000000000043e+00
7.817899999999999849e+00
7.846099999999999852e+00
7.877600000000000158e+00
7.907899999999999707e+00
7.927800000000000402e+00
7.957799999999999763e+00
7.987899999999999778e+00
8.017699999999999605e+00
8.037599999999999412e+00
8.067299999999999471e+00
8.097699999999999676e+00
8.127700000000000813e+00
8.147700000000000387e+00
8.177400000000000446e+00
8.207800000000000651e+00
8.237700000000000244e+00
8.257899999999999352e+00
8.287499999999999645e+00
8.317099999999999937e+00
8.347300000000000608e+00
8.377399999999999736e+00
8.397299999999999542e+00
8.428900000000000503e+00
8.458800000000000097e+00
8.488799999999999457e+00
8.508699999999999264e+00
8.538199999999999790e+00
8.568500000000000227e+00
8.598399999999999821e+00
8.618600000000000705e+00
8.648500000000000298e+00
8.678900000000000503e+00
8.708600000000000563e+00
8.728899999999999437e+00
8.758599999999999497e+00
8.788199999999999790e+00
8.818300000000000693e+00
8.838400000000000034e+00
8.868299999999999628e+00
8.898199999999999221e+00
8.929999999999999716e+00
8.948000000000000398e+00
8.977999999999999758e+00
9.007600000000000051e+00
9.038000000000000256e+00
9.057999999999999829e+00
9.088200000000000500e+00
9.118000000000000327e+00
9.149800000000000821e+00
9.179800000000000182e+00
9.199799999999999756e+00
9.229599999999999582e+00
9.259100000000000108e+00
9.289300000000000779e+00
9.309200000000000585e+00
9.339199999999999946e+00
9.368900000000000006e+00
9.399200000000000443e+00
9.418699999999999406e+00
9.448800000000000310e+00
9.478300000000000836e+00
9.508300000000000196e+00
9.528499999999999304e+00
9.558899999999999508e+00
9.588699999999999335e+00
9.618999999999999773e+00
9.638999999999999346e+00
9.668799999999999173e+00
9.698900000000000077e+00
9.728300000000000836e+00
9.748400000000000176e+00
9.778299999999999770e+00
9.808299999999999130e+00
9.838200000000000500e+00
9.858499999999999375e+00
9.888299999999999201e+00
9.918400000000000105e+00
9.947800000000000864e+00
9.979699999999999349e+00
9.999900000000000233e+00
1.002999999999999936e+01
1.006000000000000050e+01
1.009009999999999962e+01
1.011020000000000074e+01
1.014000000000000057e+01
1.016980000000000040e+01
1.019940000000000069e+01
1.021930000000000049e+01
1.024910000000000032e+01
1.027929999999999922e+01
1.030889999999999951e+01
1.032939999999999969e+01
1.035929999999999929e+01
1.038930000000000042e+01
1.041869999999999941e+01
1.043880000000000052e+01
1.046899999999999942e+01
1.049929999999999986e+01
1.052919999999999945e+01
1.054920000000000080e+01
1.057929999999999993e+01
1.060929999999999929e+01
1.063920000000000066e+01
1.065869999999999962e+01
1.068870000000000076e+01
1.071840000000000082e+01
1.074849999999999994e+01
1.077820000000000000e+01
1.079879999999999995e+01
1.082869999999999955e+01
1.085849999999999937e+01
1.088990000000000080e+01
1.090980000000000061e+01
1.094009999999999927e+01
1.097020000000000017e+01
1.100000000000000000e+01
1.101989999999999981e+01
1.105020000000000024e+01
1.108009999999999984e+01
1.110999999999999943e+01
1.112969999999999970e+01
1.115949999999999953e+01
1.118929999999999936e+01
1.121930000000000049e+01
1.123920000000000030e+01
1.126950000000000074e+01
1.129930000000000057e+01
1.132929999999999993e+01
1.134919999999999973e+01
1.137880000000000003e+01
1.140930000000000000e+01
1.143939999999999912e+01
1.145919999999999916e+01
1.148900000000000077e+01
1.151929999999999943e+01
1.154930000000000057e+01
1.157939999999999969e+01
1.159929999999999950e+01
1.162899999999999956e+01
1.166050000000000075e+01
1.169069999999999965e+01
1.171059999999999945e+01
1.174070000000000036e+01
1.177069999999999972e+01
1.180049999999999955e+01
1.182039999999999935e+01
1.185040000000000049e+01
1.188049999999999962e+01
1.191060000000000052e+01
1.193050000000000033e+01
1.196020000000000039e+01
1.199060000000000059e+01
1.202040000000000042e+01
1.204069999999999929e+01
1.207039999999999935e+01
1.210009999999999941e+01
1.213010000000000055e+01
1.215010000000000012e+01
1.217999999999999972e+01
1.221010000000000062e+01
1.224000000000000021e+01
1.225970000000000049e+01
1.228969999999999985e+01
1.231930000000000014e+01
1.234970000000000034e+01
1.237979999999999947e+01
1.239990000000000059e+01
1.243120000000000047e+01
1.246149999999999913e+01
1.249150000000000027e+01
1.251169999999999938e+01
1.254149999999999920e+01
1.257099999999999973e+01
1.260100000000000087e+01
1.262100000000000044e+01
1.265109999999999957e+01
1.268120000000000047e+01
1.271110000000000007e+01
1.273070000000000057e+01
1.276069999999999993e+01
1.279039999999999999e+01
1.282080000000000020e+01
1.284089999999999954e+01
1.287090000000000067e+01
1.290080000000000027e+01
1.293099999999999916e+01
1.295100000000000051e+01
1.298099999999999987e+01
1.301069999999999993e+01
1.304020000000000046e+01
1.306029999999999980e+01
1.309029999999999916e+01
1.312030000000000030e+01
1.315010000000000012e+01
1.318030000000000079e+01
1.319989999999999952e+01
1.322969999999999935e+01
1.326099999999999923e+01
1.329139999999999944e+01
1.331129999999999924e+01
1.334159999999999968e+01
1.337129999999999974e+01
1.340169999999999995e+01
1.342179999999999929e+01
1.345170000000000066e+01
1.348150000000000048e+01
1.351099999999999923e+01
1.353100000000000058e+01
1.356119999999999948e+01
1.359110000000000085e+01
1.362119999999999997e+01
1.364109999999999978e+01
1.367079999999999984e+01
1.370100000000000051e+01
1.373049999999999926e+01
1.375089999999999968e+01
1.378110000000000035e+01
1.381099999999999994e+01
1.384099999999999930e+01
1.386100000000000065e+01
1.389119999999999955e+01
1.392120000000000068e+01
1.395100000000000051e+01
1.398210000000000086e+01
1.400220000000000020e+01
1.403190000000000026e+01
1.406209999999999916e+01
1.409190000000000076e+01
1.411200000000000010e+01
1.414179999999999993e+01
1.417190000000000083e+01
1.420149999999999935e+01
1.422170000000000023e+01
1.425179999999999936e+01
1.428190000000000026e+01
1.431170000000000009e+01
1.433179999999999943e+01
1.436209999999999987e+01
1.439209999999999923e+01
1.442190000000000083e+01
1.444130000000000003e+01
1.447119999999999962e+01
1.450120000000000076e+01
1.453129999999999988e+01
1.455139999999999922e+01
1.458150000000000013e+01
1.461120000000000019e+01
1.464129999999999932e+01
1.466109999999999935e+01
1.469100000000000072e+01
1.472100000000000009e+01
1.475109999999999921e+01
1.478270000000000017e+01
1.480279999999999951e+01
1.483290000000000042e+01
1.486289999999999978e+01
1.489279999999999937e+01
1.491210000000000058e+01
1.494200000000000017e+01
1.497189999999999976e+01
1.500210000000000043e+01
1.502190000000000047e+01
1.505209999999999937e+01
1.508189999999999920e+01
1.511200000000000010e+01
1.513180000000000014e+01
1.516119999999999912e+01
1.519130000000000003e+01
1.522129999999999939e+01
1.524130000000000074e+01
1.527130000000000010e+01
1.530160000000000053e+01
1.533329999999999949e+01
1.535169999999999924e+01
1.538129999999999953e+01
1.541109999999999935e+01
1.544260000000000055e+01
1.546289999999999942e+01
1.549109999999999943e+01
1.552270000000000039e+01
1.555289999999999928e+01
1.558290000000000042e+01
1.560280000000000022e+01
1.563260000000000005e+01
1.566280000000000072e+01
1.569289999999999985e+01
1.571279999999999966e+01
1.574249999999999972e+01
1.577289999999999992e+01
1.580269999999999975e+01
1.582280000000000086e+01
1.585280000000000022e+01
1.588230000000000075e+01
1.591230000000000011e+01
1.593249999999999922e+01
1.596230000000000082e+01
1.599230000000000018e+01
1.602220000000000155e+01
1.604210000000000136e+01
1.607199999999999918e+01
1.610320000000000107e+01
1.613380000000000081e+01
1.615350000000000108e+01
1.618380000000000152e+01
1.621359999999999957e+01
1.624380000000000024e+01
1.626389999999999958e+01
1.629410000000000025e+01
1.632379999999999853e+01
1.635340000000000060e+01
1.638350000000000151e+01
1.640350000000000108e+01
1.643339999999999890e+01
1.646330000000000027e+01
1.649350000000000094e+01
1.651330000000000098e+01
1.654319999999999879e+01
1.657290000000000063e+01
1.660300000000000153e+01
1.662320000000000064e+01
1.665340000000000131e+01
1.668319999999999936e+01
1.671499999999999986e+01
1.673329999999999984e+01
1.676330000000000098e+01
1.679309999999999903e+01
1.682440000000000069e+01
1.684450000000000003e+01
1.687269999999999825e+01
1.690429999999999922e+01
1.693430000000000035e+01
1.695420000000000016e+01
1.698400000000000176e+01
1.701399999999999935e+01
1.704339999999999833e+01
1.706360000000000099e+01
1.709390000000000143e+01
1.712399999999999878e+01
1.715370000000000061e+01
1.718420000000000059e+01
1.720420000000000016e+01
1.723410000000000153e+01
1.726399999999999935e+01
1.729520000000000124e+01
1.731360000000000099e+01
1.734369999999999834e+01
1.737519999999999953e+01
1.740530000000000044e+01
1.742530000000000001e+01
1.745510000000000161e+01
1.748519999999999897e+01
1.751450000000000173e+01
1.753500000000000014e+01
1.756520000000000081e+01
1.759530000000000172e+01
1.762509999999999977e+01
1.764529999999999887e+01
1.767520000000000024e+01
1.770540000000000092e+01
1.773509999999999920e+01
1.775469999999999970e+01
1.778470000000000084e+01
1.781449999999999889e+01
1.784469999999999956e+01
1.786420000000000030e+01
1.789460000000000051e+01
1.792439999999999856e+01
1.795429999999999993e+01
1.798389999999999844e+01
1.800430000000000064e+01
1.803440000000000154e+01
1.806459999999999866e+01
1.809590000000000032e+01
1.811609999999999943e+01
1.814620000000000033e+01
1.817620000000000147e+01
1.820609999999999928e+01
1.822569999999999979e+01
1.825560000000000116e+01
1.828559999999999874e+01
1.831540000000000035e+01
1.833549999999999969e+01
1.836580000000000013e+01
1.839549999999999841e+01
1.842539999999999978e+01
1.844519999999999982e+01
1.847530000000000072e+01
1.850540000000000163e+01
1.853559999999999874e+01
1.855549999999999855e+01
1.858549999999999969e+01
1.861560000000000059e+01
1.864549999999999841e+01
1.866529999999999845e+01
1.869500000000000028e+01
1.872469999999999857e+01
1.875450000000000017e+01
1.878470000000000084e+01
1.880470000000000041e+01
1.883490000000000109e+01
1.886459999999999937e+01
1.889450000000000074e+01
1.891420000000000101e+01
1.894440000000000168e+01
1.897459999999999880e+01
1.900459999999999994e+01
1.902449999999999974e+01
1.905460000000000065e+01
1.908480000000000132e+01
1.911639999999999873e+01
1.913639999999999830e+01
1.916440000000000055e+01
1.919419999999999860e+01
1.922569999999999979e+01
1.924599999999999866e+01
1.927599999999999980e+01
1.930600000000000094e+01
1.933609999999999829e+01
1.935600000000000165e+01
1.938579999999999970e+01
1.941580000000000084e+01
1.944600000000000151e+01
1.946569999999999823e+01
1.949589999999999890e+01
1.952550000000000097e+01
1.955610000000000070e+01
1.958599999999999852e+01
1.960600000000000165e+01
1.963569999999999993e+01
1.966540000000000177e+01
1.969529999999999959e+01
1.971559999999999846e+01
1.974530000000000030e+01
1.977720000000000056e+01
1.980689999999999884e+01
1.982700000000000173e+01
1.985699999999999932e+01
1.988670000000000115e+01
1.991689999999999827e+01
1.993680000000000163e+01
1.996659999999999968e+01
1.999680000000000035e+01
2.002690000000000126e+01
2.004700000000000060e+01
2.007710000000000150e+01
2.010670000000000002e+01
2.013650000000000162e+01
2.015650000000000119e+01
2.018649999999999878e+01
2.021640000000000015e+01
2.024640000000000128e+01
2.026630000000000109e+01
2.029629999999999868e+01
2.032620000000000005e+01
2.035610000000000142e+01
2.038800000000000168e+01
2.040729999999999933e+01
2.040990000000000038e+01
2.041000000000000014e+01
2.041540000000000177e+01
2.044689999999999941e+01
2.047670000000000101e+01
2.049670000000000059e+01
2.052680000000000149e+01
2.055669999999999931e+01
2.058620000000000161e+01
2.060620000000000118e+01
2.063609999999999900e+01
2.066629999999999967e+01
2.069620000000000104e+01
2.071610000000000085e+01
2.074609999999999843e+01
2.077599999999999980e+01
2.080580000000000140e+01
2.082550000000000168e+01
2.085559999999999903e+01
2.088560000000000016e+01
2.091570000000000107e+01
2.094569999999999865e+01
2.096590000000000131e+01
2.099749999999999872e+01
2.102749999999999986e+01
2.105720000000000169e+01
2.107689999999999841e+01
2.110699999999999932e+01
2.113710000000000022e+01
2.116689999999999827e+01
2.118700000000000117e+01
2.121709999999999852e+01
2.124699999999999989e+01
2.127690000000000126e+01
2.129650000000000176e+01
2.132679999999999865e+01
2.135670000000000002e+01
2.138670000000000115e+01
2.140680000000000049e+01
2.143710000000000093e+01
2.146699999999999875e+01
2.149709999999999965e+01
2.151679999999999993e+01
2.154619999999999891e+01
2.157639999999999958e+01
2.160630000000000095e+01
2.162620000000000076e+01
2.165630000000000166e+01
2.168619999999999948e+01
2.171630000000000038e+01
2.174609999999999843e+01
2.176579999999999870e+01
2.179599999999999937e+01
2.182580000000000098e+01
2.185600000000000165e+01
2.187610000000000099e+01
2.190619999999999834e+01
2.193789999999999907e+01
2.196790000000000020e+01
2.198760000000000048e+01
2.201729999999999876e+01
2.204729999999999990e+01
2.207740000000000080e+01
2.209730000000000061e+01
2.212709999999999866e+01
2.215739999999999910e+01
2.218720000000000070e+01
2.220720000000000027e+01
2.223679999999999879e+01
2.226689999999999969e+01
2.229690000000000083e+01
2.231719999999999970e+01
2.234700000000000131e+01
2.237730000000000175e+01
2.240709999999999980e+01
2.242699999999999960e+01
2.245700000000000074e+01
2.248649999999999949e+01
2.251670000000000016e+01
2.254820000000000135e+01
2.256800000000000139e+01
2.259789999999999921e+01
2.262790000000000035e+01
2.265800000000000125e+01
2.267800000000000082e+01
2.270759999999999934e+01
2.273770000000000024e+01
2.276760000000000161e+01
2.278790000000000049e+01
2.281800000000000139e+01
2.284809999999999874e+01
2.287809999999999988e+01
2.289819999999999922e+01
2.292800000000000082e+01
2.295769999999999911e+01
2.298760000000000048e+01
2.300750000000000028e+01
2.303750000000000142e+01
2.306719999999999970e+01
2.309759999999999991e+01
2.311759999999999948e+01
2.314770000000000039e+01
2.317899999999999849e+01
2.320899999999999963e+01
2.322899999999999920e+01
2.325929999999999964e+01
2.328910000000000124e+01
2.331919999999999860e+01
2.334929999999999950e+01
2.336919999999999931e+01
2.339920000000000044e+01
2.342869999999999919e+01
2.345880000000000010e+01
2.347850000000000037e+01
2.350860000000000127e+01
2.353819999999999979e+01
2.356859999999999999e+01
2.358859999999999957e+01
2.361860000000000070e+01
2.364839999999999876e+01
2.367830000000000013e+01
2.369839999999999947e+01
2.372860000000000014e+01
2.375850000000000151e+01
2.378869999999999862e+01
2.380870000000000175e+01
2.383840000000000003e+01
2.386860000000000070e+01
2.389819999999999922e+01
2.391809999999999903e+01
2.394800000000000040e+01
2.397820000000000107e+01
2.400789999999999935e+01
2.402809999999999846e+01
2.405809999999999960e+01
2.408810000000000073e+01
2.411769999999999925e+01
2.414789999999999992e+01
2.416809999999999903e+01
2.419790000000000063e+01
2.422800000000000153e+01
2.425979999999999848e+01
2.427939999999999898e+01
2.430780000000000030e+01
2.433770000000000167e+01
2.436919999999999931e+01
2.438909999999999911e+01
2.441900000000000048e+01
2.444910000000000139e+01
2.447860000000000014e+01
2.449899999999999878e+01
2.452899999999999991e+01
2.455890000000000128e+01
2.458859999999999957e+01
2.460839999999999961e+01
2.463850000000000051e+01
2.466860000000000142e+01
2.469879999999999853e+01
2.471849999999999881e+01
2.474869999999999948e+01
2.477850000000000108e+01
2.480870000000000175e+01
2.482849999999999824e+01
2.485829999999999984e+01
2.488810000000000144e+01
2.491819999999999879e+01
2.494810000000000016e+01
2.496819999999999951e+01
2.499840000000000018e+01
2.502830000000000155e+01
2.505809999999999960e+01
2.507770000000000010e+01
2.510790000000000077e+01
2.513789999999999836e+01
2.516799999999999926e+01
2.518789999999999907e+01
2.521829999999999927e+01
2.524800000000000111e+01
2.527819999999999823e+01
2.529799999999999827e+01
2.532760000000000034e+01
2.535760000000000147e+01
2.538749999999999929e+01
2.540749999999999886e+01
2.543750000000000000e+01
2.546760000000000090e+01
2.549749999999999872e+01
2.551739999999999853e+01
2.554690000000000083e+01
2.557720000000000127e+01
2.560889999999999844e+01
2.562910000000000110e+01
2.565729999999999933e+01
2.568740000000000023e+01
2.571910000000000096e+01
2.574919999999999831e+01
2.576910000000000167e+01
2.579860000000000042e+01
2.582849999999999824e+01
2.585849999999999937e+01
2.587859999999999872e+01
2.590840000000000032e+01
2.593850000000000122e+01
2.596839999999999904e+01
2.598819999999999908e+01
2.601810000000000045e+01
2.604830000000000112e+01
2.607829999999999870e+01
2.609850000000000136e+01
2.612809999999999988e+01
2.615850000000000009e+01
2.618840000000000146e+01
2.620840000000000103e+01
2.623839999999999861e+01
2.626950000000000074e+01
2.629939999999999856e+01
2.631940000000000168e+01
2.634929999999999950e+01
2.637930000000000064e+01
2.640930000000000177e+01
2.642920000000000158e+01
2.645929999999999893e+01
2.648890000000000100e+01
2.651930000000000121e+01
2.654929999999999879e+01
2.656929999999999836e+01
2.659919999999999973e+01
2.662940000000000040e+01
2.665940000000000154e+01
2.667950000000000088e+01
2.670939999999999870e+01
2.673890000000000100e+01
2.676889999999999858e+01
2.678859999999999886e+01
2.681879999999999953e+01
2.684870000000000090e+01
2.688050000000000139e+01
2.690050000000000097e+01
2.693049999999999855e+01
2.696039999999999992e+01
2.699040000000000106e+01
2.701050000000000040e+01
2.704050000000000153e+01
2.707029999999999959e+01
2.710060000000000002e+01
2.712069999999999936e+01
2.715050000000000097e+01
2.718049999999999855e+01
2.720990000000000109e+01
2.722960000000000136e+01
2.725979999999999848e+01
2.728979999999999961e+01
2.731960000000000122e+01
2.734990000000000165e+01
2.736990000000000123e+01
2.739969999999999928e+01
2.742960000000000065e+01
2.745970000000000155e+01
2.747970000000000113e+01
2.750989999999999824e+01
2.753969999999999985e+01
2.756990000000000052e+01
2.758980000000000032e+01
2.761970000000000169e+01
2.764979999999999905e+01
2.767930000000000135e+01
2.769920000000000115e+01
2.772919999999999874e+01
2.775929999999999964e+01
2.778920000000000101e+01
2.780940000000000012e+01
2.783920000000000172e+01
2.786929999999999907e+01
2.789920000000000044e+01
2.791920000000000002e+01
2.794920000000000115e+01
2.798079999999999856e+01
2.801089999999999947e+01
2.803049999999999997e+01
2.806090000000000018e+01
2.809069999999999823e+01
2.812059999999999960e+01
2.815050000000000097e+01
2.817040000000000077e+01
2.820019999999999882e+01
2.823029999999999973e+01
2.826010000000000133e+01
2.828010000000000090e+01
2.831019999999999825e+01
2.834009999999999962e+01
2.837000000000000099e+01
2.838980000000000103e+01
2.841989999999999839e+01
2.844989999999999952e+01
2.848150000000000048e+01
2.850130000000000052e+01
2.853160000000000096e+01
2.856149999999999878e+01
2.859149999999999991e+01
2.861149999999999949e+01
2.864120000000000132e+01
2.867119999999999891e+01
2.870129999999999981e+01
2.872109999999999985e+01
2.875110000000000099e+01
2.878109999999999857e+01
2.881109999999999971e+01
2.883099999999999952e+01
2.886080000000000112e+01
2.889089999999999847e+01
2.892079999999999984e+01
2.895100000000000051e+01
2.897090000000000032e+01
2.900110000000000099e+01
2.903089999999999904e+01
2.906080000000000041e+01
2.908089999999999975e+01
2.911039999999999850e+01
2.914039999999999964e+01
2.917040000000000077e+01
2.919040000000000035e+01
2.922040000000000148e+01
2.925049999999999883e+01
2.928040000000000020e+01
2.930020000000000024e+01
2.932989999999999853e+01
2.936019999999999897e+01
2.939000000000000057e+01
2.941029999999999944e+01
2.944020000000000081e+01
2.947040000000000148e+01
2.950039999999999907e+01
2.952049999999999841e+01
2.955010000000000048e+01
2.957969999999999899e+01
2.960979999999999990e+01
2.962959999999999994e+01
2.965980000000000061e+01
2.968949999999999889e+01
2.972149999999999892e+01
2.975159999999999982e+01
2.977130000000000010e+01
2.980099999999999838e+01
2.983099999999999952e+01
2.986110000000000042e+01
2.988139999999999930e+01
2.991120000000000090e+01
2.994140000000000157e+01
2.997119999999999962e+01
2.999119999999999919e+01
3.002130000000000010e+01
3.005069999999999908e+01
3.008070000000000022e+01
3.010060000000000002e+01
3.013050000000000139e+01
3.016039999999999921e+01
3.019050000000000011e+01
3.021059999999999945e+01
3.024060000000000059e+01
3.027019999999999911e+01
3.029990000000000094e+01
3.032000000000000028e+01
3.035000000000000142e+01
3.037999999999999901e+01
3.041019999999999968e+01
3.043019999999999925e+01
3.046020000000000039e+01
3.049010000000000176e+01
3.052130000000000010e+01
3.055150000000000077e+01
3.057120000000000104e+01
3.060119999999999862e+01
3.063100000000000023e+01
3.066130000000000067e+01
3.068130000000000024e+01
3.071140000000000114e+01
3.074099999999999966e+01
3.077100000000000080e+01
3.079119999999999990e+01
3.082130000000000081e+01
3.085119999999999862e+01
3.088139999999999930e+01
3.090129999999999910e+01
3.093120000000000047e+01
3.096130000000000138e+01
3.099070000000000036e+01
3.101069999999999993e+01
3.104050000000000153e+01
3.107219999999999871e+01
3.110200000000000031e+01
3.112259999999999849e+01
3.115230000000000032e+01
3.118230000000000146e+01
3.121199999999999974e+01
3.123199999999999932e+01
3.126219999999999999e+01
3.129230000000000089e+01
3.132229999999999848e+01
3.135239999999999938e+01
3.137239999999999895e+01
3.140220000000000056e+01
3.143230000000000146e+01
3.146180000000000021e+01
3.148170000000000002e+01
3.151170000000000115e+01
3.154159999999999897e+01
3.157150000000000034e+01
3.159189999999999898e+01
3.162190000000000012e+01
3.165340000000000131e+01
3.168309999999999960e+01
3.170319999999999894e+01
3.173329999999999984e+01
3.176340000000000074e+01
3.179339999999999833e+01
3.181309999999999860e+01
3.184319999999999951e+01
3.187330000000000041e+01
3.190340000000000131e+01
3.192310000000000159e+01
3.195279999999999987e+01
3.198260000000000147e+01
3.201279999999999859e+01
3.203269999999999840e+01
3.206289999999999907e+01
3.209270000000000067e+01
3.212259999999999849e+01
3.215250000000000341e+01
3.217229999999999990e+01
3.220239999999999725e+01
3.223250000000000171e+01
3.226230000000000331e+01
3.228199999999999648e+01
3.231230000000000047e+01
3.234219999999999828e+01
3.237250000000000227e+01
3.239229999999999876e+01
3.242199999999999704e+01
3.245179999999999865e+01
3.248190000000000310e+01
3.250200000000000244e+01
3.253199999999999648e+01
3.256349999999999767e+01
3.259360000000000213e+01
3.261339999999999861e+01
3.264330000000000354e+01
3.267360000000000042e+01
3.270360000000000156e+01
3.272339999999999804e+01
3.275310000000000343e+01
3.278340000000000032e+01
3.281329999999999814e+01
3.283350000000000080e+01
3.286350000000000193e+01
3.289280000000000115e+01
3.292280000000000229e+01
3.295300000000000296e+01
3.297290000000000276e+01
3.300300000000000011e+01
3.303289999999999793e+01
3.306280000000000285e+01
3.308270000000000266e+01
3.311260000000000048e+01
3.314260000000000161e+01
3.317260000000000275e+01
3.319270000000000209e+01
3.322270000000000323e+01
3.325289999999999679e+01
3.328439999999999799e+01
3.330460000000000065e+01
3.333429999999999893e+01
3.336390000000000100e+01
3.339390000000000214e+01
3.341400000000000148e+01
3.344400000000000261e+01
3.347399999999999665e+01
3.350419999999999732e+01
3.352380000000000138e+01
3.355369999999999919e+01
3.358350000000000080e+01
3.361370000000000147e+01
3.363369999999999749e+01
3.366400000000000148e+01
3.369360000000000355e+01
3.372399999999999665e+01
3.375390000000000157e+01
3.377400000000000091e+01
3.380369999999999919e+01
3.383310000000000173e+01
3.386480000000000246e+01
3.388490000000000180e+01
3.391490000000000293e+01
3.394489999999999696e+01
3.397480000000000189e+01
3.399450000000000216e+01
3.402459999999999951e+01
3.405449999999999733e+01
3.408469999999999800e+01
3.410470000000000113e+01
3.413470000000000226e+01
3.416470000000000340e+01
3.419489999999999696e+01
3.421490000000000009e+01
3.424499999999999744e+01
3.427479999999999905e+01
3.430440000000000111e+01
3.432430000000000092e+01
3.435419999999999874e+01
3.438430000000000319e+01
3.441420000000000101e+01
3.443439999999999657e+01
3.446419999999999817e+01
3.449580000000000268e+01
3.452579999999999671e+01
3.455599999999999739e+01
3.457589999999999719e+01
3.460589999999999833e+01
3.463569999999999993e+01
3.466599999999999682e+01
3.468610000000000326e+01
3.471600000000000108e+01
3.474589999999999890e+01
3.477539999999999765e+01
3.479529999999999745e+01
3.482520000000000238e+01
3.485529999999999973e+01
3.488510000000000133e+01
3.490540000000000020e+01
3.493520000000000181e+01
3.496529999999999916e+01
3.499510000000000076e+01
3.501520000000000010e+01
3.504520000000000124e+01
3.507509999999999906e+01
3.510520000000000351e+01
3.512519999999999953e+01
3.515540000000000020e+01
3.518520000000000181e+01
3.521509999999999962e+01
3.523490000000000322e+01
3.526469999999999771e+01
3.529460000000000264e+01
3.532620000000000005e+01
3.535620000000000118e+01
3.537650000000000006e+01
3.540630000000000166e+01
3.543630000000000280e+01
3.546609999999999729e+01
3.548610000000000042e+01
3.551610000000000156e+01
3.554610000000000269e+01
3.557620000000000005e+01
3.559620000000000317e+01
3.562639999999999674e+01
3.565809999999999746e+01
3.568780000000000285e+01
3.570759999999999934e+01
3.573729999999999762e+01
3.576729999999999876e+01
3.579740000000000322e+01
3.581730000000000302e+01
3.584729999999999706e+01
3.587729999999999819e+01
3.590740000000000265e+01
3.592730000000000246e+01
3.595709999999999695e+01
3.598689999999999856e+01
3.601700000000000301e+01
3.603690000000000282e+01
3.606680000000000064e+01
3.609709999999999752e+01
3.612689999999999912e+01
3.615690000000000026e+01
3.617699999999999960e+01
3.620660000000000167e+01
3.623810000000000286e+01
3.626809999999999690e+01
3.628799999999999670e+01
3.631830000000000069e+01
3.634810000000000230e+01
3.637819999999999965e+01
3.639820000000000277e+01
3.642799999999999727e+01
3.645819999999999794e+01
3.648810000000000286e+01
3.650800000000000267e+01
3.653779999999999717e+01
3.656799999999999784e+01
3.659799999999999898e+01
3.661809999999999832e+01
3.664789999999999992e+01
3.667770000000000152e+01
3.670759999999999934e+01
3.672760000000000247e+01
3.675739999999999696e+01
3.678750000000000142e+01
3.681750000000000256e+01
3.683740000000000236e+01
3.686740000000000350e+01
3.689730000000000132e+01
3.692719999999999914e+01
3.695739999999999981e+01
3.697740000000000293e+01
3.700869999999999749e+01
3.703889999999999816e+01
3.706880000000000308e+01
3.708899999999999864e+01
3.711889999999999645e+01
3.714860000000000184e+01
3.717849999999999966e+01
3.719859999999999900e+01
3.722840000000000060e+01
3.725860000000000127e+01
3.728849999999999909e+01
3.730839999999999890e+01
3.733829999999999671e+01
3.736800000000000210e+01
3.739820000000000277e+01
3.741839999999999833e+01
3.744839999999999947e+01
3.747820000000000107e+01
3.750849999999999795e+01
3.752839999999999776e+01
3.755839999999999890e+01
3.758820000000000050e+01
3.761780000000000257e+01
3.763779999999999859e+01
3.766799999999999926e+01
3.769939999999999714e+01
3.772950000000000159e+01
3.775950000000000273e+01
3.777929999999999922e+01
3.780930000000000035e+01
3.783890000000000242e+01
3.786919999999999931e+01
3.788920000000000243e+01
3.791929999999999978e+01
3.794930000000000092e+01
3.797939999999999827e+01
3.799929999999999808e+01
3.802949999999999875e+01
3.805930000000000035e+01
3.808890000000000242e+01
3.810889999999999844e+01
3.813880000000000337e+01
3.816879999999999740e+01
3.819890000000000185e+01
3.821880000000000166e+01
3.824880000000000280e+01
3.827859999999999729e+01
3.831009999999999849e+01
3.833039999999999736e+01
3.835869999999999891e+01
3.839039999999999964e+01
3.842029999999999745e+01
3.844039999999999679e+01
3.847030000000000172e+01
3.850039999999999907e+01
3.853040000000000020e+01
3.855989999999999895e+01
3.857970000000000255e+01
3.860969999999999658e+01
3.863960000000000150e+01
3.866980000000000217e+01
3.868990000000000151e+01
3.871979999999999933e+01
3.874969999999999715e+01
3.877929999999999922e+01
3.879970000000000141e+01
3.882970000000000255e+01
3.885979999999999990e+01
3.888960000000000150e+01
3.890979999999999706e+01
3.893979999999999819e+01
3.896990000000000265e+01
3.899980000000000047e+01
3.901959999999999695e+01
3.904910000000000281e+01
3.907889999999999731e+01
3.910920000000000130e+01
3.912919999999999732e+01
3.915930000000000177e+01
3.918910000000000338e+01
3.921900000000000119e+01
3.923890000000000100e+01
3.926919999999999789e+01
3.929899999999999949e+01
3.932909999999999684e+01
3.936079999999999757e+01
3.938069999999999737e+01
3.941080000000000183e+01
3.944069999999999965e+01
3.947079999999999700e+01
3.949040000000000106e+01
3.952009999999999934e+01
3.954999999999999716e+01
3.957999999999999829e+01
3.960009999999999764e+01
3.963029999999999831e+01
3.966020000000000323e+01
3.968999999999999773e+01
3.971000000000000085e+01
3.973980000000000246e+01
3.976979999999999649e+01
3.979999999999999716e+01
3.981989999999999696e+01
3.984969999999999857e+01
3.987989999999999924e+01
3.990999999999999659e+01
3.992999999999999972e+01
3.995980000000000132e+01
3.998919999999999675e+01
4.001930000000000121e+01
4.003940000000000055e+01
4.006929999999999836e+01
4.009949999999999903e+01
4.012930000000000064e+01
4.015939999999999799e+01
4.017949999999999733e+01
4.020929999999999893e+01
4.023940000000000339e+01
4.026919999999999789e+01
4.028900000000000148e+01
4.031909999999999883e+01
4.034909999999999997e+01
4.037919999999999732e+01
4.039929999999999666e+01
4.042909999999999826e+01
4.045870000000000033e+01
4.049020000000000152e+01
4.050880000000000081e+01
4.053869999999999862e+01
4.056880000000000308e+01
4.060029999999999717e+01
4.062030000000000030e+01
4.064849999999999852e+01
4.067860000000000298e+01
4.071050000000000324e+01
4.072999999999999687e+01
4.075999999999999801e+01
4.078999999999999915e+01
4.082019999999999982e+01
4.084020000000000294e+01
4.087030000000000030e+01
4.090010000000000190e+01
4.092960000000000065e+01
4.095969999999999800e+01
4.097979999999999734e+01
4.100970000000000226e+01
4.103960000000000008e+01
4.106960000000000122e+01
4.108950000000000102e+01
4.111959999999999837e+01
4.114950000000000330e+01
4.117949999999999733e+01
4.119939999999999714e+01
4.122950000000000159e+01
4.125939999999999941e+01
4.128960000000000008e+01
4.130960000000000321e+01
4.133959999999999724e+01
4.137109999999999843e+01
4.140059999999999718e+01
4.142069999999999652e+01
4.145069999999999766e+01
4.148069999999999879e+01
4.151069999999999993e+01
4.153050000000000352e+01
4.156060000000000088e+01
4.159060000000000201e+01
4.162039999999999651e+01
4.164070000000000249e+01
4.167069999999999652e+01
4.170060000000000144e+01
4.173060000000000258e+01
4.176089999999999947e+01
4.178070000000000306e+01
4.181069999999999709e+01
4.184049999999999869e+01
4.187019999999999698e+01
4.189030000000000342e+01
4.192020000000000124e+01
4.195020000000000238e+01
4.198020000000000351e+01
4.199989999999999668e+01
4.203009999999999735e+01
4.206000000000000227e+01
4.209000000000000341e+01
4.211019999999999897e+01
4.213989999999999725e+01
4.217009999999999792e+01
4.219989999999999952e+01
4.222019999999999840e+01
4.225010000000000332e+01
4.228009999999999735e+01
4.230989999999999895e+01
4.232979999999999876e+01
4.235940000000000083e+01
4.238940000000000197e+01
4.241929999999999978e+01
4.243919999999999959e+01
4.246949999999999648e+01
4.249940000000000140e+01
4.252949999999999875e+01
4.256099999999999994e+01
4.258100000000000307e+01
4.261090000000000089e+01
4.264090000000000202e+01
4.267099999999999937e+01
4.269109999999999872e+01
4.272109999999999985e+01
4.275099999999999767e+01
4.278090000000000259e+01
4.280069999999999908e+01
4.283039999999999736e+01
4.286039999999999850e+01
4.289030000000000342e+01
4.291029999999999944e+01
4.294050000000000011e+01
4.297030000000000172e+01
4.300039999999999907e+01
4.302040000000000219e+01
4.305030000000000001e+01
4.308019999999999783e+01
4.311030000000000229e+01
4.313040000000000163e+01
4.316020000000000323e+01
4.319030000000000058e+01
4.322030000000000172e+01
4.324009999999999820e+01
4.327020000000000266e+01
4.329979999999999762e+01
4.332959999999999923e+01
4.336140000000000327e+01
4.338119999999999976e+01
4.341149999999999665e+01
4.344140000000000157e+01
4.347140000000000271e+01
4.349139999999999873e+01
4.352139999999999986e+01
4.355120000000000147e+01
4.358129999999999882e+01
4.360110000000000241e+01
4.363119999999999976e+01
4.366120000000000090e+01
4.369100000000000250e+01
4.371110000000000184e+01
4.374110000000000298e+01
4.377069999999999794e+01
4.380060000000000286e+01
4.382059999999999889e+01
4.385040000000000049e+01
4.388089999999999691e+01
4.391069999999999851e+01
4.393079999999999785e+01
4.396070000000000277e+01
4.399060000000000059e+01
4.402060000000000173e+01
4.404039999999999822e+01
4.407050000000000267e+01
4.410049999999999670e+01
4.413040000000000163e+01
4.416049999999999898e+01
4.418050000000000210e+01
4.421209999999999951e+01
4.424000000000000199e+01
4.427159999999999940e+01
4.429149999999999920e+01
4.432159999999999656e+01
4.435170000000000101e+01
4.438170000000000215e+01
4.440169999999999817e+01
4.443169999999999931e+01
4.446170000000000044e+01
4.449150000000000205e+01
4.451149999999999807e+01
4.454149999999999920e+01
4.457139999999999702e+01
4.460150000000000148e+01
4.462149999999999750e+01
4.465149999999999864e+01
4.468149999999999977e+01
4.471110000000000184e+01
4.473100000000000165e+01
4.476089999999999947e+01
4.479090000000000060e+01
4.482110000000000127e+01
4.484100000000000108e+01
4.487100000000000222e+01
4.490079999999999671e+01
4.493249999999999744e+01
4.496269999999999811e+01
4.498239999999999839e+01
4.501259999999999906e+01
4.504220000000000113e+01
4.507240000000000180e+01
4.509259999999999735e+01
4.512259999999999849e+01
4.515250000000000341e+01
4.518200000000000216e+01
4.520210000000000150e+01
4.523210000000000264e+01
4.526189999999999714e+01
4.529370000000000118e+01
4.531369999999999720e+01
4.534360000000000213e+01
4.537360000000000326e+01
4.540350000000000108e+01
4.542340000000000089e+01
4.545340000000000202e+01
4.548349999999999937e+01
4.551330000000000098e+01
4.553340000000000032e+01
4.556349999999999767e+01
4.559360000000000213e+01
4.562339999999999662e+01
4.564320000000000022e+01
4.567309999999999803e+01
4.570300000000000296e+01
4.573299999999999699e+01
4.576310000000000144e+01
4.578289999999999793e+01
4.581289999999999907e+01
4.584270000000000067e+01
4.587270000000000181e+01
4.589300000000000068e+01
4.592280000000000229e+01
4.595289999999999964e+01
4.598270000000000124e+01
4.600280000000000058e+01
4.603300000000000125e+01
4.606439999999999912e+01
4.609459999999999980e+01
4.611430000000000007e+01
4.614390000000000214e+01
4.617399999999999949e+01
4.620389999999999731e+01
4.622379999999999711e+01
4.625399999999999778e+01
4.628370000000000317e+01
4.631389999999999674e+01
4.633389999999999986e+01
4.636390000000000100e+01
4.639390000000000214e+01
4.642379999999999995e+01
4.644380000000000308e+01
4.647399999999999665e+01
4.650379999999999825e+01
4.653399999999999892e+01
4.656380000000000052e+01
4.658339999999999748e+01
4.661319999999999908e+01
4.664309999999999690e+01
4.667320000000000135e+01
4.669319999999999737e+01
4.672339999999999804e+01
4.675480000000000302e+01
4.678470000000000084e+01
4.680480000000000018e+01
4.683500000000000085e+01
4.686469999999999914e+01
4.689489999999999981e+01
4.691479999999999961e+01
4.694489999999999696e+01
4.697500000000000142e+01
4.700500000000000256e+01
4.702479999999999905e+01
4.705469999999999686e+01
4.708420000000000272e+01
4.711410000000000053e+01
4.713430000000000319e+01
4.716429999999999723e+01
4.719440000000000168e+01
4.722420000000000329e+01
4.724430000000000263e+01
4.727429999999999666e+01
4.730409999999999826e+01
4.733389999999999986e+01
4.736390000000000100e+01
4.738369999999999749e+01
4.741400000000000148e+01
4.744409999999999883e+01
4.747409999999999997e+01
4.749389999999999645e+01
4.752380000000000138e+01
4.755340000000000344e+01
4.758330000000000126e+01
4.760349999999999682e+01
4.763320000000000221e+01
4.766360000000000241e+01
4.769330000000000069e+01
4.771350000000000335e+01
4.774340000000000117e+01
4.777510000000000190e+01
4.780499999999999972e+01
4.782330000000000325e+01
4.785309999999999775e+01
4.788499999999999801e+01
4.791510000000000247e+01
4.793489999999999895e+01
4.796500000000000341e+01
4.799459999999999837e+01
4.802439999999999998e+01
4.804440000000000310e+01
4.807450000000000045e+01
4.810430000000000206e+01
4.813439999999999941e+01
4.816440000000000055e+01
4.818460000000000321e+01
4.821450000000000102e+01
4.824450000000000216e+01
4.827439999999999998e+01
4.829410000000000025e+01
4.832419999999999760e+01
4.835410000000000252e+01
4.838430000000000319e+01
4.840429999999999922e+01
4.843419999999999703e+01
4.846419999999999817e+01
4.849380000000000024e+01
4.851380000000000337e+01
4.854379999999999740e+01
4.857370000000000232e+01
4.860370000000000346e+01
4.862369999999999948e+01
4.865370000000000061e+01
4.868370000000000175e+01
4.871359999999999957e+01
4.873360000000000269e+01
4.876350000000000051e+01
4.879359999999999786e+01
4.882350000000000279e+01
4.883780000000000143e+01
4.883800000000000097e+01
4.883800000000000097e+01
4.883789999999999765e+01
4.883800000000000097e+01
4.883800000000000097e+01
4.883800000000000097e+01
4.883800000000000097e+01
4.883800000000000097e+01
4.883800000000000097e+01
4.883800000000000097e+01
4.883800000000000097e+01
4.883800000000000097e+01
4.883800000000000097e+01
4.883800000000000097e+01
4.883800000000000097e+01
4.883800000000000097e+01
4.883800000000000097e+01
4.883809999999999718e+01
4.883800000000000097e+01
4.883809999999999718e+01
4.883800000000000097e+01
4.883800000000000097e+01
4.883800000000000097e+01
4.883800000000000097e+01
4.883800000000000097e+01
4.883800000000000097e+01
4.883809999999999718e+01
4.883809999999999718e+01
4.883809999999999718e+01
4.883809999999999718e+01
4.883809999999999718e+01
4.883809999999999718e+01
4.883809999999999718e+01
4.883809999999999718e+01
4.883809999999999718e+01
4.883809999999999718e+01
4.883809999999999718e+01
4.883809999999999718e+01
4.883809999999999718e+01
4.883809999999999718e+01
4.883809999999999718e+01
4.883809999999999718e+01
4.883809999999999718e+01
4.883809999999999718e+01
4.883809999999999718e+01
4.883809999999999718e+01
4.883809999999999718e+01
4.883809999999999718e+01
4.883809999999999718e+01
4.883809999999999718e+01
4.883809999999999718e+01
4.883809999999999718e+01
4.883809999999999718e+01
4.883809999999999718e+01
4.883809999999999718e+01
4.883809999999999718e+01
4.883809999999999718e+01
4.883809999999999718e+01
4.883809999999999718e+01
4.883809999999999718e+01
4.883809999999999718e+01
4.883809999999999718e+01
4.883809999999999718e+01
4.883809999999999718e+01
4.883809999999999718e+01
4.883809999999999718e+01
4.883809999999999718e+01
4.883809999999999718e+01
4.883809999999999718e+01
4.883809999999999718e+01
4.883809999999999718e+01
4.883809999999999718e+01
4.883809999999999718e+01
4.883809999999999718e+01
4.883809999999999718e+01
4.883809999999999718e+01
4.883809999999999718e+01
4.883809999999999718e+01
4.883809999999999718e+01
4.883809999999999718e+01
4.883809999999999718e+01
4.883809999999999718e+01
4.883809999999999718e+01
4.883809999999999718e+01
4.883809999999999718e+01
4.883809999999999718e+01
4.883809999999999718e+01
4.883809999999999718e+01
4.883809999999999718e+01
4.883809999999999718e+01
4.883809999999999718e+01
4.883809999999999718e+01
4.883809999999999718e+01
4.883809999999999718e+01
4.883809999999999718e+01
4.883809999999999718e+01
4.883809999999999718e+01
4.883809999999999718e+01
4.883809999999999718e+01
4.883820000000000050e+01
4.883820000000000050e+01
4.883820000000000050e+01
4.883820000000000050e+01
4.883820000000000050e+01
4.883820000000000050e+01
4.883820000000000050e+01
4.883809999999999718e+01
4.883809999999999718e+01
4.883809999999999718e+01
4.883809999999999718e+01
4.883809999999999718e+01
4.883809999999999718e+01
4.883809999999999718e+01
4.883809999999999718e+01
4.883809999999999718e+01
4.883809999999999718e+01
4.883809999999999718e+01
4.883809999999999718e+01
4.883809999999999718e+01
4.883809999999999718e+01
4.883809999999999718e+01
4.883809999999999718e+01
4.883809999999999718e+01
4.883809999999999718e+01
4.883809999999999718e+01
4.883809999999999718e+01
4.883809999999999718e+01
4.883809999999999718e+01
4.883809999999999718e+01
4.883809999999999718e+01
4.883809999999999718e+01
4.883809999999999718e+01
4.883820000000000050e+01
4.883809999999999718e+01
4.883809999999999718e+01
4.883809999999999718e+01
4.883809999999999718e+01
4.883809999999999718e+01
4.883809999999999718e+01
4.883809999999999718e+01
4.883820000000000050e+01
4.883820000000000050e+01
4.883809999999999718e+01
4.883820000000000050e+01
4.883820000000000050e+01
4.883820000000000050e+01
4.883820000000000050e+01
4.883820000000000050e+01
4.883820000000000050e+01
4.883820000000000050e+01
4.883820000000000050e+01
4.883820000000000050e+01
4.883820000000000050e+01
4.883820000000000050e+01
4.883820000000000050e+01
4.883820000000000050e+01
4.883820000000000050e+01
4.883820000000000050e+01
4.883809999999999718e+01
4.883809999999999718e+01
4.883809999999999718e+01
4.883809999999999718e+01
4.883809999999999718e+01
4.883809999999999718e+01
4.883809999999999718e+01
4.883820000000000050e+01
4.883820000000000050e+01
4.883820000000000050e+01
4.883820000000000050e+01
4.883820000000000050e+01
4.883820000000000050e+01
4.883820000000000050e+01
4.883820000000000050e+01
4.883820000000000050e+01
4.883820000000000050e+01
4.883820000000000050e+01
4.883820000000000050e+01
4.883820000000000050e+01
4.883820000000000050e+01
4.883820000000000050e+01
4.883820000000000050e+01
4.883820000000000050e+01
4.883820000000000050e+01
4.883820000000000050e+01
4.883820000000000050e+01
4.883820000000000050e+01
